73.02778641466954
64.39070413621374
57.99865701891548
45.201126963009145
35.74387544390747
49.88542499925307
27.195888796827983
28.766307423656322
19.5482919805499
28.033675854836936
36.43145862025358
30.371762314409494
32.4744711664929
26.111043046492632
14.184350678846771
24.593597760513838
21.175596693662303
17.453852066767436
23.104955036021995
29.003629230723348
29.982648793089524
26.781525490893415
18.84618744895966
18.22219009787137
34.226932712310024
18.968669428630154
27.662523460360116
22.550817331572276
24.958207331652364
20.623351986420392
18.346519128577288
23.24624427321571
31.223433147517593
24.171158280638963
15.97733988396685
19.419333733294273
21.179673598097658
14.713723490495646
22.082497208836255
29.711880107060797
21.506770959650378
21.550114987091554
22.447474563766544
25.59133052696425
22.57097752989381
23.35037914375181
19.937875590234952
24.080236555523133
27.697327585591136
20.146451176973827
23.452147943992973
26.961640532487973
24.55694191784536
22.430325643888327
23.896670165265682
17.054741282852657
28.629264275782635
24.400546247268306
22.5248441877406
25.183142634014494
22.215247460007927
25.61784712284414
21.55351260602299
13.93794720719154
14.483075219470686
23.040599261017476
18.722510562583892
21.47833186733433
25.82128984104865
29.53254563493472
16.447569504116682
18.971130223887545
32.08506142519601
28.14976882009626
21.537265269922013
24.24232193112111
22.663954099661957
20.575092877089528
25.908806999765734
15.573593879061695
18.51804913433699
17.708972489817736
26.518616190545846
20.083289029860968
21.877360690211503
25.667164540172884
19.259979679332282
17.69951888887633
23.63718055279672
23.003193382481747
25.67587422176803
26.68454432293809
29.14371618836478
29.285455454816894
26.235046881046447
22.630352117744927
17.687325251066977
35.456144788868194
28.69477001811336
26.747997572297216
17.43784841444178
44.99447957705521
22.95199643709614
24.212627118756906
16.59745072693471
26.63223799982554
30.155957342794764
33.46981236293848
24.00986817246058
23.47886107310466
26.046263980727936
21.732414728645896
24.725583677201026
28.124528630281056
24.894954809077838
26.36221644938089
22.564289574214826
20.147533067116534
22.804537281299968
22.358851392887473
26.15425023554342
20.367080839097717
21.29404314944083
24.970902481734804
28.437752089657742
19.954714126097105
20.853311665549214
25.66343655998625
24.582212180243307
28.51858316057173
14.756097981503347
22.21245812225565
19.843975750436076
24.200107654906677
27.97049553149083
29.953066599444416
24.810705658826752
23.46410301053909
25.294481521199703
21.203176883681802
26.13459078444236
28.13204843124736
17.168738909051477
16.053872335846535
21.58509939320584
22.233554165467506
17.312106486115027
20.61077060470367
27.94817905230233
37.01042138009814
23.438511270701675
18.056655801747286
32.77561009328559
18.074864637088513
17.894003807922395
26.89335891587597
18.465985255743046
12.022273578393929
21.380245924813583
35.084001674472304
16.89434393843528
20.955200779700323
21.440288033315948
33.3278508996912
19.853367031353113
25.536337706732514
32.42288404048523
21.90774980258074
14.792929254327959
18.44042867177745
38.431138323941205
22.15217089544756
21.879371424056888
24.96066571117697
20.64342689397037
29.06411798388221
28.07555929530797
24.803896425767384
19.826793877357176
19.661907824208992
30.80712992472643
16.138921369421634
20.047258355944518
25.629204707003282
14.04691859777597
26.321066289066476
25.743403629415614
24.212267334227207
29.051325495578688
26.499115934628882
21.611780076038016
15.735368879923985
28.14940990242186
11.153758623497819
23.798891133713393
16.14912232403923
19.501558228727138
18.693226325145925
18.328810857315425
17.938169767605164
24.69255197379634
18.926386841955274
20.09438502571808
30.61062967738586
27.61648477864321
23.004187401264844
20.529841079660375
25.883804963309657
21.27835780178958
25.705266881006477
32.8176364639227
27.53151323278748
35.015993588955816
17.164040137468273
21.84710606941952
29.34993068716434
27.10180030019338
22.538957354368236
17.292640683622825
23.402100346064568
27.414866439799102
20.755532338003288
17.766156842049803
12.927078620745208
20.531224816705375
33.15163320195549
19.880370536322005
26.417240846104022
20.289705160245088
13.790486293582454
28.943525254893505
31.25571593745119
35.5002910437163
21.763795793477737
21.73742439188716
27.182495610972072
38.55172037998374
15.7530488100967
25.84015292402534
14.656186199960084
29.362400282418626
15.77971931628867
15.854977328921805
18.931918598201992
11.82117546279165
17.5788149306703
19.42211505539524
25.517544478107713
28.855454028129373
31.119961713643036
26.48222286680365
16.651858356434268
23.042491073687735
20.601867613100186
32.691703935959005
19.413436197020335
18.819725328374577
23.514933408220053
25.307606971320666
26.730748254870633
26.877263374971644
25.663907252320843
22.222772307419945
18.76281075950793
17.727104485098405
32.06143203961096
17.95085536623315
20.6624826110756
30.18595755433887
21.26925312220945
34.505113557553074
24.42084186422873
18.011816423269327
21.950030083909592
27.601316986053824
16.940997631202475
15.834790411148553
33.19993132087298
19.05195841444006
29.220825490164316
31.020679093245633
22.862778716756658
26.14319352351645
23.06522629419183
27.16176761154148
22.34429644860128
33.42298713977406
29.71923371295914
7.449319663746888
33.65618972450835
27.021302113172425
25.147473648357643
17.85141108985449
14.059709370122656
21.5173692253193
16.874611887339757
22.9767009481024
18.530940059310165
29.796948507614175
37.32263243710943
31.793171553654474
13.182439216388545
20.645915438055642
20.619394206365758
36.084976858564815
29.622715123630773
21.757836461217575
17.34006681258647
30.16786481812351
26.24721047924259
29.43342504521862
14.437016087968088
19.15945394218297
22.11535784942227
21.36109233954391
28.474449423099053
23.633084991669428
16.659177002855767
30.455321919176388
16.68501336099121
31.05849985067346
29.660325993374293
25.202814226691267
17.86375390361361
23.782658108520256
17.984118799767295
28.586486109871206
12.94537467174212
22.12237100691005
26.444114391354525
33.39034999555132
27.02167454663777
19.45575131354667
27.89409501036955
17.106990926042158
16.90722099639162
30.44271069317046
26.452901772653288
14.28431270143892
19.06715661710738
21.88633578984261
10.730328331112968
27.541299333391017
28.013708970377337
18.172425669830222
30.744954639696815
19.31877186228541
22.348133716333706
25.547244771133816
16.930291444608457
14.70027318824863
19.11098382309571
35.74176471578432
26.548143132049777
29.09742601417049
23.63091503670774
20.11121663528558
24.65255658705988
22.352778994785304
19.913417276858187
23.939004575936185
30.395234930525973
25.908279038953204
25.958757690679686
17.391265218477994
16.232015807719062
21.641845918890922
26.876846845616324
17.65480893379955
17.96064769717117
17.913309029213657
36.716220553745174
18.478719400066364
21.36751815943883
22.97995255528227
15.377141324516872
33.82018809054062
40.24104274132868
28.895933680269792
27.698256492294128
32.366975784534006
23.330926071867605
35.72399243366412
27.627785704717812
24.336502025169953
21.366337619808192
16.142328319563642
18.00068747927167
23.95974553392806
17.85914686106136
24.876863137008556
25.17804943624384
31.216968811619385
24.622934194618388
28.042085783764247
20.32205320557836
24.704716007192047
8.885965594426509
35.83765932567521
26.144493929305725
29.067299532120554
19.683796387059125
18.52121117470035
31.65566259087873
35.604745755791264
21.7167852586231
21.914293468729916
27.01776315261534
20.722190202878892
24.30260283560615
29.37834101263305
10.57464057282469
25.019711549927287
22.664645593819586
35.76567090428857
28.089007030468405
23.040242334960688
28.956814301536976
30.684444672261936
26.224855590356057
27.97416436321594
28.040997401959377
24.304923437684575
23.072374669351376
19.619586939467514
24.650410981806854
22.74547520893187
16.96837517274879
17.406139439114483
27.281011848076187
25.418105974426226
23.48986226701005
28.75067228692304
16.09456736162896
33.20629911224729
21.974420283163393
20.262076254068926
29.414220490239135
22.69533394802913
20.175058428665114
15.827035155962072
17.086187699835925
15.334882854664986
20.763479769924558
19.945580748846492
16.97102851215945
17.269316116013364
14.612867364454038
28.367019225201023
23.071592927163152
17.043737340961805
29.46165017366104
32.525839178504626
20.18706929570538
16.707917897830164
20.54084502254006
28.15432583894884
25.674215574451754
22.034418352678035
25.085845297960397
35.999379717626184
25.95471245578791
23.983563431871552
26.19975230662715
19.38018266919767
20.799342999854392
23.84987794305868
20.87238920331472
20.774184263425706
15.981210831481372
24.96820836829414
19.533407833093815
35.72641857975841
24.39170471057783
26.72626620664032
10.076014907683813
20.09029740667926
26.0458019147999
20.771333015514326
22.648973661625995
27.51395995483753
29.553726667618434
16.236900281125425
19.514718387089488
17.78833322118102
17.443955979086343
25.323676316796302
36.1793661791659
22.460044143546998
16.00708731622219
21.547891650988596
16.73326517392969
23.298435368956913
29.064125633156284
21.95699371723856
24.04422025502242
21.02721796215534
27.071555010235905
18.349756806844667
18.963525342609266
13.750079140113536
21.914463048452166
27.90803552717918
19.950441992461048
26.87483932863726
29.96090635177349
25.327306072753302
18.789393951800083
22.9289094219797
18.448801755297993
23.39737951992797
27.62918350964624
32.3908965068351
29.764662424787897
30.297495244926015
28.497129760653323
27.11353580079377
27.63886231055766
21.774093840158304
27.944790082666238
26.02241336933823
17.504004216920027
17.598339312686676
16.29256243743045
26.055708379152716
21.726634038024017
19.673721667668186
16.263687911962734
24.07310533899461
25.110248004886117
14.600925875145732
33.528239240814244
14.218778746661206
17.416111319092895
30.606101948370135
25.919257429151266
21.502243860153982
27.17346008027446
19.19399738960624
23.987422775026722
14.186953961688545
28.47998000184555
26.306674788874425
17.47600866952244
34.99673982052949
24.799164589872273
17.53976502578187
22.288598989119425
26.064809883301937
30.865821044379537
19.122050420223758
14.50842375504556
22.550562915680732
23.80905378082382
24.698595529370774
25.052401382173933
28.98511041411399
21.91604972676477
28.079642836984004
28.030370745678564
25.22240099651516
22.174212374790823
17.11969764638983
23.902992987460987
27.446581115740997
10.88564957975054
20.30668558914101
12.199183878655418
20.832286879519266
33.73939601065806
21.196074127708265
23.91677475056885
24.167908344296173
18.700832947859876
22.22286196072874
18.894217406442067
30.303410510763147
14.447236294085041
18.134140435800784
29.79063519581026
19.61860406645941
23.69026718251708
15.758462251580038
30.435492340226528
30.542563874707167
35.75960840180177
19.502338353567676
11.88201303737044
26.09394881877244
13.817661269583107
23.162020519708644
18.01325522319489
27.931291676028252
26.108424185657565
21.11678891242097
22.443854511608645
19.75638750161659
23.26519785083021
18.788642259024982
19.075695108325654
30.441922409694726
21.354068114877155
33.025722276223235
11.451298959385834
33.836399733300034
36.102091642533736
26.740808972950358
36.45821242088284
26.448312045412653
19.942435582801522
26.225226709372578
25.19875595858484
20.844999938445792
27.696369034962164
21.831197780969653
24.732074971217504
22.619871170788546
31.015879185550745
31.237217257123266
28.198046822849477
21.613019380401138
30.517663776635963
38.208159334112715
8.245114174549597
19.427274413320443
19.73512157772861
23.78825087546615
21.7298257577998
24.649184519279377
20.883587285657224
23.096289889815928
22.44048922492067
25.14172564179186
20.687711294758753
28.856204207356246
38.83563792525745
18.18085870507984
19.890364854121977
27.156106597787794
10.783427018320547
23.33426790986521
29.95273237705107
30.610019476184146
17.085945435845815
15.819034505490553
25.135618510844854
27.855371817884233
23.643490861349232
30.701161526413173
27.493675640297983
20.68306041164242
25.915635985795205
29.510843090449583
13.4994583191884
23.288004867869997
31.706526991141537
31.119132555251873
21.029889534184058
23.827239790122448
27.87445739821286
16.42054693229093
14.60638030307242
23.652636271457453
26.168817304334485
25.973696681227647
28.40803607028478
25.037899403946767
21.09839975364536
17.96020128391876
30.286462008362776
24.834782219051075
27.435996621876036
28.95620448994179
18.59774992238176
15.003562942985143
20.32616455327312
20.07546714786639
25.692092837557677
23.027091451693085
20.373023861497263
17.204257001345784
13.093457436012965
13.83251231500312
17.50162940885378
38.565577310392094
26.602852570945952
39.62952328618924
35.996623961603625
18.9269122796166
21.43903928882064
14.99355421987721
20.14511479120381
18.920042843780436
25.8974925559312
21.263341121239325
25.819440589784588
26.96448931803982
19.348628426655644
18.461695482417262
24.361944568610276
21.658448614870117
25.080001549568426
22.16183965842302
18.997519369492807
14.668685102710684
17.085310792690777
14.289332871379997
17.999001909735146
17.379122286987332
20.61294683292127
22.023017560559904
25.69586722841038
31.14621345836584
17.228539231933212
34.7645954519616
19.398985454394936
19.52481766056269
25.55663828268849
30.354615382844074
21.148117211631455
23.195868815578333
11.664266442637429
38.206718146020805
24.024051579625294
19.206343471469715
22.64947081063434
19.229232469036734
26.86442751818464
24.073671664965097
16.93460530321989
25.32110288699274
19.354047798335476
22.66714291907066
22.397754146465083
11.924177686874748
29.329787725271412
24.694785500504153
15.707376801119995
24.748056858664672
24.170001894305198
14.89079304615967
24.103407214721535
19.840703333908213
22.89995918572087
23.132730349359527
28.396527758098937
23.959743871880317
19.47083127581735
33.03828337903123
22.796796360259098
15.411401535743332
17.77538049509216
27.357851231476964
36.02078202934514
30.435685890359192
28.814328778895533
22.06261727540649
29.069209475588913
23.81064396421664
22.43212688459008
21.602415910418358
19.354292510791637
33.44638980795176
26.639825139848817
27.22158371080059
30.170261958816912
15.927264182745535
25.69216664565684
26.56646349121317
19.231339605992055
21.31473480505024
25.255445399548453
19.86416888402229
21.956448560825052
31.817871098624263
27.01935557789699
13.063569206549314
27.8048928854375
39.515321276883256
22.585626072412552
21.646066324531354
20.866427468512995
24.105435789996985
15.591621752354751
32.70776232360163
21.054658931395355
27.30821735691491
25.384008427615978
25.295590450430577
21.090046829458966
20.86680446625436
23.458434233284954
14.602648289452185
16.687932506294747
21.717510061381255
27.794529585166394
21.716565055936364
26.490378163376555
19.863839444418204
25.138216121383554
23.0353818072694
28.748905541960966
24.004890230310128
29.10006164076159
19.520669216009956
30.10661812187007
28.796792035624218
24.642079965836167
26.805034267176286
24.983777127491052
24.93926914096068
15.209535353263407
16.586847579018254
26.212041092105103
24.518367348538053
25.704051862882853
24.660922022964073
20.333283270632663
20.079486311992987
24.183844577258558
19.364659614022166
22.63910918435907
20.143461133063226
23.036958514560137
26.681318273430392
24.360141213687218
24.77213797606139
36.973473287776734
37.4751448444757
25.15141561088669
26.926082381836242
21.903300813350757
20.01333166755681
28.031708813815705
11.382478759967663
26.507297629864418
17.936196353094985
17.55369660528859
19.661617122755644
20.33048493559571
21.652780201576885
25.338343834718373
36.20240185389322
30.111461850882144
31.202664465540504
21.846585368716674
27.190656627690718
27.918986942952056
26.253747558793698
19.694751449009885
13.77596940381488
18.005581764272215
26.399467948646212
28.366281312462053
14.23106583875894
14.296228542538438
15.518159615854021
25.210990797289135
18.95548229276754
25.53424560019442
18.21554645108325
15.50631469623478
32.18162550248332
31.46375366650405
24.75396497334865
18.20120655928504
24.2877030445127
17.638046628200605
18.344194250400285
25.657175258936054
21.885966295124966
15.242077373868753
24.6989377641144
33.69308630699153
23.676053340217926
23.166746020262806
16.13237517828281
28.565836461021902
21.36398861230153
21.6853987837846
26.31574771633309
23.900165059240894
19.821783219173007
20.955227477440356
12.64328973408822
13.776872531663543
21.14198210083625
17.606060420137158
23.479189321589022
31.991369840570606
21.75268413664231
24.22905540226069
16.346005808412603
24.25719042514196
26.11449906425336
16.087082908501323
27.567964957160623
20.107302113346883
24.390856670919195
20.32920170149774
22.10885822627564
20.56707657010027
37.3303665732858
18.051147769779494
20.922256848833413
23.613549325318992
25.8465890958809
19.45256937646562
21.75397239069779
21.946081601343064
29.53584089543949
20.82980773308837
25.410044119875863
31.985161839193495
12.510350870501675
20.495246005294163
19.559259444268243
21.591504804041517
28.658593670949973
22.15697023264849
26.48792993055527
38.641347107999216
24.539574423069404
24.723610752798336
24.674257293487788
21.76962770897882
34.00507514944094
24.453466305827813
21.36250459713636
23.46664786892159
13.749938950892801
35.60332699235283
15.87253323139191
22.256939952060833
14.978942260757144
35.93239599790982
19.681707806081562
24.809574540919456
19.91482976891822
18.626281591500145
40.293583865603985
20.177329795307593
34.50445910870402
23.36903818357403
23.102852222604863
26.3062063790451
20.250243783781478
23.248044212095426
26.888814973162933
19.085342034922647
25.91024620374711
30.742361201261115
16.063744032348055
19.85438209588411
22.137631099341547
21.95171163813579
27.81013392838706
22.0411445784682
25.80842109196471
19.22267660335707
21.56436715114044
27.827837254675643
17.502247876396073
25.965699143188115
16.243282088687554
23.81123107873829
21.675227043832564
29.848928135896436
24.557410682042644
24.924025983267594
25.518751596373114
26.543682284650867
19.75368791784128
20.365586954941584
28.97886579196805
29.98220310521197
22.13261950442334
15.138965745423588
23.11557401471044
22.269814473785754
29.13434650076511
23.77363490498112
13.393391648359296
20.04620535092839
23.759513510299676
21.53862108797952
30.966011809027723
20.246862113631316
19.62333401932934
33.24066249487168
26.804909989922947
20.130282649761007
27.255921487286898
22.9287989123059
14.120336012584685
25.685065916851922
22.378604722563228
16.30769790036538
18.286981499367492
18.996523707500415
33.88016749536785
36.30116528444991
22.4324095789766
23.619756274836085
19.816795596331378
18.144752834742675
18.04126778307354
34.0022240709193
22.607523464025657
24.477682228393697
13.528757245303652
29.313007873705576
21.385729422640626
19.875729742450794
18.56696075447954
23.276445429207467
16.654950521475328
21.724091870720184
24.59410828893348
20.897835674646746
19.026676203668348
24.46627912941959
44.107872949059235
25.474357887108194
18.242620358559964
18.981645439655562
29.6208690139848
25.058389343533705
33.98266983751979
24.909391948679072
21.791795194834997
26.508817449028076
25.597179478888016
23.176107615599758
35.436738650410696
19.883195885368394
19.336620277541652
23.918350441254123
31.799421503084297
29.772610080066602
28.36507273054176
15.688955633820775
22.132822275590673
30.788166404318133
13.158373451594121
24.705068707724404
21.95370760137424
14.648366065581117
32.03475288972366
16.92404975283074
22.728160002850082
19.201208377100127
40.588803531284356
28.45852645808548
15.673234462257332
22.394618252738088
33.85109754507556
25.425800470126003
23.178967609788774
26.38909530798078
12.71158498367969
18.791512565549244
18.829530346094554
42.600317602217935
29.897386936168996
23.988356977945465
21.681555083709206
29.31400208320147
21.692917840339028
25.09403436602613
22.064557160150137
26.298741413030164
28.082773154988033
25.58564367871635
25.432512626102355
10.768313781947631
38.219835224771835
28.671676154024546
35.73888737443837
18.905293079882334
17.05699649276115
23.37664431339092
25.531569003279174
23.18591265707194
17.89485073404735
20.631383528870746
28.1270523695254
22.759840871360584
15.15042043223043
19.928055447235483
26.454949874249458
20.387845055586187
24.72015903418138
22.671165881517073
40.78212265843019
17.415062001177546
24.130113870543227
20.19128622658372
24.75181877806472
28.693810916894613
30.607492224501765
25.609751174046252
21.826562978603505
22.254123269627453
24.477940489559447
29.690082587196688
24.892005790492036
31.31961638315061
22.635973759974863
19.92557854214993
20.9222100463572
26.707405198949395
34.536739566896216
24.057406774800736
20.22977808423243
24.345731658612678
19.968625725675427
27.658914763033167
25.231765422410362
14.443807996222008
18.89903164909211
16.378005744675523
11.202959911780491
30.532720157689226
14.692946881154837
24.396467478431447
20.413722485470647
49.68108170924068
21.50127889301946
26.79885524512986
24.931311587287176
20.62119038940353
23.70293607903075
27.062899294031855
18.66266655655493
21.930818350420534
26.472425128060685
21.483643190333556
29.390413831117485
22.51702506875074
16.966796825611183
20.18786566317908
23.36667055395089
24.381797278205912
23.602262285222892
21.37497481973827
23.8990678760925
17.059975373415753
19.950685543510744
15.410861436150029
17.54020016816442
17.241889491932234
12.726891580506038
13.735724660266538
20.301069579501927
24.415568789155124
30.135006856153602
21.275504405809272
25.17307283851184
22.93608488043167
23.87096167140558
21.462615071496625
18.394498485105142
29.414070530733312
10.327135918598284
24.11575536454945
42.94964303557845
35.04409946136685
16.675605840729915
18.359780842338214
24.153914804776463
27.01171777983123
25.920453340937993
21.538554785345212
24.42328107325315
23.59380878412376
21.162832992709035
17.120400556273925
19.722238862289007
18.52533422147751
24.547682826915672
20.481352544806565
19.562204302873802
32.19101605357238
27.782099788360597
15.801775635657728
35.421838351064224
27.895378585534132
13.870257971619996
18.997979136293623
17.370773639961847
28.212383454871855
20.773342245965164
21.63795891640257
20.16611310882267
16.730990706408562
29.221795056498777
27.06132263562519
23.982528809568404
27.615106081134993
34.942805828846424
28.91704108268139
19.477352969111266
18.752643948467423
13.70842647330092
26.884225940406193
26.218508800556595
23.959644123664127
17.44985764132699
26.92424103202272
21.159501176414107
36.28380600319196
26.208467051183916
25.290184536752502
21.56033373681358
24.67310315860068
15.34887003418161
24.126335809980702
24.43710525673314
16.70254669009346
32.500778719078546
11.396477866814566
24.805329328679747
35.9514684234506
39.35252480308954
24.814777911090307
22.73115671524653
24.475097057445172
28.827024707112137
28.283227212680202
31.952510410535368
22.35768722112188
32.041700760964844
27.562889945470904
28.023377047198473
33.586764518349135
27.998899507128105
16.622628348006387
32.23660259125125
23.74552630763162
22.471150744128078
19.114096062035983
32.19214419778257
20.770165492391982
30.886763014296985
33.233587088324654
21.823628590070694
16.834215737033215
23.904002270537315
21.921904168346806
16.01544936876689
17.26877491819775
36.21973160568628
16.738460854966824
23.761590573485964
28.130930069487487
14.317542648568121
26.16301550831431
15.671673895787539
29.19172614667816
16.05026883512161
16.229100567882515
21.75206107495267
31.37053583619328
24.57780045592068
22.80297559948405
15.699367221093683
33.47302332919069
21.772183476392165
29.872138366382135
18.52523074320932
20.53061187889251
47.904594831638065
20.771871446141063
9.526373120603223
19.71385544760189
19.01320790939453
26.260424172655654
19.520960610779962
21.667078980723183
18.164238308311393
24.279617262572494
17.353089706594076
22.786149811925156
29.098162479659084
26.717606015257694
22.89465079205535
22.483918194281923
23.661749601668504
26.957687705696987
18.51228379086499
23.5576078960039
25.478968405640472
20.20914393258367
15.464854761813967
27.034597065359904
20.5909464396157
15.009580833224422
16.518468649981386
23.524854734624657
19.978626901409015
13.778290200344024
21.279956379875888
29.49327677395499
21.907139450473174
15.463089475513822
18.79405040761509
24.27870604803008
16.878380221410374
18.780364786926953
27.802477725191956
17.382442875555952
18.797912682751157
21.045597998596786
32.952398519920465
29.317658971447035
23.048846965745877
24.89455967596916
25.853448274553525
26.06929833112279
28.535403013886096
18.377472468234316
34.60460981534046
32.46843265874394
16.924419501438308
21.54410877776461
18.915321634679337
17.105714196312395
17.287603263842446
16.58786400421472
29.36452090487312
23.473595292193096
23.94715219756855
29.68767683357828
29.065192622956538
20.876431111437814
27.48605752821159
28.62293710121191
20.813289175853022
22.553804948322426
28.176642415555005
21.857996455850394
31.330092457826286
22.5757191055797
18.348630093720356
12.98262526695897
18.110758619411147
30.060208875107076
17.897257033135602
20.163008135896554
27.52108434591076
30.599889370113576
26.63649870421706
22.670006437565107
25.40464740827578
29.915006245945364
29.857360005968538
28.448453241135525
32.58670849893132
26.440037273830885
27.752315621155233
19.458263153582152
20.119508427830098
24.650319635224445
20.774514247029032
25.046902391077086
24.627124136313576
43.43151111389301
10.622558494775177
21.011010705459807
22.292534363271095
19.674179295169424
27.884879694983827
25.185828617695012
34.587124308026354
21.514706651792494
20.979728219498465
24.563503858417377
30.751784082927756
27.361711747534688
18.37444033782758
21.359107245422237
23.24961728661033
25.001974650238733
17.750209141861063
20.353859740234938
22.372513596535303
32.60260048509191
28.964125980413836
22.265586840162396
24.797039619267306
26.779382486378
24.523684712268366
25.888599894472534
35.83189538347502
21.03621924240296
26.537035642323115
16.8488632599981
12.1659295368552
34.255756919988364
18.401815528958913
22.078686404191224
22.02869860233824
24.575632854530316
29.292480117696556
19.148520021956323
25.383343238020757
27.088953756714506
23.972835129200295
24.898823912624305
22.56397834429957
29.670944788181025
29.119790004735975
30.906640842972767
28.637727960878873
22.734678696223643
13.544175689596239
31.16789190697979
39.22180895399997
27.163509199154717
23.312107587120906
26.4699553435188
18.603591564239604
31.2678158488811
24.479374423890544
19.28947550715152
29.29731813174951
35.73793785116558
16.34633445889896
29.526401041189406
19.966483362497158
32.49197801534748
20.99166242415732
17.032825678153188
19.64161286566465
30.270195700467077
19.731668443207337
32.78907385606307
25.024164385346936
34.5486506304246
26.971184548025263
22.14818248507469
25.24772672796566
34.89254360006228
18.936368067395907
16.513634704169334
31.60948498281505
17.821265069573673
32.626818331511764
19.070387124398668
22.893800720160815
20.103021255993557
18.288714151411366
29.556358147143726
16.50111531585445
22.938418090799683
20.6860527866947
21.094086451795594
28.00946004268891
20.10975569149449
27.787480916533475
25.333076745910866
20.629476676250675
21.877804333699896
20.254287182090277
26.863410856578245
14.528266779031476
25.267411929489825
26.01624312775771
16.228617555428908
22.6591171982935
22.10979557635447
23.87481787289727
26.982457759115558
19.774912320889406
17.994797327270078
24.84067166563089
25.857232332125925
22.56113718404558
18.011731726547104
26.645187814599673
29.455707783731572
15.492570719597959
29.27902218651699
24.873285017447134
15.544625158284353
18.864767808117467
18.700102416303082
30.0484320250701
16.802991827258612
24.135627306829818
27.962747313594704
23.512041513960817
16.115088007182788
22.597698674258602
42.18391215978271
30.95146071674367
24.05859474557287
36.78969963125208
22.517029081479855
23.4654447116017
22.471102475765154
26.996004430863792
29.508623662028516
12.571794349538282
25.502899786368165
24.116491883687313
30.808727137324194
17.944601054113594
23.63237747590928
25.89682173058383
23.808636565015522
19.397596489146192
17.006498195363218
20.905022257983155
38.573909203825366
34.02069260278088
27.063043434941875
26.34761329139343
22.334565083229844
15.146095905787071
18.780434647962114
13.879629274826799
14.71155899380516
22.711977468963003
21.196398364206924
17.253795650310536
48.3548415508242
24.66765138500115
24.142410718143182
14.85543194094245
24.005847299324845
21.293926401904063
14.612193420927547
24.69015460349325
15.884209483197964
18.991628889048034
23.780020634733763
20.106210969258612
19.576388625064073
28.95681427122416
26.623231074477655
18.531083295041224
20.901272045863546
13.182237366644806
28.8920466967544
21.889789303482264
26.011485157837168
17.08553787371453
26.70978135767836
19.01041721037894
20.438566794457795
27.599562054091955
35.35893286506311
26.8019839882219
31.632114240217348
36.909439242646464
18.79149078488079
22.078679779886897
29.521527660508816
18.530661513288276
25.04587112222621
15.4271850228995
29.318971134654813
21.445698120503547
20.103285661729583
15.55601328740839
21.201753359664643
20.185183129107482
21.758337554061228
24.660565456626692
25.182965478034692
24.156466768377864
15.402871174389537
27.09487370593502
24.843667157771346
14.72311879409483
28.491854641683712
23.40976860753588
24.36793398153596
22.191864422652856
24.75657838455679
16.960747762573003
26.79429685598416
15.504179802471166
22.58182334115774
28.45407428357014
21.216261117945102
18.962399935711037
22.553310012838253
17.412245755626625
17.126295619606076
20.884565571264634
22.752494436203065
20.994694596522056
25.404689214987137
20.84333590649889
19.319410352654838
22.027279500970547
27.97410047259709
25.33770783447531
29.215949829639314
25.10083968218055
28.009348794878036
31.14463242686193
27.842349896091545
22.537762891498968
23.512261819124937
21.273418110619797
29.94448493002711
25.367147267450385
22.497704856686
25.051327993330652
17.410958479038662
33.1339733030099
16.31248981728366
15.676878931209412
16.163199613012
24.87728732688981
15.909027580639048
27.049448436554634
18.523395606176095
20.839305366191745
25.963130886108786
23.636024738999645
17.891363110331657
14.495803762860776
19.787139110044965
36.72556855878664
33.590215353334166
22.29660219703693
26.9246846562038
20.842643186191605
18.675441600855137
20.432337819855263
28.126737858967832
34.86693259125963
33.1914363540198
17.312616752247482
17.500359563370157
28.115388067540625
21.222475366312544
28.658891767763635
16.019500655337147
31.65126974398138
28.166326656781997
28.965172194120825
24.641589821417135
25.510747570626297
24.591062113636276
15.531960760416663
18.72737458325772
28.908979748613127
22.090084090205128
19.60582050586229
17.842515037116577
25.482066000612196
33.54368485244407
16.91682858084794
18.31249530209292
28.823643512450758
12.930098051823055
23.998588675959624
25.319630617038325
15.763576889891922
24.881870695220734
14.783506382286044
30.483888388527845
31.57427104256519
24.91391479560821
27.96003351027629
27.532742905643193
15.7818106685436
27.17702349083807
21.38956847541525
27.790556599975254
18.373393241834233
18.932753886084473
41.83766799104135
22.159262961994806
23.083899505956207
13.553322540554591
23.252677467151198
14.196381509558712
25.290563340580142
24.43188547602023
18.179991684851466
19.979678401465613
25.307625930316224
22.992675593166872
15.485402121091397
17.949097994714947
21.064039224532056
28.252797336831932
34.23502851686021
40.75934586485162
28.05235534059686
17.70249302869331
14.341740469284986
21.81736280239783
19.30835665163441
23.495183796740708
19.42388849300838
21.163612520623907
22.61207571691454
26.629527149880573
26.996338074163084
27.62747606655505
36.043438491386404
31.52199470793352
26.659970932810072
21.081960301318432
20.115086533400678
18.735663861164078
19.143869555877647
12.035398513597197
16.24309293306345
25.003735117999376
18.648542761634122
33.11898007338688
11.253556030076982
22.44737788291438
31.679101693140808
25.55569565661284
17.591477086752818
20.556344342876045
19.97671139072851
14.506088376898582
15.891729375785637
22.758944842179595
18.047616091840894
23.158766592837992
22.12454003172549
34.83301620934142
39.79466323276384
17.467399473706603
19.363079386782605
24.046810914362485
27.43461936606047
31.45828606469665
35.216202622322236
13.492265506614153
23.3448699741242
26.59321713549493
16.178692634098162
18.545250512898992
16.347737534008584
23.386003988079025
24.94226646753414
16.136645157426788
17.68578953235746
25.185130133355738
23.67446147803618
25.618158688031045
23.385941981495172
25.427061077704526
17.457139153600156
22.167710152480062
22.780372932527435
27.422663179941125
25.326904548500135
22.152007120782738
21.68535374184588
28.06068861707874
21.830957151883137
29.392076601065583
23.98019672795388
20.99812664914036
16.538557454208725
17.558790852650127
29.037621562004063
12.945469421689532
16.455694698919807
13.71241615582158
27.75247192553234
23.07012787653532
15.23294818761042
13.432101803984281
18.431176208142624
15.016926287799778
32.32232213863025
27.600276946056418
24.18627797413934
19.650611568636357
21.00405495979117
23.06796598218964
24.468193056565347
30.173520689459643
17.55705041108057
19.995687950418798
15.022975924714672
23.718402086175224
19.2746832656913
22.166363960539435
18.070158103769213
24.789890454772998
16.978452894787438
26.293475684495633
12.830788603182544
22.718392657652416
22.623969139408253
28.16385398783312
27.52253348178513
29.23151381029829
20.30255171770726
32.13624048081626
28.72025734050146
17.528825970480053
41.99504766609197
23.545631776951677
25.17078992074956
27.69991015686557
23.320443301981406
14.637696326311907
22.258308414979854
26.609120630846945
16.789995034700834
22.424901375000665
29.97903181522148
16.160227247086393
19.878930203422733
22.94491101973247
19.284933302330952
22.156342994033388
22.922776414134415
29.024419615811013
28.832334209130856
21.00032512692361
20.261971737910905
26.963035839173077
28.323973334854774
10.911919152960929
32.314072566219224
16.622313283537558
24.84328779008102
24.30887766010997
23.044691364483064
25.8632498193345
27.77579891973267
36.522800815663295
20.512705833087637
18.659738121535426
26.56954906911771
21.646309070503207
25.4372747496171
20.36679189149419
18.375834163917826
19.162972889433355
14.087877220577628
13.586943584385
23.995184255344757
18.66745314283289
35.00270491979175
32.798846782811104
34.92022505445672
21.449330457894884
25.448461704596365
21.801217733272775
26.4539050402592
24.444049969224988
23.8128216724562
35.52355297301284
32.58865906876584
18.99966498022778
22.088921041083076
17.29559479984288
18.24035117010539
19.233858732878033
24.715554562834864
22.64493624016434
23.469064459128496
23.662261333498456
20.889398688846747
22.03627233234739
24.71816700713379
26.053694170273978
13.612335270125325
20.236980630839724
17.671847968113408
20.808840860766598
14.508120180039569
44.270124535123564
25.796043072261764
25.251975248378116
28.734170345802234
23.604401067860994
25.4572935504425
22.305788043277538
14.705257957983958
34.295397203553875
19.927696256311858
31.698257585746138
24.17314924190207
24.140466015660696
38.779561816017136
29.619146930227817
21.184975326943533
21.477507520826713
25.73823875336402
40.82917196270148
22.15330948816581
17.095628557285075
38.19240629736609
24.828654940058826
22.936740019103294
25.778184140974012
19.295070431950744
18.369615684551434
31.583385711211015
24.859959326048692
17.375183763833117
24.38974607276138
27.4362546232086
15.434233448279478
23.943677913399238
34.35086109336978
17.628835673087796
17.052185443366817
31.49614228255721
25.523151367572932
31.795868583942937
18.635747396340598
25.94798033462545
26.71070593802929
22.148407413983946
19.212108461970892
29.46698386831438
20.55387881468177
13.434766993416309
17.46205812846444
21.223651973617983
20.33549834336363
27.03939403745985
19.206827487519735
40.432756653151195
26.681678516945624
30.54067614738207
28.267380638414302
20.519530699771952
22.740227194675875
27.296001946911574
15.749670520666681
28.005417557326968
29.192081880900105
32.95287221774283
40.11499338247682
26.042517555175422
23.234707673780814
16.550495841395392
20.281225282485806
24.650552764835634
23.391106394142493
16.375729424334004
21.72385211238013
31.00493764455388
27.269098365932052
24.889273560664083
21.185922569872027
22.81650919744935
20.804990798800045
19.535319408386414
29.145878810519232
11.059012646978816
28.52407239710945
40.389000750430284
21.565077605824616
13.384547510601532
30.11681354344118
23.98334704347726
23.435161566112864
18.313337998970944
21.976823931316147
23.881752943187987
29.796005205498055
23.60125033115989
31.963342520655218
17.147779521071993
24.15422014160432
16.834865536893705
25.76472720890543
20.67197109200479
25.239404532524055
28.281091296872084
17.650714586576928
25.597503250260452
29.668591776058907
21.64651984236492
22.468116427606414
31.242946912476636
20.80063631157695
18.98302728544546
38.4252328705722
20.811020863053123
26.07372698574988
27.577350346690732
27.87537129028326
16.22248261394707
25.770927168451685
22.50341703610519
12.317174019265991
16.420686788154317
19.78963262664167
18.961274315527298
20.54851182034217
19.85088897818521
18.910238772189164
28.823849851526912
15.875434318769985
22.27054319823464
28.183750081519616
25.205121936639163
26.995652448256514
20.687970753390015
31.5625432894869
22.22341387668442
20.49307526234911
22.443986279074547
21.800444580929565
26.523323695878904
26.7755261640565
21.176790585780825
17.229912593171978
26.837799580045857
21.961725319605613
18.254267966644633
19.93982009005862
31.29497519853681
16.60923590129824
16.846755866879587
25.03788647120559
31.384084530285534
28.81945934005717
19.753919663311937
26.62174442896934
19.841711176293888
25.649652913807262
20.01646755979079
12.971967626243558
20.395942617374192
24.955485519671708
12.69290750940324
18.930121348562615
37.331913711953675
27.27170266139539
27.621440716215428
19.235085162992284
31.060831167306503
35.20205215426502
30.200130084964204
19.833377169700725
17.86721531206291
32.499680847368616
13.59862462180213
33.500193582363444
18.620946669179894
27.26384390710605
26.30946229897552
26.911259377745907
24.969707860814907
23.144016552582794
29.373356108154663
28.556775066257046
19.42868316468854
24.24013040282596
22.346966047828413
31.201217870120658
21.341525007395262
17.409234299385044
25.19751230721914
22.408995022627682
15.683644610453449
23.656059270080167
28.824399725105394
20.305579591389105
20.889673238582272
27.798873347815835
39.046740135944965
17.888614143699517
22.477057106103665
14.47605675893282
22.83632404158917
24.023291277766226
23.12285393750508
17.948401087361056
41.262364769605945
23.86581895756305
27.01734163148506
26.03592870957102
26.061079488801127
16.97493761236153
22.985744271574056
31.33246504159242
21.74986276151628
25.735958400535026
21.42464358845403
17.03132987747781
14.672507946719687
21.816103470954342
24.54829250696497
20.349372462600243
13.814825685684115
17.880186339398055
26.378706698642336
29.883278559001248
16.71809541515207
37.41010416417914
25.881119412123198
27.77408887886763
31.292568663467673
17.611155455326326
25.27314131830766
21.488728021366153
19.003557735333274
33.220571134566306
24.207283474821917
20.896268900644362
19.233487159971112
23.41736154520163
25.059814947722092
22.29798694774172
17.40962505562319
16.81402919781537
21.303687145201057
13.133296088436927
18.98042679940365
22.773073109217563
19.903315507167754
27.67404763340908
17.876212038488625
34.29082486647061
38.64588321524857
26.06912178101141
25.418974945440574
31.93764801789713
29.681333967906866
18.061946268368263
33.67777775193749
28.309111865320347
21.859692178528594
27.757053567191708
27.484071101587638
29.25355789189406
15.718089650736127
21.912914028188546
19.666844981700184
18.452022882123874
30.143778957322777
21.981372255860958
19.877015774088598
17.109489760154243
21.099032876679285
19.26019968594729
25.87674644055565
27.46649511710954
27.301549122195024
12.212344540366264
37.05950830044142
21.79003966440701
26.352411260014954
30.27789475487797
33.46595966494712
29.162225370495886
29.225732724881915
22.76332831257775
23.612493961661638
24.916080382953414
24.173580034608975
26.75409254110754
23.886067646130503
32.17723061710985
24.369146153672574
19.24258486184573
16.491579881329052
22.40992780031857
18.716825265826
21.407167092036534
21.311772053109028
22.284565792589994
18.865882350259994
23.104644440491093
20.798645959200933
31.782167338415203
22.01608379967385
20.20916899036128
15.956014568267063
21.888208666313545
23.291430988299435
30.205945606115563
20.71834624448027
19.371165430496923
27.12286929705695
25.390234514830766
26.866064416565926
24.42939896145434
26.53047085109287
23.516351214714113
15.04957310225437
30.88532070865423
22.842889321966002
27.68164148273206
19.261587976812542
27.930326320411268
13.722745636386755
18.639352612644185
26.918182634172428
18.44996402358533
32.38154311220086
24.341931658359975
20.00132757731172
26.168329751763025
20.22692043576964
23.083142760560836
19.734387997948268
15.307500084288266
22.215458670988877
30.096805625624402
17.546373931583016
21.128871817012858
18.557917360581843
15.196114527035082
29.989478994989877
21.908482656040224
36.471087292367784
19.01863932188863
15.620914464548525
16.41820306272056
27.552197138388667
20.454888073131073
35.61870176299796
30.599943921980383
15.450190169278718
22.138349523759892
27.04300595946558
28.261790507873563
25.24322409663328
19.283579588895783
24.749294058474845
21.7329488218691
31.774605076553414
29.15614226433544
20.574329943848632
36.55392760340273
19.585170993747365
27.38720102183295
19.276702460581763
13.988710251305351
24.071508048870385
16.680343950769235
19.93602233949365
14.44157578920023
15.436586319512127
29.188683660379063
30.432882174170047
19.249558473871648
22.258740573589648
34.83052236750818
