179.21913919096872
190.058822724631
137.04878121956514
172.53981217248787
110.22227567286565
63.7687833418059
89.16155227211429
54.91869581262888
64.77759747108153
42.13898394679858
29.485555274616893
30.314459542323785
21.151937343815273
44.12526487520114
27.45217925754342
23.256835722634303
22.736390564083443
25.826428614867748
35.94338020752967
12.06352929162533
16.78785289401403
17.24942665075319
17.573649945438756
16.668259107767973
24.24179628331771
29.08235119810848
23.268188888540838
15.754244545105864
23.46223027723189
16.332624624633596
22.70797137717437
15.43726863630606
26.781816897673217
18.166645999699874
19.5812065893679
21.595816555347287
22.470925057212085
27.421571171789267
20.830712379808897
19.295124284168608
20.461515368375352
15.806884095698035
19.914366152157527
20.615041182923164
19.49278735001489
14.659612782647674
17.07636196975105
19.48986831374639
25.796525622662656
21.49280879283886
22.72495658281868
15.675834290859164
20.06694316965808
21.22373158566457
26.206307518620232
9.384525788620879
21.16461905850857
19.38814277867126
27.803191921795626
18.314753136363326
14.342690961173968
25.348437754468844
17.24162369753123
22.837283912567614
16.39578338471088
20.162254694189567
18.216861947057886
20.027395783807535
19.95313262999706
24.47787737368934
30.719616816734398
17.744972825020668
24.287404027979274
14.715897762954052
23.19748939972934
21.62671581111704
15.809673313881428
26.6489380666649
13.600047624232126
16.993779112525335
18.4681798663549
15.210005683491962
14.610259163416817
24.49529561265821
21.771699729626672
23.366252414962272
19.79914056473738
14.92183371238889
20.404282063672294
24.936761841709263
24.015002992997474
18.604536663902792
18.256716112962515
17.961001238397518
19.78060710907517
26.267420685581612
11.930145309658679
12.692534301802011
12.493576594717275
29.638979134962984
10.63622493160635
18.25173449063245
13.493102301751497
23.099828146673488
19.612325372852276
22.79336844717717
20.5094901043286
12.965155382421582
21.24595614703149
17.682153114974007
13.682920325876902
20.149267911501084
19.17661570997567
13.43654834630624
29.114128889063863
22.557926289372425
16.67325500953314
19.88857635011704
21.684838320390053
29.487495550050387
19.240320474937235
26.3906905350748
13.011384208108884
23.744853501681323
19.26556725145501
20.19841006772738
22.414683899664016
14.295993342083788
18.733381067813152
19.52005578127625
24.004039678998694
14.445057673017612
14.757061840620537
29.87640883436874
16.24848648617567
21.6150903477859
18.23458066178433
23.639865466668866
16.603758813307152
21.36551778154771
25.84000064509458
18.71973138512959
15.861544113471963
19.070754902259495
24.102886674291724
16.129397802485848
30.098046573418895
14.075789523824337
18.328773104561964
16.50509962693399
23.820698220157198
20.705714830905407
21.71115416741567
16.26708147514842
22.36233363529108
21.568944291798797
15.330176233489457
25.950153529794594
23.95201913332744
18.29412634577656
20.100567190563517
15.926744653610807
13.53615251614734
25.611074827607123
19.000949760050084
22.45361212900574
25.030213081623415
23.925154871472333
23.929482922717934
16.0078408065995
19.81739912339238
25.529234464684553
33.04387279997202
23.865831120215176
31.63414132113498
17.640851382642214
16.31133899163408
29.086392266476413
19.928787919181957
16.61467283577717
30.724173807046824
19.16510104595522
21.417917254833537
27.67850123543778
27.825906092422535
24.138318353541276
13.796384628020931
19.681380452623863
19.20841037194163
17.339591660498776
17.664980374810668
27.118659346227748
21.468891625271176
24.390294112006778
14.686275440958866
15.822857016490286
26.341751279556856
26.507915354440055
21.79377052639205
11.381161528938838
20.232682272704704
24.565638055140496
21.26072076602846
14.665933354106118
21.644167965408332
22.30555691986059
16.914422437783184
23.068579426911132
17.26642801604072
23.414488030225463
14.108947030777323
23.118935735705286
21.832305301698053
20.660584921125686
18.48137930444734
15.55154410860094
20.4020943592606
22.015773316402612
22.315779391398696
21.254999529574185
16.924646340269405
20.82130510955318
22.834079706581218
20.654814565948655
16.777769884628395
27.528288628734167
21.31291196341253
15.089103081867544
18.18496504022819
17.61105299396646
17.48659318621966
16.724332345751094
20.594334505170753
17.957345577480773
13.559040501870337
14.397471004247494
22.612508186322877
24.967851090113225
18.481646933255266
23.401558994571587
21.21739818398391
26.835853945490147
21.948049657595963
15.906171374427942
18.15503679644609
23.36316191924796
17.16862886992374
23.219367281575398
20.61697007747423
18.188140145749525
14.439233081013564
23.60219265091604
17.798247865332005
12.472399838759737
19.913171112094464
21.77597452072728
15.947387426693071
13.711609456783206
19.38582847107499
13.430026793385125
20.64108855820459
24.954702662214945
14.258660711893919
28.47824534054602
20.466073418661274
24.165755071941717
15.22157420068149
22.871706315540145
23.10060107162959
17.491336803042604
23.947455144729794
21.690666390618986
15.540076276927145
17.98433787019219
23.09235392597343
24.14286254480689
26.842971118693626
26.477592785969655
18.708489337508702
30.164667080363465
24.841712887764636
15.738370181805813
29.14723109309467
30.40120355365391
23.028315417588114
28.709067842789665
22.454793425805235
19.13567762852888
22.20954675883507
21.12832138284226
24.312198711942138
16.015052901625708
29.907947369884337
19.547469000049617
19.496637995303853
19.368793443935807
13.10476657007889
21.66895990025338
24.649213589683246
17.43564759550556
24.413126269975567
21.377380771166553
11.534405055769545
25.209151039315948
19.548657389967506
21.388669170364743
14.09751092720268
17.989035214463
21.912774262849947
14.914858711278745
25.20428150793887
11.518786740147519
19.747279721284322
28.991572153758927
18.82659334426143
23.068242991072974
23.060039507489236
10.849814558005432
25.337337017425064
26.644004576798913
34.07994794845137
16.76656431364931
17.758881381093385
13.691299738880735
22.874461903038227
21.860113118580838
15.435274698387078
22.978575609649017
21.6852051465411
17.73983934055175
12.193205534115444
18.442077569324805
25.638674686291296
17.314725902313846
10.410946408397123
25.009874047000036
25.857767489471094
20.157809501689595
26.52452751868645
26.774779115862263
15.682428672896501
20.928949415981194
14.944758337993946
15.348318704702645
23.279928856996513
22.655988187115106
15.739479836459408
21.44895473656668
19.522354076644056
26.10632609734207
24.360515578489935
22.43166654110378
24.770582870529605
16.901815926230462
13.433296848966469
13.076968400778338
26.168594887831244
23.236442577607
16.182166618319112
15.360040069577371
21.31351720623629
24.168501841597273
20.118944311120448
19.553753677373507
10.747040803949202
17.542262354864985
18.956905893353166
17.05814917644958
22.826382179374594
14.595835632894493
24.638409804384633
18.103581481270364
22.15399063606481
26.740332544236466
14.042063016883894
30.03970476583257
18.366899571962815
25.10468139973684
17.161183139213435
26.837887555456536
31.280942251600873
18.30599506612847
19.254173816854326
21.700317660305473
17.609920960696936
20.175406133131645
27.911869767983035
27.15946477755952
25.685565606177203
12.628134239964151
18.555587714360055
23.199062323361073
20.121022988624283
25.239960657071876
26.055307864300026
15.372151667482612
10.422875354016051
13.237111664421471
16.873071372334
23.75032326859504
24.493192574215254
14.782031959988556
14.290506293008729
24.75394262956643
16.284428034706455
22.952370241010637
18.275520482666508
17.955085085036128
22.902547862436904
17.8097998768461
26.59772740928772
16.583904887852558
20.01217332388408
29.965879105094352
18.380864899059386
13.877700498474793
22.75776026159875
16.029286320520548
17.8736968340831
19.982656111769707
21.73907709243705
24.32362376703224
13.577875916131585
22.12446420750254
19.76401910721794
17.734770640953023
21.615269927088747
19.372509349188206
17.348833713362772
14.306093374686318
21.897539107947516
17.636837380258992
16.221983793008715
22.018594009135523
19.340756975130585
19.175270575018082
16.617082372985355
22.49076064004288
16.20144172419541
20.8959361190616
16.23554113814786
20.359096089764563
23.689608533536436
12.522211158922921
16.598000401824724
19.929813768943667
17.64847518955037
19.60908409960469
18.57498889827272
15.943102709470692
12.395341201067213
24.63913507816346
20.35051815620419
20.07495835424197
22.70080382811908
14.535833735405095
13.62015034598733
20.91316908895264
21.850085829597653
20.15903359722312
24.773896129054414
18.803562548795956
23.132125049968703
29.192346304861015
21.737073052383003
21.576803868807765
13.334757326391902
25.771094922434944
14.956697015011326
20.540700831672254
16.192423964562472
13.833458619079225
14.669349101673848
22.33528657022076
22.535437868652682
22.07286978872121
22.446870236704235
17.199740168423507
20.632354823946482
14.474507489647717
21.67755249063537
18.215263099361092
19.355953395459373
24.714218310847027
19.55955834331398
9.969209338667309
16.469134578568053
14.402783089957754
19.34604947370117
30.44666567221803
21.620316821337493
21.412645648504558
19.460977048603763
17.76680714091303
19.250540902150604
14.78738417339511
24.69992878998851
19.278365226723153
24.371187478426595
19.277500384286256
31.09002948181347
9.55069277601637
18.281308319308394
19.106911101924176
21.430464131978425
32.87934037226332
22.16146774104855
32.32917430239353
28.102866223840305
22.399297843545195
15.390317374522915
22.60803457220032
18.715785239962763
18.99418696748659
16.377266165279263
11.822819809594657
21.378437847822866
20.23356265149144
17.219469125840668
28.330488937586267
22.514275713099682
21.69650133782287
23.20155967853456
23.80829943867467
23.32715270450763
21.430979747719224
13.025474721168809
23.050210599760863
18.41830362546025
9.996584475203642
20.591591049283068
16.28621692296484
17.04210556144732
20.208731560775163
21.4072866436068
28.118076312948542
17.240608089807587
17.878969811909045
12.470838666537231
26.341636733696227
23.93857408798906
21.207046965507764
21.834470236851228
14.049973584757039
22.541498953995838
17.25124307658021
23.936001064261333
18.076656222767763
21.002503147204802
23.508823856830286
24.345658598588166
14.98624701459383
20.243055943262167
23.77902509520048
14.970565531907553
19.343418495658767
16.308721085719643
23.37719724001591
17.566536701200945
20.85794082704204
20.383651181940397
19.513339680024373
24.486684179858305
29.893627036708644
17.249995393791224
17.86999479326983
33.11476060033004
15.61132636188915
16.516775067983197
24.357323793859294
21.22090712018423
22.377219837293953
20.298017614403673
17.511139396173423
22.030532396949877
16.759321698940415
28.671826502659126
27.82180156218277
22.345067973424452
21.46937508294834
15.700526217636005
16.116673648115686
32.651235789752555
14.814550145850761
23.34119795193474
17.127405312772925
27.300938573017415
21.257693149999287
14.103385122934542
14.953869684688328
23.57376061925643
21.4786668184984
27.854171984565973
21.266947757216773
24.602178013026837
14.44881056481331
22.000775670965467
19.207584546991587
22.952504660928085
31.408767459167823
21.58319914693688
19.735184952497423
19.953720640077236
17.752435359054118
17.669325484580213
24.63833340355619
15.042901364297546
27.189949594970507
13.276066823793748
21.93150700076697
17.189634113305882
19.18683469693921
22.038517079310935
20.58797108674821
21.578499569271315
24.14706240175034
18.37058715862613
19.488206350846436
21.27242137365122
20.855533240798458
19.52888121173026
19.455995312488685
29.7008870846141
14.11319191244349
24.570221662463222
14.294239723686298
17.260337309973696
25.784715618774612
21.979324411054176
31.83840116061075
21.682339383103198
25.293140364820783
13.998136564369169
14.726169799981232
12.961097508117897
20.332085494422657
27.095743913695802
16.795513205259766
27.33810637971123
13.115465113073121
27.660012130151184
16.43310944818735
16.7283765345217
37.78182376359383
24.318560473586047
20.600496269712107
20.163060385399927
18.19787971730622
20.341990436845162
26.120679527066613
22.643685017754322
23.903817651836665
19.646035765349303
14.102330311433963
24.42413458540697
29.134844602217587
21.231128203009945
27.427739174112588
16.276361410982037
27.91365210792521
26.996322851388797
17.65122897372471
15.272511176958457
19.332702969106922
12.85098574002442
16.39404592493173
29.46739270421828
15.058133417230959
14.609580929891145
21.071748082479488
15.410174050957675
16.154713970141014
15.216587174720278
22.917868690286912
21.921549939087527
22.546081374472255
16.362244518378077
21.36623111175427
22.696473200107203
20.425504949569408
25.730645158260312
11.517897060448984
15.70237431068139
17.966253376337832
19.37697114380716
12.688536423103166
14.418008016807857
27.50079463424707
14.243347032708096
14.904611537724591
14.59021032901808
15.085304347124106
18.768452472524416
20.112486021868087
21.619262314409774
24.144072153530814
14.28111912639786
19.71232233655358
13.035780534799285
21.39704868195152
13.120958195757687
18.262046138416522
26.003308241836486
12.160857609262791
17.33038958179211
29.095310195231505
14.948319006409275
19.532587662978347
18.545644931106022
31.476220756689166
13.87371969020622
26.28373681528523
20.016056799727302
16.19533503951646
26.125283045716003
15.583923478899106
23.318714237032285
21.297547006074407
16.99155457890842
13.94764291740728
15.471830500211148
22.454165147277795
13.014783611946324
16.80465109608151
26.37669003998547
15.976825592837809
23.12095070331128
23.303037675994407
25.812035613567858
21.152668876282927
13.945834227693524
17.869021373935077
19.094531889683687
22.610757170142737
19.392501199998797
18.150554970630413
17.37437145437099
19.88207386692798
18.22491247786497
22.403986276084872
25.72585791497858
12.181215779423308
21.969330645170288
14.968627969192157
18.839496599024866
13.568867963427655
21.445971623452067
21.75997647876199
16.383165014067092
17.829365908690313
20.74926344579591
15.870762879741182
11.596693855118867
16.984161554937582
15.374450384421817
21.944121498638896
20.715405366260764
12.621625951737514
19.267153714932963
22.17033487044981
16.28509444137329
22.831935079912498
7.080799705334581
31.941484588570816
24.490159850727004
16.100665365553134
19.206601064286716
20.248897973322823
14.63655545256043
17.924162106453334
19.53938224748611
25.388190976684943
18.077974328493305
16.414499474009496
14.890885887883886
17.53135669833464
14.708771907604804
23.50637137590144
29.027794438307836
29.116994085615623
17.641609963612563
14.754484868669367
25.558380599503366
24.73599457664034
26.778334528737336
20.86011651172413
22.884014120228596
7.643622528040052
14.677042002751191
31.899149605457467
18.443478552727836
27.723900050245692
21.618526871495217
18.874955470569187
22.159887477174188
18.375045701060174
29.17799448400365
22.81106420058133
18.305016766121057
21.18820214138812
21.366951878102384
15.40920391947423
28.605250015663525
19.771229806246172
18.144679230324417
16.351020135870822
16.781419605913804
24.36835747392688
16.090109058989977
13.286672929824745
22.494582400205328
23.236783360053927
18.238263339673875
21.17937777696108
17.888267198523472
25.14081071166348
12.87051599567907
15.010437411441183
43.49847464347521
28.646025962784787
18.67008408488351
24.548135934532805
15.94657871372405
20.5971469621472
26.542457448102617
24.580581912587853
19.27610342504179
14.162050433184783
13.981716374503284
20.23608266926116
29.023860607315083
17.340546071838293
25.28720705668197
19.35571425160571
18.088339710110024
21.00342556642733
10.344663081465571
17.03059339331748
15.32254283538997
28.810472069448007
21.717426288741798
28.06661211596121
26.66346005172991
17.422246297895295
22.117939815442924
12.817536682381835
27.283894537144064
27.526339248766103
20.809716152226866
19.211347012888705
21.81406392478697
26.253193456987518
22.570699950359728
14.967823450944298
20.400668330177783
22.864526515667034
19.16529776439808
15.203961537639321
23.02946400109515
22.579179446958207
17.798921968725722
17.778635150066695
13.269794637385457
19.067940493258785
19.15013942627988
18.40462081475963
20.346239106906374
15.81010108889583
19.366583851442154
17.96985880347116
21.735665341660898
22.105757326723786
17.701868254377594
30.306342219434608
18.53147373980553
17.92788944571429
22.189257499607105
25.987880713962465
17.000544558158627
15.663991956688836
20.040998999363932
22.735132232983837
15.880163709664036
22.902522139576305
23.456149602284174
27.036835460098334
13.942585018413611
28.86468833307515
28.42145519687952
22.098262627151406
22.163488852384926
11.785260426307055
16.019998048714246
24.291092985824108
21.00740596412365
19.75856508579101
19.230759867935895
16.388540017172254
15.208153060632265
16.170905355590865
24.75887544245049
12.942746580843215
31.592763252621342
29.21295604005015
22.594789175071373
21.373227187138152
20.700645200647585
17.197293455610033
12.0476815712048
22.221947389948998
24.571654316400014
25.916233737986204
22.239255008508117
20.240787113796426
34.879712310989646
18.012254604829007
25.157149826067286
24.43734988910203
25.123496030651594
23.030148228462036
13.965755786517262
22.876662839819563
20.88417250303864
15.896518939026954
17.286520873448854
17.212366824899576
15.757660130753571
17.60361703572815
23.05395129124479
21.046838051626537
29.811808823982233
19.349936723158535
17.999223662573137
19.89894953873328
16.460374080905936
17.65314788226956
30.132637815795015
15.133986881053707
14.748123600150736
20.444160239162994
14.293765948952384
15.450699266901596
17.459315578656977
27.063587886692076
18.27731142689368
26.06254821982047
19.135421925895034
15.48380846755608
24.939759288697648
18.04829212379503
22.349656734121883
31.074571429881942
18.52595676775517
16.17025210148528
18.599124680980356
19.457517196810905
19.357433373199417
27.55875889706419
26.564990963683034
21.46158645293001
24.20346433301284
14.555061064643898
17.59975238387873
24.344837589739136
18.728925700989578
20.331375283661302
25.670210802451486
23.91457410613139
18.978652243641427
29.161060863012274
21.471945376696393
30.52258276202548
13.451378636549777
10.654506644005014
18.21154913799736
17.29575548396728
17.780730351277864
14.84598377908751
12.2357171880893
14.84987117379589
18.698880202537772
25.03126728951451
24.50705434700149
21.809300227064288
18.192604884664416
35.66033689773903
16.239837273750712
22.292011874873765
11.579494370196246
19.30096956825101
30.415965076556024
17.20486094328522
20.892448426064217
17.99448031119256
20.45694842074608
13.622742390265904
31.540664602112507
17.271245030622122
17.928804027863123
9.134939982459615
22.807168656869433
11.923852654580301
23.066741764424282
23.302788460684276
19.35195028799779
23.673830640773584
21.831577866423327
18.981206817637243
16.874457884443565
26.7394459031824
26.12581181653563
19.99633075700341
20.80683215137313
22.765124033532835
17.122210158583492
18.736288629371156
17.408221673982226
17.596990778550868
17.127620267309414
21.4133890362923
16.699380111405866
20.94012975243194
14.836599580489251
14.116049235459469
10.02158876676356
21.82981157934127
16.583144424754995
14.9928640975452
18.940443770543705
25.92343313923338
14.664837833801824
15.80613127584086
15.117253901783902
22.83613012427739
17.247140492223377
19.96238974430519
15.783562285669367
22.838598003154996
26.82952323830928
17.231775715376305
16.0792109883525
21.181453022418786
17.052209454738186
18.918188158851116
13.569561857374474
32.48025619441366
20.23295191540481
25.231773256922274
22.074401011658516
15.295330228766227
21.118285776049273
17.851056180237265
17.597902255148714
20.477857707342732
25.006691262593826
32.39940226520987
16.78424894981343
21.608122546530957
19.995758211227912
24.105810053618285
16.409850441623586
20.619653098336105
28.048810526076316
19.802333070516248
20.415571496976213
23.444064994694656
25.118583841317083
19.683686571648735
17.998627700094037
21.67768076876883
20.52909882930802
11.194277024437675
16.701842317881596
14.76518771868887
16.801480552908675
23.589369786850494
17.24065417959086
18.387853894835754
16.590206325471478
20.33464175240975
17.898161595712672
21.13613972669781
20.7964817744349
20.483974409193646
22.109175723028482
21.08692004435968
17.170122839254383
23.577914762611993
23.79560294224663
15.774010753915718
19.249971096259113
18.19067661813385
26.993423772578307
22.961655221524204
17.491954448868828
25.802404233734265
14.835504853064974
19.75515427507898
16.17131931487022
18.224330724839515
13.919939408002179
15.621806463830076
17.950471050716143
28.474646377550034
28.7238498068881
18.003976888992483
19.879084140447002
23.037502741310256
22.09899157011184
25.086519223640597
17.082659817773585
13.864350783946152
25.712705839137058
15.54291261100719
25.294843037903515
25.546168134942537
15.74954149647887
19.760781202229555
27.435707656543418
22.611908502944246
17.406952747008177
18.40720938720576
13.659991905120638
20.3649926766807
15.774634034752518
16.427147937577587
26.422452725898836
4.5961980787875545
18.575544852328587
13.050582512655723
18.505024267550567
29.442142888386584
11.847474655614736
23.26773347010179
26.611989737159735
23.719750587185214
21.246123360306076
23.395611382411623
23.09613409000836
25.08578443035223
23.24712934648579
17.543872381330107
23.44189142167904
18.73854844653403
22.955499063762215
24.442975848644597
19.767027704470483
21.4800228993029
24.709074583129976
15.074917042483857
27.59652027857179
16.273873905909234
20.26794579788977
24.184773850192833
14.664214535343293
14.640653039975918
23.085695952943862
20.543112400495055
16.152948369075673
23.812908284849165
17.57843083341124
28.35556231844268
14.031206934433934
13.510046590272303
19.653473319862844
19.696356410600867
27.79404030774436
20.621280503295296
28.467950043265354
19.296996476807287
27.02241590042178
28.33769530108365
33.76746134368103
19.306240326383982
19.502164547345764
23.370824816397224
13.573480806822968
20.961309042816247
13.597205656176687
18.518303609578037
19.819547418860818
25.25163171742087
15.204390337627121
24.806198763654912
21.470296299710256
21.255397672099253
13.218442098370462
18.6264857790992
9.962120859796531
19.41600840748306
23.430798598755633
13.029949179583264
21.979486669611433
16.710187543714785
32.62522000529724
22.187097515820618
22.456289865936895
20.66006984724333
25.164811110284667
16.764485849493973
23.24357536479958
19.18039622177796
19.152725966900107
23.97754893246923
22.536605323395566
22.5234848207515
23.824791936392486
19.268116963806293
16.995053845494468
12.89455927572031
18.05670346638167
21.179560481703977
17.49774937641748
19.340248157329096
24.009804954603837
15.669696910318958
25.39155592009042
19.01398696774912
12.53484917365705
28.926828281263283
15.958870615446852
19.799368879901547
22.029569996111114
19.6103698899916
18.568115573029438
27.19629947273666
22.74083315709501
17.19480982185435
22.800602247697597
17.783422980234274
22.2074246052202
29.194687976832455
30.40504946933968
17.362888131446287
17.951961993849707
23.869114798974177
14.568156936529487
25.940730178981447
13.302704545185598
15.52539755055829
18.0856353744492
14.002761881826375
20.89867085238125
22.65297387540655
17.289321356033835
25.992602141290767
16.37849615795949
20.0645565798876
19.51109277417227
15.178081015653108
23.11207695421422
21.99032083126047
15.772128964180897
25.584327637655115
28.853644102545978
24.200038554470154
19.669385526961634
14.836021226138554
18.305637967625554
18.773205946821278
17.18047047181996
14.378196740409264
17.129345726591865
27.201936137087657
20.852937815483667
16.226288443049793
17.313369805519404
20.04194304969541
19.538979605703226
16.322985127924746
8.847892108985361
18.426611246516387
21.77029675422846
25.540999467710947
20.571377586931366
22.82286273231543
21.05326256160237
23.92325861778146
16.15816649902072
8.92359895441343
21.666142124780187
18.82250371987341
17.243129338979216
19.29658822553754
20.03751936693155
21.462152101812087
19.23752441558087
17.92322005377119
23.430889414621188
20.12683166646774
13.638652413941848
18.684610138896698
25.28028398496372
34.846046920416256
18.720930998578282
17.561096785380325
21.93435847393209
19.67507729945332
15.948439704891129
19.112867961500832
20.566968068608514
24.179299585164326
20.725651733779426
17.142981992716084
14.685643806828057
20.03333319929726
12.843493412186788
20.532655930265904
18.00694035439488
30.99545357690541
19.705162691734746
17.14104986211464
16.609571696157822
21.052884191817604
16.261192648547713
21.419356714021095
15.101259631212805
24.7275591644847
19.879251029497688
13.443343959965379
18.625352951471307
20.42256812235089
15.958410983727827
19.463368451765945
20.538026330051203
14.237343575724953
30.551684591344657
23.118885697953182
20.52610168500723
29.63699807012801
20.853621208533575
16.109697122785658
26.82300198097544
25.529870567430414
20.93052365684172
16.24748052349685
16.81227105679806
30.337885902500304
16.83646795598683
18.95932724799523
15.585724209442922
16.603303911099797
27.20406749596543
20.32402441218179
30.967807254071687
20.52725808648621
17.424683757445216
11.031721037092337
17.435247229566638
19.046244167312295
23.79196721559335
20.117152476358665
24.709843332121864
27.11587354687202
17.252499729870795
19.999573701060033
12.55141901041569
14.64895564831091
16.367645361894514
21.181333621453934
21.309700550633597
13.635071370811772
16.441899963143232
15.20201920278869
14.645979717251956
26.59915040040916
25.596428832176365
32.79548821842819
27.35025445065577
16.921551522972813
21.03646907630087
20.540669860773036
14.398963886464394
17.37221354100557
25.03947065724764
32.443729618973634
26.49271042215472
19.77820698632243
12.485351002112798
17.88886436652103
14.490765810875041
20.711008736880107
21.67507568535202
18.324555409001256
25.18227740228374
23.100179603528368
13.394093297874901
18.83783959744916
22.56089346963035
20.867210496137798
18.975255426044804
20.479997036140272
15.274326599190607
20.44805603064694
19.09639539595148
18.57393122479595
17.94477921324709
22.04624807296915
21.413565874852363
21.60745356913743
15.367574426360834
22.691084035948833
19.247775937701114
26.927549963620535
19.189300877420436
25.35083123992397
24.53912045489786
14.26322682253053
19.527547024617345
15.687727669582848
18.09221007492153
19.57625890597958
22.601894565344644
26.88923953903228
12.114705806321465
18.32317690674389
22.38756531803402
16.185443126570078
28.183718252106903
27.406989071073106
19.368971474940302
21.230222330091987
19.508923334294238
19.246532959521584
20.21957445007305
15.055532759416895
29.686014642800874
18.299906759644884
26.105243887577608
26.08090843030174
17.436477679142786
21.43707784500326
19.959513115951392
25.83773144137481
16.906143467171173
16.171499901630636
19.446255127813743
20.761949385754257
24.439355441890445
24.857194328345958
15.236373002537803
18.793370131995403
11.315033621313903
12.301178100772853
23.566211613333913
22.554433757293967
16.584868246469046
18.94064542448717
19.88272400721812
21.446670371941575
15.29325513185245
30.9417583473496
16.042014691543937
16.339376151366043
23.709072689114745
28.396895156663067
15.459926637855204
18.468147878409482
14.805358572715196
24.185420467373305
16.992316743275705
17.869938840318934
19.782988252510965
13.721646570033466
20.13672903423948
24.558837530574102
13.669894239488665
26.539250411325995
21.402535683712333
16.405224563063
22.031533633908072
22.476952932142357
14.154619478272554
16.010778239657323
23.549699529713703
20.74953213494184
25.56953107561965
12.233103101019328
25.639477231855874
16.748017142288035
22.639508307972207
18.765026122690774
19.100998170588664
17.729681687583394
20.566404777417887
18.19149978071174
11.292873260185084
14.116410731863008
21.01821784339042
17.140665689703738
16.669715679520973
29.61910259935524
17.923869078579692
31.18064638492905
20.198521245041093
13.430894263521079
19.171295392160697
17.240172246956206
27.899909126825683
19.94252313968502
17.697663623421224
30.70849686918783
15.88295871201435
24.971602785067258
29.056174091579614
23.158552639686885
27.69768098902512
18.156269806692688
16.98702625513572
18.06937469160213
21.128690280190956
28.918680952010995
23.521465213716645
25.265478653287772
16.21088367863833
19.07515833764034
26.186196280060077
17.844167058628038
20.766712849487956
15.772140498535132
16.885038087169274
21.76501790246535
20.487792237443976
29.004994915038502
23.54095146336205
16.228260812902935
23.688320545053134
25.42149693382717
24.89052527021246
21.777352829587624
17.25458119537364
25.78044959160204
27.667703171641726
18.234815008096323
17.530136828448075
20.20937718632875
14.98858708529694
25.420924260494633
21.237040713608696
30.155329409441617
13.24582069043936
16.675157970675077
24.47746856854789
19.998709035230544
21.79930180339456
18.461782516591573
26.58355194240542
22.174816337026034
20.875014356255814
32.98264891787742
10.03095825510525
11.030203005725403
17.336628585549114
16.21268264398289
25.183564636278433
17.94217702790385
22.459784145750643
18.33365177417508
23.792150269902688
14.692431383173579
17.14827901395347
17.921222320900277
28.055984733974288
20.730584177556395
18.678251503792687
17.68923895055011
14.71881373946114
15.136380218786382
23.15034274137338
10.625004461102087
21.326332088919266
20.49061215214056
13.666613712290015
19.077988763716878
18.11562039148425
21.1446764037941
17.316044429717834
19.17815208064788
20.905320713423936
15.438953358098214
20.507181962981203
20.78974540754394
20.66743925359618
19.098520735729416
19.51173631642302
15.404906465665045
17.40229932317341
13.24459537972061
12.226269832762695
18.359336268630624
17.261669827707536
28.850246809200925
17.90060018864484
15.70448597684021
24.612432260906917
17.5271469004671
17.35334327376532
17.483927096280887
23.65419964941322
18.564503299206404
21.731728936863185
15.712700276083874
20.053416437346453
22.2469729151383
24.955960110640344
19.962370466245275
17.8166716720031
21.49531341126568
26.681130849658107
31.13660504117946
16.726386735432435
27.376376683770008
30.282005540669903
19.102583019836082
25.483844174460135
12.487553405523153
20.514426594753402
19.64179699826941
13.15623246784387
13.992445685534094
19.839859928054185
24.22180501477296
25.50799486471087
15.217902324616697
20.886678160700047
24.611707954810104
21.45471407654969
17.109426199844517
26.622331947446032
34.345626172940804
21.378797549988356
24.247606910901577
20.558308455439388
26.307763968463902
15.89165009976186
22.842885319321272
19.720488811123424
18.56402899557582
24.689640471043308
16.608320137564505
17.6987329336104
13.42162490868613
21.703592353681607
25.54663098407421
25.00501372735904
29.175941089638908
21.520730021930564
13.576503446108918
20.094497294141807
36.8820452517593
17.899903826095223
11.774173411849228
15.08878782248623
18.280772713469766
26.606346739428073
26.169483611422706
20.624166153101765
23.427959159821892
19.66411580546757
25.04450055795852
27.831440806489727
18.58195540042448
20.06019536452136
21.076361044592268
14.266088417888733
19.560604985015264
22.434592012547743
19.058064110182045
20.469929613419737
21.39136717921926
17.162605527173344
23.804386547492847
14.238112403310394
17.18453037156935
21.803891120691397
16.63659391627825
20.096856982824203
12.579968274739354
23.01786705028183
11.71888894762412
28.216920838080267
12.629891985113986
15.512385927416059
19.014549772659507
16.0791115122354
26.090522496954716
23.65282921340707
18.397801462303157
22.149946786408112
16.217142002667593
18.23900162642737
14.471772756582038
