659.4134907043091
553.9006018185995
477.9798108873654
457.5205926472629
524.5607317672105
413.48452597450455
425.09693996533207
405.11637415111625
355.42454200097137
343.6519151040947
292.8508801759902
289.68587437165587
291.4372457219801
265.67856195858764
306.40807762998526
244.1374835950134
250.99550870752205
233.52656069964738
222.51541778626373
204.63657260059844
205.53829109033313
201.41745317421865
192.0732199985354
164.89921126975597
177.43369289318744
189.97577912844014
129.00485821602103
180.49848821405345
122.0022418202528
119.98883789343593
131.9418689002965
151.46335434476546
149.086835361092
128.04148589497257
114.17765411894439
146.71893660390737
104.67836307499208
107.64429334210442
82.10708051283811
91.81272240538672
98.45670826975366
106.60725242808286
78.3101412717463
102.98769657999598
104.41863166841163
80.65717242494146
76.46793695102691
95.30492444084221
78.87283748348601
62.247614260906815
75.76353486784717
52.49515930550383
73.36619017718495
56.81493715954502
47.65749007705969
60.89299889282847
69.92502418647975
33.03353554690521
59.90246681703978
40.211514381645955
55.31822913155824
35.58319215693511
42.84033700418552
42.62286446456643
36.9750233113318
32.86496805525987
41.97717022190604
40.37954307429387
49.11146826267065
32.23672957153559
21.718120288242933
36.92173833049414
18.487092977100577
30.25827109418347
32.13327929073328
35.06976937050912
34.44054443633055
35.15474468546474
29.059934359681726
32.78872664955683
30.605173661799295
37.97246195619614
34.279630417219096
19.61752310517235
38.223764683447435
34.762368018052825
40.68885632904561
29.662334975013206
25.515002253966344
24.556950832670516
28.643799110712138
32.366362223318696
29.055317410352753
24.582641380188676
26.280795996904843
32.11032882235657
26.373299398848378
16.749330295202576
19.68551674796509
23.89332072053332
23.528528840145384
17.216138497444916
30.497084970022453
28.558268757348127
28.23885170121656
28.453246117046692
23.646681091254617
38.57715732133472
26.931854383760285
48.241759463073
24.061840687487457
23.968358699796493
19.454753893328583
33.86955977069286
31.772489450125075
25.971780014721602
28.658523414000463
22.761056000673634
22.323155867537185
28.55397734428269
22.92157192299453
26.35836432322346
16.260364965529334
17.960875363551846
14.645047781087703
21.13754365726357
30.809306626480282
28.03534706122016
25.480918212507785
18.529878612998264
21.549722524248775
22.801015941667767
17.325066332724706
32.75310996719324
23.248124798911444
28.66694031822575
31.986318293242416
20.807482239807445
22.968388876851517
19.825133380076704
27.533677210931284
24.459457466171212
24.810570652892274
19.058545691002568
36.84592753010378
24.180597079220533
25.030342003298824
33.05438100195877
27.148885297600884
25.916080784068036
19.880220229738896
15.147495923498344
23.66104489042871
30.495088481617177
25.857448396731186
21.13999658088275
27.51711094402883
26.14107403884347
22.245295968111996
16.40125849299264
21.578071900809714
23.03040848600928
20.570934015656224
31.414700827098983
26.64665375134617
29.94637181104316
20.234874477574557
16.820499339656024
21.38952209906485
26.00265619177534
27.804341561809505
17.465927330589064
35.107717743437824
22.68916409270143
28.897326520752774
26.951999139059946
27.85377269339872
21.95332432116064
33.583350948737895
21.310089936786543
22.268549703140597
26.23952799585622
23.859088336728345
18.176114046604884
16.240070097504024
46.18981736875236
20.63986125790273
23.415653796238562
29.892476017459828
21.273651020799043
18.94740002871736
30.714793163957772
30.379855800935374
26.918406923468787
24.67308642973928
23.33359418335233
29.013143968984874
21.157188120100802
28.821196681448864
23.832152920723377
23.23803389047177
26.44023873654201
37.1425838000796
14.775673606607793
20.36503255876668
24.66221925885888
24.019662258185466
23.59097503547045
25.26121267041452
21.124403834882564
17.68794007287298
27.791822612947144
22.349101665549277
29.21587199981514
24.435217846288186
27.239559957690947
30.72628952346898
25.992047627923686
24.837676902623983
14.849349597669073
26.901207894978253
24.341176270424825
22.675543105450938
21.981160109435418
21.90758583441315
23.041356806259024
33.09670678187952
26.51345092110414
21.494134465807743
22.26151455103543
20.63980789605806
24.65299113458313
29.457536226979524
15.580515767089768
29.197649166436037
23.349603905789905
18.503442299381017
20.9262560189874
19.560719409879397
22.81468302097297
27.203579152913566
17.833008138179622
27.4021081226004
29.989454432727968
22.737722057936217
17.115597230103123
20.957275014601347
38.05801588167394
23.686595211475904
34.2254072962382
30.2856480458853
28.20846255280307
18.36549938468517
21.13553577728001
36.94079580147728
33.389645111748365
20.247504222568107
31.597899924225064
24.3147341820962
22.501560176876033
31.304481840977278
27.358216073571068
25.3731086884983
28.459521120318314
28.868144253815302
18.519218175780974
21.794151884431272
35.58821996149524
30.753594465856505
19.868476634826752
21.711053070803462
24.035788149162997
19.06533046361831
16.14481305427003
18.977113891385354
23.68065729456858
19.214762981116852
30.806758194671286
19.33908131144397
21.200532214959516
23.037209876277124
34.17303792267317
16.8925516020912
22.76876526392696
35.6996550859071
23.875466634409452
23.98013344590485
24.678490943358884
24.230143128213804
16.756254311361737
23.732267372545685
20.568820347097628
30.755665075915744
27.255194297871384
24.983202189415962
21.651706724937405
21.390980020309026
26.110435551424573
34.016727506821084
38.85987383575991
19.06319650335945
20.151227570152074
18.471984565437754
27.95577552735168
23.924161357696665
28.20010886896025
21.371056091996294
35.234500296139764
15.934269221122166
22.69621065948761
43.76484993639338
15.116043393815772
26.617352234027752
22.349236559951105
19.122335729302765
21.20757795849702
33.49531646895203
31.11718078663325
26.751924613344013
20.60330367937817
22.996687500844953
28.259317988161403
18.100582944027014
23.52886936309386
32.64999104135951
29.286668308468528
33.08480069607541
25.075660349058943
24.806391904445896
31.627981283838235
25.596096184452026
14.0959236189369
21.197162670650428
25.740579910561944
18.080770628107096
16.773114834745954
30.62477101601346
18.530557129284915
24.50097673767272
23.961482622695968
23.8722095055274
17.33010846979686
21.102233580663697
26.048657115782504
32.182868980217805
34.591891892152084
14.042958863314183
25.02585725558187
21.255131693609567
28.799841131319443
25.237896595899706
32.50542240001434
29.980784969624253
24.155618529733452
20.243190495566935
19.80009631774382
24.90463490992981
20.562181152826582
15.60438742262234
14.989489136692056
30.666478965826116
27.63044416843522
21.71351569430742
24.94341472416521
18.981802900843174
27.176919897494344
28.104264519879845
16.03773718400295
22.889599386280835
25.887380990883262
37.3557199635729
33.06258213947642
24.178010207276188
31.97159871491663
23.28033122462144
23.43915679048452
30.6455298641511
21.001768955729787
27.836666065659827
30.679446080476637
27.810484097291795
20.385278581158566
16.245099862499153
28.809194593610236
20.162282988284016
38.488880787748336
22.786255734956455
18.439713813501367
30.94739324155995
17.6445949760553
24.064335309906486
16.921833566738854
18.590046796355594
20.88188187240099
22.09782408589706
13.216272888006367
18.630677215347564
28.721598054428398
38.047317990934275
39.201326730453744
18.554468493034566
29.830453296209974
19.630629316447877
30.122294724716212
30.183499773016507
23.216536891428024
18.080303370702445
36.43834467886909
13.349057158825422
17.652600466548787
24.08221850133042
15.686615038863605
27.3543632397693
30.042729050895943
34.67289485234006
25.030322634164133
23.65614909846736
15.737856440023293
27.7919250795599
21.451921632702682
17.001986508845025
18.836229272699576
26.714663768712217
17.718377688155964
33.433397563211656
15.764420044581904
14.951085762061714
29.385457245648027
38.27233461694463
15.059525856768511
27.441625068320914
26.543809691411706
22.451990017579256
28.845029145284183
28.885415848459218
33.458994609913674
13.176649569797739
19.365995150475012
16.660538143062183
21.261426239930582
25.358554520114374
20.341040746760225
31.60270417936944
26.93662606779955
22.857277262085756
23.682700458426076
25.237958913220247
33.46914674327616
25.87416685832935
30.411141523977797
23.579066045274562
19.33090666350113
18.052043264537456
29.629131749258768
20.58696876561584
39.09996606958914
21.91040745435588
35.30434359586877
26.311203088597512
16.26709483003835
16.71322845822386
28.63389288820859
18.1568401774966
20.450100255855354
30.855630528858523
13.274482120813538
23.94140362553823
27.127108390750536
23.900610784742863
24.40022269077189
24.433100017241102
39.44685791555765
16.90068255749779
15.617465129349881
17.474131127887237
29.28511463165247
23.428829232456494
37.01399889271921
26.79094319239324
25.531678284158808
22.878569401833488
31.076495118086545
15.928425657153
20.905756747203498
24.68812216582848
28.22367878148235
21.326430602487985
21.233117425040692
19.324238401435288
18.55403519444549
23.760281058188003
38.759904217738864
22.3550009117396
21.462385415167727
25.903506757305138
33.5177415807696
20.322782723777287
39.20320085601259
34.00734733223529
22.470313691018823
33.43527787674568
27.593312702300153
23.94481041779077
19.48249514707654
23.719504412888256
26.36337236033452
22.978907094483418
24.267240562322634
21.327376309227688
15.530222090891884
24.085819151303696
28.524100022439292
23.72718090304194
21.451407676947696
25.17280141803358
26.7424575121543
28.650013603629155
32.27089251024417
26.507967607273713
26.36349964827327
29.60078810217731
32.36710100916929
21.467076345401235
24.649940026466343
21.361615534233984
34.90524732857947
26.119952051564155
19.716285475933013
26.166406916580087
31.297082470759598
19.726903281839682
27.591118674698723
27.991358136324624
21.621437522159365
25.726241687563046
22.205669632097955
23.61516827566426
33.66478919334127
27.701939232239177
25.979565495711842
24.233204459236614
18.722026523195336
31.135542347890176
21.6161181529837
35.149736503080206
24.869830324686372
31.371732668590617
16.142872838524134
25.03161170596579
19.38671097934957
24.74940975441903
22.350084092548766
28.487740219598745
35.861189778495486
29.723001285390254
19.982301521617654
13.955600540019693
19.710815380573337
16.062697893140527
23.19978982979867
21.671352865026268
28.332748054917182
23.255292770160022
32.84971769714687
27.527915520452005
27.823439850863824
19.57001194645003
22.77053414697346
27.875327352303664
27.838616141943696
22.368413826183335
25.44249309696065
36.929765843606496
28.922122542534822
29.64700492183151
26.302130968362636
30.0791799400415
27.549715829918703
19.313650618328808
26.7275716828692
16.880432092498133
19.70234414696692
24.013104956452462
26.725147602028066
14.527776759410301
29.740084971790026
23.279333063474464
29.68766780959467
25.325801840545704
24.389785493173182
21.2428283247866
27.32281849218568
27.783330587502597
27.32358681049267
29.66046288867717
23.466134082501522
22.396648000237484
20.53122625804002
35.035569907584346
19.717843383616685
26.641816533489347
13.137802260312226
34.62776625678514
26.257816848827748
18.264482254307893
18.364742678956887
25.489434543201778
21.166157286348263
18.25879091550099
32.725018130246696
29.809467934722683
29.054899984495254
31.248389967327157
35.6770442922635
15.305161098848705
29.223208545667834
25.897259355386538
28.2369848995157
20.041740451279647
11.602423768739317
28.239812786553763
30.448414062750786
26.941567558046454
21.740805994842933
27.552902597429856
15.239523007491615
29.833021534766573
21.258346705428032
26.720074219625506
17.256696867090927
25.06625409745381
27.47783743356139
19.529841311168173
24.94636578950041
27.721759112602363
26.54291947333957
30.972411145334828
20.737121484910176
21.75197766737646
13.000012510004785
18.225807220370598
32.08494415560715
27.155302449688907
15.123411563943698
30.621418210023556
16.82341315222669
25.482257612632118
27.205939577999295
35.19927897730402
25.31313168799271
25.74479147556459
26.319526787095644
20.108950631747994
16.392371031516557
27.26946289326865
22.422489568568444
29.69826532534867
12.587029123047861
17.600172152969247
33.8766293106798
23.863425808358343
36.532660140699306
18.87764156817959
34.189619293427874
16.916768495917246
19.19192094241098
17.176972257996205
24.678691497726216
20.168546225923592
26.436513455981892
34.70260691170066
37.33889391285968
27.52996849334869
26.171506860914377
34.77011722905491
21.867033090113765
25.850368076712964
15.196892730731346
25.8483596676009
25.57680482201194
19.126213361163312
20.016946595871204
30.879688311955956
26.454612171976212
32.19222421419186
29.26463215706142
15.947877368264516
18.751619574725844
20.885405550474644
30.759085802285103
24.41998766815333
21.30740003749721
16.82371056182156
18.2780564007943
28.904635237793524
21.45068751063301
22.43379410863274
20.58664905240971
26.617579014490595
31.53129595310295
32.024770504873146
23.07533950086213
16.964044326274653
32.932105306177576
27.587464068522888
19.059174744292598
26.385914306361475
16.66410966720642
27.382168763980115
34.85035690654485
19.914237327159253
23.98235366050619
19.040632719188775
19.178211616995977
25.304251100095748
18.459127689070577
23.1988178001684
24.735491927630676
26.48430212549012
21.750584535043547
26.995828990967212
13.783097376242088
18.92362804929922
26.095119639827306
25.61916594897231
34.456197853332036
15.399268315716858
32.95264274258125
26.914570082624046
36.83590766319111
27.40774274029201
28.693402713180955
20.53823255519278
20.619869385028995
20.065783244783855
26.414493011753443
26.49103690514328
24.18111230762216
27.597044804122543
19.349928307970437
24.630984048928884
21.589359287655473
31.716195966873673
21.012569750571856
13.811567579949019
38.441530498890856
24.806769413646066
26.866274608053054
29.044895891488913
22.544312165120914
26.79915658822516
23.428647337434846
23.706958600531024
22.16536921886946
26.90575936451647
20.88595859208353
26.79335352212361
16.806599350291393
18.69980644918015
22.883758437023033
31.08614384674962
20.297104001690712
19.90732076230084
19.53593425564555
18.337889470700507
31.13417667657481
26.7169277080748
16.815635134306305
29.5348955952476
18.539738424847958
42.160548388098604
31.61239681056673
17.497771196674982
27.92807639767049
34.64359430377829
27.420820526017692
24.323378276354813
43.683019170796
19.47262660543695
29.871504312220015
22.62546283533618
30.723868279210283
26.725521098397227
26.296768811702865
20.685822984060955
26.48775997961047
22.354290146314906
25.22566680064806
15.678807630373537
32.79127074636527
29.030826370867153
28.392885252025973
23.101356760246784
26.67374603147985
21.957962068550195
23.499199775186423
27.344008403758508
18.47779901866748
27.926022186580834
30.930032981285372
21.96717183974908
27.000851096367974
21.12201951021038
18.182657873674238
33.9774563179932
27.80464508969123
21.924661605044435
22.062271230945413
22.55382090590608
27.033518481104586
25.628663748670938
30.000162307145278
25.146586269216392
22.139619084002835
20.03763424501519
28.39855240145446
17.93099690991713
24.661566585765875
26.23808166729105
15.331551461253653
30.58950675025722
21.59409610159575
17.272969631211964
19.422182195576386
22.234622208053295
25.516903351331127
28.528198621472516
15.422334097502521
20.10003331118004
24.38630450502983
22.26209967449426
33.01475905024574
32.36532757778692
24.985475036755396
27.00620518679247
25.418950327711222
35.842715974459026
19.531156090907157
27.952490100446692
23.73015409465856
26.118349056671992
15.518493128373215
31.88199833598101
27.629201566172977
20.056528483188135
16.413712730081894
20.1399382051627
22.738806526459552
34.414521586749764
27.836528061911007
25.372059972119843
17.54887260774581
19.983795102390538
33.79463274488499
23.430303485220406
21.127978646846497
24.140641585088165
14.128505306405007
26.158272813558682
22.40624771964549
26.826649268791332
17.323549065848376
29.09754561390981
21.64654598451985
28.54188141545212
27.431798295255376
27.722657264822274
21.31022770634104
26.907488606902806
27.925103292398102
28.262145483037067
42.20317333818282
33.836703829354335
36.74202374655113
30.466254484711037
21.326417244094014
22.28725749206424
24.163792992836385
27.293797289457267
21.574210237066254
25.628603206747293
21.541408193425006
29.630304746665324
15.62164434973463
25.340758589645578
20.465365590292066
34.26982530089606
34.24545116309447
20.022979450464167
34.34209920764181
20.215354209827247
17.47913987340606
19.816147283560564
25.48904894636554
26.299113231430926
20.223890886267718
27.077383177867148
24.567322511045685
28.164924433475804
22.18234987335931
18.674232180557578
21.95248652208687
33.28290720331963
21.493017785024435
34.668688224656684
17.300989456696467
23.235028991125674
28.00304159290881
22.033980168979404
36.90650243771532
22.37213856576587
27.750294844599527
25.502875420049648
21.96071237476201
31.248491857902216
28.169176719380896
20.34735518640796
21.76912258576867
23.885632261350377
28.70204893377961
24.249545392051278
31.098617840916663
21.980101541436802
21.558577703021207
39.96590921563063
22.64225960642094
20.157799509120096
32.01083947747588
25.281671089206974
28.243517262145996
18.01259362753542
24.09935306455096
30.87956750394284
20.06125162102657
24.173483371702883
22.50087882491398
27.05562932765891
33.088508244500865
16.76923919935198
22.912640203654966
20.97518902557558
27.82986136065532
25.582714447078036
36.223136595755385
29.21018057085633
20.077382587144495
22.26254855983752
19.266065609990132
23.879406375267305
13.557543823209734
23.325709173845617
24.102298024403677
29.936500860947678
25.89566238720522
23.45581253640778
29.70046184257932
25.287633672352378
28.16453938439669
14.891918378304098
29.115990536536096
27.539819818648446
21.40283576389801
20.077696496885057
22.393012517310087
21.219566828378582
21.90566024835605
31.97212398036462
26.892723605786617
26.111732482817317
25.54541524167579
33.127878531862414
21.40025414914014
22.374451853825626
24.158284641535708
28.717001430532896
21.87483860823762
16.683536703677138
28.678167107369525
25.521722517918384
18.342009391374646
21.59729989750457
28.702155429528574
32.51859485963094
13.820843402224
25.518540836088306
12.114656888128811
25.69493954615623
13.28636644825634
24.342248311579336
18.930943241866512
35.887322010678176
15.84026074196531
25.246046507714453
20.031992828640913
22.551148361521662
21.24687170525657
35.52244223077496
24.161179966033355
21.431810537245873
32.937625895595204
30.53732515407923
18.565421220912782
19.146312776597103
21.02716652977809
24.58705091443146
30.48613750563215
24.43622997623345
29.359593525021893
36.30961426809101
25.510489107866434
30.975180539700016
30.481302778372193
17.7798479012675
13.787466581881272
27.537277498842457
24.68574637390141
31.525258906760143
23.2998655351357
26.880867361161997
19.89762173633803
19.929218081901837
10.539457465621053
18.572739271214214
25.363102938345456
19.871138709181377
26.685524181651584
29.900365261512057
35.739867268124385
22.07365404133911
30.957185034037217
31.180149736387154
24.08776876857786
26.487167767905095
20.00079186369628
21.08742850930775
32.909339900064204
12.290708803370453
31.597524104732223
21.040606830826537
18.780814761424143
36.46174929514723
16.99605810393058
13.678702107998793
17.53932574334884
15.92968691683433
26.67029332921888
34.82120040226428
29.658432019407343
16.859374080878943
22.196817084058726
22.8941220045704
33.18821755251153
21.193273038140056
18.726212350672668
24.92743674993962
19.283585023827683
23.751710904280447
30.155381941043963
27.27762107523063
24.60768196562027
35.00017318526743
19.618800212442874
17.437865071049714
20.535512833516655
26.255491941590986
27.62262324108428
16.708510140599646
23.74613040679286
32.67820778946563
24.134639706960982
26.849280943209802
34.22423630971381
25.273312351653477
29.926117354855453
30.740902173143414
34.62909150025887
16.450809313575583
28.305010060962932
25.0037630882737
27.97761077896598
24.50360012047654
27.19879400413908
19.52259909068633
23.27539836374423
25.437663082850005
26.470127414123073
29.804286395115504
17.02004556778598
19.090579551474022
26.781504429116954
19.169352397636743
20.559705618251208
26.145323494507778
21.32857412517903
32.11462769897495
27.162842048089818
30.36769921100983
22.746970662929492
29.003763213985266
30.103611039556462
19.023026372539235
28.264166894714798
21.934971429319084
17.97625741398083
24.981877896879322
17.504385525483286
23.491018347617292
25.585664458272944
25.562598561418447
30.997285526853783
27.55042469084198
30.496794906784913
23.81506149781606
27.22524526882656
24.082285859150325
25.69118257560035
26.663580357207046
20.857316060221745
28.962423452208398
34.40811503633397
15.622112510640324
22.36744722663285
25.505731351922034
19.607084735200818
16.908777644443205
22.804449727865443
18.179786854768906
5.352374913434799
22.191307795330268
22.28639784804259
20.130742465832768
24.307402646622585
24.121262275772086
33.23146264979132
13.102997873190104
20.95002188809281
26.38755832480219
19.737464025122815
21.776604571707686
29.528424741891474
23.27508341434574
30.247758452727876
34.66344469099929
37.36653121680682
23.05347866460599
30.105306871010967
19.55012762585204
24.07701364547819
20.363126624276347
25.252024412679948
22.146828429637257
20.843775240494004
21.00024496839007
23.923265809567187
24.238894978527924
24.054296656667667
14.9514630633155
29.350241515303306
26.59048905948319
24.557121587302255
24.406150030251194
33.3154649477297
16.08134312908907
22.665889858238238
25.606380009179485
16.01123486126369
25.528723367323526
24.508310768153418
25.0152114950665
33.491213743286565
13.731283501645516
20.160357307927107
29.056396182931827
20.1339127500784
20.266167825848814
27.885880175042978
24.86458801342671
20.66547327720489
37.07212305377446
26.82259020636273
27.260586937440838
27.83345776565203
14.551099338337362
20.59085228898101
24.549048987850092
26.76948567100258
27.188145570878707
18.763174587376426
27.73871923724863
19.232644840348794
26.334631603981983
28.723867451572122
22.88666427058018
22.160006906562614
34.55148884409812
21.808407763190978
27.65654612981446
25.479427177374735
29.245807682827596
30.20188692162166
31.34872542655238
28.154243484338455
29.663127547763306
20.52782162878077
25.821447075831692
30.063534083477922
27.40419398199514
32.818310218102
24.836615990198826
30.048521077650815
43.69313680661532
22.20629964515583
31.64894387206672
21.301711525825436
30.690631833334294
33.65637316841857
19.12351532149427
26.226924227213306
41.766816588631656
19.24406874407147
20.033132725333612
27.542436254964876
22.26598098557318
20.357518397970484
23.45610487608234
17.28501340678872
31.08781686459397
28.594553684030792
20.321354526165315
33.59205788295596
31.968088808777605
25.448031665121434
26.425521321325824
28.99511494811354
27.73859321102568
11.701555196944692
31.090124708094162
24.9879663096431
27.01868377392676
24.339553698473363
20.03408479726523
23.273718100484466
25.561161845982404
23.730602991487313
31.840986004348242
29.463160469380995
17.999680786262562
25.558510563206553
26.230931437853823
26.97662129050603
39.50820912022022
16.86487952202299
14.45195071485737
13.594658484499067
13.084415986805439
18.97447793364126
32.71832337994344
25.723604265747202
27.42080718763954
30.25572135908533
24.1779092995731
31.580222559889865
22.427207902421536
33.59441661287596
15.247922934810978
30.960109283737786
22.0652472575445
21.99285748754031
19.56314410182522
20.691238623616286
19.925924537874813
37.46451531285889
26.40193629277804
22.14458378427372
23.380274033167932
28.24236830811495
16.533411690386284
34.26092245925069
23.90395586938418
29.99698943310213
16.21874168277478
22.20126022543065
12.7478771991882
34.485632637814625
24.395679184225102
26.517196065258545
24.620759171781252
21.338374185664705
15.256076800119956
33.513615621595044
26.26739672126761
23.04599117497001
35.196372632331
22.447660614274053
32.30901319615164
25.59860982457391
19.97904810249931
12.13836693154147
28.98466855962868
32.71071520402121
19.373096791293793
20.809225585894513
29.73335970443657
19.453616849521733
31.299303287845863
24.27769894490898
21.355838404389253
23.335616687270104
20.678136214881814
23.02298374873751
16.93202133773774
30.045705108407095
31.139217800782994
31.780317812170562
23.422771236114905
16.704327906219653
25.929608042204567
16.617270871589547
23.447657534253043
22.79353136134749
24.98440189814827
21.73633248682237
21.86640594454911
31.50497440082441
37.40021052508592
29.53798787497982
16.208822209477002
26.401639090664453
19.7632647874754
19.51037413048823
21.218288782773147
20.36265498196413
29.940188322607852
26.97577564942644
47.34527794919531
29.218369247239917
27.57734333158196
25.23833652319612
27.82804359850629
21.46471910478499
26.760498752241514
36.22791059063546
20.450322316168972
23.570930175422195
21.23244897152792
18.167034752442525
21.909417930227537
28.411346467766485
24.860739159890713
20.696036272401013
34.58984602071941
21.557430459721967
24.943612390241576
33.29837562490795
18.532081933681166
21.632459577462292
32.25688912550663
21.16568637082382
14.07926231694072
20.357477609288583
28.988754887245978
27.811890783761463
12.903977160302649
26.334522781049056
27.933367312345688
22.374786310564474
21.455090786574914
31.27570269376679
17.025455145173577
15.058654233698219
27.78861316190599
18.779400919426752
31.446958562564138
38.851477405905975
24.82615623022802
23.858053512620828
16.374480933239546
27.276083291288337
30.791792747234787
30.292799424167526
29.466328762603272
26.871434306392082
30.850734686032467
16.483682970089713
28.084192646449118
13.203607016989228
15.23827035821185
29.38092295025461
12.6375480229666
21.958330713688994
25.848892652194777
17.557589478341868
15.989213007547104
18.513460170734295
20.825600394530376
25.975333808391664
18.049973162923745
23.524616915381547
33.82447469934198
29.38693738332299
24.287186966544372
18.757909230930018
30.35736102960549
16.10615057860987
24.035255685969908
25.790619252893528
18.63917676017491
17.24916751653389
18.840211128694257
44.72467631102006
35.730906422899494
16.253489404165514
22.264611811529065
29.457043958080043
17.858032149850185
32.222041676101675
23.136295071488437
25.59787034815119
19.4711861902794
25.758477111083263
21.676861496875684
23.628375412281837
31.724020727479218
19.108963780753783
39.52157356232245
16.62785207942053
31.01102468311395
32.97085003937824
23.825343641544368
34.892029092377626
30.177751169401322
29.789184857234304
31.843901006156372
37.90304944925922
24.407996021757352
32.76957912171443
29.24210829504872
21.846170399073543
22.070854593381174
18.749565324278922
25.694737920650663
15.38245252896075
21.554235665975195
16.30335259946457
28.295523322940447
25.760061297645855
16.35562530811011
20.643577242932874
26.386318611660208
26.565799050608813
27.382004542270614
26.06723201442692
23.048240340195257
28.122043595586437
27.061190688949072
30.961552087525064
29.434856662619257
22.053970247025674
20.682500751958223
26.834118783840466
25.888123394821893
36.89005250895166
31.637887777331557
16.14617330088615
16.441655957582903
19.395577983992972
41.54636141635138
23.941580394410533
32.91598433863837
21.084264917959956
15.459262107777572
23.71605293316604
26.919522702465592
24.614662834912075
26.911908869721753
23.22282161605247
26.79873304377231
20.38812978574046
19.90224567355564
17.365225333955067
24.241625974429766
34.042181744865104
22.212134869543046
18.46810352112927
26.463759808541493
25.35832882611434
20.8303674572322
21.946398949973833
23.059262544352023
28.780591242449987
48.39543937937477
19.55325869942271
13.290524682593311
24.732739859240187
17.94908034780428
22.040743319676036
25.17508424916607
27.810073603797797
22.12587162948993
29.575379984446737
25.302937816808065
35.26286156420417
20.93397897812997
31.28091956444696
27.3273306670981
35.187424368419244
18.75520125993358
27.483250009535805
27.367663682489002
30.937145008447857
34.294012192184816
17.39525082827668
35.38973370813113
20.20452794574102
24.716315818521938
31.525766969079466
19.031671963409845
26.79507797868016
31.22442770245758
32.49557976774774
17.97862904218342
20.524078572107214
22.382259202732328
34.63345590372534
19.693713316752426
24.942419858463914
31.472218581428514
24.0513766837989
29.429436843116836
23.753694422757214
27.54784050052182
20.844288189391694
24.048702227388517
20.965581329953505
17.206199433034552
27.858206629158826
23.454099436324608
31.357707895945897
33.88841308963767
20.7763923655922
17.19624189749056
24.79276221995747
20.905536044983737
37.859548089551126
15.356007635996866
25.06048169071338
25.419295651998436
23.82896478114958
29.65633330841438
19.775726882879923
22.673747330461822
24.326336263098813
26.162877981673656
26.057876856967134
24.615845012911485
32.33037990278274
23.32488793837495
40.64831163621538
17.57398165880175
17.682651808214214
35.965257624879605
15.05580729085047
18.55830751570009
19.382562596407578
21.499714989747474
25.360755141629802
19.512690916224134
21.25944522118271
25.201830838731563
22.041945008421838
17.147224756546215
35.087162777889695
26.892047307897048
23.617279709012738
23.805884642308904
32.21787823802554
21.443980494377033
28.516441828099126
27.331837296140343
27.17642418220437
27.715873422907872
28.983593522715488
15.448715694601578
22.33536143729392
35.93864786677543
14.046039954112647
27.593079974155987
32.84920659426655
19.935390622344016
22.907189844216685
16.736382227891358
30.637289382278183
21.455279489366752
22.982172398526547
26.233994523555705
25.619362055913868
28.76299116547297
12.44192829942988
28.46753714394333
18.7554276239887
31.470297266689588
27.20189568936912
18.010791718033463
31.937762105393396
21.44796030554313
36.05258872267101
17.518914025003212
25.274972505211146
14.946037169293444
23.71214823478443
18.38919311416344
31.01115338275725
17.918077331965982
27.295276855882054
13.080125070421172
23.354517318946378
22.695400789130368
35.20641388868745
27.046330141969214
20.11711739717475
20.285761328840383
26.549618985509472
17.134987552119878
21.618063277717262
29.209660755405114
29.19853238655336
20.784862632671118
21.666064176085033
16.0599858993905
31.033014181588964
27.80554705240434
23.857761718210888
21.939884942666005
19.27893239098639
17.86565516927632
17.943749248570768
38.091722262310306
20.263759872163746
23.427789435680697
21.077410137413075
28.151154708430443
27.126951089876183
33.236883078398556
22.838432023037242
26.1824957393035
21.242571941912615
35.60905281121643
29.951137589215275
19.25250475825766
17.41803355972423
18.870486859697124
22.22831878215554
22.773490188353676
31.735766965674863
16.735829986894
24.048115088212302
28.637197050243792
24.616734762234685
18.911221644519784
18.777252364036613
27.865985642849004
23.437912657241437
28.387051452557966
27.712655073023335
19.831946474551238
29.619113800735185
22.83681609235378
20.81988563177705
36.113415560950926
26.864165188480122
24.797674229463052
25.20786231324987
26.96073995445336
20.554628752954883
36.09439710376139
13.37921312966108
26.31922227308545
24.660417848856422
22.237411413243972
25.055812705677788
20.651046626377838
29.248757933033193
20.512567917890394
16.490590085092155
22.709564339701185
27.251971024573756
20.572697683932457
13.198815397465433
30.37969625784897
23.43962218824543
24.793198928526042
10.257687007851796
