100.37231692509343
59.73021918754614
74.5527350252532
43.64824950471162
38.01253689870973
46.941133164525006
30.22318846324582
38.76765706573344
21.510422808266625
37.357635199248065
18.543999653277048
26.412468675769112
26.88673474153517
23.951146707993516
20.250190304645933
27.83205788665008
28.485406057274066
20.90911164577127
21.834174822317614
29.884535694812918
28.33172964101825
30.37935082984713
31.942865213049238
21.656887319716184
33.740647623516594
25.10646169123157
24.273963537624414
36.765040949701195
30.014959040798555
22.427264815049867
27.080679015962524
24.48447068893165
40.9166334438573
17.19361806115832
29.11512024912886
19.89248218925476
23.764351346562435
27.060853198248186
29.511744507667608
27.981621173748984
17.19127263359776
20.604644749505542
20.67790566130793
36.869512260375785
21.835682840853877
20.14820458408843
30.590478174502245
35.86002347210697
34.45088679053735
23.530194635764364
34.153013385360325
26.248787376320017
18.193302562011553
18.974803516470825
21.921742487346656
34.808938338880594
20.81155798048934
31.491498278519302
23.19450692212059
26.032409003719398
35.932849392406915
29.124199078015856
21.575058085075423
17.84576998503211
24.138911021141602
31.173177652903345
21.087466448193805
30.370971331124007
29.763194250373132
25.679287442902982
21.887529449132366
26.13621221233079
41.07114577735022
23.761926764915327
24.176057866174013
28.415646131164625
34.62116769912363
21.07168402660224
26.78374346248239
21.078429541347873
31.052466574163486
40.70483646023628
18.20324960023544
29.094411373935603
27.93232690493625
38.521065586283065
26.769550909147988
23.54021693107385
29.50994764932333
28.65855141528757
24.599084851637876
31.60093484858181
19.185111079688777
15.841616384725887
27.860637306386867
24.097254053782724
31.810049026711383
31.50340070934277
43.74928326189978
33.808802361642556
32.88211711677385
17.337384655790633
32.82225082758308
22.272146394691024
32.59913690910153
24.210792765186042
27.312199240830903
20.168250606204886
27.143875830501063
26.57919641795985
19.85397774185508
32.083758080326966
25.340727875787213
18.240222346702897
26.823512544883606
28.935897347825524
31.637879450118877
29.187569365036143
23.184638492049135
14.05227721075632
19.221831739333272
28.738151858216625
18.77154545023617
30.38859353543498
17.355720346681768
31.10440680446875
23.699522414267225
21.055724922018708
26.529099329811505
28.346284819147737
29.8523089414201
19.65097325152612
18.7052715256317
26.872555972505292
34.10686480863918
26.911897308812293
32.789514290625924
26.47558275958794
21.607804487477427
35.991891381712456
25.736911308517435
20.767839915252317
40.50843885334584
21.85533907708726
27.804039832665804
40.484750725069006
27.764119509087728
24.454713406783142
29.32129494318615
28.660029372773817
20.12303011903231
15.32665699698741
19.562106684879126
19.928529939649394
21.921226236099333
36.817896202278355
20.887618261000558
29.378171404161655
17.101558077927507
39.12199250603817
21.464155191950656
24.2440934437708
22.379341476703686
25.11848392695235
34.268619669728544
22.992434314518867
26.540168967118284
29.2533397268123
29.44867257377416
20.45511366229856
33.22627797427716
27.013338910413836
33.94824275234852
25.652552652003486
36.75797685002134
36.387515582735695
21.892009049285573
19.58825243225162
26.000984754536056
32.2412434781922
21.156688579157343
29.830590079054165
21.04739706598934
23.66159035581209
38.3111994774545
18.577021592406794
28.22046152296675
22.692423516045622
24.706322096093004
28.63434454050437
21.21352865107515
23.650433987955676
29.106660742182672
21.236007203426162
25.193319091272276
23.652147616246072
36.92929946588278
24.147098506184648
33.25886719061651
14.898647716447815
16.391254474478274
26.02045978116982
33.90855558524187
29.287004995415284
29.07929612058452
24.441434537103365
36.11900770604818
20.414797821463534
30.66742441700978
36.387091059277374
25.184680427194156
32.35347492052853
27.04907870479831
26.14226315113785
23.899380065249176
37.15349438850631
13.371538382987467
40.52381015007016
23.78911205793314
20.690719128494113
16.788522376558877
28.959445852111088
22.45833240193183
35.07945040093916
14.192163060089857
17.3816457194429
22.013953246010228
32.64001890780913
24.841922233040073
25.25889789988454
28.00234210700763
17.139810352477237
20.935264740993503
31.848486104833363
24.78011389725469
26.433234777825636
23.984909127646723
24.556642603763937
30.535480538584757
16.600653623876163
31.42761801668648
24.626628147801185
16.374569687051146
19.09866691713752
28.078398209097895
27.648742719096948
26.06981071343133
13.79360842575971
40.99713828617295
16.840940587094906
21.152439749304328
35.54829624604932
29.965349216006615
25.409069136040873
24.056531912859608
40.961080063586444
28.39611508092056
29.139344603071105
25.172686370262344
28.120000986441205
32.46199148934301
33.010638178083006
22.878862495980172
33.98589099327815
16.119480791922275
32.28857185069173
20.162533608503264
41.73513717524637
28.177545798705783
24.20625980868128
26.490387720027186
32.219731192023126
35.704579672511535
19.99986110116874
23.00391630123908
25.48791053796837
28.278050494367886
31.37636436209812
30.839709875250232
22.28902607385543
18.36133959802087
33.711336584254475
22.435553189881745
21.79731400737496
21.962971980885957
18.618830092586293
21.982395562645408
21.648645538199528
26.31618676504937
43.9828758524797
33.08215060643098
29.98495511472517
20.16635735371795
24.06191151464142
21.51982352255502
21.158605383226693
25.311759389454807
19.820758866508744
29.062694250031722
38.09865815630199
18.50241391143866
15.967797626288277
24.186008485963104
16.572762136013967
25.264795471565005
32.79898172947853
38.46299882098174
22.27757295680359
26.93105832670299
31.645798398370168
19.695326944269752
38.89069701280023
36.45926375332979
28.22505975137975
38.03437079152568
25.83744105167851
29.402686785248637
27.092074425428848
22.400329163384274
25.770865353851086
29.554742068521268
32.18372839620931
30.427974259424985
21.614232314800294
35.46652855506387
24.871603010352704
38.4026330501094
33.49544888674225
16.849925413690215
13.24770458683423
31.098344613956176
14.492715769417904
24.550801122693347
25.8760954451641
32.39728194089913
20.737751189290133
31.822409171225104
32.182009361905216
17.2276893119243
28.82731010098763
34.883485278507045
31.978726533972395
42.776128706683174
23.794283599696797
22.068545592436543
29.63780440022459
33.39285765720906
20.010166574288135
39.59682179800047
26.22704794031315
23.693284610210057
39.54173925027419
17.853097236481368
26.483637978290226
25.15963721101698
25.047261935501474
37.77631296165005
32.573666097185466
32.67006572135981
19.660720358017176
31.952322310543668
26.95427394970257
27.874283567624364
21.85464967297175
21.202447996573266
24.42395241340939
27.198262590374185
36.65936100311546
29.022168146535133
31.34340603999292
34.804861926758626
22.838824403835904
25.897526020937327
32.83544758044014
37.60444220854498
30.76969935271133
24.73046573879066
31.986116439543743
20.342675448818976
17.020686646517287
27.524896929967717
24.56236519465424
17.02782659170256
34.1199034611716
22.726776269962524
27.716083401436194
37.439579400391125
21.307406986725237
18.376824175344318
24.78060867575351
24.98858180868771
21.044347424941627
40.5166250825103
25.899209251793437
23.50102951564772
22.139309303174535
24.482946413890634
30.417150188685287
26.920794838651478
18.857946278144723
21.580423796059396
35.502166284028064
23.550912839759693
23.461694555404698
31.053117398493434
21.41580391575041
23.88055541718942
22.611570063610074
26.570869063092385
27.29806299823285
41.696486131649365
22.347087658070322
16.054656487729265
30.43826574450031
26.383446429294306
32.041259754626545
23.57869936250941
22.965721241227385
28.046617894539338
20.156012274069088
35.34834353577369
17.05977226954604
37.56534795100254
21.339620369814337
17.75738224530426
25.10487463717284
41.257008882736855
37.34526342674877
22.770468415727912
20.130901477151824
26.18296088926831
27.807596034851468
23.188443950805933
25.755275920606746
13.385050239048082
24.822698551962624
29.82311401394881
34.69086808860667
22.542879194836942
23.117699672324978
17.58685763747688
25.08126905152075
26.905320125338005
27.82313940664961
28.378188427775598
24.63411120160707
18.86824041975544
24.70366803743843
17.939469138475587
22.86158083275693
25.83581612234881
27.928314785237053
20.42016734533284
23.85659623052431
25.50286620876458
27.626993581360757
17.88425950766738
27.263882877748884
29.53322764503849
40.973783490499585
19.119470716643413
24.197993536284198
34.000589662541
28.91387963362005
30.48657464559766
23.304603799773155
31.05447150112527
22.501229814202496
19.509445083535358
20.83007138030239
23.95381457897675
26.864040387681932
15.827050528969346
41.84186448932611
39.108822205313714
31.57201195562433
21.67638212119484
20.738748511782934
41.3485205371963
31.14010305819156
31.647305769834677
23.19178232027534
20.909856085339577
34.5311354474758
28.49752444843435
22.137261644094288
21.350664399038838
23.772150897988965
23.93939211147159
19.32239994957559
24.055964184458123
22.74025680040821
22.372722280364258
30.695035177545694
28.844391610797526
22.63164844655722
18.687165688414566
31.028852591237875
15.3017299495304
21.280799120429243
28.306256052936067
18.56545012786576
17.65851633367941
27.289086648642314
35.8768906870574
20.067737204365645
34.374076480605964
16.65909863691009
32.33996218022954
25.260731049429342
22.609389020076083
24.58362943587853
29.55761823808727
23.74772745207553
25.884209156811366
31.142714322302346
22.068661763633823
22.24824010001796
25.567452529260805
28.056330314091237
24.974853196209384
22.646194968366213
20.37633626474924
23.903591369042108
23.626066355962983
21.789685615439858
28.932456852399906
17.03592814635012
25.81317533822253
19.725612670444086
26.637810996944676
29.027161840484833
22.460593873748905
24.553077878388475
23.463878908045956
26.07155528654026
24.846680202565054
23.65158637169678
26.555724010305447
20.9049589324051
38.98752311955856
24.510387298161955
27.185972953475794
21.006501022431628
34.88426302632887
25.07405619755234
23.162409276692767
39.3213048531391
20.59736740007482
22.843913012033283
37.013841478334015
45.78800583396704
19.683706720741128
26.227565450716927
34.28736161068876
31.609922451523648
20.062088007553
23.2941687431896
34.04191145307802
27.981965066610577
36.75669223499063
26.940751519701234
35.263614513974424
69.63319974327997
20.532821124493942
28.024840645651384
30.396395550820994
22.55456577838193
25.92817177868925
32.6026259447455
31.57679644989483
18.24930079344385
23.642503369302286
15.895528141180474
36.09806581590854
31.81235189172138
24.202718343369597
24.7974146348932
18.098940492322726
25.24250349925522
35.264729014152316
29.37663530808092
25.20517264557257
26.88855421198668
26.024832432945367
26.63109349418784
23.778114051168778
24.635005744806733
27.33435369356365
20.676661027714225
22.710442189053555
34.68608040025109
22.30912398557083
26.864685429125768
23.411687684395886
33.86088837332093
28.071611051308775
26.773968454590214
21.593871725236085
24.848777389584253
17.644471770461408
29.362492704250432
19.937834108321336
32.85226078384333
38.46871881390092
31.44559325520742
22.209452501904437
22.969113169350184
32.94883621762371
28.309968510439592
28.985278629648448
34.474554725851476
38.07622432002912
21.755337188203903
26.30678223446918
32.95060845680416
34.329595933917595
19.576974784409998
22.58268289377454
27.50101115289718
27.0840314227113
39.2962111183672
17.29537147866832
36.64051818837745
41.35733965168481
23.042015344458253
25.937086812773398
23.33649134471982
35.268892637398494
32.052159441657814
26.307834497469134
35.17049289267998
23.447457173097295
23.647342761440513
21.308562126882634
21.408419640853214
19.17619255381939
20.029954131324942
33.16689129044917
21.740169574586524
17.674124271841734
28.156718501391058
24.73935798312655
23.94718711417761
28.46516196794716
29.26062553196977
28.767080468047574
31.64661013207332
25.793950308896875
23.57299076944359
20.275299165451937
22.25150642740697
28.60391519236476
24.123051809914887
36.1281170240234
20.058488064830048
30.393266934387707
19.64972942568498
26.371993197886873
23.876242604451622
27.725495105300507
23.677237959596052
29.71649926303646
26.164982588513837
20.266915042661
23.48088238448766
27.13168176134031
26.050568618088025
31.87077488589968
27.271673531237422
25.832759211575016
45.59230603420054
24.240728102144935
18.889450031384094
19.43632787392689
26.657812120532554
20.58957713805731
26.624035929964123
16.929024628521592
29.828117178519097
34.970974167210635
22.297330236671645
31.037096067166082
26.085773246586808
15.476688433801497
27.5294657657571
32.77722215083637
30.652189980956408
35.34213807177187
27.773839576309555
31.648257321828517
35.5477940226333
21.213963744891775
31.087571630340637
18.877022753784935
35.40837737799827
19.494959280906052
21.147706146163532
30.24216947574124
25.66473152250857
28.895611128158098
38.77973910802229
27.256536244159335
42.32083515092194
24.064619356019982
34.003598709074
20.540026317220164
27.465700316120696
19.934051461677303
24.156680288412037
20.174806060855556
27.736504427597648
27.210260164723145
17.355896791115253
28.86590781587119
20.72897523445296
20.368556824861432
31.166977561398447
22.19473126050385
42.17617635239389
16.604425130669735
22.6837391032217
23.505269974123085
26.145474564818084
24.13266307639146
31.85604550538688
29.70839921565093
25.22994826309526
30.47724445308705
20.8134531710636
27.16341124664656
27.20191254539403
29.02587688601258
27.8997325762622
24.613308095762285
26.047075609259796
18.030148529787652
26.61560061008505
26.244255856705895
27.397551004189953
28.607241731179645
39.12200670100161
22.849081922198806
27.584719768597232
25.973725134837938
24.26594705166738
24.080687804537014
24.701037049854612
24.016726915440366
23.30374130558777
25.26479638830868
34.97857555397742
22.283700651427818
37.659513471012644
32.96326297872349
20.820487582601185
35.62580209169274
26.890397893140094
48.714799980567456
35.16820701697085
29.224794347117683
28.588792507593908
25.662815964581743
22.789861728634605
25.35826165793641
20.29722602076988
25.06712119066139
48.23738558136734
24.307234635726733
21.949723842183843
23.380624616896718
23.225293392598665
30.196685992489876
15.992351075689745
18.208434820969586
17.326428547017926
23.870210778771515
26.55809835496151
24.914641287206067
22.58613102627945
26.89232608464625
22.058017466642895
25.5388482102806
17.53870558691081
24.80495730754312
21.760315885579455
23.15037863246526
36.08636072292771
19.982867092740516
21.923863363373332
21.63348881156944
31.791251126787913
20.762033280124538
20.56022643141076
27.357617000486023
17.194902920011767
32.504505398214015
24.221790842661772
21.312296938425543
21.745989408994884
25.978592718929715
29.550910119401674
27.01912169481455
23.935532240596206
25.189932219482014
39.54700998906351
29.656434579089147
23.03970974524409
22.9500142208505
25.787802104858898
25.039754089924486
33.550944854212325
31.64180942548802
33.550256858291746
22.8578912543307
22.357918391755273
24.549868867140646
23.96171583886938
29.45014453909971
19.90130490767737
17.4754523707475
29.402332388816372
20.49206102737954
38.88923979988604
21.824988284190198
37.931317741793166
35.10667748870312
22.13199578473104
21.87594261247192
27.915716869900347
33.842834088538204
29.52382147264257
21.780649773460066
15.978261471013186
28.096883384120137
18.217320659100267
31.86601462230699
30.47320112694592
34.04041496218181
37.779888662200996
15.025374377058986
28.513305809137492
24.881917968420485
24.57472565547447
23.417899379568386
11.815180195524963
17.10490286686511
29.376001813297513
20.614372391285297
21.03688677686786
29.56532833742785
26.653718574624065
31.523389466011025
36.49105646854353
12.179964167086595
44.084226401482
29.413902163675175
24.978993573332172
29.163273971451424
22.065584116118377
23.177868625202432
23.4024847278293
25.57822416049072
21.63799850004236
33.31664886522886
23.337450022686014
17.317330408104638
28.25378519648632
31.786026441142255
17.741039136700167
27.59511673767464
22.44306025073127
20.397606751363902
24.656077308386767
24.25019441753875
31.860708905250867
26.00762146494994
38.86901489388239
29.792077910504183
28.4657105700506
26.737442299305247
18.162329378334576
27.81266003167417
27.998789083170617
26.662204458761863
22.25866727584642
30.550032662958177
30.23734400894754
21.662799441419388
26.15135873219181
27.86181712728024
26.974146543560952
31.531946813697086
22.639632341031213
32.763321902043344
27.81729238437361
13.339712264790734
37.64525214006278
28.222393160129837
25.994891082500647
24.9726003379013
21.52895759096683
26.681658714101502
17.7057096812007
30.471913332206068
23.994590791708386
32.114699364781146
26.191836052901152
23.079293779024006
25.627637926019357
24.401180098487814
27.72980228860686
17.732206873214626
29.66829187263181
26.669565748098545
18.046570086998052
15.104196573703636
32.143797307447656
24.886065523250718
17.11745538529506
26.785408341556355
34.65794435338837
21.69428282600437
23.382964360925815
26.873343780784275
24.513177368732066
27.734095241826306
23.770567576960318
26.920898311024448
27.31984662227143
23.29993492374755
25.036329585948288
18.948505342320114
32.20188495571765
17.20675597778453
21.909703307510615
36.56537998775693
25.982917886901998
29.876424785399692
28.66781576421421
25.272482216862947
28.794059642524378
28.651096421803203
26.21028786903449
26.46703515053402
23.279661390959586
20.73815307312678
30.08501747570684
21.07650052901152
21.23738199939675
23.002628475721114
27.443759957773096
25.088462714435845
18.696210311328183
25.199357105234316
23.393837533811244
35.48345466593671
25.38450214270919
22.32568805542027
18.59680319137322
29.905931783440305
33.290317584701945
40.927255922687976
26.76891302446389
23.307442573634336
27.909690914708
22.00620553665662
35.642416704331445
31.1220292242061
23.97284912604537
25.666989007397177
18.26978005654834
26.981051094791397
28.67362232026981
28.07944090993913
22.360040976365717
32.766040970752975
27.903043485571327
20.576110276868835
28.157073055989784
29.451117001411248
37.045979375980174
24.545337804573442
20.51422100151517
18.413924902365935
27.110801744711782
25.797574404356794
22.741331598187443
28.154489961679317
25.95194418407914
24.126585770809605
30.205895818697076
25.978059464759124
17.308309758648083
36.22612193986565
25.363380609624038
31.749110782385248
30.92464527414238
22.01228992456134
23.843051108091746
21.657815188454226
27.04098377888753
18.137895864826227
33.46956068353662
20.732018033002944
27.917975438508325
28.69901300616624
28.862113102548054
23.598985770978626
28.656899252474833
33.72085811446468
28.100155474786686
23.045085316515692
29.744106146520576
28.943771405178254
29.30613307832842
27.966870252822435
29.95212901434422
42.463428228158286
31.57673330947088
16.478471897858057
23.23658831752728
30.446298407677453
31.1034381804281
27.854203425448127
24.399810069378542
19.967010866755604
33.35310078648935
20.373133725266744
25.68360013216115
16.630518012456736
20.979724014995995
29.82628579938774
23.441593331391182
27.080870048698564
27.414334669005264
23.13109073342933
18.490783428589882
32.08363628250982
24.951116477494953
25.660809440382366
25.589694756014424
19.728419034807402
21.636748926031952
26.85489312246132
31.397930795021274
27.68491238624975
25.952550136311807
26.560653875529606
31.853707723407187
32.85698535927703
16.807351964860743
28.447148156369572
36.797329992925995
24.267332330380942
21.836414778374476
27.078654615766567
26.80337566790473
29.05284810376665
15.273422446640126
30.430615894181184
17.029215080296765
22.854969391713183
28.23192471171761
24.468031103192303
39.00693085728476
24.584203647279228
23.2975398927188
27.85063526729335
26.57525537269956
32.119362202330116
31.18087983873662
40.40085872497525
26.701750826414038
23.090840778772716
35.13253448491801
23.91969752447645
29.514110678299815
19.855436315661663
33.363395857852055
27.58970420545202
36.554167717591675
25.761015394310256
29.96797971437193
27.167951424240638
33.65223337420682
40.57569432309446
16.972701624604383
22.901542903458154
36.58239742714833
23.877112210658748
28.611117832579712
22.62325702779032
24.395655238957364
38.55722414492887
23.431017490461713
26.735030133071575
22.389999057218635
37.009717221548584
20.51545695645994
27.389967127031557
31.081081574125747
24.426574707267605
25.26328295886054
24.942223256148633
26.729140296093323
28.71619907264748
27.411997227779
26.468299885142272
27.346295575663387
20.854221158114044
33.37326590290092
18.923281746498148
21.794571678750625
33.72085638267496
21.591908072059386
24.054076461740884
29.066506352446563
25.457847980872376
28.638821148287168
27.297734490397314
24.04038669303047
27.93338566757091
26.6003365712939
35.16654090378137
31.001606404954718
26.660796973129695
47.26282402361007
23.61494251997286
22.12919869437804
15.969135634542939
25.425204318469692
18.650172826382338
20.03267440882685
23.477070561728866
31.578478880958382
22.148154065112315
24.89741492890242
21.69484309492186
33.96036812411374
36.563742865928184
13.310531167790659
23.985763309655688
30.168609414390684
45.67808010117645
27.33661467962058
22.957944772494933
22.332449249282853
18.466430260427504
16.78847032590231
29.399659765639985
30.639579139646706
21.87809071144776
29.604663295141854
24.173547228223192
33.275883920108804
26.559457491071115
21.073853813053546
17.507549116791342
26.742687720342317
21.386633157688298
30.126863932247055
25.815274164972447
27.073849843893406
29.931589012053266
27.362156389057446
15.851456230900107
39.70896120007521
17.45400504417268
34.21847309804439
33.392018915644364
26.719091323135597
31.053807748494737
30.579942699790593
31.52923433460377
23.99774631910472
26.010940683529572
19.529734015813883
18.465592321388364
33.80438139571795
18.77964787802092
31.872957680500146
28.058017140632263
34.75775831453629
22.69208273237173
17.839705344312932
27.45698343537019
19.06329171321903
27.204404986100844
21.5505820351615
23.659564024632626
28.161507584846756
17.501285648581188
20.597150170331897
27.34102746324117
30.471254390386953
31.02033357093188
22.359453051772284
27.893578755352078
25.905389741151808
19.150307888612367
20.27081723045686
26.145551046525593
26.320761356841828
17.766531001823285
36.39123944512087
33.279942176402535
30.923401977955933
23.417708110526664
22.904358453054975
21.013806027282715
26.947926230595098
23.976651717629686
23.517628440991047
20.114023097504916
27.94002125525823
30.560789862812378
30.078872963589987
31.208810625096532
28.16699267835578
21.83202314377837
21.39355819868331
26.71123134420946
24.733858955342978
19.389320044237614
26.177525181189004
25.755486524001654
30.2454647088041
33.11079263067001
30.05604751375556
25.515874823313574
30.956353488011928
16.615751574499892
21.327663175937925
25.62247569568975
25.037595489158836
31.231007606114918
24.864860252709825
25.176729358004792
30.608193065602457
52.67895199715101
35.487525512896276
44.36376825216099
28.972817801803618
25.949497677510013
19.300312739744673
23.653049823758096
29.279116956772604
26.015325530621126
33.926992972866714
20.720843806867855
21.281690085461133
26.835988939264094
23.598758413506417
31.069250066950804
25.81722990194626
29.604052331862334
21.585571637431933
37.294029204449615
27.489699175372824
30.180369121186594
21.932085410772036
30.892125181266174
18.158251517277172
19.89080770399296
18.232900162676003
22.17625316552844
25.807110493042686
27.517841358338114
19.850665552441946
25.70877605848208
29.3864512567979
24.1819002619994
19.160598817750692
22.31468687266645
24.775273154436697
35.91945146633152
27.889594257479
26.926723016513666
22.579998241481732
17.61125841268977
26.080157502821294
27.414671915425764
19.014726299191807
32.838963591170426
25.149824136706417
24.63231678770448
25.97254424728105
32.11848344491538
24.309991125147967
30.603038582469583
29.74911396353525
17.0270494387984
30.856656987314118
22.568246172429614
28.630784692792076
39.40848997949056
29.418583463175235
37.317250436385415
33.41762076301594
23.636266698042352
28.695867035604532
21.26536469504327
32.18846409919412
24.795943457102386
25.98452998449407
28.93229520690117
25.35077146234894
46.89268873574834
23.669705254186248
22.998538143574887
23.826467456008107
17.042988461362896
17.75932605858121
18.451390169513637
21.83337357559581
21.40545107294588
36.46368281231559
21.082406446792852
28.22248918038275
27.197278559767526
33.2259745473922
28.024213698801383
17.80244115924829
23.917897650327404
32.20657380506324
20.206563108006907
20.889498097507254
36.05921531266839
26.777779874562658
26.195093754569832
23.444900443377893
19.700263451679316
28.82206389512748
39.19168299661625
32.26169831483029
20.76349703655744
25.012157315559303
26.735868395548323
29.58971772208507
25.631583083933347
24.975160067241
13.518061705709922
23.387283175730776
30.99881638552836
36.16732290927397
38.11629203862885
28.94404422689551
28.2902892628139
18.7085450944782
30.60099417790239
20.235751710094604
24.331728265256217
26.150047646181797
29.338809632004132
27.693482588448532
30.663826842587095
25.765935206344025
30.544417427593583
38.222825022603644
41.145091688822724
20.118931664324553
31.91718556724555
32.14709928933252
20.054481026537662
22.034476040313383
27.292674544948376
25.132261564473353
27.998739753263774
27.22579458231372
24.464060371028385
29.293698085341152
25.81565085329386
34.43842845459316
14.619458089786393
20.265896724012407
32.77235170956264
26.195728803845864
20.58876849288965
17.59346765425142
20.74247022692729
35.63825265221479
25.9965995618942
28.219993632934354
21.126673883813634
25.131211391115322
22.659464573920303
24.70909854153888
20.69080417175533
26.621855123975603
25.7419637651841
31.618500476027734
35.28882475555976
25.31899911753463
26.98584719027141
22.659003049659127
37.310344827019826
25.77093112368063
32.25554593182594
27.18141276077385
26.0346309616849
30.845817054557717
17.037393912553046
33.792843600797404
29.923771226484213
36.084489401858626
27.034431247281727
34.45354557127248
25.273142335910787
47.26221660662745
24.733422040124623
24.716632859936336
26.08669022844411
29.75280748820734
26.493931899722835
29.621223258533036
44.050865193381775
22.7773259766928
22.812359813962786
33.54903451603044
21.350847550939424
21.65633853566242
18.851781662438935
35.387872646247004
28.350669609473922
19.327418147688682
37.17665092046355
17.96559743418705
29.952641116794954
26.60893352644496
20.70044051152084
17.52849209816679
17.675884436649106
37.623562686902865
27.131671630738275
24.857595751763803
23.697290453707097
25.43333810170758
33.1284783986734
36.34372434100727
26.637833820171053
28.76620731551623
32.30876711056896
25.89429267213478
20.605140198842378
29.38854261018292
33.318991365685555
15.56782066927983
24.316150089437087
38.655923533525666
24.918138318127976
31.51437043898812
21.50405936394261
32.556041621203825
29.124028693007265
27.087262269934914
23.083583083485298
28.131723200516053
18.593631165495715
28.964070665663616
22.917890465180076
23.882707260737916
29.394075836478102
22.84510608709729
21.42239222108425
26.521724819066954
26.462698589421823
22.436025895250555
27.422606884443994
22.393575387010745
25.456639653205777
18.96267828890674
23.994106751403635
20.405661596777076
28.28284244080006
28.977949089197224
32.43784973115366
22.617809520970265
17.23514088749886
26.98802247064926
18.294187536027362
29.63403924901141
28.36521974088126
27.115285002388735
27.932368100803593
26.906126103008148
32.05627975499188
22.582183685747243
16.862495681806923
27.76744116750338
26.0884158124221
29.85668319407392
29.988951488097154
29.7493099890548
28.70448030949656
32.05786935097867
28.23621731204869
20.34120772805145
24.981156799792718
27.51316677811337
30.92044558789787
32.968557712654345
27.230367961709995
25.700695969976024
29.987037856362452
28.334743041075498
22.580563331402292
33.78953464225079
25.309050684539898
32.39050379923966
33.539279698797074
31.727138412790485
22.01042598207737
23.780832426241165
38.82616410800273
20.413411800937602
28.196307798827302
26.16356511733093
29.442397862504215
25.114560439289317
40.699620710894415
14.755545803781212
21.701994405996484
29.232062565285144
26.665172317741693
39.469927017084586
23.20779809777301
17.083791468367327
25.219813424805594
40.3937142502074
32.127190775080564
22.14768717195804
22.06560641148711
27.55075358787279
44.07916073022722
26.489947539235185
24.757471548138586
37.59952236532869
25.510717910359393
21.273683558015126
23.15480314248655
25.640794476904794
29.092723404509258
29.974234451944398
23.216840369434944
20.721460322011577
39.40256000668061
31.08200436962348
31.97939802066324
33.68101192973987
35.57633358813524
31.21570000294107
22.81854487997406
25.098749725197973
27.502732715109286
33.27259352396516
17.21043366654674
26.280943870039174
31.94386643127462
20.050272170584122
32.74265246298448
21.32837747819369
19.022467566095337
27.857158929139757
24.752487561024434
24.81362092647213
19.949794236748193
17.168652088871625
25.400435243460468
19.94193483362059
22.21950850871375
35.17201316123028
31.430103138164046
30.335614617732325
34.03320513383321
19.07009322083055
26.818192754154868
20.218475798037474
17.4007572151624
18.32263234587875
17.225548819194035
21.721990499717517
25.97201925139176
24.970510955329313
22.255878505024075
32.88835577406664
27.113588488355134
31.709017731271494
25.456781845189642
26.542098342961783
37.96934501624307
19.894811415048284
14.026849558830412
26.062593086381668
25.29407858573247
26.851534351658827
19.956200484799602
20.485767498235866
27.80863434158809
23.941910998712064
44.763957640815626
27.73720286891702
19.337817128304184
30.063891064529525
20.52335326287664
20.953365148677047
35.18550408000971
37.67987235680986
29.86809334004911
23.563373514399377
32.141872349423345
14.348228037323521
19.100753751194876
19.82513736019452
17.177611562561673
26.74855458579187
19.318294076534535
24.254556466972492
29.77521502558532
19.179282941070234
36.72618863036452
14.737382121854498
33.08426703274983
17.32535466792447
29.725371059933504
27.935210610981702
31.971281147986886
25.47112284824835
34.908736060311504
24.61393422570632
18.14428025689638
29.864859454117664
22.87183929079319
25.92046002789473
18.084624901353198
21.236329992669837
28.18129925864928
35.73850723485331
27.279107391348916
34.95266336224843
25.55331083490144
22.390564298387176
23.63985192094475
23.30131219317091
23.999910201513014
20.691828990717624
25.953132189726237
29.08346669598385
20.541907018824453
20.06257666947245
23.32257007758586
29.77154984655218
23.717652859196853
28.676584484927652
21.604806865276384
26.79594220164877
26.368383492139298
23.055437073190255
24.389201632947433
24.66679111921132
28.533745395916178
34.59544125381955
22.868206504290853
25.94576022247088
44.91780245425488
39.69341914056989
25.992324170895785
27.340737518928076
26.382079006677994
24.701604298891823
38.6321981206155
24.263487945771782
27.513099976648235
33.98779736888594
27.639079211082812
22.73807891836581
29.116648372109317
30.837326587249947
10.897642228796164
25.664032680236694
23.18362582813961
19.75134108154254
17.922624933629255
36.924051763048055
30.09108534954377
20.687520218632674
31.46453658225822
22.207138875749845
26.52401820198751
32.29579287402817
25.583252072385683
10.675841871014633
22.655479593408767
24.22059717485959
21.407907696143493
35.164509175954834
19.02670265382663
28.92468528235281
26.71230639888444
29.539536468438072
23.843955653618593
24.336830698417554
24.736316069037702
26.554388426278287
31.049693003498824
34.88071062737281
25.90326266164026
29.491167798815574
34.26102534560943
28.50656020507548
31.88317950517685
22.307812954549945
33.40289635524172
26.92015972573002
24.422778763012758
28.238480031825077
16.92792075159775
26.447936222306872
21.605031873812457
30.477974225573
19.525500191814192
40.03882517452307
30.55171458201893
27.67896057136266
28.90414334477331
40.385084171705046
28.11657867810003
20.188269163880555
25.630043203795395
27.371912288139516
35.049407932057576
23.316425995031327
30.610346038220094
28.322140023969865
18.62354331803326
16.956109359191935
13.902969314465935
23.043584302468673
22.68828280169987
36.28654693368898
22.683184738964606
27.80853744846005
25.42728619183213
21.65284971569345
23.877219604319325
24.570143986742533
35.05948524658992
20.67338777309944
28.452563435367257
30.612765057090837
26.590087662878826
33.887769202305776
24.841609534967287
27.4625357390225
21.04035308226105
23.722982344947923
27.825975346292797
39.600247962413725
23.470662051010166
33.80262053434927
19.810828973952308
26.442614746724715
40.22995759233475
36.75552886367479
35.176688247399156
29.53007153668386
26.283697158148044
33.46147301471862
24.82272298766901
20.6656846911112
33.604536466004895
23.72354227618651
19.194784490502066
24.786845286402304
28.552923856764224
35.712827843674454
34.36887734998751
33.57313304023874
20.888151617003782
17.93155137574224
26.947218750824998
35.636509291269725
26.66900252962169
24.94070927383307
22.629188424508424
24.98903559685102
28.56908711754935
21.39304882731505
29.096604337377713
28.468707693183692
26.59750539908869
21.935980592207965
22.316564805564468
29.79445867764172
34.77863507345829
30.367619577729865
24.65980952691989
23.193915716720387
23.07599743186416
23.05127186623372
27.5354396319055
29.15016093522765
22.087806682289973
18.955551756657684
22.074613098414662
38.65543444680193
28.009083132859917
29.654700228100854
19.43551333462174
32.18882690352577
26.80663882299928
21.65822909550343
14.93070779260624
23.063855197600017
22.565216533249504
23.745347218799964
14.064101191724252
27.29168316551092
27.57351627524831
21.694871915863096
35.431091146651134
23.26421639697575
21.9342903638733
26.373301038956853
33.3293463394488
34.721507674699225
29.745317991118043
19.890841433061386
25.912159028164588
20.239256480620273
19.851819178340374
32.229869537893606
27.385098578656862
28.422913250812382
29.445673906831427
30.46315775918103
30.80961934409841
33.518001648101006
18.514464982593452
28.444845976724874
20.45091832424068
38.81730198615132
25.96387868367988
26.91489875426047
20.162529459080048
21.853330784536876
18.138290003327675
27.78919983996416
18.803674491872535
17.90438465903352
27.569906998997713
21.829234996989996
23.41641999014932
23.38394787858395
28.551872794738593
19.263307475675365
34.8565987301345
26.961244777564502
22.053761200319542
30.742614002456172
26.434032608332952
22.78474460786043
20.587719430358817
31.230251216642753
24.584833116887093
22.909846644228875
22.833620594236017
25.640179664264885
27.286804938363655
19.903633190442
25.506403405724438
34.13079882731177
25.481049002292195
20.305645023568463
43.79659456009766
41.36809950389536
25.84416775049555
31.66810378001473
20.48668665413258
22.855222015698274
28.344399973865286
23.124488595304108
23.857429489570467
42.82981936508762
32.525767692939745
29.603295599810593
24.111754612401654
26.91489349603539
24.560679378618403
20.040787724614244
23.495450888284523
25.488545932807348
30.15884642739249
17.89282143440657
22.882855370362634
23.3028210122006
38.854498398376045
25.68888059757518
14.815680838992549
23.0791966887215
28.447038587258174
23.737560285873432
24.419112928674547
18.130082702624964
27.629492645006536
27.416916804511686
22.277423684812796
22.46386590169204
36.66509885811989
27.95036024374511
19.669350244495472
35.095386727305936
31.916173325677992
24.94363701049474
35.11300935588531
20.184030051257977
21.585844503515638
26.943793926251793
20.898790428273465
25.21631209082979
25.402059257701016
26.257889644964898
31.199670590719958
23.11782003496585
29.96157267368453
21.57773483928064
21.773874738840338
16.453258593710398
28.472057842925263
24.59696875384119
32.64058830472361
30.392764776378623
29.576217790812926
24.58622050594876
21.003788467346254
30.40479687624144
27.282500805280062
21.449784134696213
23.56247334050278
41.36178991758025
34.43093159504777
23.808056487114175
22.694802023361955
16.164565625171456
26.490324021095258
22.022209668468793
17.66013326345535
27.989826515057146
32.26494543573895
27.153559143231966
29.55238778233141
24.61201788551581
33.6846460424416
43.937083617310535
25.308943224382997
21.671402864557077
33.028015955351464
29.087133109010793
26.932980615950797
23.97472907229919
23.822420524409537
22.18548812692652
30.351731856057945
28.228756274895606
23.285698897053546
28.11032380027967
23.762480436521606
30.66799394579335
32.441345370287294
26.481870624442035
31.90949749908481
23.10302033272165
27.307374368649178
22.789509978325075
24.908330438438835
24.14221018255486
21.87400430763028
29.75024652478009
23.553968996492934
31.919923397003785
28.770487231052094
38.80097884931966
30.53798528641853
24.05363757963275
24.51551022409693
23.33667237080715
31.801257864093845
22.901327154917738
22.681797415564393
27.791254904708723
35.92823054227686
25.727763629087836
32.34833373458913
22.649039646277473
28.893654276324593
33.39611392757856
20.694887380326364
17.540053499702978
24.725067390483414
29.697040575673256
23.710836779173576
30.836895977158115
29.05971804831578
29.96781754717981
27.71609993556244
21.644385059616084
21.575486848899427
30.936869717123322
26.175687317886513
24.433473037658395
25.31422826589147
29.915880684304046
19.469427802267028
21.090312335501242
16.03859178123488
36.26748061232584
39.923750810847
23.18083607274291
19.904187463241964
27.433248282205646
29.30529532410383
25.165380371115276
20.02558594222672
24.248492247854582
23.364841489310308
32.84936690206771
15.878145175516412
14.436515921914852
23.006557844168128
31.963565707659725
24.912187098712323
21.894325095270393
36.80022100707522
31.93339051000211
26.72719935349706
20.904889584176185
34.512558165356324
20.635665516733948
27.97252384429609
23.055844372824414
19.350360732218554
38.47503880544003
33.76463630900799
44.60249277324753
23.02267148229849
25.32087414706032
21.85067131427378
19.398242314933505
29.7550106303518
19.5963607073804
28.14485381147592
24.067539868288858
31.738707362195328
30.269087122174703
33.28068718804796
22.47887744082687
24.698942260375475
25.455941378968266
28.003228504909238
22.998696602552926
34.16609939610142
23.91737133255847
24.339903166969613
29.831623943890534
33.36308635217121
23.665484637812007
23.791602845516493
25.96076680399712
24.283076551521436
40.32083983020595
24.006969622202572
28.310644136167067
29.65356941098683
16.86827214681909
29.722722824297087
26.384237021436423
27.282722785784134
24.256349164647936
15.83766576843209
31.606265647312558
27.673245765395997
36.10165292668445
29.32642913886916
19.912849234055578
26.094726696777442
32.723961666812144
25.143661470941996
27.71757218073146
42.72756961319208
23.21995075060651
30.67559315773919
19.435473256280027
29.436060401768145
18.531474425036386
34.70059264258558
25.76258542831647
16.876866162266534
31.110395454119345
12.687700193896893
15.772824141883197
24.517252251045942
24.11387149590734
16.423194824777728
25.915235992002934
22.909090123616366
20.831724949386317
34.237738563679464
22.81235710172197
23.54779913967917
23.26007776256706
32.801008951014346
27.60697477933134
29.83873850058268
15.848475579059876
20.45626767740804
24.564714928993503
18.803403362585865
32.5846462003393
21.987653565103958
23.97734931936916
29.956045457482855
22.249914392273737
24.528664347378935
29.864274714971277
36.89760737643286
25.966932006245607
29.06943911745159
28.858523448913804
28.3776697624944
29.102141756333594
31.066451791319427
34.319201217988436
28.82262764511544
20.26486949942875
20.475339297422696
31.35526638745667
27.75805630265444
19.30178472318021
34.40058297554657
27.716314161914195
30.44725485805363
26.10310312264802
27.635359264223936
21.132527165133403
26.80649938112824
20.498595434686514
30.52476739675013
31.55146469975393
25.14251052115975
32.31512966880185
18.47371058698049
25.151989871782337
31.04300742056203
22.710532683740873
27.701152208976104
21.299895000317235
35.37744685895229
28.08765556414904
26.785971302406303
25.800755513867607
26.136436232464995
34.108806183187255
25.950164292138112
24.581744878505113
19.781008287625387
26.843540682451273
25.94203758453682
26.252642570304417
18.61263710163479
22.350637714556495
20.47249010150957
22.91105310575935
21.23908702720893
43.27606420701168
26.163853589961057
20.52009676346299
23.101372559253694
33.27945613201735
32.06694924136489
34.88467140161483
21.36879795335028
29.51493773850173
22.456488037713246
22.588724369158708
18.102860326425084
28.440275447201692
23.09849827246754
14.682433589757482
28.547482277703878
26.662861889910666
43.72210448847678
27.895316996182846
19.626550085236527
24.03800898193894
23.7594073786158
26.49274882581062
21.525801259178603
33.69075347277523
24.909974224600536
23.773887136140164
21.350697630787234
15.453823637587705
23.383244941846215
35.36890861107446
28.686397363096344
21.780600709223638
17.338036973185577
29.601527607046613
23.415360506905348
23.289586327412355
31.15408531292235
26.487060288805488
33.30501407850267
27.902699113744994
29.05846619472342
19.9205416666341
33.9761608237491
25.292407758280135
24.965831716387406
25.077887483690997
29.70050152675436
32.946317517156984
22.101609421511824
25.734674845821644
21.75777176778215
33.739955264017986
30.62122682445211
30.635582010212737
30.78747424189105
25.33510195513829
31.829862714574976
26.499129309332602
25.101629421772593
29.05030991426975
22.97822228258012
45.13982101356509
28.177532084727268
19.169872468018674
27.75318550586327
29.2423273515828
20.942648175523765
28.973434694300266
18.01091206093653
21.439231117316815
23.260331509897213
26.325543186117073
30.131099720710697
20.44977076877373
26.871396335240867
43.20399270749284
29.115786498369665
24.533635764932477
28.597236268444455
23.744971485984102
38.29714385416323
27.33484634253205
42.50229681458205
22.94474655676914
21.483114033069405
34.75396700058459
21.457886772288077
27.536140314368822
21.653189961928
27.772280610985433
38.530688945007455
28.714444329592435
22.75065645312634
21.965172649245897
30.202328929837176
32.525502544711124
39.369723212338954
29.49377622427813
25.156098078005083
24.304925353547187
25.582523652735517
34.78362471176435
28.189801926602236
27.060383290008133
22.450418544681533
23.280530902102754
22.132727548399554
29.048046869446974
33.36251972719539
24.955365289146307
27.789455919943546
23.439161361282952
26.78974423743269
27.360451443901297
19.571912326343565
28.33186520190032
16.77665826794789
21.43970551753251
35.00079904289088
35.41715137929518
23.084537355457943
24.00890549662401
26.8118201611429
24.54472558494194
25.008105567536372
23.078825868752123
16.032783301815385
30.493618831731904
40.317191156157
28.586762407202148
21.47407686339143
19.378582410488573
31.253644487876254
31.365088180268764
28.17039337225211
34.465096089808824
25.819135392639613
26.45443922399125
18.641910350624542
26.05342317888095
24.61338547853746
27.685230310676957
23.707238088651035
20.310059023693057
30.120506209948477
23.546480894897332
13.655277334748078
44.318030759612014
24.491355432351927
29.248536621346837
22.41463624988855
19.71298461904346
22.205822560054482
28.52703989467253
24.65169938392917
18.66879687538702
32.91672311339987
22.169290639113367
20.994223093572145
23.129112976079682
27.624710966684734
14.861133856585656
31.66552840822618
38.318490902226365
24.944126010415335
34.42456444648599
19.717956335089543
27.26815627723253
24.342641557885266
26.49444980730533
34.03250503180588
20.36388866610536
24.840770384891158
29.73729724427005
38.79817894328038
29.977710181563594
45.088872224848906
26.180741503581334
27.8443644787626
24.324437117527943
26.030786921098997
36.46837373604907
28.93464579408272
24.60930086122504
33.74349417943496
12.55140014224284
20.734520206824477
27.338081750794974
24.199616177707217
19.301484830535802
24.24288015311188
43.69807447709021
37.22613429364328
23.12996067524871
24.061148412008517
16.323766712287522
32.60540128537847
22.96098369282093
18.135022288753863
38.29068877358481
37.61463076794835
32.2803975125488
27.580190308318887
21.92282018961878
20.27864002258606
27.454864107448746
33.468253783010816
32.10765645421458
25.247627239200376
30.638876892477317
32.37214055216045
27.542624682054207
26.344692825445104
41.73216908481424
26.366564483857648
31.909075721705527
21.748800234121035
24.379083470928816
26.039868903736906
23.92400165266883
26.331274033763563
26.188516642795506
14.423567478528312
28.674837147110548
22.121727655936958
27.541368307796617
20.879040760916947
34.58149475103426
32.00659837554766
19.857874750709172
26.04221646976469
30.157179573784337
27.780705655461794
32.255853356012096
26.768192265682593
29.972862625382724
28.761119666320035
34.36214345153506
34.1272486526365
23.504822925844575
19.802362142069914
22.173999131475817
25.533067037277927
27.2671881085196
30.31393495812555
22.393226547857147
26.788831078820902
23.390370072065377
20.617156089608244
22.251979872754763
29.843792776403923
27.63173522672378
25.72961887403557
24.88224704395023
17.60996748262542
23.202031614749668
25.00736425066673
22.99465121122413
24.282607636304213
23.746906230430945
27.06008244021919
31.591966974209633
24.448048336907917
15.818600834651525
22.762862993707635
25.892355833138136
39.10090329678715
23.895766557748733
30.64412491652763
23.75615538942983
34.17862285190046
32.77014225220425
26.26804679239893
22.108356931356283
24.238457280109195
28.227404145737616
20.556670512586688
30.756632450268096
23.65661519475318
34.002552552227606
28.711492178945868
14.710809445394164
37.21646398611428
30.03606394992726
31.964829186626197
27.261972349699153
24.259946474122383
31.24481040340334
21.566122359874914
16.553011065472454
28.539962907332573
19.128134520010097
38.596084973713495
46.94437663425891
23.720307003141524
22.817865674679734
36.31182334642526
31.59530694611784
23.45561240900958
28.055896713380445
22.468758523193298
25.348046613626256
26.625296770236694
26.28224736105861
25.72799844475328
18.145945947038715
21.164019173378392
22.19230136068216
31.33781848631907
23.888417941707342
13.977152937078548
28.21481380691275
27.29933643156452
29.191244038499566
34.61349027329507
25.981998032972193
29.197407376932727
28.57923846812539
21.870578976593684
20.03189397563621
36.18307411789644
21.35834512722842
19.372535364244158
20.918047151689066
16.17558499061014
18.930349298253482
25.78883833601936
23.62111296453409
25.742650983048794
19.812253440104353
19.86128760005456
35.18558900931032
22.517958687771163
32.513173481107074
29.782542628623233
16.314380448667666
21.076014009617733
33.612838226052794
22.679934050885784
19.869055630529374
18.31646567415893
25.79226619006492
33.37277763344945
13.822815502634048
30.00615794559851
29.465429285804902
18.1273805450544
23.178297914065308
32.736600901485154
28.62983948651034
24.584933128625334
25.404773866925566
24.898586175123338
21.694883263269535
30.373907783208338
24.656960507471176
23.657614076912505
19.461159844987492
33.79843269895383
20.879923916516532
24.441364540342406
35.50938760316187
26.202383845854715
19.66667059943113
32.62922431975552
29.76806006659175
16.43082273649124
32.65551371170511
18.38824771566257
31.702339840355137
29.689310170217524
16.367795766400565
29.978846051262952
29.342271000939014
24.84165415801158
21.916328543885236
24.63610001902112
20.97256917779956
25.895782245931652
19.715054084366905
36.52634879756342
15.4368855996327
41.04261317108243
18.80158084344698
23.919403963683003
18.679957455262354
22.65597417949344
20.516498253542473
24.24895763582333
25.111424680033906
35.91316826983899
30.881017525568964
25.09339463927864
27.361310743968076
31.397247115385724
24.700672567991177
21.60040779644388
15.536517566166976
27.408558989828695
22.77117086524796
33.35214958355222
24.718501027402493
33.2769906606501
33.04163170325724
26.375624311550716
27.103484104548702
19.2672285146117
30.277178060636196
20.45620398191808
30.412073741173362
27.30490317634033
19.591443395436887
26.10998864831464
22.72689223236442
31.447689622132746
20.79103669188649
19.487582753111617
21.774403611769944
23.330991845149054
23.168463688080855
30.292551610928797
39.19519147274695
27.667045673876967
19.135735802160543
23.10286012600587
36.145937487422316
30.507130018918673
29.005198287037665
20.799516716035146
30.61935384303912
29.41464894617792
21.26322500569448
27.45647173457511
24.506949130738757
24.985677010313847
22.13371472608272
27.030065406170817
27.497772731582316
17.9856210648701
42.14209643303937
30.957554876388716
24.26790826571925
17.717453870083474
26.45634647385592
23.93431730373676
25.43936338293507
26.838238681203308
38.471236134493694
23.015557694989727
18.162632044728888
28.397590444105266
26.852270540499283
37.850977298807706
35.04901892159481
27.50185469504841
33.49643724030514
25.706026988986036
37.70965522761698
18.128386205912236
28.719373834653855
16.616461232343692
27.60847805661344
17.823662556171957
29.06399811862499
15.079006491644261
29.177837438708305
25.02395733512292
26.264344009552588
17.163845375420216
46.34918933118692
22.99095955438642
34.18019818773238
31.291377549398376
33.43297413386869
29.190246359912653
34.608723365229906
30.538800689008376
39.708178346794824
33.122975769741345
44.15896070212395
20.3308429017457
32.33289816135713
27.776712495624256
29.2281394468678
23.948022818900142
36.93052782533396
26.51924851553808
25.15959875917344
24.96231962789704
26.617574418880192
17.54792498321414
30.147086009147706
25.406943652785884
21.23844020109068
24.651988971859428
21.74326505615112
18.77592147866695
28.17866116054751
26.81556059678854
30.42922275498494
51.02937899973436
18.393818073637586
24.895418809268993
22.164658399335405
18.685275541865014
21.157499686206542
24.251714550749213
21.892915378696646
30.152206440812
19.609582928446322
28.975217660583567
24.123977807953743
20.905044085007138
18.475016393686275
19.39637078310611
26.808297362537996
36.908250278708024
20.981755541004922
28.60993794418858
32.22163471361904
24.5675910950287
30.163250116103658
27.307488191478953
15.792859856263503
23.602191841955868
28.99454515449147
36.50417714494166
23.91824206740859
33.96567916593772
28.699461795990405
23.689892548471487
30.569087272425133
36.79608490361649
20.54865814055545
20.140697510535
30.288565825605872
27.973435370025257
16.56164528213267
23.616877871852186
32.777249922939376
16.354404606402102
24.893009926722574
27.19601580046101
21.87332236286655
33.28026639813746
19.104881211313607
29.858331725285552
43.561142379512916
27.374398311488967
18.49728918264265
27.54565918817021
31.249662300513272
26.682279772749528
25.154949737436787
28.457324786636747
18.276352141839876
22.83647279918041
29.935579920996297
35.33429144177887
34.71896074610882
26.686955698925296
20.895579680942266
29.2265015479215
31.279865613730273
20.29055727990857
30.664290289047347
25.95099981824431
24.48697188759765
26.636012374480327
36.47587228266167
18.826393850858068
27.819743757677706
23.29749970036277
29.643021652709034
34.1043330174833
24.259187208182084
26.09941525097629
37.52626630682485
27.7786062476768
25.76348901622389
28.822102167914053
28.55364774661408
29.991786834677704
31.97225423034898
25.08255766780102
30.477810554595962
34.44976720709061
24.652832956587897
35.9879266084183
29.020195005243828
22.321496120645566
19.887371015347142
26.535624209827574
28.166218350792686
26.710905233255787
25.66260923741821
19.418820586605044
29.4103222803816
26.487159604357224
22.800530299055826
32.761958414394094
24.436308488232534
24.767021520141913
24.07625582024559
25.029754841234997
25.44073999635953
31.39713384694019
24.045139652209688
23.549950144389918
38.247267744813165
25.28672289806273
22.376524523327205
25.162228554674265
20.38742260380125
18.409300759000107
31.03534630925826
20.47385005657936
22.39560457736481
20.260390909849352
26.459499497862925
25.236539742495246
31.828430740684865
20.620192588074254
18.747257895745005
18.94682460533544
33.47466354031425
22.077254187892954
22.883884626746333
31.83197473427926
16.99823728730697
38.893198290023264
38.37623389461856
24.61156066423126
16.218154906743244
20.87510419913178
25.685043751115828
27.837036668860822
24.916542459501827
30.409873722650428
22.042684904308395
28.474317699848122
29.455367145144994
25.59540762018991
25.823330480212736
23.05140953534794
23.060288916394054
