360.0449961521342
238.20344397498397
192.8597777923892
97.18377957443816
75.18575648185407
113.46835985323432
105.37889164131535
92.31272394630733
133.73500975475682
127.80487850058886
97.16190039491154
118.50696274559043
56.638970224324126
121.16681051710287
97.75136202380793
99.40464034072124
54.56565350808591
118.24607348923088
61.82316956704449
81.52563096179702
97.0934033934369
63.338240355947704
164.24312668564505
83.49294326717947
84.18011571134791
110.62396260639152
148.2206895861201
138.72495651438604
81.54947150411756
66.09128937735713
72.50842716739545
61.76722193167421
122.63087667589599
107.36357836501705
124.69524165540717
115.10035008733814
135.99045747331354
143.46095054597467
81.33485985018304
77.14973216087891
90.70951662675387
98.94150078943024
163.9519110399706
70.81749690410416
99.67806688653114
49.51724546589971
129.7184881504505
69.18926975920337
107.63811193660082
56.997352649406686
104.42722633432196
124.84856361239089
98.86022380437261
99.95920872295852
76.82031404356695
101.87963944724274
97.32606410622552
78.08728318290906
84.48998267299082
88.29341389142208
85.44772462851425
84.03461495179913
75.60374949667468
83.08061439039575
74.03769128425819
169.00597887085692
153.25451209535268
73.82837906370787
54.17191971100491
83.24135358089376
114.33695507413357
105.61300773799704
84.56612089589895
67.4344122409412
101.98568795021734
65.85307259941528
134.88990393650678
60.15070772268033
122.85313616376219
105.31227675356088
36.80263871184748
71.78791324296836
74.12987586465559
86.48820717435532
75.44117825086151
67.95956034527319
81.55204608406629
106.22707007767913
105.04304371092317
97.82799557974316
108.35998164568801
69.84964483705795
115.21244269023809
106.9952568067854
82.12661456660622
83.05165196921206
101.82180831661543
104.24323084672538
140.87866644337473
81.45065268537033
90.79745513191003
62.50152347610871
130.14979382544615
88.38710570909394
132.31189949741338
92.59345001500414
92.97534308200845
92.43338393193228
66.79388684623615
79.62182345021743
98.81828731750805
103.41018591574267
110.14071389651936
77.04958920486784
127.69835562175163
127.58990226738926
135.04625799720827
84.02492794824303
58.12886571891117
92.69174560438739
88.82264432482756
93.83924521699555
91.21359635221965
128.0434487971162
71.77512107277728
120.44586973259173
97.99070385589613
110.37841973281648
120.20445370586765
111.45709825440852
88.39106794282102
58.223483631662646
81.85290123154937
71.27299186321832
81.62962437178135
75.40216935867761
72.77295947239317
168.81895994262425
68.07841908709865
110.08395398358807
85.70938172734515
72.89097869750891
93.1756142740305
80.38634886999763
99.54546190542104
100.06906765977888
123.17238552781238
74.39901515522942
123.83600843542683
134.1641814372189
121.97220886680012
68.93527464834749
96.0411108817298
61.91440033388896
125.7078612926757
84.4970248144791
57.46342028914807
106.77973498856426
125.58778860307108
88.53383241797765
79.03799604535917
119.34870183724269
79.86760562300465
131.20832366273666
86.77892527321171
80.97399068831666
93.70620759329475
112.3887019652683
67.74814909643042
120.12264038993077
111.63233909130896
131.00662938635094
144.18624416543142
172.08706914697288
87.19529464285787
91.4620627680284
96.13750344887421
106.86101229332733
116.49564195253606
93.41852715039576
85.51940248912092
105.27431476799234
97.67157212221441
89.89236255094222
98.38215469107861
107.04625072441817
74.16610534726424
92.3746494495171
81.16641580753287
123.78982953805713
62.009664892380755
134.6063360635367
75.868716672334
74.51049453744541
79.06672290841222
58.22424067769857
66.59297149607112
94.95591423379686
84.10158791246937
89.55311209195443
85.21720662394284
78.62294615708447
65.30951951422944
72.67376012590532
77.84162255448432
133.39689686668441
75.31907635616521
90.87396158656976
96.90028797469743
71.1783355231537
84.043984078085
90.40294500004084
87.49095296004242
64.39107233899821
103.7446810132245
99.05977992096375
99.5256419741291
84.65612362057828
100.66717550141877
82.06637377146494
124.88590553496581
130.24473263875979
143.71457929874722
127.48895086931687
131.19883547656724
114.22209072744882
67.933713510311
107.26208973913455
111.20616662295495
78.81860241355346
106.57256993317606
96.86209221349324
87.21849912226698
130.85742984905517
116.16913848524015
92.49008686219868
111.07946359623344
153.13872947255084
68.14031976914171
62.50999113331754
97.94452005672693
65.67092892692752
67.07336332789922
73.90766324482824
75.83799352425766
88.44575748076771
93.76715856619722
147.13956030990607
74.13833290444025
96.97637275496743
65.64901644005283
87.69703631123093
98.68867945085704
94.7954608284195
78.92057583970997
59.34005913766715
94.95598200083349
68.78145130501446
79.80067092964937
58.99851360162566
66.30338691176519
177.78867453311585
175.60869299603402
125.74823215616526
99.01408905416073
88.93189876532082
73.99836867174923
97.84202543526756
70.93640305009045
175.46412031401726
105.23909373426206
100.89915167046071
122.79050986146835
84.44169194415664
69.46816913951184
139.08442957698648
97.63812249757432
74.56266144423493
124.29237933587476
111.86819223991833
90.55152926000729
69.03666966414158
63.694365165005415
144.2803209411999
94.28350636450588
119.44133510917364
125.65435733091097
119.84846862108411
85.01185879354986
113.91514567010417
96.47621244473187
73.66095039154821
84.06545826409774
76.96318699411306
68.48248685495761
145.9280405691106
90.93839504512098
97.23481016878273
123.25904149330844
114.68265565491187
62.41453269397045
96.1400861814102
65.81899668673843
102.99918530687589
112.57886913038841
74.62613464550817
163.3416509798901
151.01453014843648
122.87045475104772
73.15378585495978
180.117765048536
114.96046755537854
113.43364129055826
114.90010276263783
83.25388731972603
79.1957536205899
88.50257427109919
133.38318235719672
172.9775434130786
81.74034294693736
75.55383918930754
71.02275529946779
96.01399349298423
189.69875868433618
73.53355974000603
100.94501495446401
120.9954812132082
60.39196565943444
67.26537974369666
78.30509334446582
112.9327778243126
76.84625583502888
69.04141324526121
64.02812409599537
108.82071496422701
84.82941592339513
128.7158968149398
54.80433618455397
110.4868065693458
130.5034522401379
69.51102865794681
79.10172759483775
97.18347664371304
71.039219559629
125.66111462775065
82.51110469367033
73.61964900759725
96.92382618597249
104.04706884743402
86.48008015472344
54.9486924835045
107.00813109013512
55.226935725739324
77.84397016418689
126.1504086247922
49.856427942273626
79.6341773984721
122.64950848180627
125.86452802229017
73.75328677831068
106.80392487823815
105.44237078502177
137.38212526140688
126.68078239673972
78.76419427811149
94.22067041953
89.4490931089009
81.75821081978798
76.24728746758845
52.37116469500791
86.70207943058402
88.77882306476636
98.20782654833677
94.82939884997855
88.77877978951688
86.97739383905653
118.73207666977198
93.62520515685448
115.66986859298703
81.77831550859919
97.85529789659574
72.14099295335745
85.25296353968218
98.97103636065445
111.20938956304882
120.83522740205912
121.2472551627539
83.03443929131369
80.07751525995198
84.70567430130706
59.04454240809466
76.89885043049709
101.55649908161004
72.7687553857339
99.89539869621431
73.31083446715974
58.9471040949816
83.87528411969821
91.31186656446184
83.55110569812652
66.60180039177445
118.47011290918859
61.83191054417691
104.85003057123315
90.356879741669
58.280221658045086
79.89327189805796
60.64121542181704
75.35538727710802
82.84631697803341
127.97546727384086
60.93162636127077
109.43525451181921
91.5405336399551
60.81340143914705
132.54524910218026
58.85630952840921
123.82287758736874
81.39367160273603
64.71823644330897
79.4472718030488
80.24585839397982
110.16151588433077
93.51979851372822
84.54944188269408
101.74504609384564
136.45803009434016
94.51596734814052
76.44351464239459
77.16115370386373
69.73745724519004
114.05080006812629
156.0872834558258
140.80500235369428
129.79813752239247
117.29329933938557
99.73088610994027
59.60613840309175
72.57387178745137
70.78950655340684
66.23055603767133
73.46311504515836
105.80108622562408
102.22207736168411
163.06519764159097
56.4926227151216
102.72715219428292
82.73783761663633
74.93471285402087
234.06224462094696
98.99508199360845
135.04712278336163
148.65986807583
113.4039289283096
135.4230624131655
102.0011732784144
95.38686689156725
80.2758043181369
150.50894020264622
124.31298714152479
115.79802512901145
109.8730049185779
168.8734210056414
122.85813636565
95.20404917807251
66.66892808700905
66.32730767102755
113.60691494424957
82.84733427437328
100.00284365162253
132.29140694864898
97.36279809851762
55.197206795679165
114.97655357271306
51.55988840875567
77.42348781116497
114.15114931497166
61.98723861849582
110.11022255026968
87.45291070943405
69.43394625528111
66.70218365380843
67.88673608048245
104.92294789015818
169.37374448387416
78.67987638437728
102.60814025103966
104.89286048959481
74.52198334877036
108.21563316641651
90.89735440308056
156.75656226744718
66.76380435348267
66.61608108509766
72.68101510763526
69.63398204354665
144.79221844146286
74.41982733960933
95.18876359715527
117.91734240717966
112.51574972285714
81.32809338478
92.8630502786321
66.35664791597564
66.78835414589383
72.31600245142442
70.34091165819024
69.60684292226324
107.51671103521797
111.28602964628558
73.3136845428942
101.2098775919942
148.0968723431732
71.54156681513729
70.42305214481028
111.13601177192325
100.84510620973299
67.8875416076187
72.58484881818427
82.78947704001453
108.21746361164566
92.5217156726506
83.05955390517215
97.83799967654694
108.91264689158133
52.570622757691766
156.18524220291178
125.89100540328626
147.547931591587
105.39035113798477
89.14691662260068
118.61725259046894
87.58357672830516
83.81818940464339
79.79931032703621
150.05508788341822
87.39956683629599
108.90640255685344
114.60908376201738
75.9292180415958
73.19470345764172
80.84557652435859
107.99018215941021
94.68376459999116
73.64647013907647
75.60257088267491
120.24717147742949
106.78051593277213
81.50474864038091
109.93548498359256
89.1763893574361
67.8594445048137
105.08857961121294
76.6545789068771
80.06301209983658
74.09073096374937
72.82884042927435
73.98243014294394
50.63923337693274
127.87978505843027
118.27778759434517
78.54044594101728
57.59099944005386
157.74723345432335
141.8497615645056
132.95565162158272
127.62481851614491
110.22583860726567
95.13133877129675
82.7092755310894
101.10863520459668
91.18001679547075
67.82219833989348
111.40603671612574
58.991529127602206
72.2821635772602
129.8422156522025
107.13793076862257
108.0210699809637
70.01766765507395
84.21097720151242
61.48223580317859
123.14345287185198
107.5134133913754
97.99234138697574
70.43199126269008
94.26298461714464
163.86926455307415
95.2117540840707
83.90822578064136
80.40420235192832
117.51525931623172
113.24364945124283
106.47637445881976
125.17712260555018
134.14480901861072
104.46575246231085
64.12902761748354
64.62808896039176
115.95135577854789
66.84588942558783
126.68098428603787
112.55325137717418
187.48073903550087
100.6774433673431
75.46175801316853
82.06716678795402
88.97026175662836
69.7625642147433
97.60628293022097
85.87169534124047
75.66725014151355
61.230321192571594
91.99843759556283
66.7974297907483
114.61849866577774
83.07030352647799
76.54928962545553
75.86352165484969
59.03543777601846
75.69833282953195
165.75317038584393
87.9531123266838
185.90759013756954
77.33808463562706
142.86243323064588
82.72153357694229
114.71920448595378
94.48927384720533
111.81672824339846
98.13468671910137
103.87909296571587
96.32144447763434
89.46751336951836
69.29513931748033
54.00201750610621
99.30854812172497
90.45811665205906
62.21921007497615
114.33391701259472
102.19447912877348
91.95398813886665
97.31256552522797
97.58251876871584
132.8955355981624
75.60866798276204
58.63846693536209
91.97367559534104
66.2928422471412
78.69802036267569
152.61230875413418
100.14477134539419
103.10721811596572
63.235722842176024
54.083753788776626
89.72724262973522
115.06526157357844
79.26979602007795
71.1644018558875
108.75607436692731
112.72629791236535
87.86294384935105
84.93338357796722
89.92170202598744
97.25654430920923
77.1075916111115
80.68457795422728
52.65572206683083
88.57198078994979
68.9146710412709
47.74138840193652
120.66806531560542
103.08280660965782
152.4877510571065
106.15898370278305
57.72108645338877
102.27430422655388
148.26843668346282
90.00502395470859
96.5702517591873
102.85315685323826
98.5922522004958
135.73312255562215
95.50680482117423
89.92883479765636
149.52248797670137
69.6731971299879
53.943807063664764
154.63231019937135
105.14728078131913
73.26676866459046
105.3217839052212
70.94546402041922
55.51164024824978
133.8450004876137
118.0778397140674
104.8741995255761
84.52570824596091
77.6495410398754
94.5945179984709
148.28646838287466
100.32495110856318
81.46135329553823
66.62089213786182
138.5301971839242
74.76708225490455
67.75777265078409
92.26595370632148
156.88823783524933
73.14206125470382
147.85884744989687
121.44556344132604
79.97919418678097
115.01212225037531
72.1180951700644
96.90104724960152
134.37199545414734
80.6799716409424
78.61317638877993
58.70375644439616
70.65397881515784
84.31665795429758
86.67591908929533
93.08631135078613
73.08038872450963
101.60745887016066
119.02462252468469
113.23275369020978
89.04249626926945
139.54373162961517
96.5419375585148
89.03817047007955
73.70962545267356
84.0696881922903
149.01420526641053
96.19966985535274
91.10709926006754
94.73493699280229
132.12171668488625
77.13154311642342
93.25859939772741
100.59011070064385
140.59796416607895
109.65425019818456
69.69467079215741
128.2694035774324
77.70288715314877
100.73536247787524
92.18579498997023
76.00300309464404
84.93550642161783
67.8562382113627
117.09686828360199
85.66448870978563
44.34524509366432
97.21490770165752
53.09546438465526
64.30149563106481
86.82617494312849
125.71438214278739
88.74803163100377
68.87471650685785
83.23865979402754
116.1643987576391
108.3001219254547
102.44684791761239
96.01318485866737
87.04624285168585
81.62076050329318
82.37892962674617
105.2050273604741
62.299149343863746
95.0400740521106
132.99430903100497
99.34385189170766
80.20123081689006
81.7516762585544
68.05362940841177
56.80271112353166
98.46460649661381
110.06604956272061
118.87789270211573
96.03577448269095
89.6854333938152
83.31400056591796
63.698476537229965
111.21521199879825
112.79020971921317
84.32451964128246
92.84299057939697
127.98338831331971
121.74908871210806
87.83185396420407
81.96587537347084
83.52125521890558
92.61040166190121
104.71945721300241
149.9553208939307
110.9380587485555
90.98408803199355
64.0280854293952
102.30812302053482
83.94365553690365
184.06748289796516
51.09609698395459
79.28486850168467
69.3034430039772
117.48084611147327
66.2426970458416
59.300842799077856
65.87992044186448
88.26336680658719
68.50052927927649
63.73851190082096
71.98620616668389
88.74102523758675
62.6008836583163
96.16008821756948
105.29286881084987
127.35644213132313
82.1691885883829
83.48934950115972
49.91870076884244
85.87313228255238
160.04453861687142
69.35009031784666
96.55792759492567
163.04759877296453
75.62019090756613
65.74799209295524
107.84043042314843
82.37403392730745
86.36490992795738
85.61620089225596
101.61379210253918
76.66329571206553
84.20730382736853
104.87234142890776
107.62455073731094
61.62034780996343
140.07585388420966
144.53139646782475
145.58601409540393
108.38586606801648
120.02548456602
61.53245566655933
60.048319652025825
108.23531859050746
75.04008244901505
98.50669439162816
115.45215324195527
74.73875321544374
73.67785443976223
113.6016006179813
76.18386788555857
107.7175946682227
141.8246751262954
69.08199882219297
74.4432363400773
95.21960990864558
87.29277554487108
86.48468670487107
96.92335098089917
132.438890182331
86.2878046998697
66.25555556542993
103.20323311450986
99.48461912072652
61.469825399500756
61.34374276570961
54.95862279369837
85.53099312277801
89.14792722325096
68.1262193791347
110.6477208789276
157.0799589842063
73.59663506142131
111.64239329770409
85.63014517667122
101.3081670508942
152.775634972771
75.12049769737855
77.32847607923962
129.39651667463065
80.39407688995861
101.65227765358995
100.29394289403528
90.34506893583229
103.93113304444998
133.07610021827946
73.89883630066532
56.091524454627404
95.21819846050589
97.54301856711052
76.07105487601345
104.1624669017259
127.27970369086536
199.50222717423136
125.23029697161081
80.40469456214059
102.0259501336942
68.13262235177365
72.84732799860404
124.3384403344649
91.65427368209428
68.08194671121082
95.46973929817807
74.15057059893797
88.25659216884141
116.62946513532069
76.82972378654767
117.18987803024636
87.78632047937444
115.62341610960523
73.3844049992484
123.457064506643
67.92784853806008
86.27897001596527
70.33885299887862
104.21727253689062
143.95378474212822
99.04609465713993
94.46180785350377
114.04196262319148
91.03007268837084
85.0083653818611
95.88444844587553
133.989873757683
70.3038958725848
68.41415806495856
116.10180472903974
97.06104636539185
85.83937122866836
63.99740650989095
110.3515997562023
60.98817353886257
72.47219512027944
111.1160520158941
43.936499706078756
64.13656150732973
79.97903419724692
144.15749068241266
110.22717543583458
98.26108187804986
55.96250861439908
84.44561938705509
108.5939300286123
68.86853288474434
128.2122937412983
104.73308461421136
126.03769278048833
68.78845057953323
99.51564821762936
86.35342477195513
150.0800915463417
134.2477978437542
103.73083448710281
94.1374059078976
97.18606071506811
85.86199177032428
84.39044980096003
69.4017568826429
96.3404938166956
113.4685215422238
107.89959120080779
131.4628972501239
151.28020732419097
115.89248432037542
72.29111290998168
93.85284947008
59.32407193316759
77.08198544876086
136.58759464883585
91.0534667588473
102.14348298500191
102.02034164007196
92.25264401765854
89.27421944995648
88.73816447077853
125.120177862978
56.282494107009285
110.38494454168043
183.33904339010238
42.1798242594437
50.3255293375814
79.79337227387904
79.7531546973874
170.4435416878606
87.54628137933949
110.13279234535007
74.94904547223562
94.76468048079745
79.00625821267133
60.01078897018189
61.012531148533675
97.8345531768699
109.30727963117532
106.64349694538559
88.47615356669607
89.63027183215954
79.87163574396719
96.31022009194083
88.95622849475569
137.95476523439513
73.20887249684297
94.49546359149029
59.936684213253486
137.95868826980882
117.45720225905838
110.39461921950362
98.50428347194153
87.4778845937765
88.87853634426911
105.92450940046889
134.7641490447201
54.71477874358741
54.8780298590954
71.88923128680311
78.38546236715095
120.97212564740747
118.97640380053633
236.84470007168463
61.78541457288458
69.19159783463921
159.88853499823762
95.33031963314706
77.46670241699884
98.64317073645567
67.05167075578828
95.08087279374524
65.55890606057648
81.78161169378855
94.10325282814378
73.42393035165192
74.67535303817135
109.8415205533429
132.90760956064767
97.62127444798493
169.321677642999
92.172764721528
57.08007555826416
71.38808979397943
67.87263773390858
96.16039896401448
82.31007876599661
128.7127653187762
141.18185399291187
81.95224223160919
94.87051557676381
82.7390634144584
74.74303116567386
81.00035811952475
82.38583444941409
127.69772464364497
91.4466885424734
89.27970274124284
105.24487606103918
75.05333977796522
74.01625227165515
104.66975201055162
94.32440793545703
110.38610683208955
98.3668824622322
105.76835515693467
80.43054234019895
94.36167290852224
81.08745404301133
118.23251954840845
100.98040108381912
159.3195853601165
55.58624387495081
104.89422254254659
83.55054382997272
117.93114378179881
116.3402314983437
124.69611320246439
105.32005897475092
76.48780966243592
58.36778027493374
84.92063686141826
94.17293102200306
104.08752168705058
113.4221676631736
118.63636840789857
84.96902104870075
76.88945553584398
68.01451583730135
116.77656030712794
171.49143800014193
108.66351931615755
110.48606069382032
86.86269555667798
95.46448466223512
89.74841975121343
60.78423967853412
126.28256967160351
62.98832652305229
73.7107780889259
58.850382332652494
156.7776546398024
61.22216348884907
95.45510873086519
46.70203614129142
97.08389113761
60.630883873269816
141.76078053336062
115.15238838750936
78.7076185900596
104.45266866955596
88.61605449612205
64.20146236517658
78.27748408692598
88.52748415656328
96.05918107220434
106.57521520650334
94.50234073026901
101.24197662993744
50.57542393241326
101.82491457460077
101.5995109221703
91.62809505353846
74.82739101577405
81.47691302338566
72.69565950616233
109.53702258838575
69.67435605480301
184.28406999103314
80.1301818136491
72.292616307278
75.74771898667207
184.56878493087393
93.34878631244405
115.78987378745742
99.21363078641748
97.99817346363267
84.15001315221849
96.90752277080426
128.22589627865858
190.7215957485399
177.50185389371126
75.61097882340229
78.05360171296375
78.56622435013725
83.11635303684638
63.83361996448158
75.2460981099069
142.70159975733483
70.77776757643538
147.76317007921241
54.543151813902405
128.50078115958925
60.28172612157285
129.180976615222
101.15134159641582
105.70681536039845
55.35251594209788
67.67830052814126
78.71823361473191
67.28172679071292
88.58579460515351
92.94837633308714
100.12464383734046
116.96794457988587
67.76782376377885
91.53365478708584
124.9612651747457
65.36926316330758
96.78147874091415
64.37335599670183
140.37261596426623
84.18128855149519
126.50002628949666
78.81956158684737
65.68697827356542
89.70572787069298
113.4290179674241
73.97170481462909
66.47072947279484
63.10802633761846
91.51378132327278
89.43078666817964
82.41944101586385
65.65516049771877
98.69088785962597
78.24079212046074
80.05892273332827
156.35136025546655
65.75884689904663
132.47566020526676
122.4628011925754
114.69855994407716
79.99822455058246
72.7640105325031
81.95550206490732
111.78189851385913
79.83647884637708
85.23270485942922
87.86874975250747
87.02668180718175
95.93338962753677
121.43672597509337
188.75747096959037
128.59263064387568
76.31318625539328
60.32656980292989
82.99883551963664
169.73240447419946
97.79463142113504
147.9593849992852
100.28732818928661
127.70392713227511
98.43864414196648
126.24427376984333
81.51397621366831
138.99639702024842
94.75297443226353
65.6326077841455
102.93452422148626
97.061413777233
120.25352324453121
58.54409897247894
57.567263984329166
44.241849264930885
83.40101402042656
96.48292807611958
100.72658482015764
99.69676667427801
100.19600492145915
80.44860667184633
64.02319039238577
69.88357381638184
126.76078260415693
69.46294342604784
62.84313922228173
104.87813518744514
95.53894333053785
69.85964698126418
100.52411833687273
76.82607453696826
66.97141155686704
110.69799606158091
66.24980574319629
79.15271865394338
55.48713919572572
142.15745141843863
97.18811504545609
106.41365766091195
166.76100013855964
92.05781994060756
89.79025614457451
94.46326783208143
111.91913273600352
73.49959368047439
85.13965798461585
85.89785234506657
95.76271885226497
114.13096489489575
95.65225737494792
76.34703018078885
129.16483351902556
97.54292560331044
70.6918920044312
126.19219299385284
84.58055293294773
104.61360487108804
74.3280502467824
113.8849870304075
110.3355817990078
111.40004399466945
78.44298415233726
80.37143067056851
73.8972450809967
64.27814419956131
98.10652577469557
71.92197253010302
108.84868334079243
76.76030907980602
120.80875024326065
82.32678662364643
65.70069667777993
89.31017430015623
90.23001169930195
101.5389056222272
89.4031950102305
84.16123407481201
81.4589856199741
125.45057434683673
62.50890945825465
83.88073967722532
72.59708349150964
57.01468235040723
151.7831924282858
155.2964257272499
77.3147758039026
89.01485278015382
86.30470303889165
111.61602041930318
113.08444980317125
109.84068055847709
122.79604880101832
160.444818778428
114.23694999017849
79.48295594212432
111.80533498633751
77.91087654516761
73.5365923253609
106.57724663920456
100.02237232376565
81.06842931559042
85.3140623964601
140.0936473774585
78.41413377876275
69.86213987587095
72.59165551680972
97.55834615915295
80.15896397014392
115.33158218447099
98.20746888322901
104.7445758575388
71.94661723542954
146.37134155146163
82.98646622720857
88.88819695025147
67.50096917596788
68.78224041032153
86.92649870380855
60.26632297453788
128.6708116811384
44.09871625693484
99.19101022046355
134.23022839133267
63.67088263805859
118.06280227435941
145.5420587581197
139.76077174483132
125.30059170363319
73.87049133571449
93.1903276568816
112.75582654123039
68.93589335240996
84.50393511823047
95.08237357041148
83.63483837447272
104.8609073330345
77.50064555693113
126.90358440931871
129.41496169298165
107.34298860420279
66.16454971564191
81.36821745735374
48.76022561511319
93.34420605730422
89.36952054730457
67.29409070145984
185.35326970437734
163.2060355160811
64.85275176963621
90.45008399560416
70.0832824170629
84.58441286323225
134.67005525982862
85.97532211510998
66.06624387735684
106.80597905041225
80.52282587643766
70.8647755032184
58.59343148487011
75.81855595012519
115.27325671860011
97.96233560064196
96.64691737204083
156.70134415135402
62.92625646294309
96.03786388793793
85.35918391050076
136.73016168871862
88.48597192606974
81.15688777064781
94.97410422586374
92.02057093462871
98.76587863083685
46.71277316760607
82.55270754378044
110.32831909817777
111.83152295007687
103.17770417008569
99.28496474033894
133.2084642114474
65.09274103097896
56.37735611572071
101.68085657913983
121.6655904917598
92.77762724105558
85.03380291299581
78.72271210897577
115.40777959881241
77.08947221890479
69.5169538517295
117.1342536682739
83.01532351821247
71.69983160230318
86.85286428690631
73.99794712586423
88.16782322019546
57.81773140276544
85.64647528048481
97.94523472247081
146.4012878077428
83.38661442900298
68.08808650321323
107.0133031822605
134.82543169605782
101.85969545127531
76.02536099518619
113.20119398692032
104.3018277421208
85.06412546897985
114.05400035205398
76.00089820230306
103.46295058192894
197.74634096842829
76.2992570044704
136.1717403560617
93.88579054194096
80.61074703413153
120.07368491667951
80.36008813310951
135.68328839781708
79.56849565130544
94.08954596022411
89.350716560087
70.49082421750111
103.77304336354518
124.53091764383122
91.76955397054742
90.23769590512151
69.55543209198449
135.21358831364944
75.55687741328373
80.48335748871827
64.0560376339043
48.302633724541074
79.67190700969368
97.83036700746425
146.30145216565836
76.33357554691503
109.85821583742023
74.32704973628988
133.88994676745554
78.48572719748773
83.15599613639719
105.55035792362317
113.13368385969143
100.46831221759389
102.77386734275149
83.8083985270207
65.51519858168659
126.79858519482119
89.81238970516854
74.08336420407376
53.91510864983064
81.01830937282641
76.39555447509069
53.64912541652509
117.02655650610025
62.64470325453413
71.08871304804863
129.541945615759
140.5340426641382
95.11749953292365
67.42772281999999
76.49380253093439
90.45944313154483
73.07956210550408
150.79664040735852
116.97816101192215
83.04500615863768
67.82539148478615
72.6394569869603
92.95784251988432
89.18205450963437
95.70936210022681
159.79623940034762
106.12501098792009
86.89794338833096
145.55390916992104
100.7382663263106
127.72358784182055
100.34706393916191
124.7101472991424
173.17577599122495
133.6076066632121
133.34046298122868
126.22835831112889
112.02714405097095
79.28320650295466
71.93163496635057
73.62420006191425
97.82263999845055
78.03414978933132
158.30018662605943
110.97594455369992
68.43312963154888
122.24052620386199
51.81360254524607
66.8104633433363
90.88466488472507
97.74382286188548
80.456388583969
109.89500093479482
96.66828288615577
83.38622738410521
93.84332515257532
82.61719518900483
87.46835636673914
102.45392217000617
75.77601095403169
46.65829801899235
103.29036998624497
87.90157788232824
156.6953788941645
74.57706752989311
85.04339868830286
104.43186530163453
89.35277300415832
103.54776081145141
128.11926696214974
91.42488062413912
112.13309472817265
141.35117428278855
95.72166148700518
90.25647756797068
141.53393077858203
92.87345950204418
101.06546835301933
92.62378401525982
120.87886727464836
74.68814544836152
90.28203884712441
96.2156182619864
74.94943355998645
83.0986524474219
52.751041570027446
148.35139741005875
81.76671394104241
62.52399780885543
89.6957623302064
76.46216058317813
78.67458508599039
83.72678517152586
67.36506694022553
60.434140443923766
71.53449658205093
107.99783000554304
90.62419623907981
80.10816283595629
70.94509868012318
99.06717998370269
79.57412271595807
111.36513351236982
107.81035581379834
140.29130341569015
120.60812546521925
53.108825873807376
89.72501141678309
128.6932147825287
75.16389959197416
147.2621916845224
103.80588005659554
72.89222983779692
61.0328179091682
69.34561289993862
77.85997566463804
159.39341018119816
95.83366757859574
140.71335146630773
157.25441025895202
101.3990847881628
99.38083841656827
88.83275786256841
135.97148085378436
99.92567422955106
96.42333528566536
111.13705144416777
76.8277338740046
67.59706134242532
84.71610313765913
57.32681084653871
130.85188537178186
84.80649627389617
89.68572971338843
84.4285842178566
70.56128095122574
70.79165402523012
96.99104634561986
66.94518424018422
109.59655664138333
88.97224583011167
84.94536312140235
99.5841711235257
94.85377484827363
101.80700660224899
102.40756108219556
67.9385102270464
101.55928702754468
112.4862589407666
69.54354219951287
93.12308431128604
102.33762294278881
74.6292623580184
58.344573425883354
113.6922254030977
78.410737584561
83.45220034712236
137.03812320521865
75.84947354203507
148.83301890317702
87.95265344531347
119.22041733973299
88.98073746378078
82.7961688830382
91.79208474465663
80.48132290197753
100.4866757074566
134.02167170375714
61.91962115311805
69.47507349533257
42.817158581871354
87.75155427237802
61.751136827395634
107.06837459521765
88.86815877028243
61.9448147942943
42.41290307869255
87.88375291153335
104.61970665168943
107.74707030185063
151.28476150965088
69.93071313784198
70.40435425761076
151.86497254678636
107.1593720500309
84.77026680910284
78.7541465588656
91.36270915345104
108.00377370234044
74.11449736844858
100.1492712285524
127.05858393592618
114.77927635227742
78.79312965870432
91.3381821432308
56.486659448349975
93.92314363785984
160.36642083889623
102.851450248921
76.00132611821783
82.04973836181307
108.6718796664211
61.06877396142847
76.00199898934389
151.0429096242689
131.55348878379377
99.37653861445402
125.70734919754484
98.52279308595868
88.16123993261671
70.32187020318148
85.75155507937056
90.54520402655386
115.28668357717962
110.98653515797999
90.41649334853894
128.31152156050615
172.343118120446
88.43983593730869
82.00223465715865
132.3450390099132
74.01763359981274
78.15826660096809
90.55665310201539
69.57765529169154
72.4800819126949
82.56354282706185
109.11308153426107
123.02408290388398
74.76456936675973
111.12814571551158
73.18069854615237
73.44557029699945
114.11072888172502
68.5627897889838
50.83298137355692
100.21010243438026
67.52087293289011
76.85518349778707
66.45931182225807
73.05530727592875
96.72345884558887
102.17851309547817
65.4759789647424
148.29665492893997
118.92986900369264
85.27045069200275
118.88647876223853
87.25810696126995
84.7497523205894
81.09495300886267
71.05193465835077
92.178871832477
117.14158681833521
91.06894399553795
121.11125492490658
81.39930061418819
160.33078414757443
81.13494899647876
95.40775083615927
109.21012293894367
70.35325641886455
116.04333439629393
58.81973851391965
114.70213850793786
141.24577100187994
86.16185589046638
126.1563981506959
68.22849278869919
80.38676454551216
89.2824187585224
57.294341554345294
72.94766794858586
101.07546186616436
175.33296319209975
61.98096133637269
79.12416691350062
90.74740509294259
81.39287498215721
89.56013618697098
85.42585554494556
118.0419495537798
78.73583069982787
133.71411889629832
138.7975549059035
66.30399537988887
88.1414035124579
96.99791704362573
68.88147254650268
106.89736155374601
60.657497335976394
58.88600600821857
57.55438452216477
142.22868062532285
112.86851974008133
76.15567602243503
107.02517286975764
76.47559064860936
93.47130709414431
112.80004135630728
67.99925505823104
80.19732893928087
75.61334479199657
54.81969758141527
79.80593622414155
80.77496165848686
60.129356184475505
107.27764493819967
65.6598731843705
81.86392712034774
166.30820520539575
78.73102329160444
84.01307046956478
84.40599973824898
132.74493356573055
89.98556149507549
111.42584239742608
149.1361324889866
88.30164713270959
117.11863783856327
121.45184904344181
73.70374774722353
99.70140529376927
74.81632872454355
69.08216620772144
75.20032319918
159.87562947959356
73.4552387564815
91.31547097753716
82.25010943179225
84.39732005596716
113.93600428688562
69.8231798102957
84.10764599933268
102.5144166329784
92.9634893294945
72.12723141643664
80.95224532638133
71.24987265530324
114.39615222384577
69.62939741283054
132.2975315329101
70.53815705306161
95.00272862859951
99.21747960254444
61.855104652389024
97.15442619973797
112.29589829516489
154.2319511449185
94.96061588843435
92.51147554836015
75.31698905011088
100.55389390573193
69.80875527998172
74.25770882766703
125.23893694242021
76.73073814347211
133.09527796174723
82.49613425963855
109.60802712532937
119.71723755306517
136.17358038886988
109.86927020775408
69.79896316956254
85.41696905029137
90.48577188954384
72.61152766569818
113.23618925588286
45.40631607327305
68.46132753890085
79.92560495109946
122.70272944126499
65.43960656788134
110.88055415729838
107.36249346387163
119.79258621026642
93.7931060574497
86.09675273811247
122.29996107226052
116.58300145279239
79.11397474384322
176.00376253434092
85.352700568937
99.91365449896361
63.43241536768187
66.5558785336826
79.52956207056616
59.87001257229772
102.0865644607208
180.04345192567055
146.35303485386427
115.04831316170127
95.610393242081
95.64774350009453
67.42259021726971
81.9330821021357
67.35240277600668
81.26376286846019
97.56322578549518
77.67513883269831
59.06147899156496
156.66407413716294
49.41510196745689
85.49388039373554
92.27179110318342
77.47877367593003
70.81925046902595
137.45991196680123
71.33474504548137
121.54547959336499
84.47227272288272
156.48460164204369
100.94608082522937
96.64957841977917
64.44535472544732
76.85844487254617
157.74912525573046
91.31216070626405
109.12368958392098
80.56802900223128
122.13845414253292
88.23702521073322
64.28507604841384
143.0471540583103
85.71123938014067
142.7527153008883
77.14691516908566
65.82037210075978
82.70518375103589
111.23169472704102
65.25885704075971
135.10884781884675
88.32954100051352
74.55347858886563
100.1448029420721
112.21962726114205
101.42496035879248
95.23583369545037
150.51070240340908
82.94059632776279
107.79573874967103
121.74936940035779
132.98437794881724
121.42116882348645
103.09956743952596
84.37794830417292
112.93435584779519
76.44838228757887
93.06313129231792
138.57173583503192
82.79765662111166
116.81439663027437
80.56393898594612
85.11959414273865
90.80461880084036
112.53417396062011
90.01224265435923
101.60547742046981
67.53841749560081
96.04764770182645
85.78406568508612
113.85881771330358
108.97023798590347
70.80938844889721
114.0596283727654
67.89300968423342
72.50144319788176
82.59726088201069
88.75514181935394
112.13868978590628
92.37048817652979
79.48931465889511
78.43633482103459
70.58437032074475
74.44120634660375
70.73263401745893
135.04975453542983
59.06035815241552
75.7149335457753
81.84064220806914
112.87002299625541
105.10829540053437
134.88519420482086
135.58756340878926
113.2468743699516
130.21349025105818
80.23538464823604
131.81769072874894
101.73125421710687
66.62049459635696
93.26812643563045
67.38645482479897
66.74903793489432
101.28338182052165
65.98606001132876
83.90450228612787
82.12733003471317
109.64401648200368
72.9769821269165
142.45595163899767
114.673643558495
76.80392744325974
71.17155196103315
116.90793960028489
93.59718375554675
123.56596938347546
87.07872245285064
76.57186440279021
94.4295424399747
90.64821302456761
114.20116154553872
118.89539455285463
122.91422230807791
95.91478637739243
97.04350957838611
64.31771383445066
102.31987437820023
109.24170352629827
102.74233636816106
95.34259975219919
84.44732103981707
65.01360662412644
146.27119646121838
93.19957815319206
114.70799099549491
141.49846540954124
98.26895533513314
105.70187204557757
83.33904873974728
97.02817840885004
92.15244918806931
101.13376233795589
93.4859836589672
113.28139751816992
140.41320440012717
112.54303230210768
78.4710391056817
107.77526748652228
80.13980974806819
74.74498460985748
62.464592129804274
101.84123610452313
127.03566254481476
55.85566514984821
78.94421265710432
76.19873101743146
118.02178535479952
75.5674712603046
139.1035033633228
69.12699921940535
141.45135068493622
102.38289942566918
89.91791307227007
120.27818602662607
163.7970557253405
66.02799664494097
82.72358496388138
88.87561798389946
73.86397773384684
101.55633997094664
70.3669306547417
74.13652329839154
113.579295964309
109.1558604019431
146.05361390133615
87.4750818888799
64.55258592182335
99.78085387719302
88.64051457061464
68.11336162228707
84.43499465946141
86.63256476635492
70.8606122965941
96.4242573011069
101.47914948208869
62.78946030614203
92.07909541738819
85.40638993403374
98.12648448277358
61.817116812857044
90.90064220885563
86.1940425912182
103.78685549841073
79.48743294596463
95.84528504515569
63.53960019108076
59.5987795490898
132.2850823494521
85.18727563059673
88.49751905873337
83.25052151629443
135.37415009699956
100.05521394304573
115.20181504272196
104.82981640236689
93.25529433899318
96.6270681568954
105.25313716898094
71.65747258935235
116.52017493358457
96.12087879392975
123.83145643429123
72.88085445589306
72.67633568295307
113.23703632077313
65.08885515387843
60.36970432887142
51.02900290207888
110.93803199688527
111.18099928384923
58.50478346215926
58.803072347589556
166.8634017494117
134.95139365536156
166.65020651227138
71.55698271152319
67.82616666509658
80.55021418634122
72.17845518882031
76.53507872168454
57.538817004976664
116.82167033055688
75.5955261953222
80.87370475057732
136.0606589196928
86.41831776558959
114.89672958721317
88.47181797747177
111.39116251126498
70.90957259649751
78.38809428436798
77.65102116240897
72.94728447168914
92.08521845899914
67.07052049132636
64.44130112950091
78.329610112609
101.40205630337587
71.52456431891262
69.88359608907867
56.86352916022076
90.62105935569448
206.6653777182479
103.47929988209997
79.30750069770848
74.95756225931738
79.47836891643422
90.60381488639273
99.74721920198114
86.48542421144049
127.00937983329321
81.2914414737236
120.97105142194553
66.79277780452017
64.76170857961266
91.14941767236806
70.66266181532973
118.65456955763698
83.1736427527688
72.92701814158646
77.36657074211456
58.079054053817025
90.55994189058538
126.40848478883547
113.55801769522695
156.71025999008717
93.54309252690899
135.23299796557725
71.12887899931403
88.18016364830244
77.17979361633745
119.51003758125198
86.19600708879412
146.5904413285447
108.01967343582616
80.96938774134998
184.93114108191503
102.5024582036165
77.62250700866385
106.26933166955112
103.70211400364107
75.90163361255998
134.38140040129562
58.8066423051884
104.15796793473349
91.00514491992847
67.09877219303834
124.3875346192915
45.114359462797076
100.56437958243791
139.01964399319417
79.30528295873462
98.58063108974886
117.15757793474182
76.54312497844748
89.0015835729427
104.37331826794085
84.66132101298949
75.58644134484106
60.26916179958722
66.37048501979142
61.64654236180497
91.15877302479547
48.70883900219097
64.5239590292289
173.22336938727452
90.01517066617652
138.67289812034974
79.4358073505949
60.492662353715154
73.15133381939935
74.255145871657
76.37123362926616
96.91573117964342
79.54841699137361
67.09778399146713
83.61721964675897
137.21914229831197
105.8974739488221
172.82090235949576
72.45530420663837
124.8225887169269
149.44499553509166
138.6608456581484
134.96215590875985
73.78529821572009
90.1701179312447
78.81411814892405
71.5559126695629
82.33368883671207
73.90848214282032
70.74873501747648
105.43179797878418
123.02802728491164
80.4516205097694
70.58976333320854
55.75522539125263
122.58517333704756
98.11590410569787
60.16234311421772
95.55015174261587
99.23541188530768
101.02012717264914
92.81840946638646
67.84166764186915
75.91762638493903
116.81050505531891
89.470977673001
83.58796700782572
108.61042362593594
123.5035464604888
124.13628894757878
169.3015827362997
156.26086971595595
94.1675310589039
103.78377939800023
83.25357960126341
90.82212103761375
100.50368840850317
119.84633998003285
84.44288268843054
152.0579835650858
74.90477696599012
63.67092114898294
68.22432218571797
76.57402114178453
95.21929380224637
86.47810946539998
136.17599789508694
92.88333446333104
64.09558143683776
162.91031233991316
103.24884750005945
57.36766882002114
70.00110375936086
87.80189980199864
110.34627164255926
78.16641650751711
87.57924722140777
74.83921359614371
112.53144783405314
87.77497566871834
57.57351146371577
79.71582058580194
129.69745778074767
165.37559159295847
117.96132640698995
71.30337391061386
119.85985085608115
84.58505083666896
97.0349232413561
172.3569517282653
109.7200464450931
85.06068991552736
75.70685539202306
108.96968236923064
133.30279942040733
89.58308473953534
91.00883789864427
59.67784796772426
75.98289236368059
164.4588304576263
77.4840157408621
70.48728433482982
164.9125198792729
54.787341547387584
78.72029723129333
108.10981340499089
87.69273844933049
96.3338742970992
81.35678046234707
83.13681773247028
132.08130789300336
108.95293637896674
77.79473555879665
85.80831731908752
143.76937654566805
98.64270210290097
77.5810497918929
198.24035611180253
110.34448816030375
77.90991598244375
76.76205361843235
84.53989775326389
107.87704746475349
72.14603920385085
90.64890023136012
81.96768908833634
58.110365589032355
62.71314048590912
147.12789209151885
89.92358192528225
86.44034078791115
86.65004047395713
108.89354892933515
79.89745065246355
96.40967199628118
67.17016778458746
73.15835905576463
108.27826461439099
136.4280742906902
70.5687446711469
83.40482645143527
105.38305290737178
100.59755311955352
85.45965558379744
90.9041253871091
151.51202987279382
69.45676562992068
79.17929827747014
79.13383403238548
81.6087610351864
63.35672843719535
101.3837058052889
58.11955426931391
119.62463039804263
137.15296368649567
136.10779859895902
106.17698840906593
103.88598195983944
79.65409837952745
118.27889348279248
113.22480014772289
96.35731348586542
97.97549889555394
146.2766212464438
77.14823029477768
76.31720680763868
89.47823799530704
71.67017825267094
100.37327625815497
82.55026327425551
75.42204125610944
68.77824252168296
75.46658004767998
61.653480390033785
190.56580966615172
81.70441216548663
84.83515996417688
89.58978584550272
82.80367091543886
119.09797439682596
92.02674477548156
112.2217324233604
97.5543154181069
117.43458216890392
101.21368431658813
81.75757720143457
98.15455310928765
84.85836643052792
79.99164874412719
66.94861803953296
97.92964981335831
92.0795075328685
89.23900340745382
116.80210163322
124.27320556239762
57.498504762524135
99.01378319264569
55.42130817605212
73.90496617885657
68.57436555217365
114.56688959824407
100.10690965513025
63.59289923639799
69.16121182059022
74.98821029496702
84.28781402859926
78.47962086942088
87.09702128118835
88.47588482622754
75.95332139458742
60.524857129977136
103.84664950707278
121.17907871114981
110.45437296669938
136.76623081946857
79.54746520927569
66.82184721834851
85.97995201496241
79.53111554704468
102.52197381708817
137.96634126111425
147.56724115834882
104.15648093453417
58.9371233444016
106.02583487755173
68.10868322874013
103.82264971376618
78.81111454270476
90.02823136235095
77.43141720472289
84.87431590469089
110.74336350301854
78.80061354463108
80.92008830980065
118.3134322966929
72.67986986118056
87.29678291060429
66.01218564673621
139.42339866894224
123.13543792888927
59.2754389740959
143.7585229001192
92.35923770032991
99.48001578773338
72.07375693658364
116.3208843859686
84.87607593385782
168.17301824782592
133.39850607079688
129.70543522386257
83.11865790401846
72.69557092370262
97.18102611567222
89.01656589468293
76.52898503504896
117.98239549404003
98.80920556266248
120.07868746635341
140.71374137266625
119.56054050227401
70.89465379951639
58.14172365364355
73.04131658814711
81.07150374577112
103.21322144937936
80.50884161556982
76.14541669619868
143.17476756802483
130.15651748552006
72.41477978148923
77.84434456637848
95.17546284741604
93.85090952211608
92.52618079565292
118.48185009730898
71.36287378540639
108.91059051886296
77.20068675820036
93.41653042259271
93.08832941321323
159.25784931269857
60.24777216001753
140.92669602943596
83.50275080949885
116.93835875552921
79.64624071192335
92.22048455073862
88.0148988531946
118.23647877631839
82.50280646027417
58.59214665302702
124.94089045340762
79.17002101150139
141.2653492004757
62.29630221313985
132.60391015014508
102.53535818199526
57.31989442617912
62.06800120221205
61.320054697605094
51.34298496871362
119.43411869649252
157.3533173608596
69.62080883946822
124.28563086460638
86.23711646505222
103.1466314323185
113.68741215655737
60.72034380802926
83.48591780940185
85.44399325572996
75.73175459756722
68.26553848521945
68.33852435925964
140.9147648047067
81.66168932191343
110.12380176826689
54.136285172751705
118.36119623534688
58.11435428075775
120.8352300364562
80.74401943763704
74.56992335805896
80.61797334979434
89.83950558272302
103.48922844346527
75.61747313109436
67.24926522381033
138.10146462013822
81.73955412986588
63.091100416990166
124.23850967423053
81.04004941995797
96.94162020086922
71.53588129762517
87.52353871281603
96.98714467533914
111.13156190993507
87.37891603842614
67.04007549844178
92.58296881463953
92.8899468730391
146.06774581635204
119.55657315332846
124.92226550121835
90.43320800517711
103.00350641144666
126.92135512746876
124.82459574188998
81.48655646197884
80.43385967134687
87.17514616014512
100.78681001991248
124.5812378099296
108.16340701920488
145.3760016911923
98.66798273925667
118.90780395649354
123.7151580393318
87.48540077160575
59.90927003329265
97.87681349032397
102.12601197992932
111.55319288654242
117.48371142392575
81.3671935617186
76.46616780176345
88.81586546862881
91.38985291741338
90.5123999156375
122.89981499875964
136.32304111897423
72.90585560446486
88.43473515964924
94.73361744483636
109.54589579947202
85.88279406828694
58.26344475604377
52.352714788489344
102.2991471603649
95.9371915368865
85.79968333018414
72.32629602325684
161.61487193364127
67.11212473952666
80.36103308458158
91.94607270221388
92.41556170667918
85.3276782014867
100.46101954356752
57.887804167897805
62.601222955419026
72.66848781822985
129.31988444083177
150.6123969336591
127.41215097991878
93.98462520537552
112.93053659591365
108.82656651916578
81.20020424670582
124.92064360986896
136.20232046117152
91.61457949483172
122.00186876310275
206.739957302177
143.41659232436288
108.07130043905073
102.40884787614463
102.82546461831923
105.72791057526874
93.0676307862873
114.86117214274891
69.08937278115637
76.38289583280297
100.4597775068527
54.07745499596811
98.2367360358975
102.4159075757925
93.07193093163593
111.65574629540389
105.55385770448807
145.38094568772672
59.14217072277172
99.36216210894094
116.23212526796296
67.77990488224567
120.64029057227638
100.59179130172706
58.755610126642146
90.29718688287537
129.52860137993298
80.71964004765083
68.5484930865506
79.55515989205804
76.56002570807888
86.30322882250739
101.6158155723407
178.62448448392115
92.56649304664013
102.89667799580802
88.23918644744289
134.39402920910965
137.2126757083721
154.53712281311311
102.97721695067081
85.26120848655965
96.78924947522398
115.09809747810533
92.8580808071766
118.07369120112887
104.66678054225528
66.77454395931858
86.93856605301997
89.48155659978563
86.5838189028008
76.53134461932696
85.2007809420042
83.69793201759659
94.5244593910499
86.92719201005738
96.03053990065136
87.83463688591344
76.89011185033638
139.1948043209078
83.78052649914805
72.55391887183058
115.6237240649991
108.05971658633973
62.12511601179565
58.00595108500901
77.41326662680483
111.96111011292706
75.99467124874522
58.00348802082925
79.59092939232542
67.70583014129777
62.63190382672502
86.21708829764393
88.50111719478019
77.26912247950348
75.67991882241162
73.20164744140283
130.2661312828651
101.93941359275986
100.50971667001491
111.58779927911357
114.14544078458357
93.66688963777257
73.61908788684065
82.66418667823022
88.78613205656882
88.54839020081792
71.36697022469555
134.3042894044638
64.56262861948431
85.30928572912916
64.24721440740369
90.24222672477067
64.10488891283008
136.38573105457317
69.55958194246307
111.27080505443266
116.22167271700299
117.74187980273747
90.50106232177193
99.22843372720338
82.05749267573505
100.95028897638683
94.8017401484946
61.76767310460729
68.36734793621115
65.2038595681393
131.57173694350956
109.24007816437758
64.48254723221241
52.87553418408817
54.85209279328973
87.04029549897852
110.86629165840355
88.62785239497143
53.04991801934169
71.95615290958972
96.49840807483339
72.92397512706383
156.18379064045834
72.25591433715891
104.87353156528201
105.96741801385438
133.68629238002043
94.36791793291953
99.68827187252126
116.61751366240951
77.29067168966357
103.23915997307029
103.95045076010585
83.36403457937773
101.80252967722647
98.22477521664392
65.55672389981814
39.30210966764018
81.10127624604469
131.84461562988457
96.9095814804504
147.60680500652126
96.12061045740914
110.57434108335926
87.18537899962308
97.98312122091907
79.23786185496303
128.06355732016044
84.46584340470098
63.999399922335556
77.97648955533077
104.1995301096897
134.11800326910696
72.21624251595134
70.33497247462115
85.85069214713388
142.28133641061072
104.67493900738407
93.49408862699788
95.98428619616956
53.460222856089246
74.09068074009261
122.17948970306769
157.19008467872183
100.64437647879075
90.81809133940945
135.84022463242022
81.91268816271669
91.16305553021607
88.1576292034438
123.47569363786796
71.77228350034562
94.18542786403792
93.41340606412133
79.1990240775678
62.15564414321671
67.65325699960233
79.15033885730102
84.50689982328971
90.29705543044025
100.36438821946703
127.77984067242207
75.1725956286862
96.4916661974307
61.0151933810111
112.74842131477297
65.75524921454613
70.33718333939464
78.30341241812964
121.47197799798262
108.84797537847591
99.82188078959024
115.89433636082052
92.06616332326583
129.9741473668371
90.24231793242578
108.70646404784637
91.97324464959794
55.15443827006242
77.31631086176253
87.65854076448414
72.68672605916805
124.07143092199624
126.24139879098631
71.28338947147154
93.28743185854869
97.76609874096283
87.95043860938951
94.68374436138346
77.21776666119119
59.4387212543303
96.41302006259473
94.0642386583076
107.3304142742294
117.7719566416732
79.97379880509968
74.28229280445883
97.70431938291692
88.9664890012399
64.84980339755953
77.65803208525155
191.97170562917597
101.73057126037284
114.17535590843464
75.69545575962614
122.69442095596554
86.15876026982271
50.10315604922824
74.96099643628195
95.81741022476217
80.36941318760556
141.70993945763223
138.47619613023312
161.985421733123
116.77567671665572
74.46006861175985
66.13266487723673
86.10408636099989
87.51672673134637
88.68993390598563
98.6063897581983
88.4317772956755
114.06169201000034
81.56219179034278
127.91487473836543
111.70224409439307
97.92860653111644
120.50017396942991
66.36455162745945
78.33375997289232
74.9166584416604
70.16967245129709
104.27941236395752
79.61044322798986
75.27131968724092
105.14750352906583
67.61247622602438
66.17426466890414
50.89820905999657
86.87613131692132
82.80345000259624
131.68951198999036
63.35800709561402
69.45920044754752
98.11199541391287
70.37352428883223
122.95075426838804
54.16841906899058
69.98670245761978
80.704252789632
82.24624029217935
87.00482653412415
121.44798620207801
128.90414077752163
110.93336014686996
141.86129993216124
98.36586969658502
102.53295675501815
91.51029908280115
136.3527127614046
140.1194181221707
66.7104063242286
105.29823743697371
62.589373179226705
72.75014278552985
104.86874129096459
97.03498644295031
62.15262302604041
114.91608627588117
87.36290820632591
67.23007911899128
107.42830285622227
107.56308676863738
120.55526289524971
108.35006576513679
115.411983743039
66.50740688738925
92.38396658187304
94.81014796911671
78.68443666096022
68.92590977617343
68.20175542694045
134.20347867219772
72.31276794855872
74.52574290002148
105.86103147733787
88.3321962923869
87.49969289379453
146.69909151950534
119.74178119506233
97.19320021963351
68.00409901313996
71.95873365030023
92.75218454936159
95.253121741476
71.45532966484967
61.715632823779906
84.46201350025405
61.99009493932245
66.56895586471533
161.3636443900631
70.15601200649486
73.73146007014955
110.06027106132201
109.58002197536969
74.6650339855377
149.92908235524658
55.208434752904935
65.09333710630357
117.26796168358791
119.87639321825137
58.516980705893616
72.3141490805063
90.05827114435733
133.302161046649
108.28194248794945
71.85573871047536
81.97780019183055
120.12276976700163
89.00861360423727
112.019282062343
77.06320194684496
70.70349562871569
92.18020475595226
55.20832210489793
125.77246474561348
81.92182044193824
110.51284473101195
144.73819161879987
109.83632288356108
75.90117921500908
143.63945156929898
118.23670131100761
93.80250399396155
76.59719091223474
127.92895675365206
126.92456482162497
110.29213040259822
94.88373055762109
98.37321278279335
140.41337159526645
133.13011128293294
88.2693348605349
73.9359892493917
85.70052231080379
90.13779158273148
101.4964096648928
69.05473669837095
95.2171536932063
75.28141747238098
114.20010237907152
89.6449571497971
86.70464848799944
103.31741582771605
93.5056348100012
75.13885276870222
102.51027954882403
75.00174633394145
100.86262594411444
73.81102865808923
122.52642901723601
69.62777291527229
118.6098888208514
131.72102643770512
84.95470393429855
113.03342271953308
97.15267623779685
74.95499451139487
73.99224786325294
110.55566189599166
76.73341224319455
97.74137486095505
82.26433123767092
76.27915377755953
78.22557029273638
114.98604705415552
132.77873597205385
72.15594583044619
79.13099192186763
110.72708111386132
94.46615764472381
91.71079420573733
110.24327958430922
145.00747566938955
64.33433084018336
80.77464994102847
89.30536393171414
109.24771177170969
83.26266943269276
113.77852814811887
77.2020559727544
105.81832203221036
154.50181333343423
83.67834608270249
80.54463529634668
146.5237480068598
76.34215935710803
101.64555519406706
77.57255106975298
63.979075281352536
89.24827547655447
62.721492096235295
115.3942079255561
63.693039097928505
58.99648851578382
94.03232365979913
68.94663664058591
67.83560212056263
86.97278628124924
68.60041124652048
91.11945673326322
89.77882776282377
74.22307874941497
125.7617154163148
83.50249771574161
62.7744689927703
81.19952988503397
70.24210851162407
90.54472000335987
130.95389532421123
116.35416674324455
89.23835378673466
103.9561144705565
90.0063124409876
69.52789186943077
77.28184885476071
90.72039404560918
67.30363319544654
86.96845245991578
72.50727271901106
63.33111341194253
124.20190796759356
168.64297984567577
86.01325174269469
95.38049125561436
54.69625101886599
79.34740463826951
93.27383147085658
178.74823950978853
73.51175178854128
97.97585955802683
113.09584667455815
74.29109091392588
57.25442526009877
75.16576187334486
127.47198059237436
75.96489565096378
90.07752067918257
86.50612720646306
60.87292300006371
67.81791984016316
61.904886495687336
62.306355733145836
90.2162030303409
101.1025151120611
148.814926096014
101.86636310685864
76.65982099652638
181.92265221591353
113.78263990003762
135.32419629348203
106.91910966633233
69.70784768209629
107.47158310134071
101.57976111798084
142.34641870778628
94.29537683952094
111.9659729942549
77.39519065172618
67.8926453582022
82.5931907281591
64.19834151599645
87.12447640246951
67.01477926011822
119.0833080258751
86.70652102063704
73.79929251664805
85.52448904120428
78.74425367171801
104.66249604302116
72.65033402877383
155.60555619949736
84.1439591261152
112.89731035156787
114.34441223512839
134.35128558322074
90.26609678093907
92.1011544872562
120.79064242054574
75.17900734507596
68.1411264358463
80.43391407536686
116.78200694074422
62.782336364036325
115.10165977864688
67.36561191852235
143.88460629678602
73.03217403137597
108.18261167286718
128.00295698815617
63.936741328824
116.08608975917659
127.00038343256396
95.67815298453921
90.02808102392336
129.40230844520087
115.51575972053611
106.32551410431957
111.1346600063358
56.59854827338832
89.3949832466088
138.13590053627715
130.97006294575306
102.69757506385082
125.76408896510551
69.92619832327395
120.85711485559966
75.80925744264863
112.15059271045091
105.52454656526538
151.21709254352118
107.38968102223565
57.02469143612807
68.79991841885945
82.87434660474626
69.12529720788388
85.25573934598272
73.69296668250969
71.21860082921549
69.60234416596363
163.36872084513536
56.81355556797365
77.84775706065587
191.9707219676613
77.25688381901485
90.00270673938235
133.87888005447743
99.52051968524202
142.45072181597348
84.40890835615002
145.46060859451788
75.22823414186747
99.11316447834061
115.9297613170953
90.44388900654671
79.9113271286566
157.60838758106496
59.98778953229083
98.62046073112919
87.9675007950313
54.98419470624114
72.9807207594061
121.52702914471385
44.84151599932022
107.53672582480223
73.89542691360937
54.48860022193074
93.12174929758491
66.44284335086593
67.45717774135133
87.08099442506474
94.9910378750076
120.0780333804991
140.31879501845248
112.3682612783521
142.28515454881727
86.24498134839698
100.6280883111469
82.00886529582102
59.2276599015214
121.09415222697226
63.64066210261786
86.41155616241201
55.29016806320875
71.13618837616697
90.38116692785636
72.7407709947401
66.75442541937043
51.36819494310579
76.10423996402443
121.05215299424066
75.71665257085823
129.03171345231675
62.403507213223854
144.15866144475544
79.66226066209984
92.10355918181942
123.31044289147555
111.81658747769838
116.19170120212583
88.80987298181772
87.59621739006566
71.74812716301508
73.33864033896069
123.88260547363068
191.39850813153743
156.2020250872306
71.66954940682506
117.26912102137351
64.75920204207311
80.76460222648217
56.79356125121888
85.85061527811008
65.40510558334233
119.77258773233395
97.84435037050315
126.21063726225566
125.44691412632965
85.52815834040874
153.85303489834834
127.32524288605731
144.05357425248764
91.62619574487758
100.83224324412457
87.75928409615476
80.02449942965939
90.32251643231638
99.24578890462023
149.66515040442664
89.24942142991362
62.0082913874294
115.55213643844331
84.69991739912932
98.89165004521409
64.67686666773884
87.56716757585288
72.70759828353353
77.99269705925329
90.9206325085132
102.78396315984084
83.18550501505142
100.18723820508784
64.43715606936802
93.92595332182135
75.28220658348556
141.41665044127228
78.5984556236373
106.99492956939234
76.34179601048764
83.50222316159234
78.98269018858754
65.23961283476348
88.08180785443163
95.09729777500873
78.10929643422371
73.39424853200653
93.0188447817731
80.52741764557987
126.25032991287581
58.34235522497653
206.3213594856093
59.577184044786
170.01597649784713
119.93766575047226
107.82221362074212
66.59907749323776
95.2553783999468
127.60633166256052
104.58417560743005
75.14186852834773
84.8927714996374
134.2401507829371
86.94874642054705
101.12971301461016
64.88593773135229
84.86491208546671
131.84392932298258
48.80396660469265
79.03198899272137
84.70726542331866
70.1823583216804
142.32069020156237
86.37355016979198
106.99816933797118
87.55430062210182
92.5906688327478
82.85733044031981
92.72636470864376
83.81616300345038
63.67870109402255
120.13931783772391
91.49784532447687
71.98070394893635
79.16797154065982
86.9732230548042
144.46788369393508
91.43481557385238
99.70819651673679
64.61831663644463
93.24034092107316
156.66802410594786
100.4863788704349
77.16212890104053
101.11174048559587
116.81785691960238
112.61980121539399
78.75069374211527
88.70948336850462
107.9645516205308
103.66679839434502
90.45692891071597
124.20084031097358
91.74755841168047
101.44826031858119
67.29606965370759
82.03308169502004
156.16964666390712
95.22673096843562
93.58269352503883
96.89032706124947
65.0850759120775
77.58573586186755
99.27474178925644
69.45505908711591
95.07914860818207
137.4250674708774
79.93795410672055
79.05348623279224
76.02176808430707
170.19899770117243
72.24194832128703
69.70104866429394
168.02716064546067
108.61838541105328
96.1494791078362
80.23539552906396
97.21366465216104
103.40008022237032
120.62452444230442
84.47673043788255
71.16951611146123
108.8972064849652
150.7931328743469
81.4451810811602
59.59990417615323
87.36606604583609
108.0096207308771
80.82644604201839
138.44106712401452
84.65078946175517
147.44112327706216
73.90163919851489
77.22105890536946
55.48065735786586
116.06759694160806
65.95580437459427
160.85890510020243
122.74077132785388
103.75334901107045
85.92270144388101
69.57418716803339
69.56440422947381
74.1523290175658
86.96588837165918
75.01544502346616
149.84882389316053
88.02144627414793
102.335938599414
93.5445279484594
96.9691974659498
121.26357556439369
63.53435031968468
84.74593510312832
102.88680695009404
71.79240483924465
121.82015054174589
108.576788765637
133.1306113148205
127.46106971157884
125.16780596951716
96.58062973968717
99.026363856962
83.8489115425949
95.04065785649551
101.05591227600156
72.9371545622329
87.99438847189032
113.72564341711049
62.16020200680522
70.08739837033663
133.8802978648668
155.45171026110674
133.24168341791315
61.20516983758818
46.35384635672673
97.67397701731312
117.54495875068882
65.02491208610815
98.43164121249336
116.10340331697104
70.44082917459372
86.34513911739684
117.64275746574455
75.89126594001269
61.721129311679505
70.12947707217201
83.9825500203729
72.8619164128587
145.7249368288979
95.27464061673848
87.9115308260231
133.5204281926475
42.384090936162345
