41.361018026175564
24.02533713183954
35.85103032825432
27.489691915966556
30.331502827551564
22.385560326176666
15.146273384166003
19.5334082789999
29.40086579685126
25.180858378990973
22.51921896246177
13.672129867020836
18.847762418855176
23.498051365949042
22.629801918285594
24.08044824909493
14.46599600958079
22.52875232673554
17.583391060305058
21.379307752178043
16.639934899831495
23.522659259453903
19.90174453753392
29.956763599920116
33.78644161125627
15.400084628094968
24.001182934317516
7.542727275506649
19.20774809836209
15.19978587154282
26.57679104916984
29.989582955248302
15.983403646866382
33.69174144521154
20.319798762134507
20.229261329697316
15.531532536066878
15.595431331054147
16.00167343585391
16.448557579831878
29.89876776002166
13.411798262120445
13.595061181462064
14.752490334840084
16.02150526225773
23.797343231205627
23.846572601922258
26.935102602567135
33.15651517549984
18.08438748973615
24.798455055304508
17.337968571683074
16.907438742375756
14.314214761193163
19.880733313443073
24.536497539924444
18.241860208946107
33.278320885222065
32.07753003767792
16.29237868439018
15.237439238075027
27.407643042569084
16.644615228091084
18.260740636648983
18.368445851622514
21.82032323167052
17.09355966995398
19.62922100897758
13.29243049267144
21.35019206713052
13.860119060976608
19.03425583612
29.08905880968526
26.12259298346842
19.09016701634297
28.184351634700118
25.85148777638013
26.814886159733188
28.297398332737412
15.043164711063831
21.12422130477252
19.578939420108576
16.08878214508672
23.959283041626776
17.855390789740593
24.651295366944243
22.485781980684486
15.824289012404524
17.669076055408937
18.821718946044374
20.66947586159489
19.63111740384583
19.82042722638523
18.947486135025855
23.744469010526533
19.09637706636687
19.32274323365572
16.420583661551593
33.523894663097145
15.949369270621297
13.923067740041969
22.156682651183583
21.679389815986532
16.12433460854466
20.385461562254452
15.89748321890719
15.786623766271104
24.446590707187006
23.53027766042867
14.619756997524785
17.371375964336618
22.075922993062594
14.048176744507968
26.45773919420723
25.949540814099496
27.2201369435361
13.60790408888935
19.782728324982678
13.203792107406558
19.108108609388307
8.999096081332612
24.497383767344463
21.208042484749413
18.091550502256336
19.43670530556653
18.916047298273657
12.207771339101098
23.202820357709545
16.945587025457286
21.63633771553246
19.5902175239868
24.931550771395607
24.255038801185165
15.419434940770948
20.06681257708282
25.26983626944876
16.350799790802522
18.72823743829243
22.44729753434478
18.00398172131987
32.783666795658156
9.970461717419191
15.861531769582774
19.079498873750666
25.571929573164237
21.042903474197868
27.65268694688978
25.27752642170784
27.403806566434568
21.87068763428605
13.415531949283736
23.333265314339496
20.018020501620956
19.846172207717938
18.505097798564236
22.949390594982017
21.327425241209845
23.044509819269802
27.90139264576183
20.52909068831906
17.70835375462238
16.47451876531207
22.660357085588277
25.855024967692163
12.400621751654006
14.103011932048348
18.27496231164466
17.90427398187109
11.870608852057323
16.83257170460099
23.833081938131212
22.390758697487883
29.537211262780254
30.38391793161916
22.429226521158505
13.973162822474444
12.011398724228854
25.41988396422388
21.070550260957432
24.958247914955393
20.420658115845594
20.99245391179104
22.32884481353028
25.538756557778143
20.916032026812058
16.51730046866783
17.56737706602003
29.380816389779252
26.75295943516549
15.082858882665844
11.094955132370817
23.05766341807764
17.304211913781607
16.9204462154531
21.89243087027074
27.048021169207715
17.579042912640897
20.51831284884647
17.11942290343109
15.689415420603165
19.27450448871271
19.40596224201053
29.023430836356102
17.193871389404052
23.922232080925625
17.748077054618374
11.536123800496052
15.967700177591976
9.78618150264671
27.250429926844948
24.648708033985386
18.81810268569041
23.710474359787522
18.26236324203361
17.028764963606875
15.155214128821035
25.928458134359573
16.42423552436917
21.166686390835228
21.61705161214839
17.321498451741782
16.655199993914575
17.55441128132385
21.917471474808945
30.335859102157077
18.259896382130528
15.478832244348126
19.56384219203287
19.60536301027205
17.463051057477283
19.615559435092862
19.4124039409147
15.556257230608402
14.769577810662234
21.29329899140704
16.9259602431806
21.921210899207146
11.751275815201836
18.502692221970207
16.84881778332753
27.274157785151637
22.405360167128364
18.838901539422658
24.667848072823205
31.61302767255046
18.416103171610715
18.983520338084304
22.645736294732743
21.49146373482352
22.280901536465933
19.5346439418965
23.12990730461074
19.51543688530392
19.72193418276135
21.25336993135884
22.66824604298054
12.894392936862495
26.840763071716893
15.987906310065627
22.63630863719777
21.082140700114653
17.76654468996217
29.714281102887192
29.62043056349869
29.128779170218294
19.303719644491892
13.937714117902905
13.293611122602728
15.100651125448225
19.44199520406846
18.628370200937713
23.052099112768946
19.977793929836775
18.895164945762115
19.295477361872283
15.571548307395556
21.123907926985538
14.4306830659457
10.926139143711534
14.59393114446177
18.09940399550834
13.654520048285438
20.89549859164078
29.83077632746354
16.499519145722317
18.957184019154727
13.450118066886981
18.621510938801144
25.129375144790966
10.869325241665212
17.778876753013332
21.83495534428869
20.31970795795943
15.354366945497025
18.336562924965182
17.822156300786208
19.40513336478961
13.29807878948704
22.212339486058763
24.997020953653447
18.05414102918914
18.893930852194746
12.480355611870458
26.712035988020116
21.364614747316196
15.61493532434989
31.261127994366966
20.576204044670874
15.548852898729384
14.730632850258457
23.123129454975842
27.83071567473169
26.437196220283106
22.532184600099548
16.928202212170486
25.00777274640113
17.39039357286229
14.493234529613297
25.314585700507564
21.16634091513227
18.020145115012454
25.99299680338537
23.5812191774627
20.451170271590733
18.37261644674847
15.966202987043154
13.348846461827405
16.237666226897236
24.532735135335958
17.28597134448055
15.630634062748511
21.652022777677097
13.504173371201198
24.170183043633266
21.087262883902937
16.971921254613758
17.226619438152728
14.787760200410855
20.257466514077276
18.738524947286034
12.502005618550049
20.156762293533944
26.76117675584015
28.923662775501114
16.430405189561263
27.096063511485397
15.056578936702545
24.54953003098054
15.649851450564297
20.935682960147762
23.90577737331851
15.244895584388981
20.74491336586072
25.72502572516549
21.201067935245003
14.71289634516149
16.659158126600065
20.160484946466244
19.889768511180957
23.9827683843123
14.921523319464791
18.52454750839637
13.055160524771125
21.579665790306212
17.530160695211656
21.999461050384845
18.826354112172968
17.006253883633537
18.48930024127408
16.15900255190324
25.53855482312626
19.896543366554077
24.736036817795398
15.194410633236224
20.257074850161157
19.310786337285
18.663759765630356
20.57520206654607
13.745557743356912
27.044870649902318
15.934478673409819
19.8126177638733
20.351218398950195
21.841129052267647
20.518769511313533
24.658813940319302
16.687963765848437
16.862357586476644
17.5246727390614
15.612644762460134
15.448339204160929
16.32188372216596
18.612107306562482
12.955292447636463
26.405081515398066
25.620136060683485
19.246146653730133
24.024195819773976
21.639418146982
18.905830061585203
24.044861795692693
23.849092446661153
15.530830110652893
14.783536075258352
20.395474229020323
13.469149716055792
18.539739269561785
25.697479534465913
19.85143049169327
14.461384256788701
17.63337676059056
24.705883104619623
31.17271109354861
21.902156505242925
26.620104421161905
23.39975622598983
20.81769487621
21.355171499465154
26.594486493395745
24.15813005826527
18.742045676338122
20.378997951144797
24.175283097986856
20.81088887588343
24.765769926292847
12.968965377436344
22.854440761384616
16.10359787822938
24.84881357591419
25.320360512712003
17.578957784526896
29.463570884808405
18.87159715868836
12.358991524024818
18.851545386292837
24.812210765489528
19.25839309660351
29.837632994662698
22.490899281140265
17.403276116326847
19.796255194484814
27.077460644127232
19.711710470087382
24.072817146041363
22.66139806081017
18.596276813888966
27.95609312972195
17.343739730389018
25.019468800898544
22.33001446915972
17.42397390679088
11.619558453168379
18.373133884750644
24.7203222457251
17.59338672198766
32.919596923354305
21.713038871369896
24.305496218616646
22.12819894628413
20.80088660587718
20.45104183354999
24.848043873475817
22.646706576858378
24.52489238860019
16.046029716301405
21.357154527903806
22.414226116964482
26.63468629836539
19.046321608482533
16.699158839908012
23.511753237611895
27.723147986536183
16.162818679843316
27.28382061948758
21.492915003540233
17.3831379922392
25.68550290871962
17.20635849695875
14.595991012550611
33.83207251776149
21.912442669012965
19.307150178411415
18.863064772464696
22.947188279552055
14.208100813878985
30.35515462150548
23.07637000321664
17.189523508147943
24.141770897951435
15.511250653834722
20.43174153147931
14.454883173672142
17.20757239193616
20.78985705709931
33.392554671098814
18.310728294308664
20.52390272178332
19.669578281313726
14.454459741134318
15.125570676938418
13.046842221364678
13.034692442201298
20.754403323283935
14.330363158816759
23.63795213539534
17.732843497189897
29.857458012031003
26.07721861877802
18.951108092667656
16.88677883108217
13.792312492892595
25.717875251132355
23.456437633427466
26.996284734563464
11.307769329900792
25.270325249418114
16.551808373564143
19.39214441749493
23.028832854924644
17.7968994157998
26.3622720642503
20.157278651743503
21.408877000067946
29.960832772159236
35.204039032491785
18.45807926895947
23.16346770411242
20.53587614563957
24.427079010108226
17.646865312704765
19.556140750283436
25.945657016389944
20.150455480857094
16.16497931878524
20.790673664252946
19.054170696421536
23.126639603505758
14.73799377583673
16.846762229499067
26.335210185902852
22.8350386338382
16.347278692634767
21.005919978781513
11.743874826068467
18.93479545683871
15.97165464790998
17.70472393887156
18.36643385597792
19.999431654747838
21.06053441354334
20.47364099570214
14.674578008348355
27.865171009275407
24.58100020320666
23.029097765470084
19.367587180453917
15.016062024277716
15.17064675636719
14.24752891672863
12.391354370945894
14.194802400804695
21.983330654078067
18.502102244966103
27.412531364457266
22.177061805101815
23.85851480258331
16.45947342135857
15.05519346288934
20.934618465746897
15.27005404905572
29.87711856697982
16.265343128338564
15.156702407415445
23.29586298020895
22.663816427240892
14.928971085236286
20.45768940955777
22.233927846318718
20.283555896394155
26.569450535936763
17.73435877975028
24.40270627297459
24.13700743115731
28.236815158149792
16.03652770839518
25.111964756004667
22.947560351035552
21.2482244677135
28.30083190173057
13.065055364060537
19.146250745780463
15.819577365998278
16.47191990520626
13.901882360583187
21.32424912509727
17.34706525542449
18.62086374594048
16.430355308258072
25.019273467792562
29.79045853127355
15.920172876849833
16.003416924970015
20.046600079736006
22.9217413290425
18.361126116298735
19.779105454896996
16.669138833437092
25.13292023996701
13.4683457755224
17.50201039423368
17.005436446076246
16.806059910829802
19.23642822651655
15.608312896156276
23.97283359858577
21.14113309210547
19.00665621226329
21.711981827378025
10.104303302723753
17.24991990934964
15.102195546955551
16.392066619517507
16.174075864753345
19.132711766325848
23.131119844857796
15.584695202665053
20.120789112002647
15.0409036548182
22.96446546006217
19.183614036148196
22.77179450330103
15.037648768679807
12.660022927810418
28.161285639472034
14.003816900002697
20.100419897270825
13.572412065569267
23.65535471393428
16.71626299748477
29.80557646004323
17.15774769897645
30.583591422622458
25.34814067932871
12.534858772034365
19.258034224074784
16.10374682490476
19.142654291401488
16.78708488039808
11.848976663207148
16.33905025466801
15.515394862392132
18.74501141462324
23.782014379442433
29.70127297352757
22.904552102712366
23.899810269052757
16.227083618742252
14.690117259947751
18.82088288354363
16.215652162510167
21.806729875810657
25.64620742899482
20.34104814396175
18.392650272973306
10.432405736877515
16.392045091687006
26.869208340964228
22.92558386908842
21.964960746607336
31.798945924878254
29.939996692707883
19.35091093171802
19.4750812347072
16.993215119537787
14.009949087658594
21.723380135867277
19.282762560928358
15.664872846716449
14.91472215512854
13.813167076030117
25.33809014944201
16.23880983731551
20.63667300306915
18.757786318006332
25.785801195677305
24.927712931242414
21.14086999108006
19.13675611593545
23.729178816357567
20.87141837551193
25.10667542350445
19.81386100791597
21.675808801881633
19.92359822687443
16.219157685432506
18.28570524673024
23.444265592587737
27.211393013667585
12.865770552739416
26.997038530933022
13.884407081483921
17.692753172455575
21.706929584485337
23.270610127973786
21.893616206028625
19.015447358516774
17.715478663079484
17.4558346808722
17.970493869436304
12.03113277765959
18.395214703566495
21.68552762112503
18.2436154678698
24.781518164728418
16.788887575675002
18.15979979478481
20.502766628500492
27.51449329470461
14.107961020473295
19.53845361075847
18.00962243624887
20.626120324723786
12.995585793225542
18.213643166916206
25.847361958367966
15.673682514761298
25.510006874105557
19.069051919660872
22.76139708946408
10.53139724638804
17.663833167692825
17.203152924239127
21.021003388445052
23.009754197807304
26.954810798413277
24.92082734834053
16.63186197187099
19.786009243522418
33.36572090003072
16.17105177737636
24.589301947908883
17.0914170377786
20.30345224941833
20.653326660258223
16.039293419277488
17.41110066862945
17.43246789101608
21.08211095955411
17.260263748057852
25.44419464279533
13.438939789686287
18.949282632022513
13.548462209149486
22.689968967062914
25.29392413993164
12.62651798290588
28.93405894179557
17.769345238236053
28.82906632662534
22.049184272028196
26.194305221915197
26.25942089704148
17.904888976380565
17.374619189225747
13.183921789178463
15.334232935571274
15.929889914568301
16.655690260078128
24.023973473413612
20.550261258970487
17.815851842346632
12.049636226340432
22.93110499126678
24.12368272159714
18.700245527839947
19.083048816343776
18.413347452474124
23.25784641496228
15.642732047718763
21.443395517136498
19.43002898261922
24.86091965750609
22.92444826387053
18.61235495566478
26.511857605322035
18.89916906604429
20.68767807780006
33.30060969871192
20.902968089652955
20.400268535262043
18.844942553007403
22.205400205654676
14.592915239461417
23.211059259756027
15.519572500868243
15.640608955479362
24.816936048501546
19.76878516318104
25.52497217450769
26.077685650295013
21.081247239887276
19.503591033581973
23.15624116886792
10.306158645295803
14.772070233011176
21.644753628364242
10.45320270344158
24.175469592165747
26.57144041838085
20.384522147704935
18.934147613408538
21.66036679628587
24.009449514033186
19.093905741122303
25.391033126749097
22.72708350578954
19.42961630332658
25.68757569693123
17.785724004049904
23.8567872089607
22.38487623786969
16.912112387176894
17.527329653344275
19.220471826325802
27.52986764213363
31.86646526866238
19.860771587904264
17.637739011342166
22.21025935264698
15.153076450143152
30.78843254456417
15.687316082242237
27.52383792218829
26.158209771580577
14.679720542651676
18.99354341115513
18.16890213033743
20.00144671922258
29.347342664791388
24.782825029906782
23.12279137931349
13.804157233669685
37.82901395558736
24.439544897138514
24.769589666291886
4.694339926374734
21.902316329122485
23.890014653423467
24.53657537039806
16.5010958568273
20.566455240142414
18.54609176951949
22.824185041477214
18.248028149492058
21.24579910021304
24.10796531420636
20.36028826171074
23.61500199778906
29.087776757318323
23.96379299796766
18.45863415246582
13.35702191697847
24.26390095012262
26.363833354284054
32.37011211517456
17.852140536411255
17.682972528704724
16.44320825597493
26.40227997206457
21.311502201471683
21.396976078684943
25.765387328315725
12.402816187091254
13.546213520345084
22.291438806801526
22.316960696396112
19.10636820855118
20.774776503687548
18.244747318453776
13.77507231873889
20.013748534013
24.21797873863815
32.40038207611961
26.726922209364506
23.021035689782316
22.526652802576162
17.55979434221549
18.672884119263774
15.911956182885872
19.46169389337613
20.290919236503488
11.871662149403027
9.956646166305669
26.94817457581209
17.4467198633899
23.02908218852796
21.100279937158984
17.212104253806444
18.006011225945063
21.070306075384714
25.503962886682118
19.939057401703845
11.670336058670792
15.256971104581854
22.151576971926044
21.88291206939173
20.180057022590397
24.72624037281539
14.814832534471453
25.19516538099274
18.15968238210507
17.567832111123003
23.455658063083824
24.062394857735022
20.76631004616369
21.321857719889923
19.534422484526214
19.707925100356285
17.502779874551013
14.874923755138635
11.784196312143076
16.540468178556793
21.034208841805697
20.785398951756477
22.167187628577334
30.333046103920548
21.262454319648707
20.559856762222072
26.444077014737903
18.542234553476177
15.205112741151556
16.18991853705304
15.699827082803337
24.926331573956915
19.255287686257116
21.86458690891498
13.185482096964837
25.522523675205505
14.395291525421408
30.250632883289917
21.403011433876763
19.062900958384194
17.894545176815804
14.998316049083718
17.92848949634903
21.605378004052575
37.811697543555276
22.38385458856642
12.962130856699206
17.696689579273098
14.791768427942708
25.334977849908153
25.32098795458573
24.73850326017547
12.60148855507554
18.778683170256773
14.829483128437648
18.588484737230335
12.96604663707651
16.272038633225144
20.820751673541725
22.388921385271185
20.292560291926872
19.748435006731295
22.140450357982687
23.465308586952446
18.46530890977872
17.255011944667743
14.156167108524054
26.08193763597545
18.496813829504312
19.043639617953474
20.12498720828451
25.200997935888115
30.414664849471635
12.243063685356038
11.535854744564428
19.525319489735416
19.542650485642916
16.871738246797964
19.619791802354104
26.61610470688092
21.475037697716427
29.50918413952351
20.35370695732157
16.397977222527523
14.421730870634079
14.498586339224664
18.672835586420096
20.50474898016085
18.22920677568137
16.542245807357244
18.130831274750836
12.767126990097708
13.194207766114669
26.111392086226044
21.681550481593312
17.077877145738952
20.325947777752816
32.519451057883984
15.934509454244605
37.405062577724344
15.549512572585034
24.266058454429622
35.126660079854865
18.697899487972457
25.086685070297122
21.123893854666953
18.23400544118976
18.224192134079093
25.446851181990144
18.832220895000653
15.09969211745607
16.51653596030114
25.248176832941155
14.75991841536872
13.986554159883733
19.443680642155268
22.558000090096126
20.95025664869446
25.656809386746403
20.111250787818786
23.244291717961538
27.61823825195239
23.252162624955925
31.692771641690925
19.68127552394627
18.465148859887453
19.725254532596576
12.497921543045061
19.42746045780643
19.754031812884673
21.08550498223757
20.52942739106439
25.251440508591667
20.171939847519173
18.517151972065008
24.041964560826372
14.71698229775166
12.828634361980418
24.937322554213708
17.28314972996245
20.130625279613596
15.523706755719738
20.87275257745774
16.3390034485586
18.214950140535784
19.929834691132903
18.52849837690837
14.833073526773505
18.389369780872837
16.332354528962377
11.178089649509936
11.261976500961532
22.090810772292045
16.616506116962707
21.525586993334894
25.47959734061218
17.321275791867446
22.59071569002945
17.74974388099476
24.35303929290212
22.443447552209054
18.0953263355807
10.919189843376826
29.94439205459513
23.694908910785514
13.876129956135808
20.23237024580083
19.450361384505424
22.66092919986147
20.042329928845724
16.387204003514228
24.33652799785589
18.793693338135544
16.421889368663084
23.221358953939518
32.621446145868944
17.43973340423235
14.74248528431024
15.121023418622217
21.7012122926123
18.321155645851984
19.99093669470437
17.295735504632717
19.111981960579154
23.021262236498966
11.15962199499888
19.05315358124267
12.813129107993618
21.138984915649957
23.63211276209957
19.262874589974455
24.144174134237183
12.02538269901694
30.27435312052863
27.59011019884612
18.645132236938394
29.433772863051654
24.034550287782615
22.526131701312877
24.850577568018732
32.62230072424334
23.81109567118332
12.432960139040668
16.119697517858228
27.159156785060617
29.370560574487488
21.965737088956132
20.58316914052923
18.623027941080874
21.64523230860152
14.522470691398354
18.48065684681826
20.472505538853035
20.609810519880995
13.029307157680565
26.16512145036318
14.262330538192478
18.239167855548228
15.339576105754274
15.014661177138592
22.855760187835614
18.907340302327608
31.84217850705876
17.385748216838874
15.607857609867724
38.72802845917915
14.997586072419516
25.70475823812515
17.067705629956308
21.648142401426007
19.621102685861274
20.838200016125047
23.85818671399963
21.566535467025886
26.390917230240436
16.931465496492063
24.816995102342442
12.894505819636597
17.417536008046657
20.32882142541807
22.531279297110395
21.708462565639987
22.81269967596477
22.215553066562137
20.98667715803467
17.869320817670648
17.078540927359494
17.123239918006313
19.080214611856018
20.522769357030697
19.39531224558398
17.501935748985122
11.901875773128586
14.762630268345964
12.489153490681522
24.78341563957704
18.031915700191018
18.907682129798296
16.650189012980146
26.01820655698247
18.0490189631735
24.92053009586159
20.945705103075635
31.245385644762493
18.106325748562938
11.057888910084799
11.381422038952834
22.096831918750983
25.90976963966835
13.722454825944258
20.84146346698993
22.042984078806445
22.54518754601934
16.656028965191965
19.289437927775836
19.53641643811705
22.778757795733114
17.69860104953931
17.771460418215774
21.606564638267603
27.59909689908114
22.59821237599365
19.32726306355097
20.22758570415415
26.2393475665818
16.87562835836988
21.070867594549874
26.159566579361194
17.468346244359463
15.390971788796179
19.27574142062004
13.68038714880046
17.781235311487574
27.01642546824028
16.36125015127658
12.531317567470168
21.19641484081032
18.46761117306332
20.78356776876747
19.567279442961862
22.178380128070316
17.642079962145147
18.0552759518627
11.699539775444379
15.153667387354941
17.639361458881925
17.004831562492882
18.140856022853388
17.923575042822552
25.740958100723443
23.360832819509035
23.314496777031128
25.136568998181918
20.822345746012935
18.7655778056874
16.33357542075526
21.965773634988498
11.733675630611739
13.869152346683345
24.08863166893625
25.72532434858898
15.30909379283161
18.24205697376618
32.82909996631791
15.321811213546836
9.654157038629007
20.27728437245493
11.907227599818684
17.482191428413532
18.066418416912068
18.485717697946857
20.338980777073203
25.50821379308989
27.98335044684664
16.114675665321585
20.51205707137576
28.013342429836076
23.22809404521146
21.045810627544782
16.39724437210508
24.714751912756746
18.44522558000947
28.48218422225844
13.334629343283206
14.304539116918349
23.467031045837498
18.84267168595208
19.181233999774303
26.40780949592976
24.726937076727566
21.999309974243047
19.807941059114903
23.11349117371276
29.54053068552553
18.860400869925403
21.29662989075579
14.48053657272357
18.25738385499464
14.491413660860456
24.25520746377564
22.603720405654432
25.569100450296965
13.769803179949411
36.58485691388036
18.920753322590542
29.47096743162463
31.22183300102091
21.645198197814263
26.519920473726515
18.567437374988536
18.217315094862737
25.87070285957745
24.14721343109157
15.076428605598718
11.798354438850412
19.233332133560914
21.24145543150887
18.976525253372643
13.933428715222732
25.090191806897238
18.88790451526351
21.130965129148194
21.029335669793443
18.676560584766953
12.427656853892168
26.668854883267844
14.119362760649382
12.92734413527067
15.54639409358872
20.25156021017866
27.024138625677374
12.385362725577851
12.353682996880371
18.692303735085012
25.55668685173481
20.276711220529883
25.961515448759897
20.047427182409468
16.97314199723739
21.609885244341914
25.400326620643533
15.56082895585577
33.989319610953515
24.23068010856151
27.465997396926113
10.560825175404679
28.40323842630395
23.589370230195474
12.708762899417211
16.447015383228123
28.839143311288474
15.7032530781024
18.86085532662057
16.61715253407735
23.64690988602238
25.090807234464453
21.18306102979269
27.55022541414312
16.314082858928234
17.165374077978743
22.602913571746758
20.43316587579309
25.834406105557072
35.0156409333099
16.472215894242826
22.03844023538384
19.126399991746524
15.4301914953693
18.06361621714129
19.64709970900017
18.006374178289686
23.131613626119478
15.455065183144917
8.047641699311619
20.13018074056079
20.19112430629521
20.868032172261273
13.92777135778353
21.559823577871587
19.913908148723618
21.899549944483745
17.570978798638485
20.45264856544621
25.685270582772347
27.49773551825249
16.230282148602672
29.421806835842123
26.18607673874892
14.094612976118123
19.951009255708865
21.153124564896338
17.27547215439646
23.304625913293528
18.503592606826043
22.27574757929802
16.790066818691677
15.606037552028354
25.669821690747867
20.48339652661109
25.197955353879742
16.46056609463197
16.274464882168875
23.14025113117887
15.551103241659192
20.155981252281467
16.92203492199872
18.746091647602707
18.007800664477145
20.60673147012712
20.620017793563473
17.99156579140644
18.955031977621633
21.58557500815036
18.823077379965902
18.28478184026571
25.234674106693404
18.004552528296497
16.387959672198512
32.027846812198796
24.77764982644349
23.57667324665235
23.283651439331713
21.473084493318925
30.103234193314172
25.359213335724423
13.497469435592905
17.789322553497342
17.839830471492117
27.314929367030643
24.43177177272593
20.7049136209121
20.860840032038162
15.71161474467826
13.921284817213056
19.873984618461485
17.85220420608011
31.80074649441845
23.679534105752097
20.508271446019737
21.724795193376075
23.054334979174136
22.623691748387255
11.953076705454633
19.857456248182043
18.824399883799998
18.708836916823103
18.986141376728092
9.048650260452664
18.58361663531613
25.42011416389041
23.03898491380292
18.62577801409366
17.97241707898554
13.78253588832694
20.125340263196772
23.305884199361802
21.24700697863277
20.357848862659093
20.173973284687953
24.16108163965529
18.716470502073822
13.059012265255191
15.207188240275016
16.07856878191818
23.2395586163829
26.037033551356657
27.246936538936318
12.289119266636366
19.901479505305232
14.38847058664296
28.099360382248562
14.08007338217973
20.77055863051091
18.1579071995803
20.423978127002375
19.790001402910715
18.44215541420085
21.644085234370184
16.854535707444686
12.59543367417803
15.27015369728212
16.8519143828077
26.485560403308455
26.69805691925867
25.871109581108175
37.83357867041995
25.337532646571464
15.949948745125356
12.121258967861994
22.954091672265697
23.703897221690177
19.452757667390976
22.75535711328338
16.117682433977436
19.68445623883082
19.954736079412765
17.242509774705024
21.52726087531021
14.948713375637384
23.970743821910073
18.80940725590982
21.761978462085306
18.36535793630411
21.042052066657455
17.63281340583383
23.043664443917777
14.63237490287453
20.684885192401854
19.69181184961269
11.335004424969858
18.317263305236942
27.005402278526798
11.94098918228024
20.17073849870031
27.344084808729768
25.399537222734043
24.06750118540128
27.916881353991997
17.21144130271675
22.875572633593436
17.50881795713149
24.47580437077953
18.65817046845632
22.066937691303412
25.419853513022762
17.367254825842153
23.661972044754283
20.34594458453394
24.17519255294451
17.344195850435852
16.78566319310832
13.207978379442622
22.829883591777058
21.028999705638967
27.63972059705388
19.390880004536132
27.44121859989062
16.45209201073555
33.64608773362004
21.85647256662477
19.124215064324808
16.426678262040728
18.113985219233143
16.483546369621433
17.37226861147866
27.792407637186074
19.465421009876696
14.828588492812212
19.145890037457843
17.108971746582643
17.70049673553768
15.858208068410756
16.29105062528709
15.471483585010235
21.24820735865925
28.315588169488294
19.883355039332614
14.461483351938062
27.975210964510396
22.503065860960696
18.877805263788787
17.067239328056754
18.48893418997587
29.26500759214167
19.81071377830367
18.945367454958276
20.76706838174359
10.824558942740339
15.086016901154716
29.582720431003274
30.99565934507284
16.082093519666696
17.30251619745892
27.459568797219646
25.243715185868183
20.611150090407378
16.835579613433463
40.76637912601817
20.14425561130512
26.8800857337179
9.454848144674042
21.897007830381543
13.979871253220086
22.297250351408085
20.845560952749313
20.06692313060811
22.803734052466893
21.7468665606227
20.067006645125947
19.65191630879898
20.04138252609045
20.49427425792987
22.803105867670435
18.1719187084251
23.113262415684094
11.689770710564664
21.445985494318762
26.266186439901894
14.887007640796657
17.995708116515555
17.60797198434327
14.575901157184628
21.11306446428638
15.933774785034052
17.02426665740807
20.255890665886387
19.51808657626939
12.398985007134012
19.70707251755656
20.06066138516417
20.236056310775936
18.06899181483913
20.55259109952374
17.779576002436155
19.578488000817575
16.83732527481678
17.383914664535748
19.575620732814244
30.090726876742085
16.16627057970906
20.33868226719416
11.716666736659906
14.72918711990243
16.608455809326724
18.743902447064357
19.379852555605247
25.621193908486084
15.23610471892348
11.673131332875483
22.878761385618503
18.290212532773108
32.109040202464115
17.405992786151323
18.12556622423491
23.871351889725243
18.67142280480156
24.795070179354706
11.797765286129035
24.963043315728957
23.89202565644048
24.118290742297454
17.663961171612005
32.00342842382241
21.945126497824194
14.147581923862425
14.744982274851978
25.311554793664865
16.310439219041374
25.25874130430027
18.52780179327442
14.112391435657576
19.432286425032277
12.013996035782402
24.752331103279783
20.321258968756357
21.73591528602188
28.974492539117215
18.06283326084032
14.283306284817188
15.207966847604046
10.396545397980193
26.761255631844964
15.297462622637722
13.629684006172976
23.287775811564952
20.435158314675167
20.162140625149895
16.56485248137031
36.029646152425
25.348818030615718
25.732555043281536
18.474216198883486
15.054291338478333
27.66759437238032
14.277246869476551
11.017997762117716
29.65073225283964
15.60177990247203
18.654817777781762
17.261449803466075
18.112852741220525
17.84658754917632
21.920833036374294
19.783084540262116
17.587664163824915
16.28738065477065
17.957077973706365
15.576801021116147
26.298211458707243
21.257435305234075
16.964456915192397
27.203127933136667
31.45763502529057
14.430416112081728
13.942602163545445
25.698327765348
24.91216306263123
13.973289933192337
19.926932067845986
23.859141420004473
17.729955192674716
13.729359155455063
29.42338066135161
18.36428648239631
18.37109014423638
23.334527537089063
19.507294622718657
20.26619297542831
30.10478420012325
16.82335744883538
8.239853910616455
21.10664238279902
22.494256632510677
20.30043368801822
30.368053229570453
14.073630669180096
21.889180444582063
19.72538099508073
13.242742953776734
21.923215986165154
15.627448801628669
19.287350436889945
33.44346794161059
22.614222448906894
26.949772407987627
30.253719491400684
21.461741967454127
23.783732512779725
20.07802540700951
13.7164855211513
22.177331989488547
21.474600919870696
25.857278797438237
23.34452608864268
19.530551144150422
19.227554947617598
25.41660991493891
16.98840325693575
28.206398297564206
17.402464563666527
18.103629269631213
18.70738563208736
23.048960896885287
14.881719839593547
23.29479929862007
20.19568749796544
23.06795830784348
22.7975908041503
15.899420944489986
8.4948676890897
23.708985926989097
20.968470637272645
18.311568795050608
15.365567291902924
33.25707775775468
15.498678195367255
21.951273582882884
37.85473427252041
22.051637128422623
21.05644425895629
22.888168155401978
26.778487383003235
21.821587580440504
16.38425050604287
27.437546624985305
23.827107117887625
22.002054674859444
22.42206985833087
19.11547277987995
29.13766515674728
17.496063449794796
19.552867210046138
20.72977301489457
16.1817757272081
11.149597678430265
17.28592649000579
22.094517433516508
22.72216325111066
20.976572900506206
25.057155749505945
21.42721595454363
20.509221619576348
20.533963108804855
17.520021886162315
16.973684977257367
21.065989252732706
16.557731517208087
26.27545679374777
28.058759227412168
22.732770354660904
13.574780327354816
17.475733077762428
20.524638664893626
20.940545174923184
21.212632565964462
17.025118694548645
18.90851819374064
27.13488521829412
24.999624998374497
25.785221244914663
15.375871076402598
20.087733357740095
14.761278080712001
24.1041511237833
9.540119403381278
16.63464640876931
23.96329239535928
21.64658334890411
19.72163222855666
16.33281321647005
28.645606618418928
17.649121289567162
14.953976500809066
21.188574973058227
25.53715216098543
35.68124912978624
21.532150116441702
14.736676971634951
21.33888122167688
19.265883146378535
17.81518091093986
21.83099495359627
15.67902299124497
18.68581888899162
17.980105955786787
24.1902725179086
14.169837276232435
18.522040066513867
26.058443525851
32.873975516678385
27.481617121416885
24.066005780376887
26.069211404766847
21.59358850619489
19.85521952484514
15.212114796054657
14.31260055206235
22.951536330441428
23.10703376421131
11.316518157266392
16.8787786510397
11.919656092542812
22.699543399903167
26.912496603545666
26.8517723456654
15.75695997251193
17.977990909584072
19.20410656493618
22.683325728843286
12.545930606626735
19.50574802426095
16.70139534901129
18.110465920052466
21.873327036303472
19.388358014932628
29.94384095824566
19.210255120145085
17.66591099965703
22.309803784816783
27.445944605685295
25.289110533497087
20.96450229005066
18.742861467308295
16.524046970599507
13.629350542753771
18.000571312543276
18.32533699042832
21.18714358193079
20.873078508126998
12.26476424914445
14.58612564626662
24.754212291775563
15.596973759520939
16.612271996236586
22.14449093398643
15.381238393205168
17.027276502949444
11.394876763058537
15.196286407737801
25.695814428748033
32.07579384697935
26.550493019800857
14.151171095626275
18.685156385500896
27.97601439158261
28.79249533595315
20.12405399900805
15.164985316578361
13.269652773043028
23.26688630998957
13.470827716771902
16.609290465316235
15.948518232445844
20.40177527401413
13.333508528264737
19.90569636547737
13.125073195813727
17.33523390252171
26.170066486250693
16.691263846087846
32.34199920959021
20.150741882951763
22.543555744765982
13.294796970482873
20.3683719341505
12.913975251520815
18.14737316920885
22.077929377731568
16.669572633382906
16.945158091660524
24.71610393936782
15.687072654667912
22.23661452126716
23.589636985459446
16.64731945780561
15.70171302820913
20.97002624269416
17.643216064685895
28.146955955939458
16.855951346792807
22.715417016481332
24.42869195632311
24.78832099621359
20.59959580268523
19.153065783058956
14.201615855561055
25.75307205807704
21.361599994937535
15.180452417421611
17.842862844275917
13.887777517153378
27.963946508640863
17.638162779289072
18.91475873984646
16.376980402774365
18.285940104361686
13.981917148084586
25.792293476961774
20.452453961371088
16.297921991430382
21.780015638562965
20.008380676112147
13.922417856937939
18.207869425625827
16.656382155636194
19.80799045564815
20.94252535344561
25.09822118964655
16.719809089731456
24.248833818952075
18.697590736205026
20.15088040014551
28.490559341471126
25.657626326516436
26.11476523785141
22.750233282497444
17.692633114920845
17.60370630708681
15.964303541451052
21.510145803336705
16.938696301672287
19.83117547247018
25.596426576765364
12.249115553714065
12.377396838082726
22.402424947308678
16.30010566935786
12.479268111164842
14.836468748416983
38.414106321640055
17.60494439064721
18.359927302544644
17.664672698513144
24.638858342765026
21.104650407582458
25.070031480113485
13.730992194401248
30.50569688035144
18.15015194589433
28.097305355722334
18.809943675507764
22.403155890774297
22.361723890706457
17.65028091580604
19.201549406684816
23.40547965674138
14.419622490878645
19.301746813546856
17.02880737005277
21.16719061333959
15.175656974682703
19.664044699052894
15.094448121167625
21.491983860905137
22.15372379450066
18.612477001466573
19.903690591816474
15.557787409528078
14.870596963336006
28.7650303479695
26.844064041792254
13.386087677176906
19.229239575810674
27.377005460938353
21.092159783133365
22.616959494136466
20.867704663290432
20.440250348505472
19.273148502999685
16.661706943628694
16.654460211152152
19.429360072903936
