77.54330393622385
67.35976407685708
36.47032064125328
28.50510907007885
58.58664817623268
38.58574881278308
37.695074654295325
40.58115156191359
45.67855512308257
35.168050588740215
43.98636836002927
17.586063217318216
30.618826948404642
18.368748399023346
40.05413357868959
31.48795842517846
25.40970879378695
32.796611433193874
26.054185569905613
28.804268852422066
32.6082514482602
25.066613649521425
14.922786571252258
15.146849544392301
28.993186167762154
19.85758217879591
20.733184776853903
34.756034448030675
17.282457014626548
25.543741606245966
25.216851306476677
17.21840389011569
16.769165551447053
17.687550380629446
23.98853104711568
19.40642992547574
39.74174058202599
29.046314512492422
23.17481353377082
20.14780471546624
25.575847896767602
27.326284435332187
15.204787847732312
21.708863775139463
15.890521463351915
18.12068053615639
24.21408847417687
19.20132116602853
28.015867461665785
26.66359967164879
26.531319895088657
28.194067025103063
18.99226813109354
27.417287520935098
24.818866889545543
16.230514632801295
25.330473468281532
18.807281904314035
19.161806639984135
31.614560828064874
19.860448508523618
19.64730050366582
31.095675655364058
14.005974603815016
25.213197335223132
21.94178497928067
24.34528557455319
15.67218110056039
33.45881514622936
24.385027041833794
17.26286342638874
11.198232444283859
26.37902291558426
29.695341884207526
25.80790740559491
35.342307350009385
28.06217374922431
23.85006699276365
24.440060072688144
26.527709377241642
28.27373976555107
27.6594838544031
16.698406380880606
21.538120409735384
39.92939405149667
21.9623489544702
31.8340432665091
18.022344235053346
31.484436399988397
19.224544466169384
18.247372922570445
16.689040440814296
22.875048308262432
17.807023379819146
17.25942835491535
26.227988204644326
21.910514896382384
15.235387356647193
31.659323409596794
15.310746005049266
31.58729045531531
20.458212034519036
32.04813565587286
16.185287266897085
25.49907174935011
16.262804273097256
22.016745811952624
30.075687384375705
17.04596762228583
20.31965911802061
18.15589410589385
46.1479691177775
23.18140060373028
21.430705715758698
23.19887951072397
36.25963279014393
29.688777635079116
21.029506728045373
20.505943025338617
19.896232885731965
28.899260133541393
28.742503694256172
17.619293739415507
31.752132028785862
24.742382758489022
20.555839868022655
24.192231695466784
21.795895661088764
30.927018859813316
24.661868861951312
21.0800851159794
27.133371400940625
24.4312846990445
25.55521964779615
27.8617406578054
25.210959877377437
32.09894320459034
19.258975824270237
27.027299501115376
24.412739363864603
26.21514068389731
21.517849836329127
25.085134471173642
24.95037707903072
36.769843125793585
20.285180073140413
15.016848757474918
28.99973751778508
24.42355573579211
17.473435808087128
25.872355684072275
31.355829781878807
21.695485583010825
17.92489517311093
16.66934617680476
23.446723641029816
25.232363492743744
21.871388731690974
25.79070429032931
20.68306532835
32.08012592230162
31.32276765235288
20.185054219871727
23.579164241776258
26.286062042404794
24.698213711710064
15.9841503080377
30.006694851032524
28.229091884222306
27.444191537680872
15.068425162793378
14.141382791636714
18.099403622751375
19.478066919623373
17.58002902565192
15.026240367388146
21.423241273233053
17.01438000206958
35.310236178954575
28.19571210309741
29.763936715090228
17.241831324760025
16.888573491212696
19.539927524341177
13.899249853472229
32.87304701975614
20.958884543607667
13.914162332679666
16.890481447321367
23.14843432940655
26.415416581359345
19.72876782189544
31.36272648271474
12.652561570079468
29.368429965431904
19.039327227279344
12.658888556704598
21.3290362850342
23.50711620304311
22.645173551769147
31.75428610238854
20.092825743046845
22.048028532215938
25.42648242288858
25.575460191780163
26.15090831183805
33.09268407102867
21.82939188840653
29.409847907846952
24.057235746681684
27.09591092763694
30.838268556896114
30.26407652645694
16.85046490436342
33.61061006915806
22.919878115479488
18.923172408733137
27.69866574698308
25.306684393177875
23.33396300464849
26.15469405214667
19.282818452303225
21.02319437835903
20.26263703819086
23.059200272374078
12.29826028718103
28.080985860925356
27.290645473099822
20.98667226886261
25.04179738906717
20.86912447132141
20.707163982553965
32.049198690569
33.96595514103771
26.974326459374105
25.581867744807983
17.67526537274777
19.167584836039172
16.292641908946315
18.575662466364985
24.995173035169376
24.5251941453205
20.77749394583111
17.39988164693858
24.83375385265004
22.747629265155734
33.65554681358836
20.01750396013896
30.704774043754448
20.65907404423128
29.775959385870017
16.856319038823074
32.52463491274591
19.387462104374293
24.90087625121543
16.447013870979365
23.663349610597304
20.279292791511878
26.292821851833498
21.396553190726166
22.42461674905915
17.227223139888835
18.04510557462256
20.365122326245675
21.329791218400228
25.4012879879769
21.494031855081406
21.60950658268257
21.437473366682482
20.890409061345128
36.43517029932015
13.621458465678865
20.058682189484838
23.678463322776864
23.96974585799625
20.21233481947842
17.92708049382898
29.397885234272174
23.500867148871677
16.93539766015258
18.0219924250348
8.925398693838995
19.559753248857685
20.00157591315641
18.060209700281966
20.584861661219392
29.33254418229751
23.91736473889528
32.10476023648521
26.315618512392675
19.010252900524403
27.150135613362654
24.15816066639128
26.222571433489023
26.406197450399738
25.986055528778106
28.009261247922513
20.497853183653916
30.026656243501833
16.755973429280974
23.772339769619734
25.279857932712
22.886967014923165
20.140024310996825
20.824809747404203
18.754088708374354
30.42015821869833
33.37745421866403
19.320913463497533
15.500546148677152
13.472841343183648
23.45482148185441
22.093394736228404
24.603084179394642
13.738797694926582
21.41584883201383
24.721002485854346
16.21377184151142
33.69247205531495
30.5228914452275
31.002713524904944
31.836350359214027
32.594112079585706
21.774492806507524
24.598058411742713
20.94949923586196
32.88765727316027
29.644652395766162
32.34419423061149
23.808403733240343
16.67847210901581
24.281800988473716
15.452985509664192
20.448188805123202
21.428289229443497
30.998457295888056
12.984707014291349
17.153197932261907
32.54048860650916
15.485393948556785
28.594435714966316
18.91070524659247
25.903587237780595
26.18767307859306
23.949354687634617
22.093750933617955
32.57580846087414
26.8265300053599
23.835487832547287
19.084842931083198
19.772555788113312
38.27200575091608
29.149573257633005
32.72665516883958
28.547337495955006
20.718598653129785
26.434569070617584
24.081364992821946
22.938415405888378
26.657843941186464
16.79678481700202
20.099435567884886
18.633465280117836
25.321859746975445
25.683776139054203
22.390147740168377
26.540698879634927
21.04432516141468
21.865606702722236
37.4088706021635
21.91131897149949
17.434551090861284
31.93856962582039
29.143596801899857
25.9047044268767
35.36455206334748
27.597094633421033
17.365072238271413
32.948983383545375
32.19501038980771
25.990115801204645
29.301997865804164
28.73037877394581
24.60771537238536
13.416289108073212
18.06670185900066
25.409106913098906
24.948075114858682
19.761852309483185
19.107645122374944
34.940549960296345
26.264636950867025
14.71361582537369
29.231838678474926
21.144706340030858
27.827814531568425
22.374187308967567
29.495050844675458
29.829668157151783
34.060883048996004
22.150062773271397
21.22689805447609
10.824301483119921
31.09820754085277
25.70766983110516
32.132860087750096
39.94738743521483
19.83784333543269
17.328151842809067
26.050432142342284
15.223401256392755
27.00608502218457
22.84322695666053
18.76498931941017
17.28701122630398
25.449041227860263
35.87830763195271
22.97719889184369
31.802671780122548
22.841845717749777
22.192890953258047
22.608181827196827
23.40298012979725
33.405145060396386
17.927986425879894
25.28926564591242
22.836382099505094
24.924733722971393
26.767323049155234
30.09863015564483
19.783455896253585
21.192941361111934
19.49203711169517
9.189088430076284
28.841505607659716
26.044568978210037
24.448906568216323
27.75934238688241
29.328322792379343
15.473294056441238
18.78440434537543
24.788733892914625
20.78429546309254
14.543256571077254
19.25495950092352
23.233116689354485
12.63367101973346
17.904990191544464
26.480132142953565
26.438413107126422
29.11562959047028
17.175639388040526
20.184709270972036
18.862907607979146
19.605239104265497
17.427961643316078
20.021235097440503
24.68088285183759
27.76325472028293
18.315096902579807
32.111969675260625
16.746394286776304
23.794343854150455
17.114620922254943
15.86806374733984
20.606048953307663
25.14713449288843
27.000225356298408
16.957272301286764
14.326516236838641
27.26371093936954
16.413433309734593
16.615733780967485
18.482226049838857
19.897426816185128
33.11062320439641
23.455930745862837
15.763795295318147
20.685978124791735
19.848462926285034
27.363984972494315
20.8124132764244
19.52740820279135
18.48609278967394
34.93225919865299
21.355196980525474
28.7879837473302
17.636149574708718
13.384111147016133
23.20530226541186
27.624113955592378
39.03929500384578
22.246026845792013
29.754792840740627
23.871040381377714
30.870109552418647
20.697871393610622
21.22643442302849
26.162265695375975
18.97913059366984
19.72527951765687
15.455724366011111
18.179350237471507
33.8134035014392
17.161221429719056
21.988975988682295
16.755613409113703
24.03733984421871
33.83779870832762
18.56426168755346
21.12013559989757
21.459818039174667
30.012795520205128
22.42758792096663
23.01767404286498
20.213837866752947
26.919673672831856
20.71154357779735
32.782213067765
23.88532918019989
22.49938489035747
11.761640003682363
28.438025620343517
24.23302856998627
21.31623306893672
12.104049215727093
23.236708680010786
23.58808075436597
20.20607454566349
20.53445521375041
21.950607097452945
30.823849318794473
20.935941792532056
27.783789786753104
36.58186171759043
21.216864616010774
25.851635570701088
24.147733839746838
25.0739127696556
20.34457506069489
24.89151085122443
16.98956734706268
21.659910143517266
30.066506959184817
25.705237067892746
21.365464037745603
14.942861142570752
26.317482813312353
25.77029415839044
23.089911929663902
18.762205082381666
23.07422894667238
21.85591180041557
22.199555359968727
16.345915994931396
19.66968437856757
22.762164809862544
17.69711387721439
20.099335919915575
33.96134110574345
14.119933852940816
18.93127741902426
16.24643923083538
11.981070029388837
19.204658788102417
21.29891766522071
34.63239510847998
22.442138379250622
14.449628639459494
12.7056737587841
23.30102806847121
17.89005494626479
23.39444166153372
27.969224653059815
25.959963820777027
23.160855357758756
23.62137772533426
32.37627443715744
21.667710015694336
22.265460087044115
21.19337812529416
28.92000170476668
27.59614886859854
29.99688803657194
12.07037559915396
18.62615556359137
21.153647050404743
20.12302186150834
30.712405444892216
16.189963232381675
18.81359756421092
29.844174990678376
32.11233556595112
16.149459377663113
22.862940046126212
26.908037715024562
22.515571781268047
29.81367877239089
16.781076419265663
15.415668478424232
15.017033908116359
24.00970362353151
27.912051323190312
18.318372312743247
18.360107145751904
21.452712051669675
28.002288193101844
15.200110887196638
23.485124501550946
15.535132134752624
30.648500985697314
16.215781602381103
23.38718833075653
25.476571232874818
29.215228341590972
25.831134426422853
23.323611125394223
25.662175738810078
15.376207073931269
20.274055647993432
19.248687110405815
19.330593415040685
26.006036648116233
33.09523564124353
41.559694234582025
23.268884232725313
23.2617350036624
23.950283744827804
19.84829899561472
29.260949286774622
30.146684721668233
21.822354994994868
24.74155614338132
29.99928862828567
23.22218223451255
35.727537941450535
26.79575713260776
17.437236746787164
27.035751095942246
19.216407945114174
21.394306214050683
34.55741922815129
20.077488808430786
25.2966025949324
15.346753276039014
16.319762161804068
23.096545855132455
17.676247811836873
30.019052339879565
24.722391448076475
27.452844947065184
23.950371995827908
19.30922137906517
38.87655419281465
17.95005763486139
17.193207849846782
21.37008911353208
31.799680279138993
23.345458785786523
18.70793427063619
23.606571022991194
17.360782477821363
19.159690822711376
14.762875273247806
26.211081112741585
15.226548578976676
15.610005267902983
21.13602237254714
30.413902937751804
22.70521628295541
18.050784753587184
17.12707376264092
16.00095877848952
19.80870809112185
21.186417068218834
22.92837189364285
19.62099630987003
21.797222082504216
22.826474992204368
18.69534983964613
22.199969608856858
23.71311943040999
40.16469102521959
40.11742730536662
21.376290233258597
21.154497360763123
21.535818873887425
24.824756898609714
12.367742851017889
19.932048566251137
32.739699023976556
24.91604014585201
21.80245208804803
27.14577387767513
19.353696652117744
21.63865933813227
25.364603150478576
19.102278111649248
29.42677800937783
22.437173539473356
32.16199174816585
22.000511669911464
27.427999997508344
19.738936997455404
23.923836849963052
43.01507241289331
23.64600934115527
37.310604240250875
29.936621412217807
22.673952501437185
26.947867669272053
27.17682219890465
23.14956931078795
30.463933659161707
17.877801962211205
14.776129825974738
23.11127157836115
27.547807136426478
26.718057956748424
16.805488544807435
26.478192169340687
20.25945072424348
24.648160170852805
26.260324343835595
21.51125243879358
14.31979114440358
19.3380622482769
15.367308114444372
25.581414280571945
22.304303025090004
16.389558610074083
22.848258026925176
24.894315395932402
19.587005452572537
25.41755639390919
31.038645658525393
16.8835252422338
25.498344514892164
17.84565332996507
23.277058865533874
22.36679456951725
29.511651395764567
20.04685582308573
36.15452645154459
31.193015365653824
26.521745836204474
24.628387900597914
19.20886109688659
15.542952959155071
23.629049233882053
20.188556242726623
26.75980562107115
43.29808528970293
27.6509105597125
28.767643597059912
26.085617196179484
19.36996786542786
20.6266771851043
28.053800547197728
13.83084305636954
31.195454654449406
27.761284806918695
15.042334014496111
30.376890566685898
28.29777908017658
22.262319648096103
22.651054800600935
20.89710299235183
12.532544595068568
21.156250471216616
27.752855336337
16.86477376474983
20.21246531295532
33.57434807757017
18.794590486766793
28.045407120811706
35.60279850878174
24.703123794532868
19.006995275791116
21.192469425028154
16.09028637242705
22.877355729864014
20.02205232450591
21.68711835415721
24.967585758190676
32.80060027519656
24.80713378171554
24.096989742922005
12.856073663713099
27.982431537237158
18.852732973490806
32.516419840549844
20.69722763599951
31.042709172903976
25.357183789785193
30.662585504954652
16.36607061606154
14.870564844771994
31.68141259627715
33.82487413785469
32.55265982000474
12.256833809327858
14.874771030860959
21.17303390444746
21.091588789021014
17.93822451831053
14.817319681028987
30.007619279253756
19.774303109413495
11.256164842779004
16.5713296023168
26.602501885883754
24.60864282197026
16.564906857694975
21.583933272661586
35.32589312095051
35.55982191827169
20.254386351575185
21.878816687710998
22.37342032894103
18.887057651880525
13.626017560593267
33.72033014866274
17.180907236894722
28.266792546072594
21.786379452283132
14.503620865133312
33.60060717327936
28.094960262876604
20.032148363804943
33.867675443385075
22.55163632125645
18.52382699939984
34.946629376058866
30.60699331348297
21.05381842930655
21.258340831207484
30.18920242035997
17.20185758244414
18.42052392858242
16.233101232100168
24.54165202684842
24.213376802294174
26.811096246170774
21.25040626013412
21.42586944176993
36.884250238168036
30.068405661275836
29.949845743074878
19.83573956303103
22.231120556047344
34.63487229393543
20.021654042348818
27.45667785186493
25.89759637827664
32.48835450467195
24.800884075667987
19.883988475029714
18.913561020772715
30.92458181606578
17.82256743022406
29.9282340512945
19.747186592214266
26.337436134003873
28.880452759797897
16.353449505755936
28.623617362426078
18.88136427859796
19.343098423778933
21.127101665236683
24.85412333945124
17.79758192466874
32.05825986581694
23.00882482744161
20.5900501311891
21.19430371107688
22.92752859733184
18.986072095318367
24.26496737946835
19.764992658703576
23.26365345400823
19.772983776459967
17.986248588089733
28.43727573587297
23.329136244828742
27.34289072461975
18.734341825015104
26.02091247283192
26.536377182388314
29.527038178597888
35.941741470386326
26.623106315845224
25.257429106703906
26.29271821970145
24.29056934243215
15.645641813310124
21.175862574175063
19.074967041619477
22.58657728461366
19.047264941761973
15.175234274511384
25.791197113464044
28.7450266885616
23.263055240534396
32.91221965296233
17.28470467489797
25.308219851498425
37.230227651968455
22.210504598232966
26.49878767592678
26.1655678601469
23.664326776232812
30.913054435192937
17.601039158448454
17.538506624019128
25.582591369686142
35.551053347433175
24.992804226760732
20.312014826785536
20.385117867427947
30.55450456381858
39.08635343416323
30.915671261339572
33.93930184704509
18.97790774019957
27.557283992965935
20.939348671153464
22.832409603057407
14.152139457633805
18.679494766761884
21.46165197568645
31.904920005675784
16.767918855720847
25.02572537100506
16.423023747707024
22.057969126351683
19.540443878647373
15.821480920884756
21.71820821981556
29.499790650774866
26.936544046835326
36.65044464733588
26.308682409407737
33.81917801103362
17.56584545242405
16.117170973569678
19.542954684152267
24.198481513152224
17.342181876263215
23.42665846378455
16.804687888008548
17.65148128328761
14.674877955559754
23.200065515673053
24.102303438853276
19.155351824853252
26.81138929660921
23.664278547873018
15.86455848039984
16.089037320742342
15.302067814894743
32.400207083249
29.67413772701648
24.147014057646633
27.80553055784423
25.48758202432284
27.961630922062792
16.653781200811547
16.159235883371835
38.43608936487634
19.009212559874044
31.37472067979916
21.66820958191778
25.805907654021237
26.802052887224427
20.8539425050528
21.376092181257704
17.93097881537626
21.51939409499417
22.28697870534878
22.81658772510628
25.85288603925863
17.318921369732422
23.83961103108409
28.96850681654024
13.241809787971459
36.91297676379649
17.06862008141609
26.499846724687497
25.450673784656786
26.42286891284888
22.202108844356502
18.95106571500571
17.62696788594536
29.1978786843894
17.36493901629589
20.408930220733104
27.33622510770163
24.639639337064846
23.23731245577562
14.23423861590781
26.415504987718215
26.081573912281037
26.15620198105792
24.14481176142818
22.2668732707006
21.79670109507422
17.196886117359888
19.20922964342638
28.644325193796515
19.546011713454813
21.88013392244495
11.878126781893634
29.224794665781634
26.972843226928163
27.041487424199005
15.37383674371636
27.204025944181897
37.83143713404987
22.340541932173565
25.900386348353656
23.8706314305108
20.885986140127184
22.71006006754786
30.94000245169033
22.559565911357538
15.432910790272986
38.02972068083321
25.912797630721858
33.11483533432462
31.368064856041965
15.629885417422408
21.93711188012592
29.182901456226055
19.081765734491686
23.518693871060382
13.37325124490874
9.273740832107633
24.331480019141704
14.398179097955996
28.702663378667076
20.77024916119507
23.511910913203764
28.18335533529785
27.919692988192402
28.147827655716345
26.187968907740313
8.118240598118893
14.652742354991084
19.710512466849167
31.22343745930976
30.444028733718635
27.668913505494423
25.335565715519483
22.309753710049478
20.875507768665166
15.2315641161581
21.451230904031828
27.806019418205285
21.91750985652341
26.328499085958228
22.278338335031446
19.128066713583024
17.27045295973087
25.35962277323772
29.02883422426232
25.01439954383125
19.1653057479685
26.548373519920105
24.118153648894953
26.40661164481477
27.072908808119088
20.107748456748624
17.504885681571704
25.227915399774087
30.536662120478393
14.76248041868566
16.89210281106609
22.07883275960579
22.954165788566257
30.328465885379334
17.81972532688327
15.931137779903901
22.234313208914365
19.110672294658297
25.62797259910075
28.80365660205188
26.10895492466246
21.472090130422405
24.153744510475764
16.360854455812497
27.801987481553986
33.00261523558305
16.81316866336956
15.778709714487189
27.697228121583244
15.695990922559144
25.899547868868815
30.955202924558243
24.330097288755795
24.565911100017228
18.638279594761553
18.368490462428692
30.069782770799147
28.470936995012657
27.08377774469483
24.980080019212476
23.365868569823466
25.34261259815463
14.369909791754862
34.77329005223092
27.370266445934472
27.88275378522755
25.12068352052652
14.805971296992986
17.17172948306054
32.734416712472424
25.649623686188622
12.712748060643406
24.01626367334384
27.9182481335769
16.857171161030106
20.53917294459902
27.64298368139386
20.352212100763822
17.75481854831181
15.041217365816618
18.561217950170896
13.108050049072183
42.076666551277384
23.591452307417022
25.349995266957244
18.913145282193252
23.522844024438722
29.056762886939136
29.92287776664582
21.098477320134318
15.363828052054721
30.42955153640633
24.058654645540454
28.427526796502367
26.83394014334843
19.321402860792844
23.344650916746712
27.20352475661934
20.064811898572415
25.249816171472368
22.148252471217468
23.69047064585383
13.705817665666245
17.910640114960653
34.77904126880216
15.901367835475172
32.23290201765058
23.76130975004249
34.616735499934244
16.622756243723266
31.658390158283417
14.240008501500306
27.793499291940883
20.860425326907812
19.42410108980117
24.51067921750962
27.059124184967565
23.80119445447743
19.239867005166722
13.425140861441639
18.60685410620824
19.02309426837978
33.46696402566371
24.257461536515923
27.096235802315427
17.390437915456808
30.200643409713486
19.248109065568475
27.46152688034903
18.046901439860527
21.29353333422799
26.678567608019062
20.397441215314185
22.04994503676346
23.127584901007925
19.54903566539152
21.256636681302062
34.317342605013664
26.483448638714467
22.287267090982503
19.954930691401888
24.788952300865656
15.511676163853178
8.922635186303092
26.954397582732238
24.69244798287403
19.06206276688344
19.29330655486234
24.0025649711749
30.818676929435913
23.104871221685762
21.243835412593928
22.725281123607026
25.80787879237211
18.006103861987302
18.61155685777936
24.12083248748808
18.6175467500478
21.03358024077744
20.49010356013044
26.528100657828517
30.072744403523625
17.049741148046753
22.359494936579775
25.734503613993876
21.842322456195102
24.046595819703516
23.084951564149858
25.61114892033426
17.475189980462737
19.154686474795284
21.788455097772346
27.366019186296725
28.66171334885293
33.588896026058244
18.723715900655993
32.56974532292749
14.592207098087467
24.817898435210218
18.900149925029215
22.66409958394534
23.109060381715963
26.843173481216233
17.38101382788439
22.788860227333654
19.079962611148403
25.096579435435373
23.7010626787981
27.539777856230536
19.750949892319134
27.453211038444657
27.022042676868974
24.847379409836385
21.730710122741126
29.039489428099362
24.133066731129702
29.5741161354996
15.621790891666635
23.896923456728402
24.02499739736209
31.165089686923636
13.844411736272914
12.453751726816048
13.148203762699575
23.75972200000322
25.666098982641515
27.78919795706085
24.041726653178983
17.67875458899623
27.12782346029684
19.981634345478984
18.571453151747345
18.641388335880638
26.312101186212534
21.24836060233981
31.582510909057415
24.97440185008494
23.567949927158608
22.995060281002512
23.16623987666197
24.30493194360841
23.949362582168845
28.068417020582192
26.10061546871374
40.855606404112145
16.085771539276305
18.028706608998156
30.03237388823137
14.929555873524315
26.576986834011464
23.45857043048729
34.46620365817042
17.283282539650045
24.341322806266668
18.679424433864877
19.657636719761527
26.683429301347516
19.56849491594089
14.839924981706956
18.242463116550233
23.1260663847058
26.10638576118704
27.540285953176962
27.640561344959778
16.717281627687615
23.900558076118106
20.547425739722105
38.00588915252715
29.155475432739507
19.54612071926772
16.562323921756438
17.84316188401475
22.314076734585267
23.36114475817519
24.970042974280215
19.96027276392434
15.983411178919596
18.432203253591105
18.235599156807115
23.908645076558106
17.974087692006357
22.66004980133443
19.37357895807494
34.01848212139128
23.112038716382703
21.8576728137231
19.519301205521884
18.446162045623392
25.90411543395512
32.35166610173286
20.48961601450953
23.09464343892966
28.098800537824115
17.776379826905114
36.788079346850296
20.537854802512616
16.006578024006306
29.242639222033528
27.58906781743659
22.89703942660055
28.519383218988146
14.742003590100166
17.413398156199307
26.66364533234261
19.84204267003582
26.94953409926487
39.51200404075384
29.15215711043085
16.229720701636253
37.07013861179478
27.053212039624675
28.54089666984895
17.371036550085744
21.15750658646882
21.690531532255385
19.483127302028926
18.26455672087563
29.53364153809662
32.143677775158494
28.180620564394154
31.07534330429319
25.823360335115947
16.635319292759796
17.56197650649641
35.252979620855285
13.757533414144248
31.428681671448206
30.121183646428562
19.740690331946112
20.58182972707105
27.012486896910882
18.595791357334065
23.114298977292904
27.300014635263064
13.122085561371083
17.62170721751453
22.48680792213953
27.369750831039436
23.053007943602292
24.32066340433992
22.57401351336696
22.953311943175024
48.85818760549661
23.282216928300777
20.153153106892262
30.222344275363522
15.733051963256234
25.21438511174498
22.866281435747272
24.23629140797414
21.11606780806958
18.943326630821346
20.85872345411245
33.3638279699363
29.531909995037335
29.460205181570192
16.504672748487472
32.75269186616933
13.022976843271572
27.980343451699767
26.126705063541188
23.00836933784349
24.095464807612625
24.96956246549493
22.53202024917908
19.258305200587376
17.5990554821746
32.94868892742398
20.821486472651937
23.045320648984543
21.81975059020019
16.49404914558177
39.62392001630429
18.181236810464423
26.22076039374236
24.304990264904884
25.959243199479094
32.97890802083089
19.887231846344992
23.79201724137618
24.508348652771488
18.24303922500859
36.16557685867705
16.687589452598996
24.905039713987065
16.9180670786445
24.94933519720687
18.069776204013092
23.26864943902042
15.148871147910919
20.475427568980017
18.57334596264757
23.865156394301852
21.65024049395766
17.040304195997088
16.98575790133407
21.576309474697485
16.38497282092592
18.951434096758334
23.715281160550866
25.936218238494153
25.163507631556143
26.85712523051884
20.169318820262603
19.985044985030175
32.303314938009336
16.40988764394429
24.337188232909675
15.950781944218196
22.614415382731544
26.088784745354065
21.779344654746676
29.332162418206348
25.495025156062795
13.39295660272116
18.13076510425077
26.602302045976494
11.02319724634982
24.97533167537818
15.217450565148717
26.223162648769655
22.826992174980763
36.08881003987305
25.79029577187028
23.66211193527932
31.655602049734753
26.31325618772561
17.371175554811416
22.21320895431281
21.381187531180057
27.8659331064424
47.7978602267982
18.30162173553396
19.939604206831383
22.427552725700643
30.493414883274333
24.453903250225267
17.910267922386204
33.51640826573553
33.06413341168272
12.633661140532201
17.22095251583022
25.306742800194048
23.3427988746936
25.071073787810445
32.18636575906271
26.517226830031927
21.805648661595253
14.326819148315057
20.318475471488796
20.271959874258407
24.33782864036729
25.16432914448123
22.267251113390525
29.12856284697079
23.546755589534506
28.714991666593626
18.52406483072481
14.844023201514108
21.259094117643368
23.854421522676176
30.367777229111287
26.00757370742745
30.91459230769205
20.199588524113114
30.500038306404264
18.199561814360603
28.404164833862872
22.59181653134055
23.277861673734915
24.102821836613337
28.911898790149053
21.119465833120326
14.184036062120617
26.456537954681252
21.475945591791312
17.74862385073679
27.490732838839598
22.044804990652715
43.163269010920835
16.87427502514689
15.722215757472721
22.933061365193776
19.15217444873811
13.327153163602107
21.15630611152311
32.42613189844404
29.69415761664055
24.809973860146155
35.48543095590358
21.711740099040334
27.763369303512675
29.04134064288524
23.397989928340753
16.867558142203865
21.644307169564716
23.81101412624283
28.677669726812493
32.49043160480332
20.533429227343568
33.38579128804525
17.969863632031917
20.884675307612074
34.92214827818295
18.651219538045385
22.260082625892423
28.31780334577348
34.972952257696946
21.541777051938126
23.625036568996858
24.186440362476493
15.091559505617862
46.91372598688909
25.04274342687313
14.449030751421555
27.326455532155208
22.27959205732809
22.157481455260196
25.75572626200931
27.815843317919686
43.41829869929575
35.99291790494803
14.04692998254384
36.528065994086326
18.512686691223884
19.31702069271311
31.906895480692587
28.689671549898588
31.724547728781044
23.748259973658
22.786202542750512
24.128764032345003
25.28754025834634
26.01175093389398
27.112551285136405
27.267741294616414
23.20778066831109
23.583878684281547
31.674269450259157
15.409354939831637
24.399191298077113
22.338870975413165
20.97747958081681
14.319704162647978
36.30830431116611
35.52445660697852
26.26024921860614
25.738148587365767
20.525208203748196
22.530371669303754
32.58093223474653
21.851166792450492
23.967387312975863
17.142311757090734
18.55047265768497
22.57768605051807
22.499057894222386
34.36189629342652
18.7538457208381
26.37538635735419
30.3005976727697
22.76496357017491
23.070181342156832
22.855075252219788
17.10538488139098
25.143371746885464
23.87077550252683
19.59376061299631
24.366080418012714
25.831742805460213
17.696422111066543
22.53492495257134
35.12305137756452
34.7351762643399
25.799844248280273
23.641691924325023
22.558744513864827
26.572282759972627
25.508598611503626
22.72907012730285
20.21773575647509
18.66033303302573
16.779002490773866
19.555343527574152
19.758672267036285
16.271020823979615
15.43729812798109
18.782962700369755
17.06220812940015
20.737832278013762
27.033619023779345
19.653343839444677
17.290877417703847
24.13028930175728
19.797049235785444
18.483713927475446
28.70920870836579
19.216016060716466
21.65533059070243
27.649609276340975
20.455155439440155
28.0563280201389
23.41755779253679
14.574533472615489
20.446441846191547
18.719809364947398
17.01150722261978
23.894999753594522
18.486166490056902
33.925786504560456
25.16845081079648
16.506680386260307
22.05573610985866
15.22480103509185
17.277185372219815
24.865758100513244
37.81489177955778
24.809560345312985
17.55853646399403
21.910498219257736
16.967576068541128
22.61179441162499
22.65057474800926
14.01315552536121
26.87960257056947
19.37728656548447
27.57753222980495
17.310259535156742
19.16442320054901
35.38027958042243
19.105996151476827
24.391380168677195
19.35191052530425
25.43212386221596
19.207018155350315
20.131015586148074
21.086346269755442
38.16490479903855
27.59048443486405
22.97860338389946
26.532743937506282
17.249885184381398
27.726927658910533
23.5928491208974
24.384334871891454
15.956128141660667
33.26724751216423
18.205759973028183
31.323725757062643
28.172533120970193
35.38615809485846
25.29726434638787
21.264605967677458
18.732206816265045
23.87184189201575
19.064165094010235
21.059157661190994
19.209687760247764
29.60243809331546
23.562108805803696
25.687743527325235
21.744700654868602
23.741272821452128
15.341973112921947
11.764881823272551
