86.43064970408051
72.14104814302783
45.28143533719195
45.10001635725585
29.907732420849587
40.51660005406899
24.646826480818028
30.746134743067223
31.592392259722846
31.83910082850075
33.762956540736035
26.749161650156438
40.64125173659853
31.493878646103397
31.423755352299647
39.749671105560566
22.646559709822082
26.894330386893177
35.76162622648262
21.97833302376738
24.792657371357254
24.952581494699768
22.754092094211725
19.084527350583265
33.46261393732417
32.18814299699577
22.175685758511758
30.459393022374208
31.461041242684367
34.804087271890374
34.03940069421863
30.118838214245415
21.533280815956584
18.057790419724224
26.696189370878752
23.068012148633954
27.95889089794462
43.494134368516875
29.770471835040507
39.01451248805976
30.7385619484286
24.598346039659457
15.89322821591305
33.027528124934626
23.543829320629506
28.020922023989158
30.88268430185393
28.289245357053765
37.91589116589961
35.981349960557736
25.140817369741292
23.212448453212048
28.20791750755974
30.43577178707178
20.19100513352409
25.656491036943795
27.053707667639852
29.809231226485366
29.834480404264486
32.111753915160065
16.83372895164536
27.193681080401966
37.221226256155
39.02004151780509
34.524871820247405
19.82707797855042
32.41404870282287
19.203542326387705
32.75347921604577
29.066528075176794
22.987166328664074
31.118933149444274
24.361537443219888
23.00181675483821
42.36969717896662
29.12609205995859
20.538554239065803
24.519017309979176
20.154310592309397
39.167467681310015
17.02966354652937
41.37066087653917
28.86370766145201
19.998817157105467
32.24944080604333
28.484505196048847
43.53377459258267
27.844533251908665
28.839842284500445
27.50845743349245
23.363193203246702
31.91080751970745
32.13921020803812
36.05336105756438
24.778932887457678
25.666278979309205
31.54864861511706
26.328182348955902
23.50162970912973
30.35717351019578
35.69057384288745
30.521470112623234
40.07860082315901
23.882180205505307
24.464687393787216
28.433776350619368
23.633784354611553
36.538460697400374
16.393708534562176
27.983226348597263
29.44965221139153
25.052718572346677
27.294749853268772
36.14427755794768
29.774051123509576
31.593563842650607
37.71204452150557
18.87055056943509
35.53707247978458
30.660173119360483
24.811331439195484
26.020598483179942
27.550036621424347
21.46585347409859
25.272058288610765
24.36453873896182
19.75211693830028
32.37345982215837
40.87496588997892
23.678208199262972
35.72141735092685
25.918268475103545
35.94808396080597
12.5070266895435
35.71857468251429
25.35107586068185
24.334416136505457
26.128421455962375
30.871602197880772
23.471398760435157
23.15719194084158
30.71649958700088
26.429013378848165
32.6049540080145
21.257636836406103
35.9788042277321
26.46121079376859
31.469980083270087
37.56038534549256
38.76647078891523
21.01723519311341
28.307389885012157
18.269767931859842
29.702566093141634
32.92241438394121
16.548810587567264
23.7871092255319
32.734678081926916
29.50912445242835
26.214333543639544
32.00835233586148
27.142119920336942
29.128760852269085
27.14978700073667
32.85631173686355
22.21123157273327
23.560555499241147
31.855583109714285
40.32976067217478
31.526199643660995
22.580681219171765
36.125595383414456
10.219542330616347
20.10192878712941
29.224365595238122
25.400012657813086
31.838456540273608
35.870392320729806
37.74888641922987
38.961313439618195
21.293335375544174
35.554274408041955
21.268029471796755
34.671742985406624
23.542204332356064
27.93361830660747
32.435185656822455
23.37084466725733
33.20460730501998
37.86854990317469
36.39971563015962
34.63073481526123
40.27011257324981
31.72975448204748
30.796235774109803
25.2232463630475
34.90036998553573
31.74834087362634
26.27032586906124
20.96883780879944
32.20207566825016
42.05095955352199
49.80701662740588
34.23707422079762
25.219602178976814
24.335195560526813
30.925035753535134
21.35134422181697
37.31501179394653
27.249772980460595
24.751363116775945
22.103147815433548
26.061128679831857
22.954636764879144
29.518621614118633
30.1317458842753
35.21877903734876
32.60250566405205
27.308682917484322
35.326544687836936
28.390972875838315
22.526285906911482
29.441291305987516
29.610046548838913
28.387375604969208
34.76067176030024
44.20459244680705
33.60278546275142
40.481268331552194
36.0214528286369
23.091534772713633
24.737181834846357
26.310996925573725
19.985311813993604
22.04680559346507
19.436236880244813
31.166010152224732
19.94610635965215
28.665531559451747
23.796476802959155
35.36934461395461
24.928737042019055
36.92779367598466
35.9483679758708
33.826217839410006
40.12011658469364
17.986299554740192
24.2137922746827
31.61409363775495
27.08203645190512
20.651806114723403
22.180983576444483
24.97468164273009
30.047968331685855
32.54523171213097
37.105756666915326
36.06404112989862
31.036799216117178
23.63678492696976
18.324683766691614
32.49327179449412
43.82095649863837
21.05292871349116
31.4957884337171
28.978770215127227
26.592469824018206
36.41696485715406
37.71708495881832
34.62473404042577
25.335447287295192
27.306405854024018
27.712831793306076
29.892514344737677
19.25569410972004
23.646700853325754
19.781841445262515
24.20105296681414
32.85608566964115
19.867628878610642
26.550037303925457
33.894946437949706
28.426113674759108
40.84275683224605
27.953778289256903
21.15281951795181
23.25675839468185
24.38791481326487
38.86770773763085
27.338146499425086
26.75096923582946
28.135578550732028
27.061214333145045
30.603014534343213
21.013890420604454
26.86533403111197
25.279669863717984
28.377506342197183
27.17796725839628
21.614878285401712
25.559919375087663
22.68200590129367
31.516662844143145
32.48313395191558
27.50330120462606
33.343505588590766
25.28611229479279
32.87800166536091
26.804931781444324
28.560148712442192
29.113575964182992
21.68650186582745
26.06569668892467
31.180724894765614
30.06633184878757
28.17839875728608
27.3854142658778
42.65202129002036
32.34362927032147
31.1325347331534
23.359980920510772
23.953223317363754
29.817828455605767
16.739564276213574
24.275256694899085
22.501062975497746
40.77526886940929
43.91345966754928
22.656190387248834
37.270441872345266
36.63339947251537
33.140698740679206
33.341875927749655
23.031630008553925
16.041886213115262
33.520929310162
26.600472797390157
26.552818253812983
24.69950766204919
38.51410437446554
29.686363673510513
28.211841947773227
27.330072333507427
33.027822414846035
34.98257145772071
26.373618430715357
27.14735082631421
35.44974395308
34.479645646570376
27.772491516266534
31.473083300827113
23.647638432580916
29.18566513604995
27.94131256853981
28.88408332319387
26.943520407435162
30.889391832931885
30.259343043325913
30.49384638901853
24.676464316277574
38.991181039664
24.715215917644432
25.762881526843532
28.895563643562767
33.52292380980093
35.88301526991037
44.16344065036807
24.23012867913
31.75225597269309
26.701954871475536
28.07581808163007
21.53037897642421
18.200296761130087
27.85781946779447
21.83839900761444
34.66101983907894
39.01073699525172
37.647850874328995
38.90484450904872
19.455600593904716
21.292326328320875
25.42554317551819
32.046300943255794
31.416234918690655
20.722123994465118
31.17142528245908
29.362368265420013
38.49898241274548
22.28988140146559
20.66788771773293
26.78599025120258
32.60821863105522
32.98167392192906
21.019392859800114
26.448824839972907
34.66695968689471
33.74146371250462
33.58685443265191
28.824655576434587
35.29458038624872
41.25437925313558
27.509599614649428
20.688189889792273
26.692972253894716
28.52132126606324
25.61596029394975
31.43863532151345
23.21505400775757
36.60802801922701
25.18386452704653
34.85462413661327
31.459713130707676
44.82496957000915
20.70813201597435
24.26089686868396
27.759696046280958
30.040574356141274
33.633039517561954
53.867905922731254
17.532216091360787
30.822407922020894
35.17633089410692
20.89305501939385
31.70054086803802
39.43326031974194
29.865621233821066
17.38456273786752
27.959026866616206
26.977655470130085
35.53671167678599
30.699643288237173
32.032796596358736
24.007417624451392
31.44319822602742
37.3550100481732
33.188989133628574
42.406147468276934
23.856694702707387
22.623322336297207
24.251525310020618
19.099884515934768
25.977156734746703
29.805779454199556
31.582632666940135
26.14921361720453
36.290266126929104
27.334925348537237
26.819512984339273
19.135617562792806
25.44078402608796
20.06706221912721
27.75855302488787
35.85314038488334
23.439275309281115
22.342571787700848
27.17048029961638
24.065441411590086
42.824666407100366
28.080642037324445
31.63172716423233
30.55198484516362
40.61148742621196
20.818221032831747
48.16327178057009
25.50516991313992
21.024451859548204
36.730683384905255
32.72996699286037
21.827080244315482
24.7639053936706
17.05271537209899
15.07002563719313
31.508086539009927
26.440020616412486
29.27477728537034
21.455187637878453
26.2989963045498
29.61061005472277
24.624024332691324
24.771012763197906
26.752180147046488
20.130841483466178
23.43022939377641
34.57013902765593
31.43729757702381
38.485742939307386
23.827376431659648
28.071031455260798
31.612828430986806
29.323130062747733
31.240606332989394
35.6471873638892
20.728934388340704
25.402313522228347
23.59477198563762
34.91285580771164
29.972775222636965
17.577145734630715
23.842277440940194
28.61777178295062
24.567551279578524
34.820671416209166
40.019030351627336
28.07287952707973
43.911562364401426
23.71823537132291
19.400308209868733
35.4861758860041
30.484213061200855
29.121878045533528
23.32846688932358
18.82082868703424
28.134261324466962
27.96831813585093
28.684345392415228
30.28519882111474
17.41655308169255
33.164040980503515
45.63653925273346
23.465216016611954
31.178071192524914
23.749438980134368
30.953951390955364
30.28585075666157
30.727353623378118
38.523400195365134
20.283847787730767
24.417348786370727
22.287185886984457
24.696689859862055
19.482134718240047
28.6180075756913
24.923361520862375
35.20703662329188
43.39766292305709
22.952607058059048
36.06926212352945
23.796903775268333
29.768247875988546
23.74763021783317
30.03610562104687
45.103450589404474
26.64123316066703
34.71266798356669
25.619092877117065
36.48056241459838
27.41755566420186
24.41220214814828
23.311052730669616
35.026403071951975
29.147708912608866
27.018467613837196
26.260914956635794
20.16129344374936
21.94086572361908
32.24199338092289
35.513478135443904
32.29517853076575
39.32239246489498
30.014083597620406
16.564508826327
21.78637829336753
24.933463821093657
19.852714556467514
30.922189592251907
35.85947656242966
31.74659581157429
23.9559295115169
35.12840605923557
23.235963464901918
28.532201660408674
43.238599463112024
42.414814428234074
25.10914715197022
19.803617218898733
28.937599823394823
25.000110393416563
29.57036671010922
38.95349852742743
27.751056368510895
21.47667652545164
30.71404345310988
29.676364880702433
28.0846784908163
26.446279965552105
29.013843644925668
31.867263290770392
28.96655643090091
21.933861834327008
21.04594675030704
26.686831139372885
39.1038651859659
29.971272117464103
42.77597951148081
25.59426584985161
33.41329494209716
35.33176066848562
20.548994145291534
31.992155062483867
26.868665965040844
37.104026773060426
30.65309872373998
24.299179819250863
27.92852672860254
31.555725661461338
17.99446697787226
28.362565536225492
25.15992442015729
17.186670820754355
20.144842693786217
32.27899073247774
27.64749930531456
23.498766103402005
31.901254921368327
20.82142169363035
21.728157541089338
26.691249257438365
35.14452400744221
25.73956259029813
24.321486735988803
28.94923482586527
23.05759079544532
29.59188364194899
36.89704768674831
24.147546976802996
23.06344432961285
24.94154188177632
20.90529957949988
23.815009434284253
25.58979464500299
26.772533889489104
29.976275626445194
36.214225663933654
21.657797601752353
20.1545780074637
30.828264539912663
28.07924589769807
38.88546928238312
29.22078759635954
38.221943485646136
36.908590879350896
23.80373484278682
27.279058460600815
30.487600711411865
25.74564171935237
20.13062624811887
25.95273493121667
34.70868938306182
20.95291707263521
32.25032080089153
28.219015112850172
27.651788038959868
23.45147507534249
30.627250279271873
33.5386770832851
43.14297898756611
30.23521765580388
31.04298512168876
28.271909574073028
28.50720327917562
26.556170481542416
33.33860432845179
38.14183910534272
35.45775492905167
42.00242394812398
24.550467985373118
24.34750377038472
31.410878514262354
33.86815630643569
32.32089949727124
23.958596762709092
25.91787024079154
28.18258202558473
28.868274710216756
33.94464888803215
18.961580984361103
53.052710795994116
34.217969960508135
22.747665311534014
28.66461359927956
24.65900174701734
24.78244760731488
27.648366290685566
25.278274640794663
22.136331042596883
31.280253660125346
28.410619356807043
25.757724642970004
29.207670371791174
26.642616513032895
20.5534634122511
19.34044495800024
23.725763577848102
22.6828732908397
28.289919561347244
28.54208015096206
23.876266370251297
27.549833962851277
21.62084756805304
28.66126418393753
30.704334133921463
36.404214454564034
36.80686145752225
31.460786865035058
25.031167158565314
25.098503876687968
35.968384087025946
28.374636356153292
37.42424830807362
20.1071900248572
28.674525820194756
20.264184344907378
31.04394137491951
30.375933875061552
30.351347275316336
23.989430572162785
32.067164294788995
32.98834595650927
22.80047669042745
24.00445623107201
21.652341236797447
21.615615810400072
26.603026651239936
24.010703426908368
21.21219797486234
28.041393197968993
46.69873691329092
23.056732890732352
32.243669589660215
28.151505789774085
31.916716177934607
28.550912712901788
30.355723110852416
32.37860311850245
33.12078745142736
26.404881020048148
33.50299844899556
28.06398065956046
27.395748055553792
40.84788595368449
55.94387932924809
43.516592743558604
27.916981387365553
38.130332285758996
31.864689375155226
32.50018558914149
25.594606403703636
27.61434752396846
17.80835206579479
25.76373743590643
27.058453804317807
22.6649658291327
25.707998157023887
31.851364289533564
31.43383767976717
31.725443838044836
22.400993466865696
22.400023341076793
32.428369147279135
24.874981167599426
30.325352054719584
21.286037872314115
41.8161480995607
36.82356981412104
23.1106648550952
23.986134114332565
30.0481208586187
37.07673332951175
29.829848227954827
33.61073732404053
24.82976008799878
22.412447356929256
54.1381453836084
26.62963462426226
14.14414038463726
19.209464791248156
35.11221612974259
26.942095503842765
26.60675027243837
26.396820842434977
25.8503128195665
23.043332902035317
23.204574599204754
30.775550622070757
30.6491606360932
21.386588668606617
32.33217807997343
19.564732739297053
28.720527145093968
25.987183722817424
35.095903070964994
32.08591433207244
30.541453151988378
21.355140297953117
36.513431205098506
37.31880284359493
40.290258642114026
23.735912359920754
27.138121686712946
33.44517945320718
22.312571966867093
28.933490232210605
33.12610750361726
28.157137860246927
24.281923725522645
46.2396350415668
33.89968560709668
31.555908376661083
35.136075494176986
32.6059232507139
23.936987339737897
27.285710985467105
37.59206040306419
37.81408216710002
31.35867845383928
40.675227465395864
40.13835679574792
15.596964467627917
19.820889601135693
25.050289502661784
30.260316139901093
23.768386439001425
38.37213886826849
46.30840872328028
26.8417696451547
25.704055216170552
28.113476311383728
21.03809446113492
33.55054354735359
23.155166670783327
20.21862916574149
29.999428261169843
32.77377801604995
26.101054601513713
24.11581038778308
18.819078772177885
33.03687924916163
37.6060208227047
22.094913170920314
27.430094321973623
24.601508809488262
29.414395377880748
18.634140013078735
19.012326711294627
16.819309937276593
19.494195169725202
35.58805382008468
26.73372823728809
26.94850389830052
29.4523704429808
30.867351142460354
40.20303639726858
30.62116769473915
22.95013220544999
31.22811569444147
25.831366430774132
28.60986443792269
17.48145889283376
28.530100703290994
30.141394415142635
26.567734199721333
31.183276730937866
20.68771824619282
24.063400553086602
31.584471297262752
31.305978209091755
35.39608105624195
20.27617082524091
23.444153900926658
21.753870478849706
28.074131823440585
24.27050832325164
33.77469205365104
26.498219758413157
15.417800730768272
31.644582623139932
24.942973298980167
44.43882516874145
32.18823845708803
35.6535915914682
29.298407788029103
30.103166608961875
23.92000534054676
32.48565591728852
21.783457507718655
30.99238419610426
20.316188278139464
33.84098193135795
39.72700768741314
26.873141770086857
34.040704923445325
22.402292682226225
35.27558982299042
25.566997290643418
34.75682090392041
26.227480705917273
42.57967824584353
23.944481845604574
25.43924635648131
24.72359109936831
35.53394999147603
27.56113356720775
40.777075309499935
25.136646058528495
30.605349610866522
27.64897275030231
26.10280302208704
28.695027078100182
23.163908755317685
24.082393461564482
26.064693791412992
34.45392423293299
40.00747022122745
24.59478916389866
32.59738619710549
30.68403321670968
37.65205394930204
30.916343318976548
21.294137335608042
18.407851642773217
46.296880131736906
30.398993036041873
25.20144585800846
28.28407721367428
25.559153842620745
21.889160494966745
17.15756707620813
34.16440626977169
21.076344255148463
24.913106810121853
23.964579505279172
30.636319090821946
32.64107751209841
19.44001736546611
26.371984726179566
34.49181199060778
45.799251322873495
27.1637785512382
27.357331120731708
35.66058942253322
26.198684502045012
30.923530808800976
14.114481757367958
28.274808180761653
31.85316299939992
27.149371378129118
18.9496493073102
25.22777237830571
23.360618670893317
24.41789335609207
32.635074817753186
39.06106255413647
31.740389866179598
25.712691815660214
33.72929875150047
31.54215134412621
20.40899549827701
25.91812996601902
27.610683180263628
23.972297567816405
24.38536641620156
23.990402924065858
43.691549792566
21.347564301430943
30.230305734069912
35.049596752113814
35.09552024751618
29.55713642168502
37.83696694835643
32.85101015271778
18.703919149987573
21.59329846383472
23.747989557683358
39.466172656678104
26.928033442762057
20.350172556128737
34.26069929551243
24.89188530048228
25.760901064449744
28.509919624491996
31.470966756260772
27.976626983881005
29.41444612252771
34.357952218541854
39.4455624537401
19.589956479731633
30.447741449875327
21.967359570502133
22.42590641646541
26.13018743556148
31.266831550338136
31.776002434401274
34.78010303205395
24.708422649887247
29.77249718338554
15.013739376179247
25.71413717072481
44.00062207817341
19.193585605714706
31.650636552226473
27.356862645427515
30.47510124022984
33.092102720564114
24.312711566354754
28.731602003704015
33.83110881987679
24.279661754943184
23.282305262733356
27.80147455268495
34.78982370786537
42.09173589920209
33.081235645600614
27.133785180907406
23.720345732724667
33.334066465352095
40.15969892471052
17.45178415166206
33.230789286191445
30.625715673505027
22.55458098676791
27.911653597458336
26.322890152209933
21.77098969550462
19.226656888491693
27.256611351903604
26.09649222836614
30.310064995086066
26.09247661891349
30.92999398163862
31.442217293743745
31.876886741075094
28.126298936863858
23.342553481962792
12.834633085466557
27.405909222190424
40.451134371106996
24.21932020584467
28.29491238857265
29.625057423261264
25.053949986917694
27.39755428333642
25.30058298942664
30.73475560926201
25.40950392057695
27.00496281314328
18.064717706396706
20.97588708980552
36.45427413892749
46.34777551210053
31.614847481508786
28.512135777333125
21.557986362038204
30.069352347892952
30.480202213448273
37.60347548127107
21.262813720745996
31.995294863068168
27.154524518481587
31.400519913454332
30.408401308350335
33.15717795479148
22.84561023769757
29.22287212075332
32.96376025427562
47.31262629369214
32.93563033745362
33.096955860146466
28.98899648170853
34.40032621346813
29.87417144598187
26.517263833766297
25.67942467159412
32.723908424630295
25.16741403871515
28.672900687768422
38.53358189205676
29.657301240260125
15.62043888784025
33.185173850285175
34.53443873787437
27.001414123883087
32.871755040448406
41.14926622801788
35.64067504361489
40.908173802251206
18.641104978214823
35.938488514814324
28.238442655784095
31.81962826765254
27.149251450242033
20.45099065168411
33.840006465937726
28.01307533324144
21.75196242581753
21.62114090118643
36.81079487731777
21.610232086262425
25.165156514317328
24.125582039674445
39.977237286747446
28.669435805811457
28.526241143083453
24.499584598360617
35.84575461734479
26.317833041657273
47.98235473355923
27.25931780807254
22.464314744147284
24.42872923671391
16.7982872832063
19.365191126614416
21.38198814278613
36.654712033545906
33.251340177209734
37.23691684138799
32.457438589319175
33.461274168872066
27.987142734068687
41.57147157339953
24.676888014623017
27.600091966850222
29.8881500413161
33.3890597612967
35.10332494140384
28.111508864008627
25.43426483299754
26.36810805211583
22.762230855954115
20.828149901548304
26.52794892924191
25.07137143942674
39.954824191525226
30.20682846631043
24.400783785448585
27.916064236939697
35.736959411911315
39.561965880398354
26.158262820857132
34.703710239858395
24.522156182876678
22.94808344129667
25.322131495731536
33.769049513549014
30.596423866610458
28.324840033761106
28.90876353959497
27.557422791175945
30.473292520590604
27.668149815411734
31.62279903841419
25.69482942857289
32.687330121729254
29.51907247654261
29.945570338279687
28.836036329622356
34.66315396464107
22.294468578715488
16.39769945868817
37.127173176670524
29.945562381830314
24.353435224096344
39.996929782390076
32.62423204556087
28.10977478212396
24.438397440364632
29.241648511362023
34.93360842340586
16.360290403838373
22.324657480328785
32.184205056380534
23.68032075424854
18.109811118395044
36.639184417355295
41.2218763019551
37.34173482835877
23.61917645999384
20.5214474046636
15.459129145352016
36.43040539455319
28.987698625518625
32.72968994807663
23.02872629259919
24.67883221153023
28.247321747292524
30.166847105483637
31.691869027054892
21.429763529930028
23.241770115843035
31.552455394447193
28.40861085504339
25.444713446942814
28.739818942657287
25.242281421873862
29.053736993665737
35.302675510562004
27.153632933795397
23.350038503885457
24.50751774015731
18.29629247820011
30.298396045113307
33.11524387186604
50.26307074043396
30.05543999261684
28.652645672633426
34.96845342468634
33.496649543412985
19.756366504183585
34.587007063396534
26.074321404170902
18.19668449226496
20.320327578110152
20.960055485430722
31.205300428041728
36.0839689254191
24.080330350074476
29.33926838887171
32.64692915910631
33.851215161203115
18.171212925662108
31.35818175125438
35.84270861134085
20.428892234979184
36.84248371416266
18.397496931072112
37.461362393776184
34.88388297972503
23.104444246805866
37.723984561217506
21.327148512910938
27.860638402667337
28.273830061119437
25.24433747244213
27.863082455327355
25.359502442655845
26.968405016647033
16.15539920175078
33.752712436799946
30.111451169376807
27.648030404795627
33.4478374750748
23.77215002019825
29.754636295889735
34.94837686297071
19.211175321702875
36.52371243776443
26.696725864024884
23.78513853731666
34.84144939131987
23.191578507058207
34.93155337401617
35.41789461076059
30.08231829717605
22.74975622622063
33.97990455204113
25.05542883284395
20.695139664035235
28.34610702175538
38.95195745413368
32.753535271908675
42.01245528928859
31.668170798732547
33.204339383906415
36.69688599450605
25.631539755788673
26.51983657454668
29.613668585431952
26.358302765722534
40.8940215848442
26.421176547467834
28.43309865380449
24.107299983190913
17.22199357999879
30.103093254508966
18.824092195942516
27.94534420844805
24.728078301961514
35.19451067566142
22.425968607397994
24.35690027390866
21.452636383469
39.1930356097523
23.433619477603806
33.25083651304458
25.14283396214987
25.75673639301578
32.318185734086555
38.978950296314174
32.988022752881704
29.578223038175334
36.429336138754806
40.40755731497519
30.900281848057848
30.161701050907897
24.388000765528965
24.902368059597812
24.110522793097118
19.779042416578648
35.55942721840329
32.97428348783985
29.11733559232163
25.233501329948133
27.240447190219395
38.491909136677144
31.202660543373167
39.39856673353091
23.480083960315227
33.54089854531654
33.872775284911775
26.329226655428723
33.53499224286047
32.22963256994319
39.49683280465116
28.031773462224557
25.727888751235334
24.2391219218796
29.577099607258432
22.6814127229796
21.61438049420588
27.24937772513172
23.61862751057239
24.01964769738071
32.11606980874221
33.75962693477137
36.25226235504419
21.096652003151828
29.59684593552038
29.20566904360583
28.78310735464083
28.481351711066644
29.851457528022713
22.65682904439799
19.344567377412787
41.5406529561476
30.698894639474872
33.5930727546143
26.16441273604307
21.7277454232351
36.56329588741513
31.822595503783674
33.678379990582876
19.17407756361138
35.07154349372603
26.10266930826443
33.93233729070506
24.277802647565437
44.02308521719427
25.071520214425973
25.988459753544003
15.855548917369363
28.833510292183888
26.281982778570956
25.07412064526114
19.254037870499864
28.532473549539596
29.795632762662912
25.51595066250337
23.941786851857607
36.50456866451054
33.93798042284167
24.11152971491768
17.327228205324477
32.19542567489676
37.92541630389482
21.89345670099047
38.55940897880228
29.300171580010975
30.657136719139107
29.222231791262637
17.99907179006732
31.034613475209337
37.10601885261516
21.860185344772727
25.051390780694376
32.16693715749523
34.96009731480102
23.415209318797377
24.4540475687374
30.203323526757636
29.776910819974635
26.926395867650456
31.765304244128316
26.57726930393929
28.079153647652454
32.63142626547172
35.60520113319684
24.77823677215727
25.609478966297655
21.412991844170882
27.897806061389062
31.798879481169056
36.87765820449294
19.857605087172487
29.515724626934965
28.31342464922254
24.532787472018867
21.16715890032145
22.38664225784833
35.29944522198053
37.92860985470622
19.756304466909256
30.6495956993949
29.82156482100027
31.474621582546913
25.591567603462728
40.11425959675846
23.062706541455498
29.669188374098216
26.722397315079704
37.08218300185012
21.25163460641683
27.131002438420865
26.102023214381013
27.99427813630556
23.112378356709872
28.241545758404435
30.683212233420527
28.15519202080141
19.547704194982906
26.149180240401225
34.11106354001027
31.30509146604219
34.070857748017445
28.882331156941387
25.770785360671056
24.03096482101178
21.860233039901463
25.05836482397992
35.96723155364142
25.202866722934324
35.166139237702
22.924324566102786
33.11310439733347
27.35806235354705
25.879462156282308
29.747522061266285
25.048097864697226
25.399943123257675
21.880220037491014
33.96508728025799
25.228662706911454
31.67202934906796
24.95175251683279
26.834936144939185
27.807561220878302
18.364743143789056
26.92346588068541
30.243971825263394
30.540694058259305
34.788280711365424
26.208408647361885
27.666724248427926
34.2044644569145
19.280703016766807
25.501868201824905
24.776248914623263
24.08176984080316
41.38434878595815
23.21869120256969
25.273693335564083
23.739885253198633
42.619874842515706
29.763540170700214
26.44070362423386
32.0953177449467
30.54831291972179
29.27085186912179
33.07996506811433
33.70843697153556
35.33351128291043
31.892991774226843
26.27838157669992
34.0478720185985
20.95722180464799
24.58723575192033
18.440829189382747
28.23036186584631
31.87041726735222
24.971720140049484
33.50280734313523
34.57000912891924
25.421308845511327
27.50862822199931
34.06979464144047
33.25629944355429
41.50368566012909
28.632259591138975
24.191830188102088
38.6397363613792
29.953282666450825
39.87410001344312
29.62900494593217
32.45246287869581
26.32912550464549
28.206869191656946
30.133101181691906
39.139054515055896
24.339178406538387
29.333331556422017
23.21954617822826
23.152425283795903
40.12136331587142
42.05854159105418
26.5769653208761
25.264631186730373
28.35969380312578
31.7299979937773
31.638978559937954
27.368943101400657
26.78540588497394
25.46443221020135
36.2174305970092
33.2001864004123
16.907341069133114
12.504804530530306
30.990471635032595
23.6132447035143
29.378256878656277
30.557150471844352
22.950579106553153
23.550895803470162
33.13312771052315
26.725655143842626
31.905328336609003
35.218220790229346
26.298330686064947
24.70334906183167
27.75986433549728
26.30126105247327
29.307659506353858
29.151531627445664
30.641722501174268
18.297893352529133
16.47095677159209
26.551878446111456
28.6717595054066
40.97546958044315
23.67555340945632
35.675044128357534
27.079893172950847
23.415282406168444
33.753636128732715
20.33499456075622
41.76595943062401
19.352489562506058
28.84869290768892
43.1526470246553
30.439733467790443
35.434002951259835
28.837660672849054
27.39633857878469
29.85235127083205
26.35672694517213
23.209603028437712
21.799383755582504
26.922309687719697
22.354605410095562
41.99963179437155
21.969753851403713
28.758543607040693
29.06643498686184
36.28287948509143
37.91517476802128
31.632334218141434
25.301987098415978
29.385948742073055
24.84331596703177
16.709851380556817
27.041349209205507
34.385833261273135
23.389318213490352
47.69126028308791
24.598461597397293
30.281061320911324
33.51725743789237
25.121630937852835
39.01363636992538
25.421700723583474
33.52941926042096
26.362033861095803
24.344809311245637
14.809820237001334
25.63060862115467
21.114874289587082
21.936564278497343
37.866758590426315
28.25399989971722
35.28852106974051
25.220198264012218
29.744175690629742
21.1395038689013
20.20759026647448
33.37820206925478
24.37988350707012
39.30083058189763
40.66378256007254
28.278869160397385
32.31407620227575
37.30105515143949
38.382470782785376
32.132318573637455
27.862140168938964
25.728629952956872
12.197349685928545
22.749669524590917
22.20312183160625
24.3056001898324
22.885366523358897
27.145694287538024
30.361972793309388
29.35525171357039
19.33608754677823
45.4267696829981
28.60733287026792
18.23073039917535
24.887813788189504
14.419770413603377
28.645356197057133
28.08032819697181
50.76830256932349
32.70835556292485
21.78789428727508
38.24483578679457
27.46946298808747
30.35874735773711
24.768520616328036
20.73497812881634
21.94545549055916
22.50737522285134
23.568835892482497
30.65775709913475
24.123045738190033
24.767576522097094
43.41422763228845
22.80194543109311
38.65663957989345
33.02132580267166
30.623135335905538
23.738716507395726
35.300273297573455
26.526533398157692
19.8703493519414
27.88796185333065
23.919080976427217
42.17414660044197
24.906128484432692
31.09559187746782
29.264600619926174
22.819054335576862
36.03407920368763
22.95252459525782
15.053246900795198
30.350624711777012
36.160757521522854
31.990077676741592
26.78101059183802
22.298577197194742
34.96341623631626
39.14708621199914
19.906658635728817
27.92367519803584
38.46348687013123
29.233853356018138
29.058055758074847
24.35108626356715
27.401137807666842
32.32777634197518
34.45850748060838
27.23534838298209
26.996313451146953
25.142317709831136
40.0206182173391
25.915085331176456
35.109540669889924
20.008668321495808
42.90924210233356
32.166867213500595
19.60836793153549
35.0872831402876
26.893949895638237
34.28103896199927
28.868425596919433
30.639394160642563
33.1554175538259
24.692569050054807
31.51754313240156
25.286444060938955
25.922642033031966
24.527374808316146
39.6288385299979
34.4583777984749
29.57173132029794
19.56490864024725
10.89100931706921
37.93651696144856
24.029679723330705
23.438798027472114
26.086099923541212
21.77085637775935
23.956131125602337
38.13136295185982
23.512581718072855
24.261565305800982
29.835156730217445
29.979004361848016
34.20457202354723
29.77070094045046
28.589968530020066
30.509117891893318
31.551030289251102
31.7507425770862
33.2598817334502
29.078166551185387
38.890176592423295
34.6829848388891
28.91000198989218
31.562860603418976
38.47144876980577
23.011097698437755
29.709259038288728
25.123611883433995
31.78489764692293
23.586815480733822
20.150586247233917
42.098492848494296
33.285903257299324
36.023527233121946
29.243250961353855
42.214612694609485
24.189775273379674
33.52132708069345
27.969834343784694
28.2321392176683
34.981251863812076
26.360106351956237
30.53565012831725
33.16201152645867
38.35225879892367
29.30956578876846
39.84911189225837
27.53090444016482
24.02726612475439
44.35840056105966
37.93537770345119
14.520668793372526
26.53131637538278
30.877028366811437
37.020982502311135
22.871325812755625
29.577032902296946
31.46950753646506
24.61942836475627
40.90936788960737
22.803422378081525
33.305468387309084
24.917441543026854
34.77975864409175
35.227126799334
41.68402672764391
24.124070612299157
25.928241715544186
27.286659091131543
33.819251999189696
34.96204254869734
29.798902165810347
37.80007872187181
23.852417186668966
37.67819303137852
29.200576628344553
29.272015545401892
28.81710650525477
27.912674791371252
31.54782573017062
29.30464283019579
28.425936038175625
24.608031287727602
24.836364832905645
21.314632923266842
47.06855985718057
28.86266624494698
24.695243497973625
17.70514584180185
34.58491014125831
17.998138824443807
28.095016500195936
35.87813907166598
20.29400243187778
36.88587960057654
26.780442112348606
24.862026369797398
23.178805899558167
35.276751637070745
36.320643042303296
21.431005837557056
30.55669453157197
27.75608059442765
38.27082407168228
22.90078273517174
52.53895382201297
37.2542637763358
30.460448843769665
22.024557112567965
27.70913470572287
34.66830421340153
29.927828724754583
32.34052595051883
27.67995396418794
28.80210433989399
25.081019475257314
32.75013062664611
31.163859150509914
26.12654373561637
34.67700582018984
42.42893042527339
29.32510064197985
22.39422226013922
31.81161918695718
24.683257541575397
31.861668464152114
26.24781004792408
28.27840822711099
29.969237193070214
19.342574593559352
17.682642739382707
22.1957512592924
27.930367149950484
27.70377980027164
24.762180768079865
17.32882971454365
17.898522492428167
28.998053103458897
35.02594983133406
19.47469886024483
28.069655993030985
24.369337842220283
32.538626479881735
26.801603041855028
38.91014813651903
20.574720422391177
27.967347091519635
35.81821125663815
34.074998828869234
33.12624359078541
28.99001445253573
34.281811535018555
23.083083724571388
35.966487628274265
20.599511746953276
25.42723203138629
25.186289260096668
27.173543694629902
18.27904975265969
30.775500737441234
30.392648833640635
22.527203985960558
36.647106469073165
30.961545990431066
41.04664538770193
35.58442282075091
22.253524232303576
21.825968523461782
24.78145553501778
30.29676723385959
30.671722974888084
31.278431864612504
31.892109211342067
25.657578387646623
23.833924155594485
23.286403649416002
48.207567336332474
29.661333574826315
33.38731456231896
22.809491699711426
33.25764276681509
19.973162191200323
29.08021547756724
26.403054382028007
14.495646451326428
26.419783514667294
18.876526372215487
24.336040890539905
32.475411021255304
29.410835267833697
32.08652328718091
24.950722745025566
24.074656643418084
33.6301580812228
30.455210539646433
38.09727664063313
33.609412423961956
24.748434681303593
34.11312060452998
33.079196861608985
31.63191150231746
38.85767321216533
17.22177468139195
21.439003782519006
26.74149287973502
19.46692383787978
25.109637556063163
20.038411830827663
30.215641688880513
34.32597656107133
30.17335479473431
33.58242178544302
27.381155603033292
40.86665181609534
30.280396810975652
44.025146630733424
30.83157691796346
20.734104722430235
30.822112122811813
23.30548544164691
29.131666253137194
34.64863891368494
24.277275697408026
30.587755757759343
27.043197408374038
25.485833767755683
34.448782140419084
22.88344683253826
36.28200957259289
30.275257777721258
41.109005808456565
18.96051847869656
27.838709523198425
27.826414112004414
23.96819234238625
25.824976750545787
29.992565269523585
42.952657907445364
19.273793281479517
27.392030832217106
26.721382661365052
28.171411621637343
35.64624885529474
15.977788063790069
30.137154890938405
20.250825421897165
22.059333314360895
24.445707770408298
19.811279913879652
41.08153428516084
27.028166805153536
20.43384778770364
27.065648656037517
24.671648310619133
25.57587802058623
34.169101590741505
31.42646050211486
22.93443866514507
22.06460283394383
22.863111985251507
28.83775531173887
28.788196162453662
28.240254710466616
19.934645465567463
26.666919768519804
19.99660844102891
23.559396617222063
31.17655912782618
17.693742224783453
40.460229781318546
23.47432306789506
29.479568226623382
36.627893940795104
24.667503208786844
32.06060958871905
32.932197904680436
31.46672729831118
49.65810413760938
16.70200930177864
15.90251368357192
34.608293771741366
25.740213669119456
21.073499286551048
