621.982175507387
548.3978450825923
460.8793871209596
472.91740674065875
434.1761319729855
409.7760502416569
360.1830119449016
338.51827233230597
223.6921533462532
308.41297776686133
245.82390481963336
173.5914015707187
203.22564630798675
165.91431566269776
147.77206668486272
145.25261080899153
79.7127325725325
79.53950822361158
65.27563099832787
61.52950034083655
69.7000248903965
41.97053063919478
57.61084370703055
50.10138649010336
34.46603232384591
28.22099445708052
30.3191321755221
20.282075401151115
25.512729864853206
30.234524692815075
32.4140920632117
26.730188700245222
23.07990154443104
31.75727152439049
28.625267076590923
34.172096897686174
38.084540386460574
25.120884591762543
28.005667181321662
36.97436227367922
34.74892042988162
38.744345824290995
31.673174163212607
25.031719310575433
26.59800159210991
43.13558882035042
43.420757535035165
27.981150331059425
32.6213308639292
27.5868737184682
31.127501689317455
34.18589878930171
35.85020459089058
33.10001289647554
33.15091139217315
30.515274097806927
33.27619048751507
27.225726922719023
30.842958248462633
34.2548825455675
25.899939606859345
17.802497587914672
27.607528698027835
25.30989878724516
29.74159313012051
32.38682261184893
21.02490151132954
36.9372497810635
27.541260651336287
33.864266555208715
23.14010460519549
24.512251379101432
28.968430371994717
21.556675127526415
17.14540830101515
38.0356307676367
24.371580829716454
38.83877452278051
27.622736381490732
24.879322305060125
36.49120552704813
23.940860048665282
24.05261549199465
22.77788158750225
25.38366016958915
25.593665846962182
28.34592673612767
29.365298500508914
21.274790218347594
30.139330520097257
31.09368796376159
27.717812091171346
18.7125258545027
27.4105115916943
29.59703700292089
28.25362236616108
33.083446789570935
37.63452873085614
34.180949574587494
35.49436167123396
21.102548748519183
35.88780750920353
26.151786370974882
32.16836584165057
23.566473984955437
18.363841483659634
27.757412866163534
24.476703429586788
24.25695896351154
25.720185756263742
26.605440783698015
13.176978543358633
32.006260943633336
26.45884749331668
37.20843729679531
31.382980132163464
31.896523768192033
28.306420942466808
43.09711350582061
14.804909831126531
14.97462228943665
29.1994311253347
34.856516049469164
38.194646746587374
43.51305657971034
32.48649035012303
20.14287610891669
24.777717841219946
16.592206647450265
21.92864874905878
21.880185475508995
42.96239536138924
32.59180190155777
35.31067667078838
22.812673261269794
24.339287808317472
23.58773066011993
25.09747160535241
26.759292770336668
30.766029005505906
28.689359497607807
27.58856866452429
21.149019005828077
27.903725026259778
32.83344321663924
23.809003450124692
17.099512392729853
31.672800960344194
33.76296735552326
29.080875371392516
19.826676172987714
29.445896517771065
23.452695599872385
26.80023017628586
25.58888613101943
24.86280042635684
18.548358434710487
18.407849047479324
20.83776955559785
14.866332531343474
27.42343927018952
25.14666393189699
33.22905775971879
33.634362284941005
43.0684765110784
25.028130033168566
26.15064901797451
23.783861045154207
26.143418381284818
20.455251515017643
32.62473563891316
29.59195171449146
34.166558998809094
23.906926167136696
24.37812124280668
27.85143391003672
23.038090898065125
24.72146035014757
30.780967148858423
22.909483522973233
22.3645566882216
23.602737979774204
32.38463602320507
26.469209629688343
28.647662169341466
19.631436806391246
23.103785105055778
17.326581707699063
17.78611957724913
33.94381259862921
26.715667579270818
31.910536680645286
19.798629662241876
27.467361469466024
29.472990235480616
30.181772040142935
18.328508618531856
23.755969608210847
33.61681959730005
27.169192119957486
27.431733190989284
22.297860742673457
31.95230986145099
19.568143897811776
33.56505391834303
27.599056597969827
26.03184586159309
15.484055324499579
29.373522501121386
28.53522608582686
32.9724944565164
27.133654175366928
21.20709716893078
18.109597133302966
34.71079092119575
21.21744037340532
21.95599741628546
31.971588098127235
30.839328654090842
24.863654146048404
18.472562804098015
36.75141222487196
27.668204577269428
22.16603011102026
19.28446944889645
22.539136773292118
25.167920290979506
24.644429956111587
29.06019629449904
22.983587888666218
11.374631197526547
19.598764915628493
19.256924480369637
37.12808024922969
28.982143961631486
26.418244017467924
19.616693369676927
26.428411816814386
31.96386975239695
18.525573673477037
21.272369591992838
34.72575428191794
24.51717593059532
16.773936900922696
20.581577037043964
27.6785214889204
28.1232391758228
27.650267886373797
23.162405396957517
30.23280157737471
34.356196304947154
16.804697684840598
26.626179405516975
17.40160394325019
21.237004489581178
18.10325628479642
20.11235931514071
23.951305623018694
20.590780296472126
21.565371098038998
31.130538750713686
26.824666094309475
21.5566932419949
20.25576926297316
21.886198539803015
29.76904362997364
28.63600437141115
22.140272248679103
35.96971143015513
33.046872812454794
18.195440716689674
21.514450662417715
16.310630112027972
17.62156071281836
20.23692489567948
23.793842179170184
24.49081726706052
36.21905192528921
36.04862195868652
23.106541928917533
31.351940994222353
29.953622578928947
29.5713110102784
27.698015110335795
25.41375087521718
31.377484783720593
24.649049465163316
25.56263593382832
34.97190379731352
34.39566751525836
30.221872517041877
23.008566700039754
23.190531978943373
25.249498991520646
24.834901249718122
23.388354492328055
19.077576287412164
23.329604848645776
23.497510528633473
32.79545747590101
26.56764814581266
18.383061581337014
25.14854874588344
35.736610767755685
24.00152848948773
29.953454158781017
35.389396920780875
32.002685971997415
29.101795820410185
20.955922288016342
30.968748317692096
23.53258721552031
30.599480846541184
23.180157792074258
30.09276576378231
23.1927074311928
25.295399801416274
22.77475371594815
38.85522783697478
47.61945528337696
30.85813002897596
30.099882562253367
29.109753632965635
29.326299611592038
29.05006633828011
22.48558279994688
32.687801771451646
29.43533119483193
26.209082873164007
28.24121368517926
19.5810157376576
33.52766702865794
26.67703055436828
18.721509235551196
32.44607163333863
20.5634328404455
28.37961442681214
24.509174885441286
36.153059500352335
17.002461146524578
33.67007751456742
26.614398734500323
28.138417635996216
35.03063737257123
25.818590245018314
24.417024160897427
35.824264632557316
37.752684981337914
27.21904964403809
27.41338478667591
32.59139950379302
25.301526849626722
22.264778832493164
21.61483892891331
32.9296745464347
31.850623437197445
23.057984265401377
25.4340298136347
23.81165534537601
21.952216133203173
26.343684666703197
27.436649339546165
22.438535114735483
21.73578249795315
29.807298568864844
24.34209063001899
23.93676709185356
21.660096750745474
26.6189212440504
15.459567599718724
29.875692300395208
26.95409734428576
30.333495904718884
20.16078526331046
19.442683556516048
30.053139173440393
27.209031525276313
18.999055948599537
19.46490975962485
24.00981113558773
22.521772855336405
20.01805507393003
34.061972544547885
21.801619105252016
25.655546369145306
28.698198195051766
38.710904181196135
18.58261696593802
23.819665379597925
23.178911156293307
26.52652801109603
32.796266617034945
24.73760802737958
23.39889022793952
22.86235530132314
33.16033482721642
19.876451220234177
20.007820738911626
23.719843719727994
24.13031789430278
27.010448087941473
22.456214079932895
17.90391013450537
27.103331416298104
17.80908212541089
26.53865958995229
33.2259210713883
25.52411467537234
23.16482726234852
25.37251101153533
27.790497309863333
37.17527723485071
22.434023213054065
40.2443765195158
26.46461367051623
21.938542149506002
24.6837796082457
28.939858994093836
22.431207804166082
22.514049841120784
30.972209798669848
32.55691792238102
22.05741642667653
15.775342925860434
23.209293995550116
28.91738989066851
28.068202197799526
19.69334316432805
27.62669884185329
31.269667899028956
26.44391390149475
21.034778960804292
26.425260220650422
15.734592340674084
32.79836492273299
32.765509231372114
28.05203497186192
31.48408375084636
30.238883207127955
18.671222516395805
20.648702534694237
22.974950106915713
41.367000522670835
28.40583878658921
24.90455124697131
25.39900864094276
27.118783033491894
25.01696657594899
24.181093577815478
23.90390170320153
28.22285947283689
25.697873550297835
32.71121845000512
19.56895791590351
25.68818606667666
29.414300694244353
21.083400767664084
28.494569634103655
24.764594908972096
28.128210253896945
18.7149975570119
26.341850421823764
26.319041264610636
17.763918199201793
27.117849681776995
28.644086137172746
28.804467808359348
24.521160008756617
28.87122461059673
22.18513529399656
10.559841915583096
37.41674272899117
18.13895420708756
35.10875063394025
19.548302276782824
18.944185811776684
24.0922049375475
36.26015128558974
27.84821161854666
19.509194206594337
33.90019068876218
21.832589611558152
35.01604011092093
20.339298909069814
23.20858547620574
31.58228728894667
27.169631135601556
29.541829721007957
31.112874667505242
24.940084826151843
18.347199463480585
20.791990338673653
17.910095663380392
20.33230675303251
30.46722498585186
16.742916766968168
29.566689387259093
28.8010331654491
38.205579009331295
30.393225235279058
37.121875353508585
35.47700022453872
28.656168622569346
20.814688631615887
28.34189808781799
28.188553025542134
23.992632194060786
20.379603511728554
20.08077165812889
34.06847915526056
28.61936169988748
24.668260163018925
24.537337395725483
20.06457596190274
32.882659106570486
18.75837772801242
26.114439244603187
18.361476150777193
25.962935164590213
35.7366270974288
28.971106179432077
27.726955246042074
28.452057136709673
20.75391287182525
28.62670207493393
17.39148693520353
34.47798308765622
32.562021287984535
29.169068419356243
34.204647610480016
25.038913030774207
26.630780865390907
24.89937702033402
14.993865671285453
30.36189098357483
26.535338439468344
35.51416551373042
26.059812014983958
35.23782084961012
22.006551271993775
21.813178599055107
19.483878722732932
20.81326334918476
25.103931382721672
22.101993497850106
22.5065842374655
43.227624579732435
29.26526904870359
19.41554740346344
31.496350523486115
22.936468808809607
27.120916159484526
20.265850121975827
29.362988048361675
37.807786350673894
25.561294983714905
25.440033520945637
27.700437786523267
23.925355645960863
20.561331377979887
34.51819989009151
35.01438517667137
18.06576720897553
18.649641218517623
32.60748551541265
15.554934200538673
24.978374490898332
19.794857635922888
23.332632464904414
31.578430096939503
30.19102685141204
34.89990552406705
25.867707957622123
23.061517342448703
19.21973978190592
16.822931000419793
21.42478592589653
25.295304974750238
27.150342809286236
26.860606537897443
22.927326886365453
30.21686112678981
23.576487264888094
25.98962533039611
21.946820114498696
25.527395281036867
26.404499976718665
15.485196776225965
26.87701077914737
23.9732560673863
26.22915949369809
20.80528817707513
22.11452596144068
24.15190622436267
22.437205655218424
27.050698770476224
25.64356776705225
23.69767008956142
15.320779072000533
17.986362340157207
26.05110244201061
23.753218712468723
25.11191000198549
25.356902306200197
22.729334693559228
33.035773116264124
17.875684599788634
27.66774505835496
26.028165834482397
24.06247276447453
26.671752927413582
24.738998268320074
26.071656194661685
14.777227885943244
30.275182536562628
20.041719921330152
22.626060717378994
36.07567772708419
22.166246562480648
21.905756055596687
24.336260642211105
17.648365401208814
17.831375569382708
30.233211032339437
28.129803173546964
12.863894486450036
28.868012406365533
33.63854067724098
15.857582080190491
40.12510794738646
20.957587968341006
17.91424725641344
29.993008135945686
36.43184302145271
18.696474585595197
33.72903613978686
35.41565011092745
27.390758518123743
28.04428921914861
39.37617594784907
21.37428985874667
22.874387654783572
24.976115123449116
27.67071883614435
22.745128435569193
36.280131900923635
30.023618348704662
28.93850530446328
24.820133367560885
26.67961431700944
27.9009772137299
36.084057474404524
25.580248685003255
25.507447160964393
34.402383574880105
25.33043280673531
28.9701251994396
16.873248607095253
35.32910045058226
34.32252587355031
24.29693185128068
30.525163908360504
36.783079675478334
19.88550710433187
21.141903950386027
21.97138593459395
26.367505716774208
20.498311780202762
29.600518529254373
16.567592590937085
28.79256103635895
39.74181765273903
26.163101810658095
32.42642905748981
24.89394686999109
36.721497492246506
27.432254544859337
26.73937565192383
23.62050470692221
34.69398002631159
18.443977118309906
22.701505092214994
16.535481222837987
21.707856833520765
28.91106619327707
32.794559941047346
23.702321424532222
23.875966282148532
19.18344502983986
28.300975567903276
32.786702236149054
19.358299054545373
22.09141048868236
24.851625033681785
11.996236749871706
21.89277599754633
20.52451912298305
22.465616618537595
13.905362687762683
29.030725827883273
23.26321817812313
21.70299078176723
22.09019634193624
30.14989799359088
21.89016481721271
20.64356960232239
33.355985257077826
28.88089286751233
21.800332959788964
25.27309398283977
20.862414870237913
29.524710280268696
33.61885696796048
28.029966837304354
31.62334219819018
23.67452311980774
26.060811849014158
19.30606035654539
32.66114535811631
26.732760148260397
27.193982679671908
40.32345305489265
17.05073402799781
26.89906552485382
22.214485007245536
22.222462952192625
25.310883973669185
18.3591427483994
22.920897937289205
24.518253138754776
27.208582474114003
37.62595810396048
30.566592562802587
27.646880392139785
31.397643324866635
30.86708906910094
18.670987406401334
32.32028454406188
30.60267283173187
23.891904127780148
24.150412064598434
24.04877287616967
24.13497673417012
34.22076082991757
44.012117574659264
29.79051024039554
18.663852959582204
24.289299520599243
17.311594550569655
22.132351812125663
27.13085088677385
17.897908977544333
21.268811692317723
31.099744616849573
19.176283655995103
27.287403798336214
22.010588054476937
26.79267237641991
25.138994207007002
38.533159085278825
26.755123962281484
38.073030335743816
30.946902931171365
32.643270208049096
24.052191242204866
18.071241220348096
28.575507014857653
31.68407578692988
27.65603869397214
25.55089764861227
29.018887766945404
25.36096190730528
29.552382719935583
24.472286025301322
21.135628129653856
23.20929036720551
23.26127053599396
25.305716105009186
21.321985333879596
23.517424063469004
25.55930484981475
20.2689231507349
27.830237236117444
28.184809441065322
44.15633834345995
26.395176773878436
19.656663615508233
37.949215270789175
25.551532139993764
25.114816768770993
26.155964356535183
35.534939658983504
24.673076788056715
27.321249241665168
20.279987103675666
27.450039450437636
30.600728312463076
26.59715849817456
22.84730269727071
30.19613892977368
27.165276977043767
32.393431012952824
30.939309418354778
27.39121403465688
30.257653916082795
20.765442509288953
27.862744084930434
40.439354316689446
25.145623011634427
30.931560553432025
30.57360535765616
43.72561735209038
25.524091276828415
26.956015542149352
25.860034353083662
27.019593652893565
34.563018749194995
25.984043427000795
25.734397902146316
33.7314984380605
41.657538194974336
33.55389762302817
35.92384718670761
33.04076353357638
26.170565815631903
37.06244989143831
36.586371897423554
27.57629607038931
33.487597742342814
27.1336304368474
29.242669718728244
29.381471809130716
14.52741451512582
25.14276566778727
20.32419278820663
32.683796313330845
26.487303736762787
26.063752590982027
31.454511409138725
25.038563421036187
19.190583628674478
40.10932527811034
31.13884224208647
20.854660813650565
36.350190327190944
48.240744599446145
34.33423136337172
27.784174684161133
26.012709526712808
40.05294208815067
23.573619128583992
26.103181014598654
16.0999998806729
25.642216851059924
21.00161083665018
26.03187124488003
26.952651059052585
19.03496028581234
23.875671320353156
29.145792443811562
23.60858085045276
27.5507347021136
19.185168669644558
23.60184240696127
29.171283238462063
25.70568988574566
21.598604433166408
23.057287115980536
27.867011942139285
30.04101682533154
21.103087740901994
17.295043650338123
27.127328057348343
31.90270332528291
25.597899854156818
25.883842424348565
24.826830159230177
31.322354057901062
28.053432932296786
22.515462428228258
32.040026362578224
33.03728669023683
17.376370223589625
23.13783464039803
32.887832145227605
17.907524089812274
24.816365194211397
32.11678134241306
20.560077210674574
30.210478247189993
37.40858633856067
32.81988566656908
21.186014307956487
30.036445397535832
16.696886342134565
37.98706531576289
23.284550796400584
26.0148795729931
25.9432001575579
27.960709758256147
35.012353717539696
16.21031004092097
20.564207270670593
20.3143320371004
25.444786501424666
20.226306214230505
19.31774469536277
21.73183852596096
23.485126997178142
35.251290110233974
23.74812755368049
43.47012047471956
17.875502983407205
21.186091995568002
26.598269330402672
27.56117380652921
18.611385274825768
22.33646708518238
23.278101937840056
34.03572668539252
22.96079526362724
29.920622392476997
34.52587000937931
23.33458580112655
27.011723641708485
37.16903520722891
33.94820573856075
19.489408733966002
32.6185682766501
32.08987310931789
36.34883555539715
20.726629474071004
30.459639845238666
24.221737356372223
28.057849009717867
17.465726391170346
19.140870052915727
27.414807219182265
29.887877814216544
27.87879163143267
39.11964434106038
24.05620509573577
24.027574721595194
25.01203868226178
23.142862244682743
31.544291075062276
31.1025355587005
24.623502239825992
26.638121297141122
32.33272305433346
26.129983760255353
25.2340863641572
30.421198680722583
25.250197766017074
25.110760287111518
28.29176860679521
28.739828388876948
24.223610312668427
30.47760737854166
25.324997487745943
28.760505467120346
28.986243479228413
17.924708210541752
25.999777776500903
30.165250676686302
22.159390177321566
18.881343883159385
33.13510639452136
19.99633631813894
23.83392416163612
34.02979550959221
25.143227693725624
38.98826279729921
24.048553205214084
20.716685709543896
32.720484621229836
27.152752376382022
23.600783360596907
30.567801892360453
30.385475399520285
20.38203016542961
18.029367798538285
38.398011773103136
32.15194342610608
30.188991587992486
26.943514389097068
31.223945876055474
42.628704602560035
26.088131210458464
19.666790207315664
21.19503239528619
21.131283263853444
28.408236762194445
29.683131181843127
34.20101869996261
21.004633853517692
19.60113108873598
29.221242239075224
39.1856527815585
23.555812116678887
26.306914550717526
29.20583165731983
26.640486161887285
21.614473193308573
21.450792956283387
18.376655939874556
35.464695212958176
15.187602158977123
29.078370987364583
29.09130633278039
20.21814576152225
25.062283662430286
22.23761800895493
21.971189418487768
28.588186663314534
28.226649982327157
15.26995051952236
23.891632138698085
20.356767007927708
33.23779945104361
27.46599391503609
34.6099333426891
24.405647726251388
31.03349351967338
29.87158525880323
22.009198687228672
40.365403684648605
25.020450349317098
25.359904622152207
33.015065650365926
23.629306122986648
27.476257857567703
28.66357806778273
33.12969169900894
20.099496394954233
27.53999596425427
39.96295935663306
26.959564905429296
31.438083020929763
32.962190376483534
22.836944856782086
15.973900152991524
20.170038260183016
21.06150842098001
21.79447386454928
20.3204840384542
23.29943220700429
13.867156871910396
27.06563245021418
33.45862613938015
31.496396458183252
28.107072115435088
34.46191477283025
38.6605418489666
25.56514625508867
21.848774767399483
21.3513514898762
23.650460905931116
21.84058984284624
26.780583286029387
24.362665862541665
33.696131004352004
23.49935064416872
28.90919717387113
19.867576524277148
30.79501331385955
21.477771815745587
36.78533187065333
27.98995394633728
23.46257597363885
25.188027315134804
26.609484754658773
36.84787611652581
19.294320218954304
24.78559274725397
19.818027672266073
35.31767288557663
22.033290409449048
23.60392301938716
32.24268574393985
23.71408334149997
24.694796119997417
35.693893338770685
35.31337578351467
24.768247757485025
35.1300012254026
16.244399447167794
16.569463601925708
31.228119066532518
22.384197154510762
26.402903411585477
27.64404203228143
23.466982092117814
24.674220256069237
20.473018818580947
30.762419764654545
27.53500619727811
25.440165810558497
12.988800219954541
29.368145313273686
34.55197500855063
26.24174446346314
24.352080072178325
24.371629093703753
22.77341152863077
26.743986996785374
23.370262008314118
17.12115971595628
26.535820783971896
25.670442920929105
31.074375650142393
33.334512764361016
24.816894283131337
18.486811490184447
23.221613217882503
33.636980685813384
44.56773779476867
33.54405507236971
31.28685269567857
34.35628562619642
23.613344742137453
38.34542567026033
18.916847153242255
37.79938294952938
26.11450396490091
25.743491660760583
45.11602254369592
37.33940941061812
30.678274251841227
24.274887934233067
29.06565115483477
26.64711406485899
19.55139614496658
35.42085892991242
30.04038393170998
28.353838641557505
17.368907042244565
18.689907510574937
22.425907884115997
24.31509579279624
27.03196998394633
14.523106880207322
24.90361469440714
32.5187549369686
27.03285836240599
20.871595049741586
15.056170713164086
30.357965170386812
27.621872468714237
26.07084999794118
24.740557551854142
22.28374850775958
23.783815238980406
19.95117619334818
32.63854487680351
32.0609126529093
23.37595225867529
34.747205693131946
20.80398639668839
16.66375941617091
27.955761896203864
22.07720698208291
29.53120715041098
15.738012148810915
27.275336788074416
16.035024848490764
29.247299171150352
34.752209375338836
36.821583963566844
26.705544108750857
22.098311164656703
19.01724270165205
27.317202111544646
21.72954664439162
26.42386411392054
23.229119205522473
28.860586225283143
36.337762221023034
28.596475454353033
32.45511896072346
21.00193917513882
27.81051037957676
30.10680442139356
28.440785354681548
24.76493649221592
19.75856974454955
29.881187933253855
25.011455575298307
24.032786432519355
26.509647178390132
19.36984471360112
27.99049844741464
22.75936986628984
27.017488077951356
31.41519085073409
25.84176771472244
30.31519658524652
22.51264251043481
19.22542209539769
17.30442051521111
23.29712449295461
25.762556570852823
35.54112482733348
26.8513706815131
24.201544632147627
33.41602547284725
23.326861636081833
33.835147905319886
20.544125653145926
29.318519976014244
24.29135457553485
28.90371096335454
24.830300618521292
27.328464445511752
23.423367245545887
23.47844511606723
40.632696789939544
15.65238936537739
25.542331832953362
25.52273617600507
29.862500419018094
21.803052836706897
31.502280165832858
24.62039577287911
26.554782376809445
18.2602666180065
21.017872020096785
22.747708976512886
34.93902355956966
28.28242382808563
39.1374303396498
19.025418919181455
22.835456435825733
31.91779782113916
29.79442311724908
31.490888783993597
30.51181567417951
23.967823517974768
29.482955116524177
26.752972953820652
19.781483590879507
15.625616701142905
19.967592463825284
31.491638576956476
32.66425150230132
23.838247847962297
30.950347653569327
32.33684757991613
19.179215425389614
21.88448966745737
16.173774336872114
23.120868951482798
29.555970444133816
29.497407637589962
29.579208421315773
21.114593249088003
19.967344044097686
25.177594529178982
31.734245317122756
20.29841836702517
35.15181465574806
22.43422912552953
22.665482084741818
16.60836362095381
42.75767527288599
30.475898496309146
20.993111310467885
32.20181610779807
15.562087273881541
34.25064481297229
29.690099327507337
27.47275732064872
19.76705559533994
33.496523269420145
32.536513091259756
24.011878388155683
27.037769418061547
19.45622699364516
29.11619693747194
12.02120316383676
37.44705243441046
25.54646657809337
23.133795433400046
11.178778833329458
25.866111021902277
24.465245592862424
32.69220410676889
33.984417650338514
32.50772650608107
31.80675294820402
21.33112717204061
26.62052606288195
24.8796789860619
32.99071230887515
27.738688922324627
26.99121576295237
31.55773817883563
27.785674011509514
17.205397884839215
23.715583338368614
17.78058028179469
19.1384007313543
25.24652585710621
21.670729353935574
31.132538063942267
24.634191387679184
21.777049291326033
20.426476586584187
22.42228971630472
24.141277354459532
22.20903785140039
24.305820515876984
24.61342170141766
36.20641567684279
23.845513312065638
32.44125948171181
28.856597244320888
32.65344868105154
34.3203461641192
29.595561861696545
29.951723547668823
23.651181309339076
33.10376533878072
26.985718221027078
27.325511166577833
26.77426233458109
17.49879395727994
35.435984373606786
30.56815031746027
28.44223584778095
42.04588893661605
25.920317103770294
35.04636025313976
22.393690930338035
30.476583436621524
34.74740681362998
21.774878695189827
19.79315552896456
25.114747809134936
31.052104206456622
25.191603280227298
39.10960945034556
18.95954832331003
20.667151884825905
42.28256012233564
31.132567076752505
18.97777125443022
21.42654782599783
33.1731166617056
25.83247150795823
26.115474884907552
39.29840937003178
26.83846185069207
39.76168074335
33.8865787630765
35.68366615031588
24.56106946402268
28.86325078888789
30.837281867087125
38.35122019898245
26.140075978003818
26.80529710886971
33.68169987931986
22.873637778252746
28.500169855875416
27.64611193185167
21.84325784147994
22.57433991831224
24.622910542794944
29.083521731832523
20.011674231282573
20.29404587199858
31.72302148693501
32.94468431530895
31.553902155833807
28.48551784632909
28.63542793673194
28.82142464257517
28.604501510745028
19.14055459787667
40.59224140589273
29.389931083903665
22.624435288763124
23.92000004265257
28.153161926784875
28.464548122283684
25.06481247725293
27.086903659624497
24.2025112370027
23.757470509102188
22.045297665705792
29.101952427955823
20.575836611280327
17.438129775510614
30.93329387262128
14.735501872077245
35.75251928750907
24.623155778176507
36.73056261789082
23.79535943334245
32.02573284234822
25.181198695839008
26.037635123606997
17.91998038514943
20.80520307992516
34.80243813488272
31.81951524986658
27.130484920631776
30.679499567696517
23.99933368935863
30.736595689217026
21.317718913636792
19.6386557735162
29.018375222085442
23.953075737977425
36.89212897524453
29.088589560901433
27.854176568845464
40.54166656087476
26.23204369867737
33.7344112703158
31.574865096873328
26.830476704959665
23.597548748870548
26.197829120380483
26.438244425181317
33.504183985181754
27.87932545904555
18.84812221427466
23.822273040405207
34.11287088402196
29.242574636888058
34.37841682758724
30.51696086332863
34.794405336046275
26.02220140105646
25.926012015848514
26.853614412892814
24.673659240325478
25.225251411331723
38.80727855960856
24.84699352730633
19.04586272114704
32.283975971329475
25.53498893468224
30.395182011653567
15.495791573821124
24.50244408107555
21.162163969649882
25.534491412775886
20.412714486214767
30.625651631754103
29.930501793361593
25.59080764128573
20.3401602218982
32.296013888628785
24.311864419835132
25.4844137000855
17.81233621713623
18.658369149196464
27.947359458669514
24.295193758867974
40.663342209882316
30.08890434138365
26.60404052176642
34.872050907178824
25.28051484737988
19.431701220616375
23.208628696306587
19.879848324238658
29.844317787699293
24.100097694229536
29.960494955055573
24.458402783298038
21.74426056707434
24.798238285835446
26.000509982705616
22.235316550480892
29.2029963048195
26.713226324165078
23.58341855648394
31.251042854553678
29.7255122116313
35.971442136615025
27.66536878685001
24.789982375076878
27.43098617544292
25.751965174498597
29.21548867293952
23.75382789418823
40.436134730300374
28.898238357260148
27.451311169261366
19.85688795744995
25.941790238130448
20.76044537720559
25.663680470741696
29.706085085209562
24.258673171168205
23.287314988229333
35.97131796117287
27.623760204692317
29.795453166035873
24.95002926858089
29.077508208797752
39.218073938655415
27.009207661057
27.684326973793517
25.091091548206485
34.4543813392801
26.76464134234377
26.647769167497398
26.679035819068137
23.903179214026807
29.669820345107567
19.74152880192089
35.07035436763039
19.865180645766443
19.821854552976614
19.369066908533174
23.12733279970591
27.857807279760976
26.231713636926653
22.7516870839088
21.924421621559574
34.85204239550867
39.144399255899636
21.308825435760678
33.558054858341265
17.539716235173866
25.215751987413665
25.46282174534073
24.35502181690568
28.438485134784568
19.381167159490836
16.300595021133848
24.981809063562956
17.70022790212627
23.81113009607186
30.360921974964416
22.504934110083177
24.99586122532674
29.950964428824285
19.478507282459663
16.694295305835954
23.059030681507252
24.125570712795163
33.44243075810358
18.330069801844104
23.780657405045993
33.12854816604405
25.981483737398104
17.907830842022765
22.212415479429662
17.75126919473918
19.446406935311902
22.123574743075043
28.29338196082259
46.65664100546734
34.32450327008824
26.59270683050652
39.32531117922944
26.064583484230848
19.917254444367742
15.98124208262747
21.25325467543967
23.902624892437025
22.55913702660023
26.29028616431154
29.406282481922926
23.156946268387827
45.30719669219287
29.67482866259838
24.620416261809314
31.493929482221905
32.41739479997054
26.29418268202925
37.059483188275735
20.90344293024202
22.094467050348317
33.44837714518124
21.939623286589963
33.275756573844646
20.561500192350834
20.17833799505539
39.83877898496952
29.76129384630928
22.470014907683908
31.59067691282994
27.790938876059514
27.29030297746097
25.14024250928197
17.088610922839287
28.536333111608407
36.72814783125754
26.350263739025486
31.798872821122547
27.084738008100423
28.421493749848114
28.39128268304493
24.814446708776895
29.49995062178775
24.623554814854685
20.60054389195031
24.12914112461152
36.750534325400544
27.28304822968098
22.662024805987766
32.371128989720376
33.57647444716065
21.571985217311905
39.26722589481991
33.08639851042082
27.736381068878934
23.140306546289786
24.818347910657305
26.321476877463645
35.963554221422896
35.40721758409762
31.44655216849326
30.25172301873036
26.538188883979142
21.048158209449678
22.501406845680492
19.677638740786982
17.703256158317444
21.961761904749437
18.765966236225182
40.68529765180585
35.450978346549874
21.1719372548643
28.938318105595606
23.009001838025917
44.026329828586256
17.02270452536664
22.40875475573645
19.684342130498745
29.700194890316794
21.509874836307077
32.319786831751166
30.515634632755223
19.991240107266446
22.26702212647946
12.912320319126527
21.826583859496942
27.399396107042524
24.10168232855511
24.129686178458208
23.519083656243147
31.76609424240558
27.41944562756622
31.30452598993727
22.704840758293525
17.07190649438272
18.01238878563773
20.205509874493284
15.515458765692728
29.46557713791471
33.44184247562655
20.1384617237474
22.701681546010597
21.540518021222585
30.8703493530029
30.2446876817181
41.38494250905492
25.573313418096173
16.47995327549397
28.0887350631616
28.89637442245414
23.978272380656033
24.647881546460326
21.959888906307008
20.252563981928272
30.189371465448033
33.5660351394191
32.014146354125295
24.79356847180451
25.844778803342837
25.352998975569367
24.49038889810204
34.90046416994908
21.509715098401582
38.62007958967298
31.42223453196961
29.834745682195674
24.81292263121446
35.7687129100132
28.022307287151815
23.019650102038536
24.279764429101952
30.83053830351735
20.301886742655697
