126964.05303633299
87223.84997666978
58016.96309137648
40219.324445682505
28368.083789984008
20309.464397371386
15624.978898507743
11526.845246064486
9189.783517418458
6535.722701440765
4701.83551810504
3396.2065070755257
2333.72312699131
1539.068011139613
982.6273014194692
555.5490626381556
289.89712697778685
114.51348807412178
47.188074426906674
25.09716761990637
39.11937151921263
164.65088431296067
190.24732367610645
319.3592627397287
405.27539770534986
518.3714679384863
612.1348141747451
787.8397438637675
699.694081525884
753.5581297686623
881.4804605464536
884.6977886614573
850.1127260135535
805.4449934633633
762.2924182372731
695.8758172326379
693.6579835844361
652.2195416288912
569.6989105248852
538.5710516148681
405.4918178729166
319.1909294141682
254.11991303652232
289.08794301879794
245.3169894016472
137.4058641440662
100.0110240136696
89.51742535179164
84.66091598850493
45.95372497672774
46.48838416255655
37.6847395434372
18.41497796935969
25.78169323018047
14.680607460300907
17.102048881317895
12.866236109455018
31.366410015093454
44.35212038756935
30.632837601204336
42.69379782464141
46.54336451084611
44.59289912691141
36.38226150565186
46.790000765061606
46.27915747208918
41.850205438002064
52.98405025585925
50.98757851518909
49.53043800653195
40.42904796795543
41.657385977532016
23.396303962681355
42.96605508254229
31.64620495305129
28.62180894633573
30.649669289509767
23.613100095109864
26.528404688584935
21.49566490178614
18.267406930370235
33.94341921755337
24.718263904932513
28.190803014205574
65.75700683685251
19.45418515934567
5.3436374559218525
12.14589798925792
19.546652230751242
19.50340553761649
16.42449545641796
18.233920682809394
15.436342022202352
21.29883952998919
13.672023018799981
27.889430098609786
17.4966688907876
8.660311593948334
10.971226876335374
27.717989131959825
10.860720801581452
12.41844166042813
9.840165303341724
30.604093625765767
28.4138498721906
34.61814307960697
27.000282194927898
20.628470340635737
32.18254174776493
17.88841802101368
23.030329049388108
11.008007899126895
40.55400372605488
23.873564144003
24.213537194260756
15.450910288575729
20.01778335999171
19.97721348784243
24.841005664257953
18.138533929891935
24.46887125749206
22.151418525320228
22.34206172712276
12.465865154611734
24.594301692441263
10.909588609789003
13.039758373061067
17.881212659300814
13.508778208944209
35.49057075726715
8.869162333200538
16.925625118929403
22.0285379428919
22.336526128195374
29.643664876100566
9.108575133946697
24.84331744974063
22.6624509028089
27.7018235130623
21.17817485680451
38.809590937424645
17.5344033774666
15.141055528467115
19.028633770338573
11.834485403989634
26.698598506932164
29.993901736313617
10.052669730893472
22.563993483980145
22.281924638246682
27.910984177361797
22.256379186834156
19.83691128342065
34.46889462040878
18.04004399373114
15.156491994085949
27.285113449628007
22.04948685260489
36.84967330989803
13.740659536963278
30.27197896619708
13.528199495220298
29.76733056710077
32.23976789731555
30.010249542622326
26.321295359108515
21.93732786927461
19.502401645328593
30.968217049719886
24.7640001997638
16.543940267471193
23.242298734007704
17.38170626854619
25.327271477337487
15.052242200764706
26.076195929397965
17.097895329969166
16.601305637223785
25.121640351887475
23.799525423667582
12.258134040821401
23.80802042289242
15.343476920076126
19.227052067704776
30.81245365780924
36.40398105912345
29.419426695889094
22.886524948107127
10.909817956184023
11.591877733601596
16.31966768673508
14.455467227016907
33.445346281776644
15.94968285807036
25.087506691872886
20.19792868108995
11.900554153798195
23.196514457022865
35.95813043090205
25.73815296421073
21.480873003778342
36.884808387821636
11.700709083848219
17.234205993636902
22.828363268045056
12.665288981666356
12.465171665773145
13.350209702696986
38.78319646281665
34.15073053413063
11.046549338732863
24.191573861818732
24.204474326040444
37.94934212569201
9.169980007654075
18.295889989821866
36.59407878137434
14.849279292877998
14.273210132513423
19.660000378842977
22.554908823404133
20.536937290610034
22.597180906462704
25.791839441314085
13.593904852375433
30.511354728164452
45.87460554500729
18.044138813509118
18.391846902068615
18.86962589596167
24.97396542797104
19.91839319282679
32.55733368433914
17.931168523544486
28.576252030395278
23.622255610898037
17.517275360723715
25.29716156863435
34.48460163722359
30.122015476246055
21.081467578226455
14.929602777291414
41.69914257559261
21.4508377639889
27.998335733635894
25.0407907164245
15.823872437076908
26.290894174116374
34.83395479031366
21.895403830284955
21.380343370476965
22.262251531125912
26.959286894669905
15.33144401874648
18.37010158283583
32.10821935630568
22.09786880956216
18.99943022904786
22.642661724563162
11.984693791453399
22.920527430747846
21.105022569107575
18.126876421581205
17.224071896115824
14.928057352327647
12.719666507986052
16.44592550333685
29.85166053421771
17.696139105414108
14.107085594487645
26.614116271220915
16.761021945404174
10.599140172023485
12.002010611980198
22.44290708967079
12.838630606757967
25.86639401950474
27.330351525501438
19.65494592729825
26.147277730278507
23.464794105160077
7.223361421346524
26.128662401365716
22.185385008760996
36.63328079246326
9.3043600008821
10.2757020212002
33.381678933677115
28.541972597525504
32.98505361196178
26.437256494662144
12.395734957714923
23.138230097469183
21.876754903629436
8.481149639061657
12.034737095368953
12.412052281708814
9.631597434032733
20.740774292196463
16.095873869798062
33.13971843859376
13.693609670053245
20.24971512944197
22.452006585918973
9.878316075622017
30.53404340990516
22.541656067020373
20.446880046577483
19.494511503172085
18.655160644940384
21.28334547123533
26.002655653144792
29.562383357362076
8.777530028823689
22.128074407429715
25.251836153368735
30.88077110348115
9.336398867102515
20.743490983857725
15.261806855043108
41.23856066475834
18.524900046020388
32.39293409310533
15.982112171390112
17.37556390863127
21.889574836822252
26.70355758467221
15.341035338439651
37.49677766840316
14.100848222607903
25.01901228452587
25.340375902291466
28.51512800308727
17.161488257912914
23.150794927514685
24.482268864960684
12.721713402857574
15.577579006483882
24.22087264243488
29.380998504849785
15.100680901564573
33.737411288051796
18.281392575457758
12.67089686526363
15.896891165130542
16.070038468386137
16.751023571294464
16.138582879306476
23.824690918517494
32.66284445565459
17.194698969793127
19.704649666874722
24.044425586622673
18.874141749783156
12.51450158419094
15.995844554306588
15.804873836662004
21.041342725333827
14.063551000935437
27.73127369973562
9.744473822917127
13.2926099619664
18.144691797823807
38.44653807333624
33.98114452642444
14.21481842064144
9.691377966697344
25.949520554708734
43.27624870566257
23.235451476605583
35.588064157354644
17.363984262772643
16.133396438570934
13.118002284276423
21.707735424495393
13.96725174053386
13.71007179204561
22.310711172820067
22.571862165518837
28.497938281577273
27.910994062135703
25.345066325687398
24.88503989501315
30.71495159514549
21.921403145620204
19.761398445197788
13.924583598454877
9.967620066551177
23.414626839198274
28.17599853282936
10.363251660487334
20.226568560038753
29.971558318354546
29.97250808422661
17.683492287800345
51.00005859494659
27.380786514120214
17.19477448163856
16.561695364541297
29.11722678936835
28.585084823509433
15.306404974429222
18.746255556489654
13.6210125571217
16.07908941128213
16.888768188719748
22.2730987309262
20.38242311979287
14.44683760174144
26.230180630827167
26.181442386506237
17.239457362726505
19.091350084362176
11.062425827554279
12.019738085759723
23.445116049768604
12.581905682845429
12.674471823830501
15.07320739255359
31.541200468853532
21.305367157404195
41.03251872500436
22.138334403393145
21.043310648794787
18.89044020798432
33.63408232666152
19.530155561046982
14.932024797022653
27.79812035041207
29.67977297100749
19.531699933378203
16.98051816549126
34.25575249197565
22.220815706859828
20.66577627451864
31.466867707885765
19.293387393789057
17.402421399153255
11.068561033232562
25.79935479037668
29.547059758957666
26.924111777635577
25.674311280834555
33.293556144728896
32.885709423288596
33.25797099932888
21.039184216303227
28.427141916774634
18.69421014534771
38.96934788975759
16.16798509420723
29.4003698218704
17.287267681990727
17.314675431807412
26.326699479735698
25.871199338696886
16.33072218324163
9.90404229007131
20.114874549676397
16.985742422943662
29.585524387837918
17.002740740362665
20.076570432569966
28.323295880735426
32.03476380205278
23.933691302191942
28.39043319333984
22.546887724980003
19.670755786575292
31.280613472115842
32.85948177931349
26.368784564115742
15.253917010626017
18.241927900797013
42.62202770691902
23.518105864803996
22.637214662954477
19.102212244290193
36.900740851621826
37.22424091501428
20.22940869714562
20.881396347136302
11.682893312531657
20.263200644939268
18.416199031381762
19.21350427192838
18.445894372672125
34.734256723402545
25.863536765256463
34.09470230392599
27.286794103518424
14.232270314892814
25.974797148393304
23.101684077575143
15.687136858950792
15.65297530979526
30.374093565989092
45.61744232564355
12.092272363823499
16.06035262088372
13.152679829584818
32.81513315638481
13.864450895602515
18.162531425333196
13.037350061665848
17.62509620176768
16.374475793595458
18.895786468684
11.04685417562908
21.832006102077077
28.939874704762186
17.419173448011673
18.43643904150076
27.97157233286048
23.811495606651796
14.173243933094467
34.76061709077923
15.763979206474014
14.941618376461873
17.632761428876847
17.704556229417697
24.488573010954816
28.29107441368823
23.934378819458605
8.651139068334697
14.693477273553038
10.198081650868732
20.197068292042854
17.05969001071972
31.45505578375447
23.76969488813308
15.786178853391355
16.550062957558268
16.996734385848537
41.46898689504715
11.475522828897919
21.24822159043912
23.666471222445935
28.323039071015643
19.884316897913003
36.582329020584815
20.955074343580847
36.27853311085805
26.292061521253608
17.69303804792055
27.402047908187637
33.654733152062576
17.704250343397007
20.95388461014586
17.41783932221736
27.134776908949398
17.807023810094503
18.426752508684835
13.637524576917729
17.324522430035667
10.46879011627003
8.083177119427795
19.930545719392615
15.042081201372223
11.425412560442417
9.179789870967182
31.361024362413424
23.795685042658796
25.089152934493725
12.378203519014312
20.482168198236096
19.293909412641355
24.47387093766302
17.945303087588584
21.911653918892792
27.20221105765994
18.641589241776487
9.909305069143507
13.532412531979476
13.460650328760613
7.465006676538552
14.58810943812974
30.170634833339925
16.13007617362115
23.899461349454267
19.685812859123196
27.272314355564355
10.811700184869059
13.113065666328245
16.6996345582177
28.642530626804636
20.390402797953406
21.12388906498839
11.995289504917501
17.77387324350335
15.595465206244006
23.911285550869334
51.61241618612104
11.07064776489034
22.155430448495427
20.575884496061125
9.957182038167977
38.537738239196294
30.85189114066097
15.628855832130565
14.369403796604303
22.03246066482024
17.585176031885798
15.514753845102575
10.978681466368528
37.7342204968073
33.90762997610028
20.36675796058433
32.82526034627916
22.00284766378798
24.98651161366969
25.771369659330844
31.952351133050154
12.665946786962873
48.180116165235944
14.13118131600256
14.397579187641776
20.281784023627793
23.157173811031768
23.444898922433104
16.18611206716438
28.50050111814854
29.211698773001014
21.538445602407677
26.1286381844322
22.211910864275605
28.070997700050565
36.07721338496555
36.473916408268394
25.39616803751828
42.84132190914972
12.649478471697151
12.20475803998619
16.392955734205447
12.094271138567876
30.120669386206888
19.813046773281794
13.085482645040116
11.930148446555936
19.44205888852165
13.440430553759459
33.794658070030074
28.964508222158436
22.408657362878078
28.444412894622715
31.874184602236667
23.22872822299493
14.851388366298126
31.786284817848177
22.470606345619082
12.362707721277747
17.825812029335218
9.439205135969058
13.41748330170018
9.957261662819919
12.59141750861714
10.458805153568493
9.43705754605167
10.659417134427699
25.17871813655025
33.39648708333346
18.455732874671135
19.67041165147902
17.32881756595083
50.89277522638561
19.755074945978468
20.69783918335264
23.498897959755556
12.932222740061883
27.82409276027764
24.814824644516197
21.915303005116368
17.33707013932115
17.63058480807728
28.025470393850604
35.07013072373815
25.708641816467924
29.641770840237868
13.97056345538299
18.534384155371264
21.992017997742586
15.424952282552187
21.695190374077118
18.753546616138745
24.61772251204024
8.37654464263868
14.900679140636125
43.139483528612665
28.799239060465336
16.96758779617753
19.12533542298669
21.18319771767497
11.131886496759655
17.647338236211898
18.990387749766487
15.879018140496944
17.056209354721926
14.903529258620496
19.867774919122887
34.431420059106266
34.79559205069509
28.228088623138852
13.476196227779985
19.06146739642656
16.659628078369497
26.734412332150022
23.986322876735606
23.959871012277453
20.608889445436326
10.122969223966747
9.010373092611804
18.938890337648377
36.359390190967964
15.671354332567578
11.916217475588864
16.295393398698018
17.346797014256257
17.20051182608626
29.447751138160182
19.182004268346287
14.299834117940513
9.187100132001953
20.020958688902592
23.456205532970557
18.191947572094588
21.471183529496102
33.22605819038584
30.41524026994885
14.82108640115728
17.697158226462452
26.458019888826374
12.599052152777926
39.519286808961155
29.844884854300986
18.63489201003116
22.688346676016728
24.867252518251252
36.58782615677488
29.111550013135094
37.89215782267608
10.540742888089838
13.003673575528413
19.868855713170642
17.317540348584707
23.11872974391303
15.2194220153826
11.505805281888245
30.923945994232394
25.71704293845952
15.96213317517294
12.62950933085297
15.183637806094819
49.80933907331996
20.74935730641368
19.49924084892753
17.003750873728148
51.34972990476068
31.933243650144703
38.226434652422746
27.371079830295326
17.384316591602804
12.958743503089314
23.893784603538606
28.558411037445293
26.77893040945618
39.52296799072278
16.747058768819667
27.582932395855313
22.23478664901034
13.110960475793544
25.496282832076222
22.216377463878363
11.390855215611664
9.046215691275702
26.757936606102668
38.90031995514151
30.32532501999425
13.400673707689315
36.35191792786902
26.4564761521973
10.344703599650611
19.836537050581928
18.28560903042485
35.08111093190241
8.885177234921532
9.661133881065597
14.713591427953823
23.716851375298127
19.039214738018295
27.474404585960944
21.403869634361502
10.149137714853682
15.195485227325905
16.87980369589111
28.99139246829711
18.610713051245
22.54434592636575
14.06392072532436
20.173585591614955
19.282940928471298
16.475034282455457
27.7115193289643
23.365997040392138
24.00555294227111
9.874764101077291
16.07858474830731
28.084275709061945
17.765737568699087
47.88584922433243
17.8885385955826
25.418057781543844
27.10260713095069
17.183233617158017
41.601518369778425
21.49213642099712
20.23761442991849
24.003237531028816
18.857448087853804
16.35311128148415
15.334552822834826
17.48889680618782
30.05567930956159
12.355199983507639
17.485789179904312
31.23927661975297
28.550689836552344
24.55053491757752
20.43303361067863
19.00203738581118
19.990745302787406
16.46182420346279
37.10074273906901
14.725942161314196
26.885450492922686
15.89877368804114
18.24893480766665
28.23541999070468
19.680440224849665
19.757190636107875
19.65668436125658
19.840916693883845
34.55933751789062
35.98076636615451
32.07607140743057
12.828081734535163
32.40046262301344
31.713135201184485
28.118148130197895
9.84514533478299
16.270144949209183
16.78296221499049
19.829996701324326
21.4352087996065
8.358146564863238
19.330359145458946
29.034909194442616
28.679000585177167
14.34646932956181
17.029505700657985
14.537493497306242
16.245220066664043
22.73173050597254
33.42349353130948
26.010630151432213
19.434977047135835
11.48902648323351
15.333512945955654
11.019902850860328
14.316465089040598
23.67787651548765
13.015798917695825
12.753884596197675
22.054217806157087
21.624372644101516
25.880804379902056
16.082481289898382
30.10653705365615
10.24865021667125
12.197622075119847
24.724598312306394
18.876713746328868
33.20283650153599
20.324001836189247
26.654621354277026
30.676324006314804
19.38260727369958
22.301011492474146
11.722046747227058
24.95537474844422
15.032894576628692
23.933781751632885
6.204090290975644
16.96753399193543
18.81647204876404
41.17425337815127
35.658130311023946
13.889720356388278
10.850411305487096
32.564746595342584
37.11201685846347
10.891245642309947
15.091623112441551
20.072738520577577
20.04201535505985
14.13388114754838
23.74030816932893
10.67445449987755
16.782823545643424
17.730918497366197
35.444110459505744
9.13260191581151
17.1592550004681
20.919508481084275
22.70044652325266
15.255348382011903
34.7670533561567
17.434632081312586
13.396184054957697
24.466171823186116
23.652470077059412
10.702339491215405
17.40595754087348
24.476303918020616
34.681856485574855
11.04188674912407
10.494757654640898
22.177716402525384
40.39132618116769
31.886675866462294
13.244037546784181
29.125932185307065
14.103432325245654
22.881987321624177
23.804894573313348
21.1351935291362
16.51264361161562
25.74423903047421
29.60528447173134
18.909849703756723
8.671104536019552
21.210096905180052
31.9244294889988
18.769870876032254
22.99559808087266
17.26914392517783
12.834106092704761
36.1358341207908
15.11903044278729
16.853026541139723
22.455425625331745
31.19511541442223
22.439969184969282
20.30580963828737
21.840612340540652
33.14805012174572
14.018157416403193
25.693142861789187
25.719827284798235
33.671734274788804
11.480792830999569
33.19189000069543
14.839358658551562
16.6513624691662
27.780078514847258
25.62561152355421
24.421733353324257
19.411550134612046
10.477631899023663
13.296285118495485
23.930290215199637
19.18746400010835
11.669707842156598
27.19610037936076
20.474603275175145
28.185045421880396
18.47628079081677
24.919053098712666
17.866778721296917
43.72748658303782
29.548939136374212
20.985266288464473
17.692711180790276
22.826003197202393
10.135789298942967
29.66044112149597
17.686185765262184
32.27256423689916
19.46289915034532
24.084883993974312
25.9666490893871
44.55973428629942
37.174931953933765
7.97353651778066
22.69812999986137
25.62494483984309
18.813072852263712
18.079200573150946
18.77849531124717
23.726791387288777
22.24252435232664
30.650410336444217
15.050931492420796
14.389738083761783
21.409591161989106
16.442355700100432
31.435443066286346
17.055156712054774
24.340310491840082
21.338042771513308
30.69825644687422
15.714527788462792
11.21318798930258
14.283629912509946
20.68988610267916
17.1456374418878
17.01483198580988
22.029848335776794
24.62376270239779
23.00154831113673
10.714841709920778
45.3707890115044
20.30460444260632
25.2577627398048
11.799012555978948
16.62901734554646
19.13080304594645
23.672521184878196
21.090177563564357
36.210404154391256
14.681092528495396
19.371559989460575
29.264034084302708
24.405304790560116
43.063453941092874
31.55336946412571
32.238034971547755
28.544800434925772
13.528144025910466
13.79211190460348
21.65314185538891
21.71630503259197
22.488788559610736
29.91961460024334
22.033935646035125
30.436532260379344
17.728237812304158
29.30836729815437
21.34809868690449
33.91610729578225
24.577531676787988
20.37775154879579
22.17475744205267
27.156906650489855
12.370691079054602
28.22872247533217
36.85560275467626
18.962164952897677
29.907543339799613
35.61525835828233
18.49936120576281
17.7410452302869
13.152748842970311
11.820814310581037
20.00835045923008
33.48007176682973
29.33247814573077
27.767827812647113
11.304334579106643
12.164997194929098
11.122279448064923
40.47118806334774
27.670434314585705
31.428653002360573
20.381654607646535
33.39227908254012
11.166006250691247
18.91089302400544
7.833100922435755
11.753903132977522
45.54583932582429
37.30840174308001
17.71798993185037
22.41439592594564
15.490588274616279
13.781018612223614
27.2538063921493
28.182458665662445
21.43005423970937
20.93572085100596
43.889031266461174
29.176737667669368
19.408642542401676
11.199590858506985
14.341669936843173
15.976407260671069
24.58292623848372
31.690134792643892
20.405688813536024
9.597295520845288
31.98276622366205
27.653432066350607
13.955621223897374
21.814032716482377
28.955311806723667
26.561327817122198
28.4196310135227
16.40658562518688
19.78021818428365
10.5498440603553
26.835756776741192
13.940840289738798
22.177149845448856
15.227944781620694
19.934123572112977
13.76321178776124
22.688553100666535
23.462551380369263
12.172521233209253
13.28949902800268
15.196796835996912
27.03462471104196
27.36683905873435
14.214111533730003
15.97186670674276
24.32029736124165
29.481924379592144
18.243960422701928
9.958891483922095
19.898933067588086
18.19582330347316
25.701460205420062
25.276678843905803
29.981201758965266
16.610062069913774
18.618531259223868
15.055131039455222
20.38110556369965
38.533117822959056
26.291840260120047
13.71861898872641
20.046582311032957
22.131795125485077
17.933672704429252
19.91757571868139
16.899706399178125
14.127176928191979
25.96289454536963
19.550543720707307
11.536273267701965
15.563276570776436
14.64565513153573
17.024688408985053
13.297875907587489
22.885146124164564
18.261756845726588
16.119576312440095
24.086003707746208
29.747972879361324
14.095978380949036
25.915355716597254
12.103000792429365
10.53635565689197
31.809790178557552
20.348229031850284
35.779564054852386
37.26018005388973
22.301204554896316
19.49027947743155
28.225893673246418
21.203817859919496
14.8558305135466
25.380226149039984
18.397105072673668
23.567431029312463
10.918873075960187
20.451630675235034
19.296449350325517
27.383213510673688
11.756805117052872
12.488269629958387
13.747421616085163
18.8124992214952
11.47083277328968
11.486255653438022
31.09432688722955
25.069280048900254
14.083480654791344
19.565248035409763
30.48742910691803
12.81796209526054
12.024658869530754
24.82977535273143
27.386584407439468
25.761214535380983
14.239428255781455
8.04618608497261
10.236020602886544
26.0797042032289
26.811976429591038
27.347887674803577
27.001881319953824
19.227714517798315
16.290326272104007
20.441150656205973
15.990150973307198
24.178539705818388
41.042869561479
19.98959087595114
16.974835266351864
6.707836040237472
28.69013893579498
13.929778173633448
17.072705274853167
27.605776197479297
14.25803444893965
20.976520830433802
21.395935824410866
25.89626628351649
24.366105544171695
13.063221883698862
17.126244085518362
16.01106058883145
12.221389103757629
29.88780725326785
15.463247971336477
12.412421721370594
31.918183204036747
29.30256499496714
20.588453792140175
10.817349648795362
14.80275281431257
23.171762801658833
15.486829340050662
13.516993729317647
21.485200287418117
13.819967296391999
13.838280765495023
24.905624177176108
12.204076188412413
25.841965263106935
22.357127353959527
26.19853034752846
31.3328484136173
21.021220857348773
23.287953457697224
16.452476747860914
7.928619836826615
23.992875047131466
20.765228175765106
13.751734677019215
12.915407142197754
22.050349182524652
43.62126347444136
16.585284027073733
20.071686684662797
10.5822890592002
30.05394089972871
31.898083426217116
32.4931183925723
22.40863013836093
39.91765776081211
27.58350804364657
15.129815943805777
22.1137866453855
23.035311486670995
12.83071039814147
6.833150435519965
17.047159508353456
25.90884390154421
12.635950624528208
34.56430937440814
10.692209598570612
24.752553778694633
19.51086856133205
25.814428240932934
32.851465584256644
29.96128472395511
14.60662530910605
35.700609101183545
23.938085329345757
30.280301789072674
31.096174636110995
28.328151034401962
21.84974350982375
26.527893323094677
30.13602952887089
31.66884198477597
19.925166133340177
18.54554116688937
28.591907548492877
29.392366772326394
13.156724049543506
11.194215158426776
24.90794359321344
21.076844266921256
11.570616322276175
12.1140877703184
20.09570922751522
19.51571847292239
18.292769391227605
25.072451134568258
8.789782714032455
19.18482034448847
29.499741896705256
33.43074711036487
26.46118748212442
18.29676723058122
16.914329736573354
21.04677397182919
29.423135917172665
16.137430907241747
24.405819396471315
8.174409290989384
19.510922811936958
17.26667969348764
23.801114806017313
8.312293331412626
36.29109301365797
23.5376679613338
16.94269999953308
18.628295661336463
35.85318013545186
31.38726263875395
17.57153638120931
26.029979367262452
26.44433178065843
15.275467589773125
15.645698345799119
22.593767984065018
26.71579083096477
21.61540857859975
22.5535667445687
22.069288368879434
18.666535290771115
26.30014024525736
24.458090579774453
22.888996108417732
11.57221384924003
11.979388193765148
16.170273832757896
17.34333688625751
15.21208579140018
38.66625512891403
25.848281695603397
19.802930923963928
31.743682666481178
11.44582349373323
42.66934215474894
48.171798778701124
21.767127176506033
43.03075226300384
21.798121023856147
29.120036924276327
29.14276855030981
17.750376138732292
23.56647660047443
32.93741806557054
21.69458081981583
20.366092044651168
20.22182787562599
28.635385130052043
22.44425266088207
23.264020552773413
11.763542980268712
20.503711175131187
18.123534248545884
16.0706272075234
27.997798057516377
39.54953323510762
37.421725707659355
16.235882837166596
26.856285467299006
13.681175609410534
28.773841126975718
26.818925085181096
18.224588014755724
17.319398525768573
21.03115062163693
13.497279468529861
23.16709257315588
21.199474568584453
20.199050058451906
29.61534249985923
39.44184091071591
22.63553632979145
23.34579670208146
19.17564634942921
19.226041058706812
19.42277317032229
26.866467427157737
30.170635434148547
25.291152265732425
23.41394336404279
29.600514684545992
27.363317717814333
31.889225384253688
28.102977917048666
30.386087501522724
21.091622696389447
32.56504960894993
13.68450381249852
17.722789150550835
28.496552808761137
37.066124723147716
26.84358636116717
15.52502414626191
26.82796679521338
30.016450469374377
7.987333150886378
24.74294912597659
21.73193246131761
22.185938927014366
18.312612781435522
15.475397102611902
31.685720891250796
13.224540303634669
19.985820254993637
11.979891559821663
22.61384179804183
21.887502235296708
26.20641215477577
11.759231513646608
18.01977119503731
32.370862491299356
20.860320255036605
10.097250872075794
9.895502927326373
26.12043155469991
10.433323948042565
31.360888505051076
18.43414296713686
25.764278921591583
28.799964183270703
23.218053044351432
17.542319514860882
26.276979887361524
26.277396775079886
21.087713427387158
33.01367103093354
13.915119981221673
19.98992263721182
21.963956319193915
13.495041982082908
19.014425426197196
17.07456769839655
21.21798319601603
18.28403163721461
14.274388146605139
13.153243585969191
14.476557724816447
11.039150303722336
28.87997696220731
9.80835965953052
31.06623166650662
39.52594023592095
14.86821359548586
35.09215782174591
10.524701606881097
11.703543818659732
20.261578244295144
30.3595546058761
17.36942191100659
22.408664911437935
25.507978602330184
47.00244789701048
41.81537364876945
20.427287977957377
21.830541405591692
15.540910056810525
21.289909977736333
20.992311458466524
26.199690595794216
23.856110637931426
24.446815790281423
26.356879252175137
13.095998301658392
33.45033339626368
14.595667791986605
15.10372929928242
33.21109311761034
24.86976894508072
13.179321917645897
13.38357789161438
34.31029613667057
31.676082731795947
27.886825799291977
16.968513967990237
19.078233974731972
21.512426210660696
28.03819078039368
23.36786920129464
31.377955734042633
25.560568193547685
29.115548260269986
24.7701514727726
18.605436548865818
30.927305172922857
21.094235193683676
27.21365275091987
21.165615070742973
27.056358230147183
24.059714958856866
31.74614295456397
15.641594195210892
23.820989514774517
5.852181247136092
28.891976940262605
11.749035835516873
30.805036145651517
22.60720822836343
27.01980607971897
27.171577942812203
22.154994459233073
33.19200956137402
15.50694258252168
18.83702252287574
7.922961823716871
17.091662037315054
21.14185791252953
22.825559143428887
19.88249490041932
36.56124455167189
25.854905214437235
9.630056646300043
18.025382135817445
19.11103846276072
22.272661858439786
23.08685153476321
25.60064571642035
13.114495598158857
10.523025935125894
11.561667001640895
31.884734579724945
15.688913039585115
10.747971086441726
19.6229856266826
26.886308157232975
10.779952178355387
17.690501167240583
18.30727613730163
15.796438771188622
20.14447595726791
11.49204923229643
17.939058295079775
17.14573888149033
20.87259265893561
16.369569850065922
21.01520163212414
10.217330563452656
31.430916229681493
22.144468471929503
25.17403669887185
33.19147184627415
19.057581317148376
21.765943255310713
39.41032621461804
21.783002702101186
15.45975432298182
26.542834391342176
22.459076323340977
28.614130573619406
21.285009583841045
22.130736214016032
28.02557824018701
16.449836106089634
15.079761539669104
18.25331683911151
21.24173602383168
16.25110928382905
45.82040948912699
31.82627793491244
25.394951994664023
23.422430466479025
11.726261926906291
31.337404732565776
19.0174072758555
21.339392368620803
43.36132229030565
15.918701471461038
11.92420532432332
15.907565132471719
30.993522192938677
28.699160119972237
12.184423367201724
24.660422449042944
15.551230102652333
47.461732279200035
30.990450196282026
30.371097748845127
19.694508510820377
26.66782929250724
35.308323797412264
14.17379906755252
21.24022445352972
19.959688938190126
11.140087552227227
24.126339908698913
17.89841726814436
25.223364565712586
14.258966089887537
19.515009648622105
18.12571707667299
40.837640941686644
33.96826056553143
30.671770634219957
19.045703521845645
20.39950366579113
39.613288711840546
19.946416425167513
21.906874897175896
19.63388953049397
26.5635871174002
25.355221407139727
21.270159020155845
22.99193851338757
21.97408507420007
12.496807215101928
34.318112659818446
13.518969013830127
15.470949466181288
21.440350979987034
11.192242564268259
11.446818654003934
24.4939118390661
33.8513578693691
19.549770498705186
13.988506731072361
25.644241211052943
22.243323483086606
11.596621417425117
27.03755421560161
11.527968618969728
14.124412665685313
15.211311253685277
23.720254194734984
32.98585232412627
10.03747692263232
10.881641580879748
13.609733506159422
19.496541731304013
22.04561326046722
14.707433570093503
28.97494479499488
20.06885119212186
12.05227396156694
16.19736839365122
10.13717457471407
27.085188828776342
20.751505595431567
8.81229177411593
11.564354668459188
31.094742969520023
43.74016395682574
32.69445512323085
23.53172386826602
15.089521113443242
8.100217138533251
43.08991276366851
23.608628379690778
23.480573839568088
20.402521667726205
29.831039689587463
15.248935554818027
18.180766736095443
17.137623816418532
22.3518791484907
23.949403096099484
21.579664426243454
28.06299757919961
8.887647007669202
13.936364990026695
23.3996728834177
25.493282470279432
10.312096218600452
11.089769426515192
28.57425557462343
32.97876192835731
28.68052946420136
38.03397179239644
11.052059925588074
12.754848255635597
22.859454836514388
29.956124991723264
23.353178966936166
26.043257728559976
30.582767242830432
34.56137813304841
20.24838687670401
13.187252390939024
15.696097763083428
27.643871149520606
17.434224050239543
