280.95862436976915
327.3228111174364
250.31554559871282
184.2460404647578
198.62897138343413
203.6469846772723
214.29301993112978
203.37743521260262
184.114481673421
176.26186654055465
166.6692482780482
157.4729443582658
165.95403686170707
173.9065303135483
118.67605031706947
107.4674031031291
154.00605364959338
112.26392836786256
108.92206141585923
124.94592126789172
83.33998583653877
99.99684471741173
93.88205671991402
77.99030534152959
73.45310827839006
73.89145952487746
74.4197927980395
53.653214529991146
51.2634965733436
55.856876474506656
58.01475076947713
43.05718012247952
40.37713762129948
47.09099593547634
55.742646877412284
52.983327821274116
39.50362650916468
39.61501189570589
31.834197696009536
17.656208062376468
27.17829740606885
23.71667763667025
29.056761182579354
24.973309807501366
38.75152545771519
24.91965712164111
16.393568150847273
24.05891024402399
32.28747091922784
22.347504576331715
27.562972268370896
22.200113166604986
23.2503291878215
18.698881102984462
25.955539763363323
19.470458763036188
16.2066125866768
21.556113829824323
33.68335542273156
21.235223139821557
22.021154961279997
29.881932477749196
20.31907608374546
34.65224525306587
33.74700953256178
24.73447484968988
27.256736241194808
19.209137089102228
22.624583969601233
27.76522068263337
23.761501191913126
18.794265060832462
28.626529048665205
19.54261831538169
24.281727882658164
17.975220959396975
21.310938358713617
15.427540036460588
25.476884578348784
27.04205302185049
27.700103679541726
14.727921929701168
30.25967176659932
19.694178740284247
23.720914032737607
17.705645962252127
20.67285101910435
23.39680371953703
18.460277120187282
14.081695888705703
27.54348223073162
23.975064317862067
23.936468693856035
24.90047950931446
23.81119055019423
27.445623667739564
26.698759467395618
20.61997674673195
20.93481933313711
26.869241770468406
31.235993316873355
28.87396607199647
22.70771658833226
26.40894667352628
20.927222462969645
16.23135452132958
19.073938793046956
31.81006951306046
25.967923941444297
24.491518309068187
22.33298213245988
33.30160525451758
22.89284322634353
24.89861916276874
30.477840864702664
24.310340229650116
37.045104202494514
27.542594896733284
24.80268996654512
24.143574659522717
15.592955462986916
27.186615977198336
29.449206545994848
29.484557828649987
16.188274650065697
33.34236180456534
29.069241522350968
20.858864623784783
25.43095207208944
27.83546372433196
23.537177753803473
25.770624945177694
23.618973988415785
21.834428761577815
25.821347692029633
15.315781231417787
19.896532085311865
31.501478500005632
30.039005986976214
21.115107065538798
24.278623835997312
17.946381787363816
30.314725936319313
22.762361888229268
16.442859103505135
18.348402500904413
13.19492563822784
29.422588115488097
22.890823271106438
24.96602577645408
25.372024687738147
23.064549594323655
11.859108406026584
26.462138741575064
31.862262200095554
17.330282234787934
33.34001807132472
13.670409805924411
11.5853259202216
23.53575083937733
24.794349181778987
21.385437303880746
20.676298072787773
13.326043709287838
14.026942784085916
19.184171106055782
21.265978040441418
22.94373205073005
23.456786215262714
17.316926503750118
29.820083092448634
13.525648691815856
23.227983017902034
18.563764878836764
24.45639426109831
24.883220123830885
23.233953030562564
17.23052201334752
22.724408220200772
40.26089422226386
19.653572333892527
22.41182177229716
18.71976062174987
35.82621836797911
23.434385970134112
23.384489611779337
26.15707967884694
19.306354961466713
21.388758556546218
26.812382265068287
41.21341330713847
19.526284000397666
18.17612219757057
28.954402837652676
15.176533668729347
31.563980474274782
21.635232728723903
35.05749813889988
25.29775628485141
32.84786511466704
36.97748218816816
21.903207796719045
30.251390675962625
25.429469861516434
23.343997785473288
24.21730664389171
23.52820356758908
21.106388036983766
18.334732657831413
12.807387989440016
28.71153761018781
21.686199329375018
16.345007740046864
28.553093775592448
26.80531643600833
29.149378949028996
21.44537564674009
25.950458988317692
22.879155060649225
27.969970207187966
27.285313005786794
26.677131960552376
35.3005591157616
19.91004415801397
29.311376418718282
26.71111187681307
25.248080122878026
18.572466075430302
21.909749672771348
34.62789937762617
10.352195002971207
28.90447608618577
21.97253187783034
11.807459774854122
9.586890890352926
23.55385938828115
29.910145630164408
21.584290425746328
21.472087280298826
12.187038832419894
30.117618359765615
24.694143438591208
21.897409903266233
25.23052287852024
17.65326992887443
39.183110988244124
27.05520666154426
19.828374229302288
29.76274086772185
30.776245525328566
15.856331070964949
21.056538163452203
23.444565523996154
20.77525590660573
16.53741541634422
12.56504133832879
17.632328792281427
18.762697991715484
21.267128033941056
16.758499874095005
26.01469341183987
35.3190027225539
18.95505377085913
34.92983102965972
26.109827033175257
18.41471376575665
19.562720422419392
16.036544974755174
22.166859831157808
32.85674874373685
12.8265391274891
20.8415182805814
23.49085592254627
26.897874557579353
23.16320502717751
22.25568305365527
29.495990893982587
29.419322915159256
21.503928837842988
26.185322224090246
21.09349261894786
12.958100733262453
18.142534529668815
23.408410124650512
21.160535015891814
26.34249938121066
19.578865966553053
29.27593097950943
31.59488946246215
37.712994051806284
15.36100440738177
26.283190378069364
16.860456984525925
35.73593737710148
41.36460247060491
17.7109085526745
32.52311223692084
21.469034632281083
13.959214497838124
13.418229182538136
21.00696799577478
16.553312383476577
20.076844455933045
27.203173598920934
33.05104992580958
36.7779401378057
24.47215497602968
15.84495722645227
17.509592943824366
24.672306413001774
26.76418382725818
22.47425827139957
18.194059774413855
30.227007410436634
24.26097400254866
19.49056338333905
18.586631965649765
24.604289226125083
18.7323791021725
21.451032630597403
24.558295730746426
24.65987780077861
28.684100578806714
20.210087181845974
20.74989155498483
37.00442363004285
33.486482818682205
30.972027818080168
32.655880597650096
22.03276465579293
19.016708281265814
10.955766700777382
25.919586131702708
29.885329894656138
21.239959616167855
18.21979922527241
28.54541927071545
26.448765514671237
21.140129794762462
18.593059872821367
30.611197872089225
24.4170008362063
20.082083730517766
16.166886439785184
26.118554383240095
19.956646776772956
17.29002811330294
16.740735065454853
20.15792284991678
15.258213036576363
22.956780629831748
26.56143931611952
22.070343229314247
17.744086676230367
11.808963205902574
14.949167243733005
15.906406464651068
21.269670741120887
34.76076790330891
29.61068945755677
31.733755010869245
29.3507232744567
22.78017159914361
20.477898245059496
24.87434282105334
24.680464925045325
31.68114157414313
24.69610014455651
13.503010634003113
19.92792847928083
20.78471667830509
22.026592393910345
19.475832049555912
23.22765276973487
19.5962221568686
19.0019963724768
21.972303142617918
16.62329173197087
24.18558233493391
24.797841471601174
30.57358480876548
19.287564131302833
28.7109447408806
25.435876851611077
22.567389438073835
18.915639877916202
27.625581379536374
16.06000774902308
22.002150968620775
27.50805706158111
27.599812083094832
33.30348339262928
25.491755075213714
20.566615118866174
26.481781969789303
9.170997081500973
29.37925123891337
23.087493082375307
20.34492668606686
28.16820777859291
19.331238421720258
28.55417520230077
19.480570135235777
24.714519804352882
25.655122344301024
28.70153877992306
25.399405490034592
26.375816330908826
19.053455131060833
32.051503731642384
23.196220822874793
32.59553144032163
15.92864940976215
26.996023462792216
17.929517592047002
19.746176408599005
29.848945578437675
16.086472596742198
28.384781630938804
34.286314608555465
29.58359840523762
28.74831005449043
16.98682955936979
22.805031629900967
29.809676187817285
22.43756330120245
23.03442560205449
13.95160602001517
21.04201518652104
17.53738256759905
19.93248081459361
23.907216101683815
24.44023111166677
16.89560592918099
24.02919425859502
22.332571844092087
26.016017044673113
19.860494277618844
22.24917042958635
21.382437800561345
22.136888148666678
25.44221025975697
19.859833672891796
21.425718278463094
16.51317703827229
24.819374047086907
23.631291593446207
23.627771115434886
28.53942183465336
18.84575589898135
29.156174916010286
13.640310603077518
30.232966854368073
21.30991909724699
17.345929965619465
27.025197395044177
18.200667995541938
17.034658877359252
18.71764290812079
19.64251538286054
17.30961922418045
22.80830828602159
13.036046566918197
23.55166281901199
16.854688399824745
13.789860759590322
21.228381757854777
21.649176956730784
23.165118488560882
16.525277767635068
20.858227983198876
42.9136610716952
20.679939400470886
33.35007798365232
24.376169694365984
23.15970312131799
31.716619697734938
19.852909475253657
33.6122583017318
24.954853073023042
26.017619140167564
18.930584933303123
33.5396480289007
19.184515591245223
32.791667854296676
26.78394954324822
27.74084445449868
35.018735555364245
30.6350966682642
19.56372746680612
25.687377121426376
17.062558178491887
22.181347640501052
17.687438013560243
19.23175324470589
22.046619178731188
26.903144181006972
28.874981559274897
29.63735104330034
22.932928363601864
23.982574441148802
17.780908555666763
21.853861623488505
21.085588661810462
30.172302473805914
26.76299738179843
25.018642149014266
21.712618239191354
25.141557625224
15.878630853436334
24.237134722369973
26.918538078281447
32.226014029192825
32.299935122686655
26.997701436250537
30.810848710081363
28.03051912044512
14.391688608103292
18.088039541952586
29.717035389814555
23.74394113780024
18.84153702036014
11.712898355122269
21.516611093207498
21.34152723729642
32.989789278963784
29.165469509568563
23.806606350941557
33.543438523907895
16.427551508666234
34.33701783497689
21.9059404266328
30.77199828441257
21.781941368259528
23.53671701692194
18.127602410938184
26.23949694855185
32.80619371857652
16.174157964650977
20.52417582875829
27.138773078270596
20.69656278338467
16.689971271610705
17.801668215892732
22.522913253913245
23.16418214468151
20.873506807269386
22.005240513798725
20.448293789476992
32.272145819439494
17.07206690734581
17.7018290786528
31.4186941393113
20.38711719938031
20.428538005525713
27.517903651094926
25.66295132133196
35.507178868038345
18.54647985140874
25.069722411614194
28.83029115470529
21.32602072452955
18.98163130951749
17.1587547033201
28.34320036821085
29.515560400901663
27.987227558269318
21.38998626865246
19.592557993413806
24.55446116351876
18.608055861786024
31.008138271193324
24.433569119370382
27.658174133486625
19.9082576395464
26.932659728517756
35.077580518764
22.346814073351343
21.043229128468276
18.412013105773255
24.717941680310528
31.98857623799655
17.54300941393087
31.77700622777851
24.77201012777794
28.545198659753378
32.0918716292775
25.104421205747034
22.970328458730627
18.566303468813864
24.907463202169104
29.62645288194996
24.462939536702333
36.67186403347871
22.53234285290679
31.60635304775025
28.313544538521146
14.839891736627559
19.763949385309953
24.90727688838129
16.60362151467453
20.7322145719566
23.187368843280836
14.194577738601952
26.721592444205783
18.057649636703182
17.99377851088499
37.70183052477115
20.462455202126055
14.981248610807793
25.70265429529128
25.45764747768641
22.775858074116318
28.3515904624352
20.962020484565674
15.359409761198448
30.9027352195617
25.323651335364435
16.02627075221286
35.265053184081694
26.23092007838958
21.32531566522454
22.286825457614754
25.590333759177973
26.96137588768586
22.838987261325823
17.36978905507026
23.185116862267037
23.167364559311192
16.65927658952611
24.059254118702032
25.07548332857892
13.473192822765709
23.751699882425264
19.04683482917114
28.023932623739352
14.822852339951512
27.47422142142301
23.870064467041402
23.96292227193084
22.021943634639225
29.621501814046127
20.463715742422938
36.47416618729192
20.07932769434411
27.010702240620045
37.58380809288431
19.700401521895163
37.68801148568849
24.03487415444245
29.56244337926684
34.731108294209086
27.568784430515798
26.140695839152112
26.468090493768432
24.92785327027068
20.110266445598626
23.73259332766295
30.98907960956924
23.82504732896272
21.254026688331344
16.425823178400663
32.01261201945329
30.0725624089395
16.734943112633403
27.034659774509663
28.01786594023498
18.39798080727557
11.745855011853108
29.54760187962892
24.751644938604674
17.831295110247876
28.580211911936697
21.071328890376908
27.70853561414453
18.612668829956785
23.29240924491051
21.75761758005213
29.88255096333753
20.81590664389976
16.47271812389637
22.739878150288643
28.101929374392775
20.50333565995457
18.41308829303183
21.307186762730716
13.765465626282083
22.831903778342667
11.734631641756543
34.22813681919212
33.00303885379539
24.377660133461326
31.603041022323193
18.108416929041
16.230190897167283
29.461964936314487
24.034587731601388
23.73085112692354
24.4681928991468
19.10139717760059
20.789574948646294
21.64425156246461
18.811183784425374
10.399780323596222
24.048841990803787
22.669431030542718
21.81518553314572
25.50771433340067
19.95508042784112
22.998176193126486
22.815286523447828
23.419949795830167
20.627409729596994
21.931324651663328
22.45889755264807
21.800741177310275
23.391427338756568
24.03358196685024
20.446163312482362
14.016751839646012
21.93729844520134
27.050586979608415
25.151105513275805
29.316536414376483
21.266808638971575
31.2805298222958
23.062094035846318
20.819404055959126
14.315582534781427
30.49010793269766
25.423064825771586
28.331063377062183
17.36947380770345
33.66989339731101
25.384834055669565
20.984324647969192
16.40542981313938
27.717380280378173
25.036079205506894
18.433988665951333
20.23148467672926
24.423838908731845
26.90803855411246
35.203867220520266
21.24047920980391
22.761380444284345
12.882636367344794
23.35542991068106
34.52476242556796
25.978137362786775
21.848685296201104
31.505766933518125
20.641994556378407
30.071283400909614
24.76646530565918
22.43377580437463
18.562036426375748
18.034991334236075
32.98400971340302
24.516941400231225
21.55076819998826
15.94072462335811
27.66250081374764
22.747187331119832
20.430327122725657
25.54722381892165
27.690205473427014
15.033831395746223
14.779456754609274
18.93956452285202
15.770921108528249
17.517130864836126
20.093176329735503
24.762598270020643
23.04355446290478
20.422760626120418
25.410780830719343
23.607510383521944
21.129584579823995
14.597713124142619
27.564136633154384
26.669809828524034
19.962746475111935
22.230676500632825
36.37400227698968
22.123362325000862
18.267477331202485
23.353281538500738
21.455626612423007
15.952221863705033
20.995993239247994
15.400695735371006
20.51937008654871
34.47570710853264
23.95291574690187
22.2649984472345
18.8113836988465
28.778716835499473
17.113606267250137
26.76978956171876
21.649325736029752
23.347819771743286
16.327033501946893
25.607765655102078
20.263443790849266
20.03274702931007
15.1895391794333
24.29654905130432
17.900003639183726
19.969871295630593
18.3564646699606
26.768471025350426
22.65510056828512
30.19283426862774
25.946490569191
23.98246672787478
22.455010320764632
23.21814868019626
28.059501109508357
28.40707642958516
20.686984702403162
37.41372906597347
22.050381666347118
26.91739962029735
20.651073925874993
24.11307620611484
17.519021374646538
19.609784399210074
27.50371492374103
23.443046559812135
21.869617638477155
20.36369510239734
29.690442749178676
23.081156271642705
29.93030965328162
19.211021043805594
18.92014823556959
26.807159551756044
15.371114608284017
22.745163374930744
25.12705661303488
29.301755728735678
17.817708317986543
27.65179458746448
22.236091874079083
6.282314835814276
23.51197386353703
27.284782291034084
28.6588161143166
12.587869135971408
18.195853408436683
26.825947917114696
29.09600922356686
20.130814470214208
20.0707503726131
19.821253691076027
20.595895298787443
26.39544654484032
31.808711818490927
18.721489643598904
26.04070152456499
25.496288826223996
33.40571737008355
15.432682186478894
22.941880648861996
25.45812599839486
25.19253237063245
20.229580604284685
23.066069476229924
18.081383160621638
18.56354299738094
19.04215353721104
26.641954029706927
22.08591587957197
17.93677184070792
29.780007214685334
25.69392516834585
21.63372762520087
13.915798466206489
18.567502893882224
21.026499130148828
34.073037235412166
17.557110196940705
17.545891410724124
13.582152098021922
25.0571682159764
23.57627989028149
24.375556985620975
23.804143476136275
28.279581353695647
17.423231156704286
33.12796049931676
20.1690207098579
21.079115904195493
15.370437207498489
24.73252162356267
32.98108923555615
27.74525435485169
20.096200716090713
21.345311124416412
45.90234057813024
31.581709316084545
34.72122520547153
35.348635509991375
25.93196625860813
17.25028241406567
17.770851395431585
29.2692346050513
30.63157263491567
31.54041758836868
28.359198833146028
21.951976468152473
33.71486383315118
18.923360248681167
25.831316005013594
23.562557825728753
22.6904654308284
14.615549837291361
18.280333752420834
16.8871232864807
26.42039069594248
21.184393854884238
29.86094474307321
19.027665201517635
20.350114054249396
26.71440812475631
18.66553469744566
16.749347236629248
27.325546955287482
23.852611388291834
19.311643944864503
18.693989923364793
30.40473044041585
21.231046471825373
18.225065727145306
29.074264865272998
20.178417131012903
22.33387662546059
28.37942774225177
32.4567669589728
30.30514031370066
25.777021482553447
19.84334409597475
25.699044285744645
16.631050429511852
31.766475450580128
17.624433326963125
23.22822183406405
18.227110286571754
30.091228446737723
19.78318569240379
23.705266034004786
25.370883521495664
22.95233900616512
21.270887593300802
39.89579704228719
25.971236810273023
30.180458022008676
26.532363070577432
24.12197451249359
28.165807736152054
21.569344288644775
23.96075327072711
18.27013029476689
33.91328618043259
31.042336083769563
19.084807197422606
25.004126681818278
20.572149917745445
36.66174673702417
14.463516533501577
32.474123390988034
19.80258669374279
20.263696035949692
21.403065587537643
17.41996049780093
19.97482312795041
24.8486515126458
22.639284368400208
23.75517451330498
19.023212299991393
21.052361034905637
23.397112979866534
15.452849791266976
22.32250271665044
19.426445258409487
22.112941024114726
22.106580845071598
21.79370083454859
32.71472317943186
21.00474780930709
29.84488178234316
30.95244892335307
24.406231068410236
25.988655517111535
26.518144734985533
12.519136225163892
19.473167908928698
26.773966620838895
25.116539800308885
16.40606953878708
22.479264496024452
14.354959735429471
15.775406746398831
25.103922707133748
19.157761759839364
23.644666751011897
37.06333581942998
20.671208794983258
28.640464699837832
33.69870576539604
22.709674052449326
26.067170200902844
30.081741008375758
23.506390957546746
25.049566174356496
14.75494299198048
21.136217264598233
28.330320365283868
29.861872703251464
24.960233828138833
21.577324848501178
28.91517273653679
19.00747068141625
16.07230989778804
26.094499922967223
25.490098901635243
33.23934252137668
21.79519204821992
17.142533847614093
36.466237842124
34.003771825202165
16.770333521418234
29.28162346507028
22.051590578729904
20.850165779779207
30.133729700000934
30.74902652227695
21.617310117093677
25.627446867081556
17.73830877294924
18.14008423705583
25.631860691761872
32.81151389008261
20.552993138667304
14.060122005983466
25.13647989357528
22.755300228054214
23.57066947911384
18.79730762095409
30.5639999507786
23.673010386037898
24.545164443072384
19.387311397713574
24.92131298291179
21.371961116392015
22.164671652410625
17.120617781072184
15.912174261608028
22.028587977821516
21.79134757507171
28.190883576585435
14.476906794509672
17.504220892259738
16.93673036368048
23.7643717392893
11.781211412458047
40.074868641541094
19.1862773855217
22.765140472121
23.82766048561559
14.002881374561218
19.192373509372747
24.668554724039204
18.85225542432247
23.60005632095608
23.630633271183402
15.921036298594004
12.699652574485922
21.901096270752205
25.447241584171444
20.960573346048584
34.0480701827795
26.136440669567566
28.221691664267347
19.804181032913313
20.06167311944033
18.960649933624893
21.665400181050963
18.586672269505137
20.86224330462848
26.38672565143036
26.40648925137737
26.489776714748437
24.73574977135805
24.838915923921626
24.19983202801688
27.25287767892621
19.818089497579553
24.06980228841075
20.921363587782484
27.899559698142834
23.289871416248214
17.209777697645897
27.239657097177496
29.553747146056264
30.450667261436458
19.29332478101677
29.012704719624764
17.621737330742636
23.03286573356358
24.39906384503841
21.952660655351945
13.627915689347656
27.266737185548806
29.723627849760465
41.5364529634975
14.215385646746343
15.21317984028262
33.65943795892662
14.222484370516833
22.0048937160357
24.27942955631686
13.969315138763896
21.455273545725415
26.227517553165825
25.948327936554726
29.461526488492385
17.505582329698612
20.43381119813769
20.72281310363309
29.82603507841479
27.076058087922146
20.72924944039089
24.113321574824607
15.569174128056321
32.736936300731934
18.633973035534307
15.233279963164614
22.35786861854493
17.260804017200858
21.583763728556008
20.692212082327018
21.95325016205907
24.01634931010689
22.698071921660766
15.845106089445812
27.865769755318038
20.47738021303542
25.58950693323418
24.36730698248752
27.286175686768292
35.76427125724775
23.47687218128806
24.63264357918077
19.864440479296455
24.026556176309647
26.63184503075664
24.877366756344212
14.56767285964322
23.297163786935958
24.740274545049257
23.19305767688111
28.203880814596676
32.476643717352175
19.465858443186157
31.92956299164198
21.810796030212277
25.056998478994423
24.082891069370625
26.5242779758172
18.748137171178186
24.40093746803915
19.95655750339627
33.26718939758362
14.910941374121286
41.85651052425002
15.534187271053815
18.134099315546607
22.6094004188283
19.510056872475428
17.634062781632256
21.546050380150128
19.01397977053935
25.804485443089654
23.11803471750758
24.67730370547687
20.620306340209364
21.7117024439762
26.120277401715164
20.38812849339083
20.725291232413003
18.2596508379657
17.917581301463127
21.88614341380018
14.11332980149134
23.853804084089358
16.965334588355912
29.47231405958956
28.307772525864237
32.73876429731667
28.503427235543654
23.59180455186664
21.68269068339013
27.514223802203585
22.71404540158366
23.381111271496337
20.036024751529144
25.1173645589786
29.439878078958888
24.65452146516655
20.82439636084812
25.688573287878846
22.145630181605096
31.343077723421075
32.60353830911179
15.730807871366226
20.179494114896208
20.706816386188507
23.874639144811834
22.534494799026618
18.805040786089876
39.586022305981146
21.16494979447699
20.64029564082434
19.72351344355065
20.076630740366664
32.035482544280086
15.95698666257706
27.98838928666386
23.99234562885671
19.738587328544323
16.278004971717692
23.765391410227235
24.885532301689533
24.499291325625443
23.272113502358245
18.181934819365065
20.351433339530235
33.61854581404165
26.970123686554526
24.782273413920986
26.05181767218659
15.259291402370161
26.644386147142125
28.748644601490685
29.197174095885853
24.58255142601526
25.335729856043837
31.033762198786754
23.659142145912174
22.614111075202363
26.75942684667435
23.41027102728649
25.756442486153556
22.98509825002563
32.233470231151124
38.306592789259575
25.441174120970256
21.97127712269389
28.04816738060113
21.840762897632214
21.171042666754435
17.86073965549491
15.52399275934406
31.01767592095327
27.65279355267624
19.61313828965791
17.37418904464367
30.202967574530305
19.179731749986132
16.89804743693051
16.236980160673767
19.38703841520296
27.952718277197025
20.70185030734623
26.158315407269633
24.19187247117646
18.57060811378531
23.846905371267326
22.576470197952347
18.452481609740936
24.354949477172006
32.09245282762194
19.551240163499727
23.53124060254725
24.637661533266417
23.84806875153948
21.02298781604338
25.50807605435505
25.355519965930778
24.737802733760027
26.81728697601352
29.367089577557326
18.60161513545634
24.851886016148985
11.159320493134746
31.458111748729532
28.582691379268148
21.929801735506032
17.051376306492244
25.262096968089576
23.512711421659436
24.474464957052614
24.732276672876377
24.084018080508958
14.703897020221813
26.145843626723725
21.775136300835182
19.453562537187352
19.689765062369823
27.188931376038227
24.194098502096697
20.82087571477452
19.6937343117278
22.923957905956442
21.59842304304808
22.298352933475854
23.45474545190893
27.51123978079231
18.874333306177913
23.97368868175425
28.113947719732362
15.11139156302054
25.394428080413146
38.931104576190926
18.94751874616454
13.170819711663121
16.544183028652693
20.281853540052065
25.307519737779415
25.55656364309708
19.905378159790445
28.212833193671294
23.167959481464827
28.954869427724827
25.447099184000987
30.18748280292447
22.627219271460643
27.757630248896504
14.828622047187398
8.360864355741883
25.724773778047354
22.02239331667611
23.378683290608784
23.352226673138862
29.302191846776243
22.111899139132564
8.942426156460652
22.941816235630963
30.25995184444848
23.248542031431406
24.00811956603126
23.09148692111884
24.535699794287257
13.351947605783382
25.803151460026676
21.97467682790596
32.523515455624725
20.201492506573512
27.117248397551297
32.736461994667984
24.612163683271422
20.87676643056764
25.449156649525694
25.958102135945047
27.310825999741873
26.733966573072586
14.418742620741723
31.843421037959672
23.52129791800815
26.20017583851389
16.450451611078662
25.568680207157314
27.446384132946157
32.538904918146585
26.766632471040452
25.28501397327326
27.596513235988755
22.449679131636206
20.36816786745731
18.058277304981356
24.49999168518741
29.92631076247858
30.66092555403718
21.770091955888518
19.281197964925543
12.704989312520443
28.10181056885058
26.185366928094624
17.645708127902726
18.66747138849647
22.394806772702843
19.098610108473952
20.771778208391005
26.801138924979956
34.674858365354694
18.77468864543794
30.781921868056727
33.16895971969333
17.15980511169672
21.107837570327472
32.26304058228067
31.96106403611051
19.061917823146306
24.897940843214947
22.46849292241737
16.188253113987443
19.575055571070767
18.409717483710832
19.690957812461903
16.538580344885265
21.622739686247723
23.987984952088535
28.623922117198692
27.711530102573935
18.161117406987458
26.38061973637639
30.271172272468245
21.238934812970374
26.96292216060015
22.266798249198516
31.886189411590205
21.631877568431413
26.04234796865884
22.931518360914712
23.816273543992914
7.088377845387582
16.42824133126213
27.689459497262092
24.795122930991393
20.362181532939843
16.039860404033234
23.737226347107175
22.782423680589662
21.89768688403602
26.336284054365557
17.94188247389115
31.94883329656415
19.37390539726003
20.02946411911884
16.81379858070692
15.571491458010382
25.137620920501615
29.113297352231015
17.728654528518977
27.347897746264906
23.57005075056617
17.3305993425182
17.792009923173275
24.57148786389129
17.63584545619171
17.387537100421184
34.445066427295394
24.493909393659916
30.031361574018074
14.151026391629623
39.58663889389904
21.327081394182475
31.578679235770185
27.826990470325484
23.822589247555655
37.09833131363154
24.43244715735635
27.857639674435458
14.233848385129672
18.839749942075088
21.103801826741318
30.117306764054973
21.742767351988615
26.656527956386782
22.404921815436012
23.288682148169602
17.628963072338294
16.484746149729467
27.774110708893186
11.707684622875378
39.231838270801774
13.550048135905964
28.501753667516105
21.087609066483072
25.516195898293347
26.04956593560907
19.55567428048747
25.310829921240057
31.24775174476743
26.655516253504878
26.243877884262
29.10965245733826
32.178489424832094
21.135796462228548
16.86810497672
17.48499471274596
36.67424949700099
17.767800927360224
32.13116592465558
17.747685728360313
18.17670421282347
27.52769316339867
26.025324750478614
24.488575558184824
10.703338327768217
40.63791348082739
25.513943957564926
22.77654960668257
20.323187605268533
28.792628830408862
27.45830580996152
23.086739358146612
22.897681268765897
20.6268313625404
17.632030090311286
16.03604300834732
20.895929332090528
19.831369287310633
27.88508803183453
22.99684721820682
21.366203678162236
16.487474786764704
18.032269130301806
18.955742594665875
27.019331279168906
30.18830572390217
16.96206900157441
17.47234808826382
16.723110296401593
14.735117998012276
18.0374900306019
23.353328862846112
22.88452828238602
28.154079779095163
12.947870898819422
22.515898999506106
26.974163465118263
30.856987185579065
28.299655737725892
19.398433154714702
22.36982642172168
38.2816536991741
24.982302667767826
30.2669329778747
27.82961129859538
19.215145596984613
23.943425979469694
19.295585488117844
19.549845012545095
27.094554397126018
31.475470829913693
29.752292666993018
24.44824846769676
24.158555786887533
21.81876290311517
25.818212115649796
25.208919297605032
20.033780809481684
16.57318156243388
18.306383609836647
17.907719118064925
20.56641893281793
35.30418004890856
20.02016922998193
21.94569555270308
33.329164795474334
25.787360146706007
16.09168905355117
18.535844737993884
13.829659223053353
18.215023271118714
11.364672588312178
24.81650088940185
22.24136959643381
14.312937092422626
25.815189172187793
25.374510141043782
19.13772293361424
17.04992458831776
41.462310380357316
21.518551562666456
11.697044406086539
22.860920933125918
21.957167688145848
19.757193157527077
28.426809740245695
23.29997641789672
34.164503967266654
27.98053994891522
26.774393600981632
26.921769096961327
33.077371107116235
23.46083558742335
24.40220205381442
20.532771949664347
19.804357170664826
19.277191665230802
26.800240385219727
23.597218003990022
15.370669685673551
27.504470931578567
24.804812273627977
24.33234713432287
19.55378126369078
22.512410768111376
21.610324031367995
21.891015128559907
25.740496741629055
35.424975599744535
25.636226105821653
22.69786000884019
26.829782098981614
33.00234092222077
29.06716824543202
20.390925096602018
27.959936052913324
16.182763340956
20.195238543185283
28.563916967485248
32.95437484357452
30.728322236201617
28.039044874071916
22.220491493065488
34.958008149733004
21.23582791389614
30.564836759923807
26.621208370635163
18.511450761953533
17.46064976578461
29.382015447244203
24.701500967026956
29.344329969278355
21.653925004332375
30.752737802246642
15.909019097882027
23.25064536704802
22.807082126435603
23.21621545254984
21.92626185075425
20.599019210584775
24.339573567451637
29.20325244591359
24.555865948962825
25.568198584914708
18.557093410322977
20.255209356618835
20.48105033862922
24.400850519136537
26.136597813808258
18.8063634372452
21.0245040184665
30.379518383663456
39.241049295010896
18.93834575974572
26.55089684660933
25.668499022964138
23.575023024719354
33.38714578527265
20.53422541671942
22.56358681225596
27.24841851857137
25.46958732580856
27.70054463557004
18.094415228063287
20.430417567346552
23.650009411393626
26.979319957393937
16.383362378382042
21.651469720962442
14.84903324090014
27.260871022744098
22.76802519992436
13.926727380990997
22.20923308066186
24.432406864045408
25.050420229128058
21.971754236406188
19.253484152703017
33.57442975887019
25.502702358182393
25.881550304834
25.297175319001532
20.54032408913774
22.015130497898415
27.75143642403538
16.307156109077894
16.662930225370246
22.63298708962322
20.982536453592278
26.50956904649971
17.322658825657644
20.626898452999306
19.884386501818142
23.728246378039465
24.900015966898028
