2825.727668596939
2150.219061481387
2060.491689396536
1876.8246596973697
1429.5280339990516
1404.6228864531506
1150.8828925531934
1197.9882410948157
968.9640650273496
835.7593892938945
715.1182008176369
498.32173030561967
537.9798523104066
440.93331892671114
473.2858813689671
283.0033241917048
240.90937292197535
210.01326714814783
162.6055378689798
177.03356233960483
137.66350814584862
120.06806152859279
117.1773550866755
91.50372787268411
75.72272186314173
76.00578155312412
69.69877921792002
127.17708283720613
62.682532155341974
107.11371745312684
88.83407706933318
96.41322672979122
92.20249443207896
133.7538995051345
82.68917970305236
144.69439384582262
125.18064596538466
57.630387835927145
113.38946147261866
165.88283467315296
152.7488716428286
128.92211479640673
74.73321452333221
130.35437928527054
108.1382472237629
181.92381692464895
122.27295301087375
82.84860711832539
107.87966839732148
80.02711329755091
117.23737226001467
106.96003153953887
79.20454222853573
67.11012912940102
114.8031536342438
85.88907427409826
117.67384037104078
76.56012284504324
61.246417588637605
76.82372663802279
170.19946442440548
60.56484192166444
76.73123684561877
77.34946759295127
77.76081623804606
153.40865588551304
56.624293412660634
82.16423438078758
102.26716532851519
85.29105952647126
90.34778003889194
124.04726239230315
114.65146592669396
87.1092299794882
134.5706396104552
78.21562135997577
109.46353026964798
150.43153718707555
73.05030044794457
153.33803694286334
60.90802600042119
69.38569440580804
91.41730857028307
89.48156298817601
85.4132431632832
97.49116047518899
67.90158842954672
100.73134327957428
130.49418352373533
111.52431741131488
68.56710755364101
106.29988840937652
69.53322481606448
101.75429657261957
73.57055041890509
109.8942680370314
94.98617329358258
65.97581757017795
113.90939265305285
91.22951861392804
55.778775041293095
84.24123153653481
76.36255642491892
110.88820870062457
90.03047294306184
67.06456925263663
73.35523633693482
111.34517875232206
88.63432157833925
67.60008444154754
91.06292020138915
153.66489433720935
81.18398496111419
78.97132372202248
63.94986699781238
97.85593110914576
83.59017116546951
192.76054761007552
85.84353279745997
68.65943108638797
86.1029411600505
52.246361163913754
136.66485225310342
109.07663063393859
114.85353572853276
86.58484752273176
94.3745162419828
89.34721148002383
94.70225729500117
102.69999040489823
90.12120677672019
73.07988063053425
152.58086232356064
70.57913570252296
142.02772824431264
161.38245689779203
165.40178406695668
109.04089508423225
77.29292814740411
148.03230561533712
96.28127503134401
119.59317246034618
81.87723747191853
71.9251113722276
105.68928416441581
71.894198598943
57.74544803301585
128.35221919353052
74.28747223982002
97.34138014277629
73.71465609434892
108.01531133084914
73.01609398540081
85.30412652437901
213.8760855354489
128.60987667515823
76.89685487601925
60.24380324227756
88.60500680829716
97.56717253133445
73.21781800978803
114.41706341490332
70.62370190594415
79.58653652488194
105.72306062621004
80.65096870167315
85.61461733554259
58.07509020859256
79.0842852048186
61.44729771675521
153.85967441273473
80.14938884382462
69.1613755691923
137.89791669838476
90.91471894616886
99.95266817841792
148.2791121519491
100.96137303059662
88.7198787867538
63.13187792348523
68.42205270910895
65.15646070461406
70.14002128740933
86.54739815913945
86.9967091350181
78.33286842385532
108.46223262013505
120.35764979502275
149.64783643961783
140.5957987060561
98.10025134312646
86.36621519613779
92.80278162709106
82.7689419169004
54.72586817513959
113.68068760963517
117.29499273039241
91.25360858586313
120.58200252722024
74.40007669994885
131.95934378751159
106.01838903288139
138.08443686021695
64.3018516007262
108.69649436014627
117.51193048335888
79.98136457343584
160.25698916720057
117.36444748623316
72.07159002382268
82.71072844296296
75.86256349364929
83.842021206037
130.36626260716093
57.013236301341344
83.93057655250942
84.64859138495487
86.31807698167773
107.78666953403078
81.60721769115972
70.20682122801819
130.25037265571498
76.97110894522679
65.94736798407507
74.6422159605244
142.69117578067883
129.18198096392976
75.83700267989254
87.4902733708256
59.468299089681445
97.87724140658509
102.12616029253326
77.6795619843246
81.81730633796668
75.59438922426538
83.44140844073297
72.2690643958476
91.33623702659509
80.01653351995975
73.17143014102435
80.574622818846
110.20362027958079
123.46085695825066
75.71117198757347
61.818765729560255
106.2149132043641
89.15270096009755
80.66235588935542
97.83834610386951
112.56486085275266
144.72067187774456
75.33530955129532
67.7600958091768
78.3483946606924
129.8159726141463
99.91158285443248
78.21244765193173
66.97177628439385
67.67088918679987
72.8437899148666
83.23263637612318
130.82952151616342
77.94716557433243
77.61210991448534
115.46651813517302
80.01786144539476
121.10457571141819
107.8183293010695
93.68864233644213
90.03530854373551
90.32419271267716
67.25281454321043
137.23399586099345
63.92517564124414
90.15013930127327
98.12657931858345
58.12988344456694
86.6728143779968
80.45746859987028
72.01830515772551
73.75221169093
51.968924529956176
80.63421659758208
73.62691098511029
94.61880529708272
92.88457126683593
89.67837312932902
112.70500410305293
82.64622570573775
61.86291459631554
75.49527807981185
105.00089560407136
55.63627272223465
94.79381399922448
94.94340504490783
94.21064266106353
90.90327695407613
78.55219611882707
62.58723558979181
61.011769523987034
98.28258127399904
127.53319764852624
66.3972567535547
80.86442073713549
95.3924793311279
75.93481431253414
75.89616632983045
99.43453610945254
84.46185603576804
97.45823040295471
69.0771369056865
101.7294638548452
83.5264430884213
81.32018658802393
98.89249118963487
75.89358170366177
179.34094445821677
81.17136505903345
121.21452078268304
111.80724492010579
76.35695325382798
79.18322196785928
73.79161189768931
126.21040036777502
99.11048621908289
124.8781556431181
130.03412141100267
97.59373636101807
143.52479830753197
96.54541054661162
85.93359844448061
94.96884123584704
112.54656649688948
66.46347946874998
137.8549153784969
108.23848622379586
58.54830502508016
83.39152392307358
101.81712793933823
75.18953912916312
96.7818373900781
60.58811068489
74.39255590736147
135.4517622406974
85.39731813778504
60.63424376972938
109.24477284022267
80.93853205141134
72.0277590969823
78.17819952836128
179.6845800780284
88.97791692727226
38.48803643025068
101.81853670958357
112.33595757279815
110.4014196726019
67.41699197849354
78.15254756900346
110.21801832412655
134.20899512518395
85.52540438997957
96.51861657917284
148.1587339523918
88.32274590446704
81.62886007649355
87.98601963452967
87.73538173708675
62.34896849726332
82.45661473417091
72.13262108276382
101.51669271634705
65.74270823378524
86.18618167858001
105.60090142519809
76.30648764107924
79.2519577248531
83.84379947548823
105.53061473099268
90.248588644739
72.54530071129604
70.68990249159872
60.31962500382663
73.58232293009478
100.00256986928558
106.31720777291693
66.63115935563545
142.22351367117608
109.65733530777433
101.59900655703187
86.05385661917998
127.66608130957628
66.45820769379496
78.56527169304007
90.0880091362371
95.9684368763325
91.69302728704119
85.64834591851054
82.9109613522172
155.3950055913769
116.00691769568809
55.54860509374063
78.44826488185213
84.20485252580045
106.14250981009641
64.11605432131621
158.9799164302066
106.64163087216625
72.38921065265119
85.70894983156039
89.39067443902307
130.76760172507238
114.11438744718659
66.60870601820518
146.4494293650992
82.80977281801401
84.99763529072416
83.25582548929829
133.33661043861667
100.89220480658632
126.89561492831187
68.39970680608207
98.75159437045856
61.18083450559999
137.50733253832735
62.95787115694682
142.80651928125246
81.37107465742885
79.72874960975942
115.10766882489814
93.47825313138071
97.18594923551407
81.84409667420108
60.83889574925722
102.58691510319018
73.71106151357772
76.74838699595375
75.54987620221378
76.98486657997398
153.1906040032584
87.67941191737613
111.97078456821141
117.89369828274587
53.94604474671194
134.18565008797722
71.80160143292288
162.68793254002787
64.99902280611838
73.2189303709495
83.34776654417156
93.03496495582758
76.45081456761568
60.65008279946797
127.88005298378569
91.5532417776128
94.45414792290396
64.56668124239555
130.14589496038383
97.99340435264415
92.87052512011701
70.01649197002486
93.1592331645546
88.31043248679306
121.28081927164828
77.04074690538559
142.3844602236039
82.0151170431776
72.78996325810834
62.59748206716159
82.41079483356856
86.68299684866054
90.82691532004948
90.88392420075999
71.09395716504972
90.14411426883366
83.18916981962032
52.91015750515591
108.8841840416107
105.74953133360665
91.44106238153262
102.52172881299761
108.16381490883896
78.7479885630579
114.65413864940864
136.69081632782593
106.22222951005942
138.69702517211405
40.00177227727345
109.64247864080068
60.925860578205175
61.71853115219681
79.80522146303133
114.65762926811249
77.71062925944673
102.15232049510891
86.29553953346105
80.97715409264023
101.26641134711909
89.8844812071674
82.31777258606803
80.14928143290733
87.38805768117732
67.96928798944747
114.60516301012107
69.12198778064705
71.42431244763198
133.73869817927
136.3513971824346
118.85612945404232
81.05035716119275
86.06839915225115
141.72555883144048
98.01577719515016
83.884268068363
217.60518759864357
60.605712268918744
165.06861415894997
85.40333675225861
116.69684223845127
94.78016346020178
115.54097639573293
83.93298406706387
87.26515175392302
107.9429839446288
109.72414320019158
96.32101914195721
126.06254804644826
118.7395295804379
85.88195550841802
85.59635714530583
71.79530459014278
57.59467445458554
61.68120235975662
142.09273835244323
105.51674202824964
93.4444130288883
77.08633272454016
75.62076380014085
88.20518956160345
129.91527360139347
53.67504835658005
116.89608145107857
103.55272076042247
100.06902383878564
72.39689132974489
58.29056299141325
63.73453671970134
78.1771432098454
112.75319260307464
108.43197855210873
84.04915224225238
83.2552654624101
182.84211199521687
78.77385714846918
105.69214441918379
101.92517088800335
126.44693064667258
107.82238042121011
80.70172778991656
103.06212949987177
67.34030117902033
98.0582094068215
86.96430773913585
124.46524034450412
64.32835867521004
98.85962166663914
126.057548881255
56.905615522000396
86.36764580336448
124.47928458079569
109.30489615276653
78.65420689986958
88.6048797539802
96.48625760203016
66.80062440434286
105.1527404904963
83.09261366867379
91.59103809576922
84.82162618561239
116.25188910251352
88.03581395284453
143.64017598914566
60.42290662352835
67.07527000199833
66.19190723328924
67.05562903124786
89.98783286045227
80.1309274363364
59.52350360060642
100.26427009252095
50.988080372423674
86.71765524066822
78.5337697739506
67.69396771898651
73.79163793632694
115.8468564429979
49.70896138657979
81.47027816193606
127.74284389070397
92.57931761356832
80.98006995864
64.51881443084947
135.35451002062902
87.50475368061396
85.62990341379508
137.82115207757263
97.66987521399882
89.36595470504875
69.3246491618126
79.45057277572563
117.6107950998815
98.4483605922061
93.56960339273878
88.6952267648979
82.92935492315672
165.1094461234048
107.19172867846159
94.56169858563909
103.15533815544494
102.75182725228176
95.15986131088582
109.2099080784769
97.81639731174461
109.69728031965727
94.68490067994675
119.50423549556099
70.85662996257807
109.27425916931645
103.41618014156315
60.208778856737545
95.99010306175319
135.1762469710164
84.77558605223828
139.3789199732439
148.0824690735321
130.13066110061183
78.00157577892038
79.43583416624519
57.32924123552403
87.92382615012923
55.77802661251945
118.37697800388656
113.60559630315399
76.97121735100372
92.15019484853748
51.970070413098014
156.58667786709603
61.85000967223894
109.26071035692925
53.50051215512834
86.05516822673877
72.08695530456853
72.09561498065129
66.21384283576882
90.82542046697245
95.02180251686049
75.87124416558956
92.60129172738259
158.86390047209915
98.52248888331849
101.5088609723706
49.18344998891899
74.39606794531385
65.61528724607675
67.62886684594248
92.5129967890691
74.97455253297211
88.2879546572307
77.91275549078668
85.98448812776762
141.91309355777602
157.4782693223572
66.24790105998629
76.39818692007914
75.41837781194943
59.98456761137717
86.93512476348685
66.29178140465663
96.35645537500179
83.52710792441947
79.14240068304653
57.890089853141404
126.72592154776953
124.44112029039019
71.04050751071239
160.03288095162955
93.59072375585515
84.74113502547203
71.07181145870905
84.60054154420857
112.55567629144959
98.84928771572312
90.93812957041227
90.74054248857163
78.24017229541336
96.77702070877267
106.04843752649167
98.17211977456057
109.84152570475325
66.05178817413575
152.95146331803392
80.44805715508812
110.81783037533883
76.91509288991186
78.70493784862485
90.49030791324853
139.22598995751304
78.7877083555902
90.25124200245016
92.93999018230087
132.33285191565798
95.08407043166694
108.18748467417375
106.28492987056302
123.18490564275632
90.1884711516264
98.60486740462936
99.04360683913902
122.34916507062397
94.7138053395377
71.76849821198367
82.33461961735348
120.9472720595818
75.59189157370807
77.03955913022088
106.56340003357016
66.86845336139613
86.00260625368351
71.26471228439776
120.91002011573417
76.17327056806735
73.68241906571215
64.89458039498302
132.70821040752884
106.9790052863383
57.1492701164493
154.138425309183
75.35284166345878
140.79763985074226
133.41242473544213
91.36645164177831
98.6918705061397
62.31969941276985
91.14269016559307
78.2252898359144
101.22493510873763
122.73027620018154
132.32939578805164
93.62628272384657
75.29670486715743
52.8158630671639
114.30345061602365
110.28080294230607
64.76613261995035
65.16830396619385
80.47902035334859
84.04283020890553
79.79768336075018
170.00379682231068
92.67037396141265
85.05679952304914
79.31381287014095
67.13542516005606
141.13409781852297
96.55937880845119
128.073198624911
93.85302468779689
107.85774847418874
98.59163654090054
107.21943919611496
66.76695036259946
106.93188435495391
95.66459464826032
95.17124886776013
83.82798044977483
72.437924797654
75.74779387745245
52.877241186462
85.48592634032023
67.70555153008338
108.68811356238454
185.34533556281102
84.24015377527022
102.73068406369951
59.74212237880512
101.26092333238445
73.20011137022601
104.09700392761805
91.30802467707994
53.967898171237536
54.31567159836202
59.4604702967131
109.98888927509141
109.88876420309965
102.2541997136818
91.32595457253734
100.24705649900783
158.17845906115647
94.86210951834576
202.07025352311615
154.63173387896833
105.3439993505103
112.20963307111396
87.35899521524051
137.42755541943373
74.44566366373286
106.89858022416352
102.24605617609035
92.76205046660496
157.72212128412158
62.52618923811536
99.7798680070962
95.78300650569004
72.66824369576487
85.77764921955423
73.87330210205357
94.67582118331988
100.20655752020507
82.53085829092278
134.38499435309654
91.87100298060368
84.26193278169055
76.139459163174
142.43351993484654
95.5073195934809
65.04707568663662
79.01922231949513
108.0163172573611
96.17329711073977
65.56857535354823
78.69198113025763
55.221864917342124
91.30470782076617
81.03046702139706
64.69963146799809
124.35153025929495
133.2706139023862
144.1344378396691
77.524503466334
140.39528656097335
82.73094528361833
72.18643848712193
128.34136872344206
77.31609151692777
81.13881369319891
67.17200832975549
88.30014411499985
57.79369053798234
60.669246342116715
90.8452502894687
118.32162655861431
98.86208020085165
82.66001704524587
102.76461473748442
96.24257348897753
83.36859139774748
123.28580316376483
143.79530615570613
88.80452766390157
76.06771078487652
80.60060712309031
57.935287130729776
70.23070004274025
116.97685225511563
113.71953978474048
138.39519852082603
76.46648466405559
65.70787932257451
108.29519307799833
81.54500647007445
105.08392516002456
96.57742418006976
70.87040607188123
132.53014035782053
163.2402717362519
84.39218435830512
89.2324970877682
104.69330809072915
109.92563810386402
84.6914961783646
97.41954367329501
104.13774022780251
65.69100055295225
136.66693648268046
98.16774465036605
118.54859988686168
123.86765156070155
85.23989418508091
73.29937489409627
79.91350787111135
170.93179822836893
79.19496802914531
82.25029497380444
77.28732246620612
65.41629281849895
73.63281700198023
63.42007950143792
77.97301781477294
74.27258985277778
99.35682055463214
54.31013822551422
117.97602687573058
95.03282452007963
109.81090853551594
69.61738470637371
105.15134293814516
124.1860382338052
122.88594280356016
73.84068837384065
105.85020802733212
110.6582827390493
77.61042855304859
78.7499783903152
115.9242241034448
98.41354573565634
65.10019309606999
131.11677572726387
82.6133267127916
79.7010176291835
78.54074913974762
68.0727967533175
104.95171233228812
74.35230710433022
76.82893393738773
92.40861532146775
93.11737132104435
67.37672684397047
75.40799166005446
72.28445768464944
78.67157876565165
183.06351177462923
79.63248865826185
96.32338300330176
126.9451167989003
107.48719913395686
119.42995585460557
128.6823583316476
68.08871163108078
106.84887151174374
96.99072669520308
60.90970972846013
95.98664136777425
101.49854424186012
109.30393845458022
72.82290482245406
89.00934013918099
89.70456890690996
136.61834261558135
80.73420122790684
80.49043048665477
133.31349148552485
74.86368020041384
76.50286794475973
121.02136618989195
129.05538194035384
84.37118124798263
105.97610468223992
74.01811117796082
82.22240029509194
92.47749048025238
62.560063096978844
126.93555193622224
86.05105933270032
68.84798108974572
60.660729486129114
63.48643091854568
70.87453488798437
137.66490358935332
120.6301290529638
136.25232780419336
92.17075605015297
119.4078528566954
63.307065935547314
86.90719505282745
101.42158518597992
96.27839956564162
91.33538004661156
98.68166837228867
103.89661216537793
58.55450800825034
98.44755522523451
69.36899673631216
68.84327485804454
101.42823786196855
90.52548626947434
72.40746982984945
82.92461574264738
112.5065388825577
131.84356786199194
140.1768612815933
115.85518342006284
71.30150405084602
117.75548156496663
143.56765976897356
131.482710606158
179.0471024903777
111.17808420220794
62.90867069652092
86.18598119572498
105.41978919078578
72.9830407546232
74.12980728328553
127.19292678633178
110.75768359568092
138.23670489734775
111.205920077353
55.02744417649759
97.25919530260632
71.45610802295275
103.84881369210892
70.73129566065546
75.89361105743887
77.19277862561665
86.90494668185865
76.4248053774739
65.4204158223952
89.40989921890645
127.29017856547777
96.49624192462939
81.455274656026
80.21088743931747
59.96199881666264
89.01921762062247
94.70958879867699
53.530638971260146
78.19390140659286
78.87034949241486
78.48836860696045
107.25163260234515
147.22278236674916
107.38782288178075
86.46652809001218
119.90980021440095
59.868868045116805
126.23779213084639
85.63640794815016
80.42815004187679
104.24933154889912
117.4189627542871
92.16917647925035
127.44540782404334
76.96287430578023
96.87062896198819
71.5941860879935
60.25318490948983
93.34869158288336
66.20569127721294
133.42891504568092
57.4497995593401
61.44867072338057
118.80922064597195
76.45984857995305
113.30935167084219
137.05872818982115
129.44797893639478
71.45669105691154
74.9445859825611
143.1142671122491
95.79689221481695
68.02505614544056
70.65056980596836
88.63595271931108
68.43743251900696
68.65110904060114
82.19375511318079
92.22216146495781
64.4190806687612
110.01778375728024
87.09349072115793
62.11952251008896
108.1817072462301
82.55551529213025
68.48297687218012
51.640309856565814
76.14660510760535
167.86601864753695
87.58271809376525
127.37538720734425
64.56566271180711
138.66723463169288
117.23875650862212
98.47768792121092
119.33725671811646
108.64821812002974
88.38236430345705
71.3370451152618
108.81542449393949
84.92004414136723
127.69607494288984
108.17637739483934
80.16745905838927
87.18230179861271
74.58556996473331
75.52806191715507
222.38153793889884
85.77880407965782
73.7056986858767
100.41321182669446
65.29418966903195
51.20699263544986
113.30704333921513
87.36845730310897
59.39406081490709
137.67567688047106
123.95042858586976
49.505897983740724
68.57977988932332
62.4706849933913
120.6533595469669
117.25335409119081
96.2472162358674
96.05643924477367
67.02551013382438
60.49553523514828
63.81971180454076
56.6584193899712
77.29293125663986
159.90958474089027
194.97039377964234
47.53228709278554
110.59903415656468
86.07958782385833
112.61702294577394
87.4132896224285
145.98533212881796
94.55756134549412
84.13414924210079
109.57504855599156
96.65311834138318
70.63586221885352
111.6877070413296
90.4519101154247
105.37250834161429
84.98967769174287
99.47705118651501
81.67752772523784
65.23005733596105
118.518672362371
100.71448171377469
154.82834779053388
126.88225995665287
111.25313061268368
93.18723990832777
77.39099688025246
90.96102287227897
108.82358741405855
96.59371673629136
120.95466431851992
82.12984150206262
100.64043413672428
119.44193730978093
105.20843204238307
70.69512011389011
97.8067274028809
64.37173311625084
123.55608484865729
131.8501340746842
105.60767120992185
78.72613167309251
133.1285296599048
81.03203468091468
168.5826060560264
92.74332787482062
85.06613723906236
108.84937990299318
104.05239496125543
96.9341041791504
60.93386483421488
104.08181985929434
76.34212118143398
100.44032205873152
76.95325377526335
128.5920976627976
72.42334066794479
70.48035241221456
88.9889948834844
76.7945231537374
174.98395152230398
80.3592967489493
76.70352840767482
76.18171588763283
90.22297018203
86.53913335135033
84.22900983100915
152.0539671539219
84.88821674568374
116.39241948803742
82.53720349811383
70.0782275581734
138.96527581645785
108.12078081371088
66.40206443445
67.30297700785462
105.71881774157129
75.1917765147675
66.23553689984259
98.58445411073937
104.51862538217023
137.54165288698482
112.66259630173225
85.1580201745491
90.02300350970711
92.58847427367401
76.16656610808033
117.26881751217131
84.83542280825309
136.1095775275166
107.68736686486918
86.01467435744182
87.22683316374648
79.68592703853297
87.7367245422587
72.6096040957007
111.33265093880331
76.23506330287513
64.63096122130474
105.70092847861319
146.22365490718232
91.09532566864853
76.76094317428745
87.1941108739765
114.58806395975141
64.48636655364251
101.25928957493386
67.82449249456157
81.10034289198612
121.6624210373184
68.32955725358794
85.83030807540213
108.39379111053391
71.82866376829017
59.75711921729978
146.9582549861221
79.81508504439076
109.19562687315319
78.5409715920075
70.25255806909992
75.9001252469256
107.57931770426393
82.86778734374924
123.82789218251051
66.16000861678262
65.60057549782678
135.6135976787747
105.33329815196915
137.5721055558631
60.99883321619733
80.34247640169508
117.95444761900262
136.72124548246578
65.69270442410125
80.85048081225025
91.69606285356116
61.680693226418
110.56291017817259
62.94521288542154
77.13750106858825
62.11299294370992
86.60078924178029
106.48770142168078
89.40865476056246
106.35812909087178
77.49047440343591
60.622351617294925
86.79494650651279
87.19291262376834
74.331437032676
122.13348410516713
72.3619754244525
53.42920043480495
94.32663173615785
80.5898294027984
84.52302915571373
120.72532592890828
73.49717975162682
129.99807377845903
49.344485414587055
60.143473661132965
60.23989843398184
118.22316301492528
106.50964306754061
93.45715776575581
129.59680127284773
87.25182502952607
91.1047875671531
76.74207694535423
78.96157652963238
103.98327280361259
106.68749049735054
143.13658052755542
80.18280642025924
88.49329069370145
77.88746929908305
89.13481762560737
94.42538967573867
89.7856954187342
80.07411884175076
122.36405262133945
55.724778378649596
71.70510746559036
73.55670317457998
95.41957490956872
78.25018138299006
116.9576561417842
106.20780198521341
111.83352972637152
79.81387669748018
75.12844092981342
87.11034758296222
168.47146834567644
88.12983779131763
104.41702136778032
83.42897466037094
73.59796303729873
85.80898756360845
98.03546372944143
100.12471017678268
121.06652377118041
96.67958356983209
72.2145744614734
87.27443061600162
83.64882247546255
82.66997261263988
69.97774682492197
106.90611335233511
49.114290750906314
84.51387691046237
78.78094346867809
80.44552505208938
67.43122698711073
80.9250595175973
77.20907011225233
73.65470287131681
109.92898585945265
98.69490676141896
56.332259585837264
87.22323130948236
113.66173548096441
101.80708718798559
91.80880170030402
95.72135627880589
97.26481501814342
141.27042813271805
90.10963663211784
84.2467354062237
114.55829008780991
104.2173415989464
141.39542749582588
117.10703419223503
87.67927273173684
123.17816922541995
70.08043291982317
82.893816135689
98.79627291259733
116.4792153878528
136.1448106141172
119.05444277869873
104.41173176905114
194.30009050929354
119.05948478361243
81.41167928328092
121.15502685678929
74.39727044151415
88.12201122037465
91.49157193272012
71.7008759665215
108.03569998889519
133.9803170306189
123.74441559504712
148.84979121567474
104.16300389152464
124.95759481253855
105.37472225119349
67.8775727915505
70.06339459409818
90.65317832668796
81.42067215773662
120.83152443315424
104.43369709156953
84.25283191844626
104.49755097080681
118.37633751455947
70.0716453278624
89.28420704404819
106.1393064965547
82.57157413724869
115.40304797160337
99.90806585671251
64.13527820433222
84.30596329585109
113.60242326120704
80.09429597936358
89.12567364309237
91.46187102968425
63.32953086893461
69.55381124168815
128.49558344385545
109.14305193527287
88.36017653363245
47.8923899445418
91.51250182123684
132.07682425899515
91.36508196271991
53.31507102723927
94.40705240967402
85.75206991934205
112.34741507928774
46.78406463718178
90.59906127045402
83.45593459567444
77.8079089752563
144.6283479960355
106.30501216260733
78.28006847256258
102.07003895595948
141.43775816472092
80.77513983043426
109.78256245862872
93.31304861419478
101.49765164979472
105.04034108129466
164.11803420197216
87.3201269932607
83.5590266418069
86.9630956455109
66.01624685454902
66.35432138964508
147.01567510375827
144.76319148320036
107.28438934532316
69.33125553790086
112.54535206190785
78.90852355837558
84.9443489640539
63.189854402338895
98.19954344721187
89.55982507447635
119.50167233353474
62.39909708170197
66.26059861191086
116.87800622144415
60.09992759898481
89.90737141099213
77.32891074665726
77.70327924794367
75.70910679724658
80.19297857404034
88.72785505122664
80.22590151370011
65.02865391131743
84.53843435421905
61.26277535301824
56.167434157604426
95.48527099322376
124.64958834057067
87.43623072774878
73.27564391841264
127.99411527687124
57.75956767190385
110.12110859672191
105.26860207787885
97.90116248108686
66.29456396268546
72.18109116076089
60.709379347930984
91.23709030483853
116.8013352899286
63.373891734746856
94.0148651051156
111.79980645338641
89.33184541724057
126.71086390198711
94.4296958567595
124.15717163768802
130.27920559983667
85.08088460702204
116.9694017947167
140.27196759919676
90.92983485310172
92.92891392750003
76.2142213108661
125.67867201169373
58.8772879780984
55.936617847191236
94.7141053059495
129.0607066111038
87.31880118740342
108.39688776019756
195.93173181695235
163.1047308616018
138.5801917813204
65.30054390863214
68.57337986728508
73.65446315685303
175.7651579666142
82.38824413468116
79.44267902494713
122.0078501462094
100.04470648519381
108.8831585550701
64.33264002338537
78.58720564210118
112.65214300631894
92.70893951258977
110.35446845454817
99.96031650165197
68.85437176864745
95.74744797768571
66.41235081819039
116.26694214185653
80.99036636492309
46.09494566971339
85.74667725088186
151.75333553356748
148.20456252829078
118.7396534695099
66.14688386027062
101.21342121971534
86.86002878856955
122.88231379916823
128.54832073061812
92.6257440458454
103.16432101848783
108.15195088691485
81.72994052754568
127.40571211670546
106.56985071272547
96.94485768001184
90.301460200383
92.1604359085395
137.61027651461202
105.86172421679613
101.78087181334243
178.65660899945792
89.07336652721118
72.87981295379261
171.09327642257816
72.25677542399352
76.32062457784244
65.13803817018682
80.43202757636524
92.4036265980545
90.67767516611435
74.0531365812745
119.45438863837678
158.30627569225106
127.8441554448221
120.9977502703063
59.61649727229742
67.60932634920006
93.5840651748584
63.955120957552744
115.91659210669935
152.01239635307132
86.10643174006607
76.57930197338538
71.88582337411226
88.44571269091767
95.56223571846499
67.23674687350267
65.4851635343633
63.230545428799964
82.48171199895003
85.10760942411028
59.95484466957832
131.94366130275083
82.71745121128805
167.02647998909168
70.65015449691451
66.07042238333702
72.6685789891093
103.28958435589144
107.08572637626723
102.65371276828344
82.22854270053116
59.429087039530025
123.96764244533362
83.12752379701335
69.74165842941639
75.1925462315653
68.52333718756674
94.84624954448535
69.69993810100648
150.745836650715
87.63723910323927
53.26160438128612
85.3975385016862
93.74222620768872
94.98211420299543
112.73805305349434
117.77752489777558
109.01617276596876
154.0313484910366
75.82975891336564
120.02204304033694
111.00997810965107
101.72814655115765
93.19399551505228
99.03062566214341
103.66366337663904
98.16003439530098
131.3840352092894
113.0525646547466
94.27956423129086
93.31889756980254
124.7084166229917
103.51550777230007
81.22493854122513
118.10441953963063
107.55641640433522
67.1090510229971
81.58880868019516
101.41508105715329
97.42610342124229
86.05990894461777
146.01010627015535
87.8690347538856
99.17788338816914
113.13932834855356
79.78182226101984
72.97037689560113
104.2827937686569
133.02020421465707
67.53402094434519
131.96457484636613
73.56093962173202
76.17076078888749
39.01826124239794
78.30040307509732
99.0731105851491
75.14432381858018
74.33123703136799
90.86137290155226
69.10108884024388
123.1886301867066
89.16257882985734
51.80766198355601
81.30367695602258
92.94160987513015
62.75910895717915
84.5866282372736
68.6289623145923
124.5281379336205
85.17312642021037
108.66671035633904
83.39287521325474
100.61559177610022
117.36685243108369
194.62322601328992
77.67370368776537
87.90533735239501
80.0740013508053
109.04834057210768
116.42356599918556
99.98916667660818
91.52507426305777
68.51855314825396
124.11134849034133
76.47083012719791
75.54768203837334
117.02487725089144
112.76151502944774
91.32804978579793
90.34994786753651
66.66528873198978
83.77334326415985
97.43809132319315
77.62911979932471
121.72794391336363
80.52401165119069
99.80996927280175
84.65663596510021
67.78895931405707
106.16786517031346
68.24569308338602
117.83694773559668
90.05041134415902
63.678927074263655
83.87472255369839
117.43861713438754
66.05766243873738
61.163638366524594
83.54275609735711
72.5094832108711
79.28445080159135
81.41132439431534
118.78355601678979
78.66861638542142
70.59128393003252
63.27895886241145
70.58838643258444
62.64422247744989
59.788109807705105
