24.509032859591446
26.764848107714194
25.054316659387638
34.88071060053516
22.405975583073847
33.599278093503784
17.097480157953402
23.48331272893495
25.112200761875688
21.245190669277093
30.542144414767687
33.91077914739096
34.55126650236521
26.587710065222435
27.642278690316243
31.78525823142358
24.362980044009195
23.489157177676358
28.758108100498188
29.778513598230287
20.857617028364558
40.51988888232677
23.426825487445495
25.05493236287751
28.084634617627035
27.892530021250472
33.15039135637118
28.624248172144824
43.44941818871144
26.561770305510287
35.97925494657674
26.15243927988482
24.969393575629496
21.59203536939632
23.815511921754666
22.23837072893035
39.60174588446641
36.98887020786501
18.047234304820286
26.19432252897939
39.10239930819615
18.661595447194724
26.328879939136023
23.04424213054443
21.15173241745522
20.555811517036823
21.772590205031676
32.61433240087758
25.27944896014016
29.8529444849593
40.78296022088592
30.970236590773993
24.27722740919769
34.58775363165707
20.75002686527921
27.404866968513414
29.10510245524912
23.39813044093915
18.997172968777353
16.152435400645654
30.36975374226893
33.507579388123865
21.54764078146238
22.80668046859005
18.283290928753104
21.989511028499717
21.7359528741958
29.549204984807876
25.451408872611925
42.33085207458823
30.49801441099453
28.79816955379409
25.589232939972295
32.2651911597085
16.705334535695336
23.468080242470045
27.860185250057867
27.551681214137275
24.837184695364808
28.33835301246883
21.005670379991024
28.879042961277335
24.55712299752496
26.61570670242252
37.009070683038225
33.98247262853597
22.32961950043613
31.389775708492966
30.28156282399934
26.520165160422938
15.757756658582597
25.578555092712573
33.836843344219794
31.198269527150657
31.043369104243034
34.14344864545282
20.650405989553853
29.40678928655248
27.052744366549486
20.411593943822776
25.100395595341478
35.22692851077227
24.966003654942078
20.38111573966781
26.61744867309771
24.374294964782155
31.94119511214078
32.621265339283696
25.235240198107256
41.09902247297081
21.83665861265843
24.702571119886713
21.21295295114586
26.551451563002992
26.548801712161286
33.92381306794391
22.248645866054822
24.386221478068386
29.077222895814092
28.507985680458305
27.27070585058985
28.385855288633365
19.643712523063318
25.991856424149667
29.653162941602112
19.980248670413218
24.68990906307206
35.98145308144443
15.720022514885764
25.027864564164243
38.05605268686158
25.988340282122653
25.487205182488186
22.667217143436748
19.834759889337796
27.82697188253437
22.325342989559278
18.77959470102458
31.471876709546287
16.422341818787565
20.099992710461123
31.696634255629323
35.410891905415475
26.441274222063438
25.14295114934185
16.489448268893028
20.17183323021964
29.58913775579556
14.976568688644956
32.04519829361492
29.211747180012093
26.96455371712232
28.834896472822052
32.379721453321544
23.665728121579566
29.639330393110697
22.446312148360953
27.746492801512773
26.842486779629283
20.998350737309185
20.869529106278183
16.586208673499915
21.886404929779324
20.143626194320717
21.54031292168857
27.01042440298234
21.20519004684402
26.70257106361277
23.342160622944082
18.520855349477237
30.212690742407478
12.052666652277837
35.87525211820001
21.090588783734372
23.91425471163162
23.997926615368137
30.710005931971978
22.668785193503638
24.321889683172074
31.923108093994212
20.2183767726836
19.252252078358577
19.20505369220773
23.948357543211245
30.226918827555476
23.34089108700894
24.819053659984295
28.756997676989105
33.2732665518742
26.209493941410216
25.806479367598694
23.1041761242929
29.821403699116644
36.05831132753436
34.36392120737044
25.395682935294445
25.509214132443937
21.877135722647388
34.52060998258577
24.65608540581879
28.007192188471112
27.81872796347089
25.935974346518787
28.040432068826604
26.497714943537602
23.286818532735317
23.909533336226243
29.53500832713608
30.289616252472936
26.196868807437063
25.95963421748494
27.370309132092412
22.113444283333294
28.91445874607378
22.3663730600867
25.221795711995604
28.840951529557778
23.448950561846544
28.962529308872696
22.22798687734696
24.486295882598686
25.067391257328776
29.630212315623982
24.109353942549934
26.560836450590692
31.682039997980088
13.74466008635385
31.648157699323203
29.431222338663034
19.395709340677307
24.97102410904865
21.23242888729868
25.85275737855199
23.072069420232904
18.26362499418601
23.955253200194157
27.69743322913088
29.79859773479206
34.86861174312069
22.95749797196406
26.55602458635554
20.56496670074425
32.95637842331699
25.099519851162583
30.06319537429406
26.75806602125726
36.10552951677273
23.255051477160162
33.1001386507689
24.407788905030404
21.635816603878514
18.832380733024735
31.544123095659703
29.827212776983135
34.78779720777262
20.82823937871577
30.82161294846432
36.227949542768016
26.9104257193247
20.776140889444335
17.802132447247047
29.027913891903307
30.24425729138347
30.586234082562296
20.766813637749877
19.55274501571516
24.89895179319599
36.901800763094464
37.01698263166744
17.729678544848596
24.245230562026247
31.67571960472134
32.012379977596304
18.940876201579528
27.965455839276686
30.591356928268993
30.66265943174522
26.33759223755769
26.291507703105694
30.897830381127996
41.5572188077604
27.91433064896221
27.025562446645058
25.499739414764754
13.117753920928857
20.941546596871348
27.972747944562528
30.19210154196933
37.875279496208535
27.563040808066198
25.128414324332777
22.535840085189815
25.2942681618188
35.143598421188976
25.586208627131974
32.53302340253979
30.403450961534954
24.73571778190077
22.084667885822554
21.786244397930965
28.003783549776816
30.029236421478128
29.427356547762447
21.05077821837577
37.49786149714675
25.87061954918225
29.174147208820255
23.24830176306109
35.425920137742516
28.4488642724811
15.828730223515612
36.4959106305605
19.70905257978906
17.623049740426428
28.94608973921872
25.316044775162123
28.212382734548395
24.703966439080567
20.66967927640287
28.038344848212336
18.844310288858402
45.71894629476938
31.870454864900665
16.562297178168897
27.25483485246501
24.821955239750118
31.03949359456557
19.75636101294214
16.196198904352325
20.615994895774108
26.986644397581884
24.421887456198466
28.979286474164994
23.612511079278423
35.340567759500715
30.139007619435905
22.84930821637163
21.526305776961486
26.45727556610449
25.72507324985076
35.2258095647027
17.867192596885236
31.258794661102968
28.158512789848412
27.07030690275935
17.235615684511675
28.880969193130962
21.816331624835183
36.09998096824503
27.716060780493628
26.715889245749757
32.690814228507385
29.227828281226586
22.978594613662693
28.22810174848357
31.07816492349043
29.494606151826254
25.03025477917066
30.899945924638487
19.408332309663987
34.55580694025994
39.0446612563358
38.609158277420605
21.94064898361698
38.24280989140841
25.944363616585875
22.698225199619575
32.6953162340631
30.96133072207603
28.110664187292606
28.51786143816427
33.201084693171936
29.22622922257798
27.605250699831867
26.834489294700624
26.752077123363417
36.85487030991212
22.63336614899145
18.270629238489807
30.75825536012199
24.570093313641227
26.27057882373453
36.40579371126306
28.150916932081078
33.31209978874743
25.620829706355657
29.200493657045477
21.516600824192388
36.833046094381906
22.75305976510367
24.38580303281228
27.280113465687933
26.248488188615006
20.217889575379143
33.22439415809771
26.93952747265357
25.154361830331307
19.374287358971944
24.947439036278062
32.32730080591469
17.509489229928093
26.951941349050884
22.75501348141446
35.41020215638169
24.896857434405582
35.621987239069156
32.77608047435764
23.208360438704144
26.307041109261064
26.5115716643051
32.41378064105409
32.84568744994683
20.581385937379288
21.525227051156865
23.197541727979203
30.347318907738973
20.482499427915748
34.520173116545564
27.083562376776527
35.87072111144411
22.036071677271334
21.165580405664375
36.6384799217095
20.12833760263396
38.1860776538429
20.30026859044229
20.781455315430243
34.89026136195144
12.301539286832169
24.89674952236473
24.005720370282987
34.8551318778951
26.144451992482143
20.846912618870395
39.01305625185629
30.24373207367842
24.010021954503443
20.776727840803634
26.25566582603076
17.983842553747508
27.857095137330784
17.446353348452558
18.696030899535934
33.73651867266906
22.03546014632582
23.81936020687588
19.42861348390456
20.4494624527541
25.88386086131203
24.910775552227417
34.10974838696208
26.000671709216206
34.90319428598483
29.21883776137213
22.28553576460266
17.137175824140805
23.5976991194351
28.549409850312813
26.174518407562996
25.881708338852842
29.78783865141102
31.200612174759932
24.306745875821708
22.219403478338624
22.897778871654083
37.578863468779005
22.199260319385214
19.882656984204907
20.188569886320586
25.995446560133047
18.486044594385778
27.622321445533753
22.44144373976804
28.109551728253862
29.497133470657538
26.507489929508154
29.901132301354167
21.739253433758023
22.219250702673964
21.39068379594118
37.77944041123899
32.86924392746705
22.491945914355682
27.047403567806526
24.8068605003676
28.690407328939436
24.358863522720267
25.367722279569627
40.83912882315118
34.23184410867063
19.691979017179317
30.353972760905872
22.75842972509445
35.60634276567761
25.216366845614846
20.8603552277531
20.589647065016933
30.72605446003121
24.773176581321728
16.60392388047695
33.147420621397345
31.620835928334156
18.11709281787629
20.260270896417552
36.048732321638134
27.650423018632726
17.226581719432446
26.175782874506513
31.044825992640035
30.333358774375636
16.186596875406842
35.93688316001467
20.27489736701573
23.41873361746246
22.4327770314098
22.336999490594323
23.52673923444307
27.641679538667724
41.437341322640314
26.470465593175636
25.4865456564174
28.43220001610866
23.22519253068523
19.101803701224
28.30845240319917
26.69164660715945
39.91437782340467
24.240913029452997
22.63448113208347
24.97664519907682
17.637451539783157
17.898202006872708
26.030364706851667
24.486515008403632
45.92855293406849
23.854457406744967
32.91836991538186
32.22026681252107
26.027621828257224
28.478585506919103
19.736876261391707
30.276440417047418
20.58032648577614
29.609821258335717
19.249075404762202
34.88685220761291
25.527576524957844
28.534101298459984
24.267036182157334
25.070548963501736
26.342354148709486
24.015064035934145
19.86340931914072
13.116793338250329
25.26216141929401
24.571366458168818
16.354272831421333
33.42854405296119
23.523725827706063
26.278559242329813
24.13700022689156
18.610993955388256
22.79704590470516
17.489461844694464
28.535255761780025
31.6550623841574
25.772488804944878
21.488383848482442
21.584441557203682
25.11940722131199
26.972011093978903
21.14697149360531
28.294929982991277
27.857889768484114
24.348851998563
26.73545784823815
24.380705184543512
25.805179105926097
25.067557492426772
35.761549020255025
22.59938464693144
23.930419138182685
29.434372114971026
21.90365905121657
27.005226869369064
26.181788278924394
19.435190404703643
24.137216148815398
31.501055719372424
26.413967760512246
23.523105998174056
27.28699518452829
27.948167756538965
18.4114362061723
21.372462913031264
27.411659916039195
33.29496313746873
34.38669411091706
18.458728893584595
19.49699345593726
28.432997928815436
19.202404673891643
21.081780499367923
26.695512365433967
27.39764513472786
32.611490214422275
27.159649755818954
27.031112814807667
31.173460010385856
26.529915899964973
24.871553596420654
29.724495802661867
32.56082570638367
30.550393887699578
31.057151591991023
27.975610029230584
34.03962848827214
22.918448643450986
25.084995363701545
32.04682900064778
19.758711239833744
28.97141306990126
24.10903224774158
30.878756526075886
31.68508262082267
29.450731332923656
23.93121208441616
28.037289994804322
23.04056849657777
19.181690013676118
25.195550653241305
29.872719514164913
24.675956388317974
28.635317971340545
25.161145393099073
24.39845723849566
20.49459295939631
19.581765362200187
26.111110463237587
20.923575470232176
29.909920853080465
24.692869840034813
30.541948410940716
27.869778789232736
34.34209513845739
19.126394115859117
28.63052847321979
20.603329112277454
22.396469084939614
18.34148176162521
27.897529820328803
31.418541777934905
30.383760707212392
26.121057719327666
21.762864675689404
21.044905148868473
22.838325472047178
29.26035018180369
24.46815963820949
20.275049575658773
25.807968969776063
27.44094996692368
18.867008328899598
33.14055923123235
27.31270172438849
27.821215405915904
36.25296984692387
35.517118075574786
27.530694112224186
25.91550893634723
30.668157566428704
37.018165886367086
18.10805645021557
14.43370215688487
26.799104806991576
23.15322975425663
18.545341691373324
26.53817582369437
27.737268579438286
16.5934984140703
20.85316348205514
25.34477145624684
25.81694519306715
21.08429198607151
26.020138538442417
31.39023951935041
22.497139731193794
23.80269510295096
24.661113087346468
31.51985392949177
26.869006790098176
25.429932846907942
32.15096855659522
34.28318468356358
22.096467696111365
20.808526495297148
34.456685945316195
30.9610985902053
33.74949551278301
14.619454609338831
26.611666447147027
20.69698396117895
28.339762298135344
26.681773008309378
30.26735523587856
23.756447883552575
34.283693073628726
33.91753924951301
26.95822952396123
30.297250966668678
24.12785707309115
31.92366754730055
28.833079999946953
24.04325238110173
27.32348664088574
30.383723420904275
19.877565917166017
27.32383680599415
32.33048958128721
27.09462608669867
25.683969291309822
34.56809012131545
28.657805670373975
32.407029584074465
26.991458598592537
18.548561766407854
22.378721627987748
35.38247283045537
34.22078790333732
21.645738757251667
24.94898082826268
20.530259384502884
18.361591261403937
23.889080870439834
22.30897673803677
27.949805885225892
18.71880424063683
18.98694454986013
17.97110057128937
37.512081096466844
27.990803887543503
20.53877637633981
31.10377653149909
23.486055616737545
41.59131188651663
28.521401845888235
29.616158352951366
19.246592119800017
22.326657994008702
32.793713227243956
31.806533102947903
23.24643902824434
25.943368950120437
27.31643955304707
22.032087172281535
30.096947262282715
19.31857058869145
27.391257501779393
33.25470817665263
33.21425625908327
27.827131157070895
25.659516533555454
21.321844952614736
26.491692361650966
27.60147282258723
17.096704907939944
36.72518215476131
29.515131633361584
33.48936705222922
37.990576024467785
28.018049024586134
26.394514687537484
36.97064639337348
31.1085609810255
22.583114441288952
28.359985777567015
28.802582229895357
30.811710834741383
28.068847867980505
32.885137938328064
31.692652290912676
15.709004896616067
19.526453774643947
18.755865606751502
16.23172618854295
29.206553609598963
17.725592049358095
14.437339352666816
32.66706023838768
28.21467237878631
25.486439928903742
34.24657718499549
39.43784139024033
29.423182841477164
24.903805913665455
29.32306520841162
27.695263621949064
26.146647273322877
29.295640639485782
20.883507375777562
25.971202406386247
33.736773104212446
23.460738738925222
19.05715822206751
14.951194490816617
28.147770430439657
25.8912826764501
35.72067868053433
23.709090323614053
48.72717843829536
23.037055989296963
18.314865539494
30.374480001669944
21.46723497325934
27.66679247957694
29.055294646071356
20.25506262907516
24.32032870696446
21.483839015738166
31.355408942058595
27.064128913125423
26.31729389467874
27.382935342528402
20.8855027865595
35.85860392456128
22.57789571653868
31.82437366805911
23.918187592920678
16.35246913221402
14.467137620889364
26.10305601783946
26.96330166901747
32.484902465254805
27.189983275092917
20.962622401507677
34.541710688806155
27.757059787237676
40.95935161591943
27.188641878277252
24.258975375158567
27.1414190070057
37.322672877359665
23.79864493939377
20.73281928995006
26.4569938414136
20.986419666855074
24.914303277427067
26.20610650528113
22.727808482474256
23.31507264478661
23.428997876914178
25.359376900593777
23.322419031908932
38.23723496097385
25.548557207964357
29.636593230460424
28.202081295057102
22.34937573137273
31.735090183499715
29.775074857811966
30.232195605392455
25.486405255116633
22.616525990256754
20.862536935900785
32.87962352875217
16.841377401513125
26.660185304858718
27.12454257613558
33.392440652298355
25.726914740102686
35.78386957930592
25.529079202052053
22.7983395331922
14.562486764183419
37.36462023140292
22.602119774054213
28.686735161373957
32.608800352960714
27.3597283426191
35.07782327372963
34.077936507358736
27.91420853161809
23.76627383471742
27.696088608023807
16.09971413274877
22.946844714498656
19.222184881744226
37.856665623247125
35.0184202054991
26.70390863382785
25.73168352657583
21.733447194415934
24.397003111658748
31.496053419299468
22.71311184908516
24.205102440633414
19.904540321884433
30.341165224512107
23.31909677652731
24.72672856284412
27.593811364484583
28.10853792547448
26.044995772631218
25.784767408238125
30.565711904043535
21.4711691938456
18.976295552074184
16.11018506318699
30.469314276132938
22.393121909809874
27.532312909158463
25.502357510217315
38.6214199672694
20.43703182572184
24.44266726685378
16.928865524404877
30.992925079434357
19.35986592824253
25.358680792103012
29.21979981466403
32.96562648936198
24.679517719099596
33.080029154022974
27.467980694888393
19.561273861624365
24.64104194248091
18.154074884281197
30.539857805392877
24.192179625008716
18.62292796311614
21.288987031794353
23.123081573838043
26.526367636954163
35.61933951109711
20.64456432337699
22.738649140989757
21.72067572564244
33.220788110058294
33.22889005623021
28.383635017614072
22.302270465143696
26.85150936748467
27.94048973222913
29.53374120346302
23.510338043740546
29.29726162343174
24.083344326155945
39.124871223882394
25.482235119946356
24.405915568891434
22.756027140669705
23.120720822772032
17.64497598227597
27.69022089843728
21.396679508500192
25.129491111107498
25.317416960361605
31.86351218380142
23.680291350524556
22.473386246238405
30.383890715717033
29.126114752014892
24.042901141244375
32.24251086660599
30.99752441206848
41.75729420548752
19.61655802173122
17.70375922407035
25.606376481177577
18.61589859305675
23.5459405260759
34.264407830256076
25.018935456011466
16.985940168173645
30.422874392317638
17.29184702025483
25.771059213755866
24.464254791604404
27.34421743432153
23.439798196747777
24.284017745098257
27.689081015631622
13.566449792943919
30.297238538543386
32.56502394770034
23.99996686635135
38.50019757160276
22.75377545593838
35.2462315745007
32.66047386853063
25.431166684151286
26.521568700995157
29.73813765836612
22.068780410886085
40.34891864291964
30.796273610895685
28.38067118593493
26.830586608026575
20.87713331741188
31.611062255482462
19.16707939309681
16.71371012240581
35.02359238898029
25.162596691048062
20.409123488361192
24.092284756148956
39.22540436814647
24.35350717934634
34.17971032333483
30.417424359613914
16.82467641721839
21.485521650504282
31.247720776839294
39.59599439902829
36.439902437251625
23.646629470736137
20.362415570253102
24.666282074259787
26.70783426619111
29.128017597562984
26.215330093227546
24.30645848460993
33.00645447905391
28.1539393720561
37.69497253483133
25.07747495227723
22.99156552041664
27.626762782600338
27.738548773075706
25.351364765443172
35.23322415547162
30.92264283526736
23.27176614572191
24.20985799001646
13.172994159971424
25.748089576228452
39.0824586198184
34.131669745912944
21.005150782267588
21.495869880357084
27.53126217238573
32.94580303943503
22.197626468384197
24.834419114733457
21.535599894540997
30.214810482407344
29.095433782828373
19.911198028212226
26.437401313229913
20.516422603857745
25.181715299485326
27.869516774943676
31.95018435937338
30.6482137486023
33.93457053184098
17.666888574181332
30.532453730772563
18.651000760972604
27.771529423475783
19.134435153920425
22.797049404968504
35.75722718199653
16.864452173772843
30.12746484904393
29.32276208141145
25.58913485178441
29.210441788535014
33.063045562117665
28.89485514726426
23.798635102706612
25.57217969762332
27.81333859292619
32.82026167932881
22.588884415347625
22.690175089210104
24.914376777891707
20.6691457092838
26.109132422095687
33.227426383970034
11.245401521003462
17.57346142774133
21.723336894816793
26.285234079677945
33.18279554941869
25.8986020565339
31.24501713204611
18.421527419631815
23.555363693394828
33.467915479094096
25.767839495594924
27.872369740023217
21.768150988301763
39.008347563845156
25.124635148357115
32.61118350119288
31.249074063535883
25.408468643960035
25.954396510453442
27.396079044403994
30.976996318351237
29.163938522753398
21.26400624510831
26.172582783695752
22.397848592427483
31.848656204834796
28.20220718028969
21.211503984792813
27.146883498548764
16.555571107942757
32.43403967875214
35.86075556470143
18.313862519267875
40.92398350015603
30.53521811167728
30.538784188123362
30.69358437419922
29.851523016681163
19.11945289991847
25.039069306566695
31.007245377897945
28.674509914323586
41.53981683802707
24.57500016539197
28.369167593020904
23.002643831873115
26.692538814637306
18.898867393878884
17.56871611945454
19.926561643014367
29.680715004933905
25.065891664956624
29.1018850125611
27.635281995690423
31.131494343555154
33.80729781883398
34.67468826305495
18.127425100026155
23.102000259211575
19.04601951855994
29.01883898262788
23.870587869362367
16.776502447929477
45.97221128666469
29.86142190321693
37.13290587217366
32.04593729311494
19.71409482359097
33.56408851593695
28.735401471316614
31.237083456435084
24.177537811416514
37.130077659584884
23.110793784553564
29.594144768301174
24.800675559849886
35.744536126266304
26.14492652412234
32.51110777797496
29.936161706094484
24.699208870959517
25.097302639200375
23.75443472790305
28.81495158979578
27.265429187627298
30.199159464671677
25.870954828710403
22.17154429706743
22.94533958116847
22.71610489085687
23.242756634060772
19.60718321066814
26.71433008017917
24.95735565397329
44.433808457478655
30.817047364777682
25.494385061860758
26.182049506176863
39.075297081131794
11.053396271712495
30.844466249059987
40.191627940572346
27.496999322401127
12.7363413103631
23.405666302659068
28.17313575794187
30.62886807187535
32.95281343451951
27.18851707168411
18.916905689757897
25.958690469757762
27.02718439631264
26.894045869564962
24.2897165116958
33.19146157872915
28.826101853914647
20.6509626960099
18.21787384256814
28.68532727045432
28.122364703733727
20.97506492682083
26.36287629413325
31.630117311605044
27.252556005300903
30.963892718261338
19.759581777982365
25.63522687013592
35.041019516306875
34.75093138838353
25.569844573416745
19.80387620487784
25.640828409216905
40.640437868571375
28.900868390043357
20.394172501721712
21.24046456537289
28.210674752779703
28.55377641606138
33.87370109978292
21.786756300705385
16.123565333837085
40.235057859968975
35.83251469485608
21.95933269874397
26.77230322618456
32.748624452124766
19.237531954899787
28.384416450064098
29.385349059739625
21.59657591377855
31.13040185009873
22.10317584697844
25.201694569927014
30.33157547027323
31.08577872478983
26.726678985970477
34.599631832236724
25.708662316174763
21.230734996005292
18.052234078465602
25.33412609309087
21.777285389727574
17.987859527151432
28.61456773980396
22.21240694616663
21.992381509747585
34.12492851187027
18.580572901845695
23.439822733122693
20.53487326050295
27.026303512170962
17.02618127172937
30.02711619325069
21.7570245724694
26.449730357492413
26.566921153103113
22.116521602616235
28.50010682395335
24.389006294025478
27.65936783957691
24.92160111426143
18.076671294800867
33.63194722263927
33.894309206427856
37.821442106705305
20.404211069767612
31.84090475675304
24.973732777935183
16.118174321445604
23.366788694572303
22.790980230059198
27.576792787126465
25.14647208391649
32.033483685453135
30.111867452915643
25.889146642432458
39.648596173136184
34.436079894011826
25.94148673267022
28.998351216546386
22.31427338239938
19.7726020321608
25.550630669086733
28.620713286459736
29.7341861893252
27.000524917350056
27.586158161533845
25.176603409174124
19.40512753070715
38.77205148020052
25.281940723534184
25.65607570870473
17.82861865002564
18.950874506462178
13.311432422286574
26.949963098195596
29.87174990738432
21.366676841438604
19.058721199823474
30.007138071965965
22.819023273287485
19.40683488903235
18.82851393722738
34.31328428696259
26.27777662428147
22.25324745849812
30.444527272868076
23.044726927262804
24.38838694010425
17.55492067234014
34.62637636841111
31.49501730258384
17.573586942264832
22.894550865508098
35.33286615433315
31.983875158381625
34.41240367071666
34.336612580650105
28.037868012522267
17.355127785859427
36.65972189690769
25.138892650585426
24.744368882022002
14.61298443190365
27.83440970603359
22.11889733553143
24.040411092171325
33.60632495833805
17.62084824565632
27.27557213881882
22.067665883726956
35.65939221808538
30.819533431346745
20.888907027946978
16.736744774298234
29.970718120454524
29.63767647705061
29.079007661220118
21.08636563983704
29.453915101607908
28.195016321074473
20.46304840681792
43.789748681055855
22.883064934221217
19.49727168629389
27.36213941353612
21.278615150747505
24.42367525461658
37.26639942968843
30.028600072024954
32.54614739944767
23.02010623696459
19.672964262182507
26.475120378906503
28.421633898186744
21.765148497403032
27.471349137899097
37.87769688631457
33.52184475891383
16.880961102732574
24.408366873417947
23.377539263296878
26.020971850940676
28.253148799833138
25.080889890891044
23.005923203130614
28.9647165452648
19.63656283389802
25.35393410145258
31.18567843063599
22.99272469889675
34.406559428037575
18.95802451851793
18.204763794640193
37.304144335112184
40.02167803645932
20.664765503978046
27.643061929914786
20.20973877394433
19.204154787091316
39.661837169847395
28.92299435267948
32.15790256228504
25.37878934829662
23.075650809531894
21.309617347675154
17.30679530704403
21.29206752565383
22.786637446321436
29.953526645625672
29.84524800851726
23.96702919869342
19.356989132076556
20.97062218836759
27.84923314231613
38.07713879749421
27.81715478870344
13.803583966483274
30.298482257352298
22.264906251989135
22.014122097337836
23.671055764717668
25.638537396775497
30.12728883134147
34.91656390278743
31.877753878348834
35.43314451811025
19.051508435770064
27.577671421565615
34.92269851278426
16.917138580190695
32.454993117361916
22.04461503218078
27.833700777349097
28.397911176510863
35.41605595553812
25.523323013274823
29.258289067762544
21.40018604726276
44.29137848568484
19.33391046936683
34.61335428480524
27.173667919650747
37.74558893263959
32.60408489714502
24.620904177098524
22.934494216236008
30.206782826616536
24.74902998065498
35.32962347576965
27.14855550431662
28.631979015616594
29.76338759548979
27.997719168134772
21.492908046772932
37.11647771814385
23.245123368049583
27.61128026650259
33.52891998755444
23.379396249093123
32.540379563052106
22.620846228201387
24.844783683296257
29.762394684710696
31.882572752442588
34.8055106721953
22.516715660064836
28.01469424256629
20.736251908028123
30.248118294115727
17.828382415794625
26.702536256504622
29.295302512596187
36.05321334155009
37.28497992968139
23.627975519291418
29.593109696159058
42.10284461803406
29.60016395282732
32.98085102153651
23.8323160216127
31.497833874899456
29.732739314651646
23.060423205413688
25.160578750656686
26.811202291880008
29.870505933469126
20.906350702365398
27.168347677398426
30.00410714285232
20.05336620612338
25.33886211900656
15.179248510068549
18.5024778148458
24.653965004674884
31.412991315486664
26.123320713390346
32.09558590335319
23.36899652302065
36.487245402529034
27.915718273568206
30.78593528930609
33.83235691852743
18.85614846409131
28.183205514584586
24.54805422758341
29.62738243965016
24.544734104758582
25.28310442494369
36.946156734845765
16.29626755588635
12.48654587847297
29.340899661805192
28.197806275912157
27.649640960973233
16.72042074281093
25.205502941728415
25.691072221875217
31.72457153038471
21.6838017091624
25.294808049328708
33.56561240389343
31.203091195236794
25.487641748400925
37.85616285664505
23.755296672763134
28.296584003862346
21.01097391096623
23.99462676560355
23.38449232744921
16.8426961769762
29.132097196262396
24.652703679897193
29.390577637892807
20.754624656635514
25.112978991442976
27.818590587112496
30.696826609455247
23.589517978535874
21.966707466799487
25.37978659372271
23.39340155223512
23.296086941876652
27.257556301842804
20.873904360333167
39.87248402769322
28.105168612507043
22.72247706316785
26.889094597838987
25.62235911581493
30.00202610194976
28.002260787803923
25.043622113786217
27.547960113873565
25.862792132948275
24.382874862838086
20.55745974618728
30.91346964116414
26.13319118461655
15.176186205949756
15.19068010158819
24.60707383145202
30.305962742140462
24.386957546510487
29.26326833993006
15.730253680062647
28.704308461143828
29.040823922542465
32.12152141834312
22.746300037478985
13.519236852598485
27.42506576065258
23.06344570208114
26.108422363122752
22.908986726684006
23.775474192630202
24.19985911093865
25.91922104068672
35.97972430529175
33.790205529897605
31.95527972026193
23.796039590603197
21.002800574151284
29.403195007315595
27.609065765721645
29.953546656320682
20.214808972641237
43.91197831278401
22.01715070976528
21.6703530422596
27.374088531850227
23.2238408509636
23.338626928328623
35.10113913525715
25.3359336947152
28.779255062571195
28.587526131012165
30.606779499552612
20.255930290420647
19.487008635314094
31.52552550707487
28.765957957216436
23.824751510701873
33.58089710320994
15.423824216764338
26.487228359494686
26.76776911204169
23.64132023659992
12.147488672049032
33.76914960156945
18.058214659993368
31.714448137160883
21.60434688435458
26.209515321741648
26.963430287601543
28.781284074693524
28.400200311953927
29.583725215468288
34.3666483500862
26.435321499145786
23.720023185575645
16.446511178876293
18.49953853601653
28.200925699851386
16.595736342983
16.013474255489655
25.913812855141945
27.379644905508556
20.476102117723116
23.382737447293785
34.66624572058146
24.07587061160103
24.544072077335052
27.383906075704
25.45295381144981
30.00895844509991
30.253879198200252
29.105118588277573
32.281072699975596
17.46445719342076
31.079716886238195
37.40215904851594
30.510113501289233
23.30481862079247
26.120371646659642
38.012010204104016
23.955026100465382
18.468895788386096
34.414559135981406
21.58322084756808
25.572267415971485
20.24935603311413
35.15129484650604
31.926182864819346
19.73436564458217
34.12666202824692
21.845751283521473
33.293615775675
32.04164699579437
27.73777277422733
24.79065840037909
14.195383947590653
16.837548046224796
34.43769228753769
16.951035298005916
14.5551959151523
32.46208531852247
23.090721062277055
21.96078475877799
31.772362418507967
18.184696997705547
14.08991933316128
26.67579527743436
26.548595742464965
26.662896676954524
17.201442205314912
27.794154315712742
25.016305040036098
40.53702922808584
25.74182052225577
25.421389438286248
38.87714113826513
20.91902109045149
29.890445031211886
33.559941997696455
27.709965729145374
24.781838620844503
13.655149430929606
24.627747157759227
36.0628782930032
27.27650815674652
19.116878202404603
39.61289553180004
25.769409695825097
24.498803650839914
20.225538599903796
33.13778711897332
21.844873478182745
34.63947287123359
25.180368352753273
27.90959721720619
43.95465995405215
21.87280410211645
24.264374828222437
22.1547297260362
30.948267555201515
33.513762661572876
20.08161230883924
27.545148300872928
25.464621276407577
19.914382809891507
25.408956469545952
27.182238300274232
