5822.420961462511
5038.23318390474
4842.513389486795
4157.280249192223
4130.637359212628
3603.7293879875547
3352.8671143018173
3046.728733342399
3049.3188450094353
2443.4326303053226
2226.6183656837575
2307.8266032907914
1842.5950226214359
1842.2814357920163
1709.0582308338758
1414.7031244821299
1309.2811132285153
1064.370545172729
1180.727484024944
919.040609915585
1057.425068689063
933.2333280853113
745.4679494435983
658.6667698444433
619.13748731913
620.1160699756891
591.8750371757899
445.6700950092576
500.27084070992726
337.04337641869614
369.8559800924591
373.55227707886337
325.70325106294683
326.61843824645075
251.77314011355242
243.25544539680908
199.50486604546666
172.5504386874824
180.25296592453634
148.60206533532173
142.99770359814968
128.79885038555932
118.18164599306913
123.00747067049625
163.92397037915543
93.66177809800703
83.78415944779617
87.51211404133102
104.11029083212347
124.22911494082709
62.273803626470716
76.49795241669291
81.8242354790592
95.47953704919226
69.9951753411085
103.82390258264252
124.65174130093635
74.17441388675161
73.10904291265553
80.6339855127887
116.97245049050822
101.1980489010281
68.30578337268666
94.74318541378328
104.43929240440417
119.45388153344763
43.144500021432734
96.87135689806581
113.09728045128111
63.67102481178627
90.49810648984325
76.44950778342648
106.00127034770341
141.36297390004572
97.97660753367855
61.29523760603078
63.321433705664866
133.81111603699605
114.44046620933308
84.177728553668
144.97893292014746
78.01247938003972
146.22262931583833
111.79412372127217
116.81815679743623
86.73945229777641
83.22386134535222
100.50403753468619
72.70787309502677
77.31312774760735
76.57001006192286
71.12186364704668
120.35192905377106
86.22110187664042
66.63822978362342
73.52635821700608
115.28926625678828
103.76780608383132
75.17908355032054
115.27681566677262
75.21063175523246
93.54826648248304
137.58851964695975
73.0300515491344
114.28352931486813
88.8814748710414
119.95964970047066
63.07264651784254
57.97768494458041
88.4127885423127
127.58445196907866
83.17763022792231
61.23139063151145
70.6827235372053
54.827865569160814
94.70552003564848
120.88928991244516
77.55794635842999
131.29349884460237
84.71190910587659
115.06196118089922
54.20329071400093
127.42591124553495
72.55952538513428
84.3624789697421
67.19972239246927
123.38078131754528
81.59147506316104
112.78795935729863
72.34262200877639
93.31058679987098
85.158060254631
101.65589685671961
109.42344881394487
95.0090289015148
90.34116809998076
83.04568110986223
82.35800176938565
92.46863527699816
74.16708559229271
106.81550621194637
85.29015582487993
64.54850402962353
87.05913348043475
127.40855836327181
82.96589974075329
150.53888168314307
173.33230968110846
101.04781657622026
123.39871976098848
122.0995467766933
138.0058707522516
55.84139479212943
75.28098951625493
100.5795029039044
90.58850940710104
89.39268212905722
77.56072290614807
197.9909265748843
61.922910129637145
109.03988919294119
44.96185134398506
66.38830459770216
134.42409072173797
75.9053527646791
118.92910297207753
104.33441869191775
171.860738840548
98.1840508238181
95.02896603370165
64.89916605112424
99.34841802635663
75.04021035250965
122.07173219112705
124.498635920295
112.02951541389396
93.59042138096302
90.87940761464594
147.21850488165592
69.17075249954621
73.63907781462642
62.657287080577575
83.5494355076506
76.54152794367542
100.8298756463081
95.83531075111992
162.55731053048314
100.59301255565778
78.93890759007716
85.49710955816691
63.59707288505364
82.38453501347558
75.9174613872559
102.90297953392191
108.27165531616455
117.09943653963902
85.00964190762367
119.53266241026262
64.06118876531313
57.31520580531541
62.117232620115324
67.19800834394094
53.541459611728314
63.38205642350802
84.03814112870168
108.290427587395
134.38953473512748
97.33820212159567
157.13247933801907
86.4487089966013
171.93251456000866
76.70593624077804
88.80258550598624
99.98955999894063
120.032457765837
71.29244036249845
150.7106989371703
121.38915456719165
56.45147144826809
113.95946968037262
51.029011737659744
109.60167104024958
86.42022171985874
65.64113836603694
137.41246261334032
112.44789024799009
134.14426432225568
114.4828000505177
124.53772868118887
134.34902847465162
57.172911427638
108.80521757753998
73.47736131980481
92.82958996757804
75.61046040143488
128.63226040731155
128.91583865431477
70.10572645769153
71.75188469186746
101.94838663455927
113.27025495895965
79.75144036736566
99.6567158773887
64.37130230354937
147.1744486542187
83.97103386276919
86.92057992675313
119.76357209934136
64.3908701231645
121.28372014629957
93.53376612378857
53.734014415774034
108.60371022600275
55.82220612606347
74.60239698128908
72.11569896913169
67.19956622384473
74.79519325118201
99.69506543184366
115.30533501251257
101.51042600266516
100.66267515120981
78.66758886520718
80.00818714931754
55.06174769561131
103.5043655917474
73.52460633937393
110.1397306230906
75.73914574691973
168.56057472363844
98.77277286105897
82.40598525161317
56.705778016892204
65.67372810955277
112.80689610669381
84.76912612553804
86.94895454789325
83.92116111637988
119.82905496833224
83.44883683820998
82.65944256119013
54.96208098161254
106.73323453572532
66.55620292415175
143.1500502775511
128.1072196715345
110.67792534560309
55.47227487897721
88.329965776949
124.01289177286114
113.32674888648306
109.092360652184
66.60655854407015
127.59982897040767
86.10460704537839
82.99973966512243
97.3910096317514
92.03261180937145
94.4842404423088
117.16453304376901
111.93926348736912
110.63961933879614
91.78257633402728
112.94031197008287
101.10644184702264
83.71905353608413
71.69700083080625
73.82870968322092
88.83638675343839
89.76440087834868
90.31473944237763
113.34081602593025
106.20361393037656
79.44393960633782
77.1054668588095
88.78599542526148
96.9079854071603
131.18586669342952
53.55525768930759
102.33370401729205
89.4614192057588
104.6470721712538
66.86525805183582
87.95871030664937
127.45892559371426
114.71394897932923
124.02556649545149
91.81035279298115
69.3982909613289
128.93077723723135
95.9449485433817
89.50987494769447
86.67379893869614
72.00651192788592
81.85183682145274
85.37318954845031
124.02807589286002
73.20269359252623
66.7446308390291
113.44585654454082
70.53085293509261
146.59306157467574
84.41548616038314
87.63999652686212
110.65743260280098
88.75979211308399
89.5894209508803
133.9490210707812
115.0492162933983
74.51459594253183
81.82590039348383
62.725356804192614
72.09200568173081
134.49375225167097
69.3047932714173
83.53504858977055
137.83000312070266
82.01948845565408
107.6287127411734
74.0395657322164
115.57526896370729
71.1161178081952
129.87696769395149
102.50396259971365
66.99329587840337
91.80844827532914
109.2856485823116
65.57807789241618
128.82507746322432
114.35930376377945
68.86275578411019
88.1667788105187
59.25268795691856
104.77082244118094
71.04570905115784
59.78165470643134
122.96602973849254
67.70027123936127
70.51035667416566
66.12959545815212
77.56128174960864
59.3622802453606
71.05605628209655
71.0180927291989
55.75353988323912
112.76277571477631
55.85943158156977
78.40455720769346
111.81942832337658
75.34547485662829
107.7018554016955
83.67750987560608
94.88023970530519
88.79326942546498
89.50497166738452
111.89225536314086
119.44662171528032
169.6647194141917
64.40488593482013
118.84642613169677
111.65924228039317
106.23630941549422
92.35169584463024
117.74638014003698
77.23864885921363
86.45392214971646
81.87178353481272
76.63451055827744
84.15625425424606
79.1141335987348
73.00989248722276
109.55026517715882
62.09672561747709
73.64231643107408
69.90142953801713
64.55004805304688
120.84052638534573
62.387789574287375
51.88043812858637
110.167785826166
62.81172633347764
104.86882684964331
66.75319331995337
110.17194562001731
67.40578159670125
74.48245383346853
140.96610769868266
93.86632491720373
68.38844523308917
79.37260726316549
127.80542311284562
126.56804620986335
56.076368242090716
54.634824244126776
161.73819819473593
135.11012899799607
148.1288363697547
65.79634697833126
146.9261101682694
98.1901833446997
100.44447794016315
91.85885502963748
72.27271382576447
91.88292215294614
68.92469830360776
104.22484182618352
92.70273821785682
68.09305085656958
107.26023917285912
102.65111093926642
119.17145022914389
119.18097244774822
93.88221768653999
65.79519354808832
78.80299885435508
79.81699818556885
76.37818142543458
89.0907917475218
73.7212331288745
85.78638324118792
63.067223972567135
67.28869933935975
101.4923964845905
95.18416475131492
76.6320131043384
86.68391152384822
114.52351461452261
67.29518423219922
105.83519930089578
103.89942637067733
92.56902012256027
111.56808240923122
169.55486330047736
68.83216710347202
68.75916184750749
82.70414109539483
77.80808910646904
101.83225207767879
95.12444066016697
98.75731362724022
56.468519056159664
90.15845341300762
133.7756830380056
126.97809475162396
130.1850735414488
69.98977201509214
116.6367654982763
63.87491976252204
73.7783011109376
111.76987847305433
157.42950408643594
68.25217646724184
72.38667885504417
91.5116231264483
72.70891028081157
97.89389806354673
64.09933240360425
108.60985142744299
71.28523704291132
120.85880675711103
70.32381570692162
117.895850263668
68.48693003905862
111.81770892186631
73.06633009165525
79.05048124939012
74.81501648278382
58.02807286557724
164.3125827680246
92.872823548394
130.22732727166772
87.28069754594617
106.02324034568218
109.95055728078798
65.60779311183465
117.18728937276255
106.84547649338975
145.3533763376714
75.66815270316916
85.88447918919694
49.164685516848294
92.4376134455911
59.43406349375919
129.4036128592613
99.1467002017216
97.4878760305663
125.39933849104419
76.20615243444247
74.2191064104886
77.83103999621895
120.50842447626546
91.99034244717319
78.58767644407068
74.288849824192
120.25160659868767
91.45857316484228
112.99770318087579
109.48573924874762
66.41634478711285
133.64844998896075
153.32333807117848
83.92400480879519
115.64992992872398
92.02300396455291
96.02440446247455
70.39019951018683
105.58835874572279
74.94562639837255
91.5638730840898
110.11517523750238
67.33778798730718
115.89709616949189
119.34960636522874
65.060743838797
85.87115042087014
95.76121433534416
132.57721734796098
96.96353618013848
54.02972372644131
155.9269668331271
99.40019327553935
145.53757158406256
100.48201442179199
48.82036413107067
62.20429138547446
126.75216345114477
75.57218967725099
142.20948095624306
81.27287865930384
95.10680827099667
185.17933475643954
62.04991238031783
163.27842081793435
65.36088732463843
63.455346976593994
149.39863095500868
126.45992727158719
129.38569705084993
79.42802445463569
63.238586740377364
71.21054498071861
65.12724699556755
180.54752877110352
83.30973816571007
82.1870128743162
140.53844922160553
92.21347646319703
93.77968217827943
81.04420364021873
121.96618943949773
90.79432759379719
70.70952021045501
86.44336759038187
72.10872164357366
89.52291282970214
64.09473586191469
87.2158407414645
69.00003163123681
110.83217453813106
101.74685744392985
120.00978203236863
65.28302826316265
99.44426440558141
72.0897633564814
110.0764619600247
85.61350804747727
64.26496394743333
69.4576679535078
89.92922614814036
42.20013532959685
94.04467132260675
65.77617709633445
126.94015035237196
66.23001485378647
92.86840363340973
72.94306409384357
92.68073743188417
105.3156665114012
120.69554478210745
72.30729898635187
115.11599407480138
64.13620402171816
80.4281674335403
68.30127467975773
73.21561078305815
67.01345959561567
117.27432530073362
68.51810595477738
133.0761307001571
105.21269735006231
59.60420156773512
112.25884674197324
68.87782474453806
74.19444912087835
79.24739977272456
114.9277042061444
128.0388577948995
117.48335498006833
104.92631713786452
91.7010164828495
93.23826502863338
82.18966919925225
77.71106940217935
52.52512633781213
114.9201997294069
96.90510051877534
99.3165512743405
114.51509283074459
65.23876011136826
84.01722086584442
77.24012666655857
91.815489879547
100.81679130525521
123.0675523189033
137.98160990244378
59.75322912818404
106.76710183673023
73.90886255105514
78.13499685380216
87.2513095551316
72.71653040604356
99.47531621533841
62.21902431738165
106.66624639811866
89.89315808287792
111.05253597983307
109.09228498880685
71.34422876449142
79.68537273028423
87.35458173730495
77.91596504186046
62.96734942373155
115.11219674295286
86.1795421826934
118.08144206981737
120.09876710831115
72.24011387771077
79.02353101727223
107.18393551230724
50.869401595580676
101.58914111885169
105.80423002610611
103.52721151577606
64.91713143771769
115.6631220093163
103.68266589338175
90.38280118526332
79.29005323470706
116.05654925658662
124.83665267846054
63.087137783744474
116.12340567666956
52.869372112219196
103.06501469708596
102.09515038742454
73.04450154113513
91.10411473006735
94.46981211643177
93.57388720101213
135.8032074230545
84.78698500230115
120.1663290234257
101.24615523132421
91.47606992885332
87.93509947031701
90.42418868066079
95.51535956599949
123.90933452908001
95.18975913940469
100.4161323073503
90.69125276858999
71.11012481459139
89.73656933854564
75.11857726208962
110.11443680680021
102.60713771529942
100.32056822416371
82.46950928162671
119.50009674449404
87.2506791581191
73.63712114819336
138.97518517275236
69.39760950687776
104.6648614617334
83.2164378798289
117.72942533731083
66.22955726133323
84.69162160812434
65.11127210491307
98.86895183853709
96.77975390123585
99.63605795825107
77.54818121552243
77.84086167787775
78.95419239924014
114.7191285229902
123.87662044372702
116.85191519140064
80.75971314631775
101.98217599074206
67.89772472565691
72.36984023319715
66.34865671618672
83.40597473526202
68.63471098010214
54.432301867129176
117.17625185344566
85.75661610727954
105.26219098067355
66.38628504206997
89.04437823583538
87.09041261109931
119.75921153170744
102.03385826823718
116.1872815523055
137.50850215831153
67.34453807836572
89.23781972051415
149.8146074809098
115.25568287192857
122.785684414613
95.68228311610798
96.5609047428581
100.60721534754641
75.29264495288643
70.85042375645784
116.26577821760749
60.34334906571052
111.28568521610217
130.44038657200213
60.802973328962594
130.91501040306133
96.03626333329075
196.61257752138266
79.9997481414928
66.94221350462028
95.06218730608062
62.48995701781609
102.05939286229271
68.00047717159799
80.14768554403169
61.15256732372707
147.62891458586992
80.17264648005803
97.26904820492372
135.5655506783841
138.3560407694333
111.98100650494575
154.4343743408512
73.49745159835848
91.31418896874355
126.52334881154057
79.51580334527202
77.27778455996915
104.06315993711128
82.17913829666071
75.2559128800379
151.76999267986847
108.76786023375485
62.89652204377075
87.38061890225187
87.97126859758558
103.04014621776298
93.99176076751249
66.47411992953339
67.76308862971138
94.93455502108866
96.92466692717028
151.36976791339288
109.97620659125906
49.927992260487365
106.75308936210284
95.17964128566123
94.29192377252437
127.14801720359259
102.77522654893076
127.34618460150253
113.01789515560958
72.84663283130807
74.91026534171125
76.17591279547892
72.8831659815715
95.04402531914387
76.87205676007919
80.6047186813814
106.7312263669743
91.714327561202
73.76469590801578
89.642386363708
103.84333655249165
98.2773744769114
51.47013232080542
78.24467716662518
89.19002692753286
65.40026734054483
77.66673240387448
78.26233485316988
132.9432313606806
73.60916783321026
78.54911258776195
85.46876619405519
98.62467146124575
90.80912296818967
178.66539070050018
79.93549359006433
213.9523316579612
83.57284074929773
80.13375982269253
165.27325724177373
61.95637736272005
85.0853689773359
76.08640243595181
94.17531651672317
63.8516899514489
70.88566883645785
110.51901321165094
112.67657295464406
96.13790299804394
67.17521705532724
107.67012245822644
129.64045702380704
73.87090146598163
83.46626271025623
67.44158743893719
54.954519528201075
84.90699777159843
71.86720368014356
126.3693059000941
128.52019300121788
76.14530813662954
77.28257768359599
63.15925725620727
70.40236435843065
63.60981338975742
121.96682776742873
99.61748669883855
80.98629316860665
67.81765874350005
66.19098304674422
174.17811659149396
96.20485791252753
68.7623615638689
137.1823885764574
106.34187004574096
132.06529285131353
75.83978466442552
55.90084409740689
94.43218414520068
90.18190756599206
111.69258975203032
92.6931924349631
147.88908012899492
129.2123361454875
65.53593453368627
103.31671542911975
69.70374581382069
72.84821059102268
152.78598936451397
175.2727055848847
82.05684499470482
91.83388175918911
125.24091350926815
68.68439680689869
177.74933251979596
163.09683988066072
141.19119443510772
90.94019199704155
67.44001350896559
151.22298650049296
61.91109569471924
79.47806586469659
83.95927190890845
114.01160358971372
66.8622037476259
137.93681365683997
64.28493199715845
79.76785237371031
85.43656000128117
81.45158658138416
139.45822721885094
72.94670968690524
120.92318250070224
60.639743481401034
94.25666187475605
95.17033755784784
90.0413605946804
67.5872275489253
81.07906862078985
109.94201691408033
66.07646030243679
56.83268226867351
133.0531542413662
116.40605804199255
69.05899189450501
72.13654522397975
76.9565978815815
105.98051633998583
107.66490109018028
84.2734931235438
64.47214403265872
114.86147077625174
68.36109078782331
94.49378472768687
78.82423640631652
95.27618669225679
92.9593090939229
80.30276749308582
59.97444948222156
112.75074138985661
147.1011819111651
79.84688153947151
90.77768377814662
64.03526307454993
62.026046238807744
107.4519910839635
110.8511547293441
72.8932024838005
112.10859980889734
65.85307207965114
89.04831148379536
63.758923203346285
95.91863883789745
78.19145166586539
67.91981645093824
105.89335761235219
122.72628439619812
69.60031427935493
108.78949582090223
78.71286085855166
63.12822184138614
77.30325452944224
56.03362567005584
55.25342067663561
129.51281516005184
130.17223856197836
104.40942087190777
76.75331476061395
59.81594426826406
126.26272613884444
105.1048922154634
99.92882349358382
72.40499626499742
125.56851485543568
78.13272336107589
75.99335837009447
83.64207344704741
159.3102475508521
135.96374945740394
90.95154688765571
81.31982052011634
123.79693095479209
89.18459709307974
60.40638140494416
101.21909805226682
77.82781776522715
82.64320163985779
72.18886010827622
73.0275389957072
67.84999800422888
155.40786817342513
88.68824646407062
82.40905660453095
63.57718703841402
88.79679739337834
166.47408794049454
57.769862642789825
68.33885600149938
87.69888193861335
128.18765859499808
124.25110178291222
86.51894019469914
72.82346742090913
122.25955505997095
58.11812580401205
79.9669416433987
104.37821773479837
61.05454822743158
113.4978442984521
119.97250655872588
88.61212762624284
98.01773546534878
119.09817437919598
85.98753991864099
71.3566796263532
70.85956435411175
106.79048292345496
101.17334785764523
98.62605368817702
100.07259827793615
112.62766410266913
93.79049677784893
63.280825507615866
89.11971787047483
58.80311644201001
74.57958199170113
76.62766400049343
82.26133802675865
125.4743409972455
94.9763823844837
108.83994629510183
92.5601950519035
55.94639600218078
70.26323850240685
60.41394427947675
101.22547849377908
108.60355461144916
186.4460259878884
99.09466557390087
68.86543201692655
98.92577039100102
82.96624736892748
104.82378440114744
67.44401438402842
113.275256918552
127.37382665764486
142.01592127480268
71.3281124362595
130.26458499165233
79.37166946299298
81.06838557697867
89.19078324133044
66.24636652417078
109.25387731112623
63.47962310947936
94.40333874465811
112.86352780288789
107.75252194831705
122.73450282386918
107.6655818428733
122.89142818164886
95.7980989391191
101.78251257183307
93.12131477084853
101.89496045616553
78.44148853601813
106.80801771125059
92.51166621580603
84.0256387806489
107.83702269295074
96.94195580882379
118.19687704817264
63.26247718066889
116.8495848832042
96.84512167259423
107.46041231350011
98.1529276982962
67.29396246839562
55.596501516478135
95.30073100223308
79.83531613394844
147.0446259157933
159.7110558840042
130.1284296993409
188.88913206118897
92.56228465790322
52.72466143747766
126.9835442827281
75.28125049882625
74.51231615423153
84.07548424053921
124.87328330437055
49.46889746116409
73.48056500901494
120.64785964919571
130.13813283409615
78.23502846130107
98.17751646992005
82.00970583833987
94.71577725683619
95.07523152107147
102.93209729340285
114.20569864563468
58.586852502460516
101.88248951068444
93.33971617032695
107.54496544194461
90.89818710781626
68.89712857238942
115.96182013216169
78.38500374463536
103.24047179818822
81.28426503909475
129.9393820990376
89.0940628432794
65.84131972478589
60.287654620967345
81.17803982882424
70.25806586028553
128.78811575799935
70.47996978241905
101.30994824480865
112.64069416114806
145.20612474428341
79.62538919496656
49.99381422585281
70.4486965735918
92.40921597589147
78.6181700941092
132.91703946574725
60.3516532222876
107.09781652892678
96.82260705309425
91.62049776115818
169.4048227737827
155.1160364251312
97.32948185266662
75.96095971716207
168.5610022133094
129.7841221323102
54.87585257942226
122.31724947288734
59.30189003194205
62.114067400836056
106.04112803714878
167.86129628580127
70.3081828580456
108.65140443020205
120.26547126558545
92.66681146446564
91.78699602965088
102.67303526143856
72.62129513635978
90.85318848720416
88.14969318055327
116.16919442365348
87.88989714450196
79.92389134907553
79.94615178071017
49.65742675510343
92.92135910752806
102.8998728992393
95.34654922220929
113.7548452711503
94.98411221623223
135.2593303903731
120.04338580018347
148.97684337130312
154.36246963860535
82.28968819124938
64.11635746919633
64.82773247329912
102.20360130433002
112.22951090424422
81.22037817716358
134.84617597342876
111.92700869726615
79.65404430759487
77.12214272829516
67.94977706794027
102.16881642180755
92.24997367229722
106.8587612036466
68.39363076806012
78.86138103285431
110.69186992903073
81.04684393056695
109.00472631813871
114.81973449330978
104.92932648303754
74.17549614343099
72.11710008639275
86.66951597373425
84.65284005319124
74.25997590980894
127.85553165222304
72.75880485302572
69.50245997426296
83.4551146133906
64.32235792942626
76.89392301088073
108.50025116438569
70.86831758066864
107.10933689579676
51.36617976151266
111.85235532669475
149.74235982472155
148.51856237284719
174.5965537510247
77.31522933897212
86.53190410342518
100.37872589865515
75.05217803501945
96.8936825730459
92.46732638161073
68.1072063074513
88.19545951592993
72.68152024365664
70.90503160248093
121.3652979164061
82.52250980873497
89.16867100002844
67.28734149728479
72.78060739630341
152.27892657356367
112.0022152625632
138.1732223664008
123.7152140136172
66.33876406988863
74.51571530627419
80.73269293033485
93.46273330049097
83.75980985046223
75.9736214789959
85.98678853356144
110.58546999893986
96.48952306070218
69.72573546668694
73.11103398636858
97.94610429232964
95.17091899591172
120.24407873288301
81.7419399606283
133.12230431714283
122.40809899393786
85.3636351680349
84.78540491128571
99.62660919738575
89.10939998606364
96.99714643109813
73.51916498293163
114.32594326894649
72.43675770751275
142.08711906918234
97.67210725324145
134.4917787587599
90.88373457450803
83.8369781184262
93.9680884649474
103.21773070765808
83.45301455930434
74.27137386764974
90.46635999882633
72.95991521055888
101.10277346318526
67.81831737431926
153.06738373566512
97.25481313243695
62.80621140296962
78.77277805565538
65.39572374868997
165.25601665871451
67.75312951654988
65.86668971101504
116.89043516619522
49.71556883561046
67.94641750035798
79.98949550489816
77.420442523444
154.6820410562944
84.5267040762803
93.58549281165416
122.26390640749823
64.78870354258073
70.96610628110312
72.99673800577203
101.43120195143196
123.69957138032962
139.6045742216361
79.27111909913495
61.35209721420841
158.79260128865923
80.64182430024947
163.28108203945578
51.22619144448982
92.82606723009066
97.27735209660996
109.7996188256675
125.95283534137013
77.77150658620346
92.26985682498288
64.68673515398861
75.11021836420144
62.86218692825282
158.89720387354848
112.08508254958807
101.32100570514106
96.840063117969
89.06634457127939
143.876189722581
86.1321165757445
71.18539623634767
89.79755575850132
58.103190814810034
104.09680795219134
76.90409578262067
65.95340351810044
89.23710253879025
116.27263055728172
155.80046415982957
68.64850642545761
100.85770489810866
67.41166981921543
78.32786638979053
119.11474937435278
99.97821049309535
81.56123440423234
133.30250894638652
67.66490989465481
91.29658305240248
63.01173971513785
96.96322466347445
78.58465392420757
72.3285546691163
64.05172883791363
120.21704307834891
110.88925623878481
104.01202453489734
82.1861947559268
103.06249470728883
96.05899306517033
90.52768716546665
89.44084532800046
75.6166278750278
70.2318241521908
122.8263467970881
147.52556352834637
119.93436124619285
89.67265615391501
102.69039008823148
85.2753142153331
85.72145935260617
100.86575864742136
76.34292426677686
60.91173184825339
75.63182987585512
83.9128123990421
63.391632257024156
65.2498083129405
128.70131560530066
54.97555978167091
74.45979031407947
89.47709628248161
93.17624328973275
77.45718189983725
119.76397693902916
111.3334943767301
54.26270371141308
105.24158793492037
105.27438361756423
79.722621817567
91.90145223627262
57.7662291158339
149.52635650689118
132.0337732109107
76.1745961434522
119.19236284456822
61.325831743907045
93.8090559716749
67.71773018978647
93.99657071346776
94.15847544922225
88.4982421506322
82.19762052528347
122.3143078495017
80.58810120373057
61.514839602076655
91.77750071297041
80.97351910389618
59.56577056850717
129.31977591811938
81.06107347675746
72.47071111149963
59.197039989966726
98.23187438431066
114.37627031838635
97.92524777634762
62.384222439807026
82.96092369511568
104.38283724259894
66.4925115858005
77.75480449652702
118.01463823844517
71.14927052772063
76.7647814335287
110.20320638401707
67.79907580914802
81.87014260122181
58.71541910921177
94.2129591114845
79.32501591536267
107.87296481148283
61.7582214440547
108.40228285405485
86.5698136394349
100.0783204706932
110.04146976568867
107.1578032685717
73.1839980147695
128.71589505817903
105.4175956600918
79.27812887440534
78.75470982639183
92.8887929934282
73.27406135269838
94.16215650241446
84.70030038662374
128.06024486055534
83.19697348142927
94.45255179466602
74.17598513836316
57.90161338207596
75.22756137419852
109.22758404690526
133.32331362897236
119.96176020627993
98.3988008024817
81.16614075218779
97.980460004992
102.01129549024539
101.67213142113525
165.03725979879786
71.87889438449201
70.90944904320743
100.0827345675087
57.57261498044005
81.07162271709707
79.25066315329519
96.98592743004937
64.06403047670214
64.60935189610238
85.57372559209632
117.64270691825809
149.99162355994272
95.11921189220081
65.23114219667751
129.0305069158753
85.8041555170602
63.103226007351665
75.34079913082756
67.17033697259983
61.80088608063167
89.31820325961415
68.51728578993492
66.73907135374641
109.99490087191413
85.13485120476196
120.57064802343731
80.6744544326029
78.67232251438288
89.51110751697065
79.13288160602143
122.39887507867404
87.67161949743503
108.34068286908283
139.18900691952348
80.03473616011068
111.52283590838582
58.42260781249667
92.34478002549291
69.66574350638128
111.84056911368117
98.47135382307195
73.21654095138308
85.40087112192809
98.86453154002157
95.96726090014633
102.02677580947257
118.7627156192033
80.57774995770194
73.17466469669
103.0935151134456
72.39175973365766
63.53423596810504
110.19012519780777
82.06454480426329
83.65737485127387
66.62690912946563
68.36405318361903
59.25211787158729
110.49043317270477
103.95814078464463
73.34724352044772
140.99840588047036
189.97064890526127
86.74639648087724
83.06829128893307
80.85347548094798
82.33143694787876
71.32436899877185
67.77350047475524
94.08999302067708
135.38740144519804
77.37260610777767
64.95838059658875
92.66768009715847
118.76720751942725
86.45832767901184
108.93354050086563
127.19246736757152
81.25921313846509
78.69923224104933
71.87841995963677
96.13726818234193
116.4632930405121
108.77402782224641
97.74480544083683
102.68987842769877
106.93947650460632
97.62252467161152
158.32999153098092
115.66364806087242
65.60394535218684
89.17558171853696
61.569674787204455
89.12241168300127
62.79456267649689
153.36514082835637
96.53621103864644
97.10897038401856
102.71661926572888
67.24450601163555
95.09160359719345
89.77048900809241
181.1848886784691
127.33013826355135
91.7068253503266
118.14082304281834
83.20309633211716
130.81828243514954
83.34897365681793
89.35578224150908
120.41617225173498
86.8288430661339
79.70006621001112
121.12721563896982
83.87306871128237
122.66344185150774
73.88985167720928
65.35979337039198
86.17553804657514
120.85020358193488
91.46822317995192
110.6947210884484
62.17021118971694
106.84715658742392
73.70198449720554
64.59331771318975
75.79105381578364
58.222419443565165
141.41594833574678
149.24374127636344
147.77939927304237
83.57870562929158
62.915345725255825
80.35270763347089
69.96943587633797
59.977707098880515
98.93881658611258
97.67536344353073
68.89811498442769
75.20974886891997
78.17972714139084
81.79418329477181
121.06606920796577
61.67244530328334
118.4399507186881
78.09449095904054
56.122670830602516
141.33184824159892
89.96068434692914
103.93845103322512
172.26647114027878
128.60509482905886
88.19614241406222
65.68685019136603
100.71873183900513
68.04336993066974
94.17949739842012
78.71775171849285
73.257896211233
82.947895522678
97.78495537718194
105.95859170328292
90.22923662495492
143.65074044960048
146.1086046776183
107.07956248519095
111.14300723872425
68.41370257056423
177.77420989357756
83.24004974802041
89.93625853677659
99.93174269751273
114.69910179917142
64.80392447713942
75.00554889784236
77.31522906824365
89.6932826995711
103.69158863197421
118.36679909256209
50.468265329568105
107.24250863672309
103.36535962329818
70.9869924678197
70.62399699266624
57.4781558225026
104.11303192283385
76.87171037062967
103.49954885305948
73.26308909719165
157.25974630849498
53.11736022660286
113.52943326893042
67.16098404903009
77.7949120964721
74.90507081650225
42.26112838026866
142.0956289583086
96.44789574236626
145.30192453039373
110.0709164122296
74.29836201968266
126.05955988560073
137.99849985218327
115.05469261769493
85.53978326473842
71.43538864027984
63.97831070857618
113.02785317533667
122.43385862065048
141.68931808325226
106.57251533647765
92.44701099079538
75.42255098456306
61.31406062104992
87.58363596574172
86.80640819813881
63.2012418405847
81.75910893127977
89.0816557320121
91.27442260421407
77.94533828634856
137.01618234620673
76.51169371311902
46.78985694992365
76.01466601947419
111.30322786362781
104.94303625877535
131.41802451916794
87.8674857840414
80.11822731660001
81.65337398944949
101.9261134944398
145.48260956432432
75.04738211091644
105.55068886367881
90.00892042479137
150.68287865467312
102.5773516341517
104.65455171286868
82.22220582064097
184.2613112993242
