6476.877390076299
6235.6969815928005
5666.164086762748
5470.190412129476
4772.337894786631
4581.40115150907
4447.551279296428
4098.976204725827
3754.7973131760637
3690.5910705750657
3331.837793206891
3223.565980625568
3146.4791375802643
3035.0571837704697
2768.0651278054193
2336.3024996816976
2622.1917551949027
2195.100727491824
2327.5615377863205
2167.478243120611
1992.5121408405594
1762.5979995332846
1745.1854928738233
2050.595448285711
1389.9222583016885
1464.5600002646897
1178.8014838665026
1277.0079573260643
1163.1425340953165
947.7016693873555
1155.9060422552718
772.1278905824365
851.8413450134864
641.3627080169052
508.15672228391946
891.7093943470338
830.4763614572074
701.479894357902
537.758140485718
568.3671929978453
426.67529601994613
415.03481342096126
334.4435815890324
356.7870285175178
376.17583903761283
382.382489609386
344.9971707459633
319.1027682082958
218.2825884532053
186.26545531005002
203.64038480172488
145.90362845088472
292.8223226972434
105.99615975467376
170.39139063083618
107.0572750301908
191.15544965649735
97.06551956844902
91.24721787450565
95.42735936020486
108.77312379817256
177.94377189055183
138.0263378712185
98.52185391015104
70.89587749260777
107.27332099003628
115.13623383908612
114.79271248486708
114.6024836662911
122.52349667100249
168.4575773963856
89.92993503651543
143.68530331534902
94.9505699010426
107.15202024601884
74.27802640860483
76.59150786004008
74.91723916260568
109.80378067922025
74.81699356389791
79.84815727093788
75.50706998597178
85.34951585118681
66.78075061564674
50.33373635503845
120.54983049609189
74.44561085238563
92.29997862758853
92.4881548143892
106.99011924656483
112.96555913954802
74.75032534879362
68.66669042474358
101.0881153956747
88.52616295097431
123.22805664443912
99.71064146273721
122.04210293660016
90.0533870216916
102.55793913146216
89.87010114100165
106.9949056745281
79.53750829798233
76.92032011847311
62.14555701895584
84.97297784401682
73.31753714844686
119.47904938947775
75.0007565582742
73.57626970292432
73.44248257832028
72.7370686541146
93.43704672702887
98.30231832024752
137.47296992360663
99.56820552764454
119.54741683198094
97.37549500379981
112.14132462825562
76.78234762789432
92.56231493216009
59.21459385221441
83.12932337021576
95.95564758048167
112.5288295383584
78.52192521701127
95.23267826530014
110.3329061888362
69.68047081403827
52.79205808141483
126.83602110808106
92.40891286955211
127.06519482905505
61.17871551279329
85.47404713352411
108.1933474066348
98.5212783735684
96.57553696726933
133.09608262465008
108.88116256770655
66.80594165650349
134.20387391258558
86.43953301518287
100.02153448046019
101.600907494241
67.66828979388363
110.40227328551258
141.71979929716022
77.21840949683111
107.1223753162939
80.29207045676327
132.43171106369772
81.6383621106306
113.59472587263295
83.13915725363606
101.78503308549922
110.9225355685496
88.78907824818393
54.415405587131296
73.92502559771121
63.69341339120839
82.44589616827795
109.69801472119585
125.10075763767796
72.77620036533527
95.09981115003045
155.73565208223414
77.94262953824152
67.47928412417053
116.68900729017327
127.85650236064076
87.25173412413982
95.97254237266283
94.63972336348846
169.4887862817235
109.52146100474553
92.3520827820634
127.1296372446222
115.47783299766417
109.93391468330773
81.97683963760576
149.48064131148752
74.90368672353408
94.16188164857772
117.02560529677883
116.78003390731146
97.69962933582373
116.96704374947102
110.96376004394803
66.48735033364683
127.83689691010973
83.21949379640095
83.9654923707499
97.66702382786218
76.80708398618921
65.20598333042788
101.71625113110285
98.73342352302022
74.03311905414391
70.89016508049055
49.66528638823958
64.18415013054081
61.91516037360428
92.93792491065676
88.36065214047271
65.41557488595144
64.35524932595104
109.60787797589558
58.709139779915674
95.7435384694773
129.30336966952868
91.63868670086687
116.2296083081241
152.83919735070356
98.32354914839344
65.10906130645598
67.51526363934808
97.71708095877104
94.9491094719372
74.26259817635838
88.03813759331388
74.5189240056328
113.74028889258156
92.17762418493905
101.67558987811817
92.85269546214236
75.53280362764797
78.7987561499635
57.07684114986612
70.08638296013372
133.65368911321073
63.81244652084537
154.08030726031674
62.99799684558586
137.44896340369618
46.42343902819797
114.7721711379474
68.25136065124815
82.51306444113385
69.37803068688659
100.93037774759152
89.35493935460335
135.10935856789354
87.85904808348668
83.44360066403823
104.32375042608679
70.82096306545817
94.72888077299501
51.98717468673632
79.15238606363523
96.88846856216709
91.20915888268453
87.90793652490616
88.66703679473645
110.41561413623249
88.08493567332148
141.89440606856422
73.01569809036155
79.92845878270799
62.36654063941137
84.43656996300342
92.1261191985703
87.70929761867549
63.57502168876833
90.75407598399138
76.51966049612945
83.47709504437692
98.76682798502034
85.9065414492869
109.23069538750714
113.03502316218939
73.21882773213025
99.41382304107952
120.50486151478768
104.3025616567395
109.62448368413509
71.95233067386826
152.58923276375086
123.8876730200926
138.7782787758629
65.35142024855084
55.92040853579149
62.397547292922106
82.99108480749345
86.00685110216347
101.3843732703771
105.02001753007227
72.1155186476867
91.11739714735793
78.20319246277705
65.88446853170653
155.391193796393
87.40991316968906
86.77983819905974
92.88142500387121
137.79817831224713
60.86310666578569
70.72594140059346
68.75829339631284
68.04292716655874
95.19661845782753
122.4008326376571
68.71557200376081
123.84434653541594
97.4767056754356
165.14468442697833
98.98723138419297
71.63939771608047
126.11769500506523
99.02720542546805
80.5803827298144
92.7583533390311
81.26995723179333
124.35696962305111
78.80829527307067
107.09209871414198
101.58885514636165
81.37168681069774
67.83694380763339
110.187381781531
97.79703455497662
109.92252173275752
76.02360321500831
101.36940678099309
94.59351052221362
87.89083505533574
141.5540578685419
89.16798052713442
95.41525365154992
68.63355829605602
96.2782757838294
70.76371688758172
71.16964502235584
67.3083855307824
66.97300505386838
90.21242830578169
67.27140761875464
82.98980372020885
109.7008416052299
120.09296318888391
66.48932825947445
48.93576284567591
74.64832601282203
155.24376192499193
85.43527753147976
74.41968224313426
110.13587436291716
98.49825099357572
56.60464434917889
97.08581974629192
66.60683650633679
93.27526567993753
154.27746199072308
63.84751399127324
62.75316398370479
95.84325262425068
97.40649003515503
78.59347005309766
82.13185671839753
75.49811772396224
54.133206322764785
97.83685752153333
175.1052851733317
95.91143999704741
89.70891673980526
64.07221711899068
89.9769664798445
131.09824188970327
73.29256833258914
144.59317640367107
93.35024994057875
71.43601824246376
129.88802851442466
77.63441584685621
102.71740308804556
84.06778896254765
82.44088879567745
71.79593965760974
85.99984399557341
69.88854807197671
94.12208397582963
93.41249275391935
75.87093203249806
87.06100902314144
87.98970069448363
95.70571364920667
55.398807870334736
69.98266148884325
102.12201427017828
152.49520241283514
133.70982642569174
72.04950473396441
109.17376778247876
97.11710794718044
108.62721054921806
76.90706452882696
112.66794686880881
86.81005484249394
94.5973912289969
75.68505023296649
68.53276087096852
100.9144329030984
121.75455924306675
152.2143693786002
64.39259131680967
66.91891505286374
65.88133036616996
146.76767509123704
130.10268708253165
86.26951546950278
141.34369427422675
73.86617874501266
59.1298753197766
94.19960750186753
69.15754809752296
87.98867935936823
80.94348821391378
105.46366614169209
54.29142039534774
91.81643625403186
125.65231731452835
105.20084893452403
73.48551119470594
98.16492840987806
106.59402583993113
108.04892793214196
128.19291801676678
85.78330401988993
91.89977997100259
88.48011794838942
111.62704089104119
82.53793528502581
62.33873556304428
121.36311749923117
126.02819928972097
169.9717576236978
81.42522545855392
82.16367981661855
78.70620046507999
89.33804063580129
65.37833837447081
66.76770519940447
58.279923585797825
143.45966390143238
152.6392410004022
84.25492649809708
84.9287528743563
93.42907729648338
75.02722155703351
80.6095242910528
60.10479410423445
72.96748842570497
95.66209173923103
71.753056034302
133.91897785572405
102.96150853540173
84.36727314359118
101.08041842968719
71.82301339426287
120.29670899208497
92.17218996331086
116.82500595533809
81.9633764093426
65.26787158287173
85.31207767800281
110.90599295948434
77.39515427489302
57.200270592656985
83.30566744330793
58.07119322026527
65.41709070634035
69.87443152212023
121.80783190887637
59.564242321956925
98.5223059891639
124.02742920072265
101.47871977188647
109.09576805282882
86.75034302761038
110.4055228374606
122.828040250699
85.75452328639052
189.79245126799373
79.46495885816718
85.46352546047599
101.44798109403004
99.57366591150063
66.82405346648746
81.2968506941953
70.96680082943398
127.34409117356861
129.30109903182444
92.80972071318956
73.46365985077921
138.91792918749098
98.00762837516228
138.19179535782894
72.92716553748767
79.52248519476355
66.1300491643967
98.8340783156041
78.22082534697668
71.34334203985485
73.99166133106863
59.889353110034385
111.88817653330854
90.33546001879287
118.34969342685639
84.29594714664283
78.18993371359404
74.15795206290714
149.87237945985447
109.2973480126526
82.15453618638125
137.30857586674634
122.12953891708784
106.56306258190853
103.02927009633814
158.6469030666254
83.97197360401643
60.729907230497915
86.96098394994034
99.55090678093647
61.74204892954266
62.72192105378102
114.97871665771868
151.15710417847546
114.5470776059075
104.6418741565737
53.80275704889881
115.60998575744745
142.24910063792944
82.89334313640826
83.1262594049556
76.64983184360979
73.7089473573585
64.22507716416861
116.27715536808579
85.80231510298472
61.37635538007847
68.94284481251913
131.38028415861572
54.128518816787306
73.0520607978369
80.98116133349441
60.5278808343753
101.94292968060171
93.70887303414762
73.25970234859724
77.60329980406995
142.21280567354552
193.32044671362462
55.783214167414705
114.6720295888072
70.49375394372636
70.12256887051849
161.98670856632117
132.10679780897536
110.71696795375449
110.29284765886231
132.17260298885648
68.69049145317149
96.55112486814241
92.3494764273457
55.981930155316505
76.96626348859338
136.07818117424014
118.60497282559035
79.89811743841364
82.17361089166846
82.98732644959337
89.17095596598847
84.41878907501415
96.14203236241389
104.38897232229066
91.2350048649637
80.07935895534847
93.3645856133715
87.10306261796242
63.48899304546137
96.8790891631082
56.51760096959243
100.44083142478222
64.48702582554562
85.7101378380028
143.30813831948404
91.3721629776216
118.54654448651378
114.57469189239944
76.35529457995224
76.3075236702286
98.43721805240253
109.10463211722647
99.24813026081188
76.6577937889686
93.58906867510845
88.03924290526497
149.38614157378362
67.60242458891831
68.27323433372834
137.0570919970596
70.19040921875343
97.76004889746174
118.99113795655423
68.06867976292021
151.77665511090026
90.4985167974331
71.43720284681301
136.21783980744632
100.88836690259855
65.72699246331499
70.74162476342
94.72040519586177
87.4675692717106
73.2431118359985
62.697336908226895
125.70020339551627
85.52572170543795
93.48365879924073
60.06560873386949
69.1089890622208
89.39637974546545
90.15249822428811
90.35553173785844
104.81855855152833
182.93625754958939
78.60482134110751
89.97387006495183
105.93850274285896
114.38069721642717
91.06743028737718
88.94388775449741
68.50141702063752
66.3649915961788
74.35434859754476
103.41546113855016
45.33127929221602
159.8230020957722
117.1992978860702
132.29192463064635
110.54284453137848
122.54023708866258
48.324167599101884
149.08049391928702
94.87612589890978
112.05260916439511
86.34643606429975
87.31119298275868
71.43225807090863
91.59784368497877
79.46450926513602
69.73665176116263
88.18534555284354
109.55444798215427
79.89361354791072
89.06569118510967
141.0006914257062
168.1888351696148
87.03005773264506
54.945849219101675
70.89402063065417
61.20281598983603
108.09521831683979
62.9030848935311
65.07702776984371
115.55636617511082
48.330530769112166
79.96172983286294
63.67645875571378
90.01259280272252
58.044527614342
68.79207298765118
92.30999701525475
85.88629031400934
99.68277671006935
67.2934185655452
107.4714372625826
103.70811635449684
71.18568430995276
120.22831377619656
79.16250189317431
116.31140731269664
107.13613826395736
111.66718718619752
95.12030990361932
136.02572473638935
96.73385550358704
76.00062397502656
90.16116822971586
113.784091499078
65.29739108599091
74.175398140293
111.87571828864095
90.23352158066228
153.57750770519613
93.77060447556362
90.55140975087184
70.48376548893759
66.85101672300077
74.90142033122609
80.48327567569885
71.06170631769935
113.7202155667657
52.90890154454028
131.91815517305457
104.05330785059799
93.87615301659852
91.03356185094069
69.30449710566965
80.51045066758063
109.14956101043852
113.71843877984296
112.17150005306893
136.41776195500765
90.76244519564433
83.28682722248509
186.81212634585316
104.62459619244333
120.90451256166747
71.6581329710623
66.99428786336834
124.82396018945646
153.21262342323732
48.567496827944105
72.27926071269312
91.03274041674194
68.78840874377143
70.29516277949597
92.82459309267834
68.63607275433931
150.82154699625232
105.43194798094568
55.76328214860891
61.602155402121724
97.74013417538876
105.59286894700386
138.73602102842148
112.39206091526792
105.32553412864449
68.64032341406036
69.3093499645271
111.43621583732572
83.06410603139214
121.66752606311819
91.1025539402976
101.09975251984918
100.0134583770685
94.046457754045
97.9270673983969
110.74546472363636
54.07660950255018
166.71159397215723
69.647598988062
83.257887974695
77.05903930593364
59.63681602586187
112.6372066839458
102.89595666973521
83.70850218969655
82.80545286809355
58.80259457045071
94.12433005603881
109.68802077946442
81.02296734205112
64.03938068410521
74.57090740064021
67.94823737110598
96.52072299206284
81.55208801443669
156.70106528921232
76.55978427503301
133.26651891324528
105.64612627004418
73.1156888722706
87.00317328658677
82.52852716560646
79.44534482758446
90.99608096656824
182.70340588068007
88.7604740224654
63.4278386394403
108.31785419439495
86.71514088419862
100.40177440017825
85.4456533314963
154.5225094275704
72.9679672967424
63.14567427370705
76.67945071061497
54.60533370501809
69.86333027781122
79.0683612216851
60.64264574368804
66.32790856123354
94.21083894860237
100.37395392164716
114.98920637786402
83.90916276640684
114.51064615962048
81.41693680691624
99.00591599410413
83.42446565098278
152.26505232205278
112.0050882493467
103.14933301519173
69.22311251515751
86.50397726087161
122.28242380580552
98.26171236375497
122.28595666611537
119.95310248267903
124.06496402182792
108.56555218738721
84.90529155948285
67.92317165619646
92.26278897503548
115.00584481008036
99.22337484532035
114.93316963989315
66.64186534225074
79.01137023720068
79.81218823119032
110.90404990939933
97.87596376004177
107.85103583274159
63.41741425674312
90.30750353564162
63.089227375958735
183.17331199178435
77.82006629136428
87.02423922412656
131.9552756886262
104.26504265148378
137.87293114218147
62.661886964119454
113.55044956509938
87.86315856270119
78.17286209171604
86.7588600730954
75.386873283053
104.68061457147573
83.09213458509677
64.09415539232806
87.52337333591841
174.34198017775978
76.03423200295013
63.48230154489776
103.40945385725355
106.54617270712043
126.61336338561773
123.88901594866132
98.46517559981388
94.31128601637498
85.15878097363255
70.2253218844375
137.01129263519564
98.64376801706987
106.9987252093728
68.44735720345338
106.42085180028707
88.42283781146465
102.91289990053949
65.3418536672351
84.11000682263875
74.31168616829814
61.682679265711684
63.79901544178354
90.60555352259173
117.99084638763055
81.62250955862669
125.07900671595496
113.38474581852272
69.90482813395552
68.69364723483982
56.8916613744359
173.2334752228352
59.332627768822164
75.29818480281112
69.11476388370806
81.14559424094169
131.8527283608373
59.001102604007414
71.78897487818645
75.19802046480203
64.65711801245644
152.23530296963054
81.52025483865731
89.46431770249801
58.870155260094094
157.0342363601386
83.79021959551164
73.46726328681974
70.97853592432848
102.63028215255459
90.78851489142255
78.86926387592248
86.15621567193025
104.99178115712225
114.85385445143233
75.22968588967807
75.90786547553535
76.93032670158397
80.68268428627833
68.3042546357298
115.96621471233979
130.4694500418207
113.37951359945515
66.01256325196007
129.3293139801748
54.362235704917985
77.83252941282169
60.744843018031794
111.4178647071305
89.45388692733994
130.31138232040297
78.90161606079893
71.5669075916799
138.0825549476035
95.43013675955648
106.34854627843052
66.8940171870311
113.04287519631053
81.68822704370352
134.82916988704858
81.3997211479362
82.30955188436174
114.86970811951119
83.86115477700248
89.47227547160482
78.3481185830777
77.9004365254085
133.24213978811724
153.31860962662452
78.47231518011021
93.34368498312826
76.16553747181814
76.67989013951339
88.11759663415285
146.41580000970745
85.37113959748109
82.67627968059635
126.48721253503754
72.83190075651576
101.0771946998435
79.1160920183256
86.20619815157444
82.98654398111762
116.57647776025428
70.50342438955857
113.75569745213399
121.29904585761528
68.01895357743774
131.64890115547968
55.06414071015895
133.579555511574
117.34363231308254
103.10400661218371
79.56039789146337
125.99229116190934
59.066254645015285
111.24941500351461
61.3302914590363
88.49850079819521
69.84421633746001
85.15736385437692
143.6238735275649
51.893523264931986
94.18129392334784
141.7107813855872
106.40839305416702
126.79132594760351
98.69782015303186
100.64273824903435
92.13962730326612
87.18819078072781
79.10845193755367
114.55521135705555
124.76556663650543
72.44354052319736
91.77125680664258
134.4347135585609
85.61848086638904
91.38299127660042
86.21401123323612
89.41583447324797
139.39601509769886
62.38553195778683
71.33480013664483
95.08918224176229
83.22712491366094
128.317490357767
84.77878716973069
81.5649407049737
79.26180700809202
95.23026580792833
74.29653952059404
87.44555624397502
56.83996192261721
100.6747387691458
69.0165882987349
54.3037439808661
84.9561343618774
98.10354672983534
108.33700948003798
75.83249714960228
81.88734708891208
78.38407493489089
73.31652137820322
107.46421516153342
94.1244478804249
55.164933789597825
85.70387028618521
99.4156975952433
83.97134262915318
137.70059415901252
65.23293685869052
155.17305047138117
82.39390650471734
68.46256494199481
106.31683894818353
150.1985153580807
66.70547212424857
76.97861565796448
112.36566024288183
120.42794701005526
103.29052053883152
82.14398157589287
145.87519524469752
61.115003644657406
64.24114207887737
143.32289933681176
92.00896822026951
93.89210376066941
97.0228198519117
76.2888109029298
71.8513846575826
64.61656566857835
71.48061615138747
69.55712584187846
98.86543365046799
110.7898145463699
118.40409036184379
88.91176286720595
80.93707244415948
54.434620390388446
62.137567515755045
87.65192322027836
76.98604248996936
91.17370573902944
111.24987458395009
80.45833968896963
134.0835788430515
119.50938969036686
93.14335313392122
58.018703715518306
103.89663913022818
87.79215215481318
114.13456157944992
58.36427749699976
77.50365323946079
81.39092515252533
93.04094450048372
120.52405151240508
82.10451925609506
155.35781144794473
57.316945184926325
63.72687748292966
120.57022854948414
70.93440304650626
116.2640305816546
70.70315695035283
71.12256330273866
99.0369591996149
100.86605074234913
65.07744349337591
139.44013978206104
114.31677144092956
125.12537141853326
79.9634926006719
127.98225854784886
95.45757257975622
107.31354019449985
72.7341627862227
110.77419978581915
166.54916682854346
92.12825101922651
111.83108592738166
125.96814858566918
137.31806688190105
85.0060396450819
113.76084635343042
69.94277254632445
75.14830907519509
90.58192850480357
77.69204041592828
99.82344962403438
115.94202526467143
98.3431606702409
128.0526414486685
108.20058995523807
92.26553663056828
93.5616138695189
66.3871615585774
72.3292442300522
102.71733207433297
125.68196087474854
111.5221512494134
100.89784346013518
120.35987405781458
59.08596636907117
83.14019837379044
90.335901254416
88.23203303001131
93.8869264820263
61.891334037002565
111.32848407311336
74.10541891511885
105.01255004139516
71.25874035893514
120.21270044771926
107.07724438002724
93.4190044494665
70.63140766763082
120.44065382320916
110.33304628162057
150.17817628310607
53.662278340241244
155.02014490043962
65.26376373737418
109.80130179620171
73.59040166149414
96.98480849930003
61.47016496407437
97.38238240087202
64.65915650412745
97.5434220384895
73.04595766335562
102.3160131210344
107.74859235341174
88.10433990564248
114.84824002125286
60.06397465711243
62.40933350913983
77.33269757925474
91.47534651929337
132.18170434401642
116.88690932849501
131.55804492491225
59.896712848060595
78.27332871012493
76.34641535389979
69.62854449168941
78.36555623843685
82.35569597798796
99.8050524788306
74.92170224716055
103.19427882655357
55.77240375589325
72.13564355418856
117.39500640627962
74.11546844084152
89.83820052392792
70.47080934640071
132.23512386449855
93.24171058104744
80.64882515422431
107.45278594718133
99.79680642014436
70.96987061594236
85.11209745071177
80.65723619020211
62.6635031092402
110.81566683308255
63.58140201266133
88.91999989096962
128.81153986703217
144.44312551924443
75.91243685393799
122.53391436476375
104.09368430459868
76.57587834809092
109.68388235854538
75.5201887442692
129.52189734780265
110.06495931380358
83.0719572339669
100.91951888326058
71.84184501097968
104.09839820955607
71.97908284553081
60.89443581630076
101.38046392589521
78.85329387584417
118.0728397161868
90.17659164744923
111.49096166242593
120.77881159825807
79.07728003356569
74.35880768133015
97.22049555241784
91.21975061997773
58.237401180615954
90.69878083099333
98.37459576900447
92.48468192176796
116.88927590678142
47.95726553890602
95.78648628230142
114.8269489458684
64.11183011295368
63.230800169929054
99.72880872972758
97.77523938229746
104.06855485589699
135.4111563865288
108.03573064380201
109.37214750958704
54.74377174274881
144.34053683413774
96.5311837067945
89.8565238197277
107.03191489762092
105.66019197215954
61.059949659002214
99.16433555174449
52.1647976668716
109.24524011568366
123.6695065471374
109.24842152571668
113.86919412479955
130.2042502873998
90.46486137539131
105.31913177219087
62.48985142114638
70.15398524100075
109.94199507582407
112.88343071478614
84.6449446567277
86.988403308203
119.39170209677724
115.16070215524348
61.813793341695956
102.17998314788895
71.32423221575182
83.37263475843793
65.8359967012506
84.68865802683264
152.66712042360254
177.2048190011521
156.57892131722159
60.755951401623534
84.51466100566972
95.50346533379154
85.82858946378133
143.11418672133826
75.61005152487137
55.49216319175332
96.94874352461518
78.27383731234346
110.88094390004358
89.2391789900097
117.85411069931595
106.91779254680532
70.38293080486865
78.1620127797794
120.36763118745026
111.98086929996063
102.86077978315748
97.62385626612519
82.3233752438336
65.30439664271452
76.74228401432255
137.14805735617256
90.58047624753888
198.62352375691498
95.12772518986907
53.84774784181937
70.12987326468382
102.82321558051815
116.32445415572994
91.9925942441902
87.99094955780606
112.94079589825927
54.78652070972176
82.3486170571051
72.24582860138403
94.35104075067458
66.89407638346478
46.88411505826945
68.5232776718941
115.44538246914433
84.26896934246797
111.79501307349635
89.9923638063486
84.18299845802864
92.8821220562162
105.14309146249916
87.42865144850872
84.83474394687917
105.79505535137447
95.78266009173689
107.87052944473106
119.09010293893998
67.34698029580372
56.361467638798715
75.45067188663322
74.19322611511774
90.86022624262206
75.10631840309071
69.65868756663497
69.67111157409794
62.01243761763654
106.6400534091264
110.75133213583479
86.14329231367908
141.56896556099002
97.19580119994238
105.7212548401756
79.68873872036812
96.22329719700787
153.56454820335267
117.96234611731273
55.79132728643829
150.77266012402245
75.51959680721177
113.08124646774611
73.95147882570174
116.71082801603812
124.7641695920048
67.68190831300706
108.50000980796872
173.94526244966102
90.46970538138082
103.04300857764919
89.65886239106045
81.48095242862622
85.91426501526027
100.83423953670543
74.96958728777497
84.92929855935141
110.70640253504365
80.42868963238217
57.757840357206746
69.13761939109823
83.04094640194867
187.9342319947348
127.95647652919074
97.29795406931171
105.69434466691206
102.37997929245614
152.77811582702225
77.85506300408235
67.01118585414704
74.05660391040149
115.71308604558944
54.07819242303922
97.5281359547496
90.60259686178279
171.04396847849418
76.73629799601377
79.9056957687826
64.61615344228423
63.531197491047294
102.56806036943729
73.93022631748876
65.21789018519739
127.71806341880172
65.68632594845812
64.02356593414336
66.39753908429464
152.75062494125166
135.33801507645123
68.01771015090219
99.75763101582427
144.22505350794458
74.83080309844503
82.81150348737063
82.1374892963546
55.46799368159224
119.19031902171213
120.07739956066175
89.03679510797629
104.4975694511612
109.24754276552065
91.52956102738501
81.9586322156556
88.74738755606879
73.92467662788903
88.61197351206256
102.39552563440097
87.9476806630885
100.15487505709008
70.27675834026041
88.48850491418172
79.48036989968307
86.00239517011926
84.63878126931269
95.18849133751114
92.40071660310647
122.87884534752766
61.87357062464821
68.6238977022233
84.7911014186333
133.69067257709716
102.16724974822317
83.05529151799034
122.28791105636904
140.12599906293454
188.57584271236226
67.70818653193503
107.56074751345226
71.17232402159473
69.76142496153396
138.76581082736104
70.56090935913466
93.56265170415668
122.9800559220576
69.90261862948294
80.34416738594905
114.04780947359399
98.62511369075925
54.02516038526943
93.30183588368863
67.82668256674755
82.8526983552814
100.93731186091037
79.5436697281476
70.1880118647031
58.146250293620625
110.84337377929015
62.19277546819566
110.24911699539881
85.68159102118511
155.59003509945055
102.89378339575912
102.67421047018969
78.8018458037858
108.30262642060468
98.9861512987613
67.21125537458128
50.82872318299167
99.13387735155452
120.71802341397047
77.46921836003747
100.00001262502995
97.4988881821337
80.22965441304264
90.87908009096107
132.54742543261594
148.73623040413327
59.65704678820342
119.42250413736917
86.25936372199749
150.90380467070196
77.73801164651807
66.64912806025013
120.47439394618793
85.97371751574575
103.14343073314663
117.19287035882391
134.73235193368092
73.6239408090382
74.42997608610594
81.77948861861903
97.89134254938234
103.03398512525197
108.416517203609
81.10657508374639
114.62061061203734
73.78393586170132
50.26576250497956
70.59057454893524
106.14939993342054
143.0235302652386
117.06731151297005
116.8504812089563
46.45118715250558
119.52703091534245
117.41031790782164
88.96122040751695
81.48671392950665
89.73326660466365
134.83572165783795
103.08321909819279
98.71266472083853
104.22574415079626
63.78017342623691
78.65928391038997
99.56653191080386
70.51954237884827
114.17761070590853
61.37693753720151
67.39593558335639
66.54708948726999
70.77785118330135
78.27236605939468
162.28342708370153
67.61102138119082
87.78139483619476
89.80289756256849
101.04120506894614
75.12577763354133
73.9688292687912
78.66834832083501
140.33541348144107
72.72571313990858
108.51274586666497
77.9919285136706
135.70425157072083
74.13234580667671
124.72981925692253
92.649919232707
107.53685150626293
64.75440901404424
130.38108832752334
66.58498542252748
91.68745101782866
132.68357207026102
127.5167203632388
90.83849155118526
99.89647624829314
112.8284703605298
59.71654350034742
80.12232463649367
80.72269973598434
103.70514469745022
189.49509865306754
104.31547722385443
63.85151040328606
109.27326659173708
73.97950930379142
80.63484779372065
80.94510005443782
104.20515149155645
103.00202872467206
106.59315142291945
72.21445678297519
62.46345929090783
84.34788405687387
105.56384033932933
119.45167287701537
78.8420278391991
140.5019021530659
90.77565197886025
91.04872209916054
84.39968986352697
87.8882761914821
66.6181573547784
184.30983846369887
112.52899183418945
96.93745375121868
70.76000629069338
106.65844656075811
108.5490546232035
134.58649217456517
89.35785710000737
73.93227360697436
86.52570117528533
99.08807221504264
73.45936158824824
138.07226080429135
99.92776925779626
77.84207572665237
62.600959513923506
68.43808772108042
89.65882994743633
77.40572883554526
99.00467446564119
114.33738942060734
109.70603926133144
102.8763652820234
78.55563054276064
106.30980388731844
65.95033675499162
70.41835024558684
60.487531546373965
72.76656358067946
144.0773040650438
71.51661370217936
75.51442520636947
103.80846656392357
92.22838732335357
87.11164836219666
95.07113337895466
79.55728869147684
116.63500498096164
89.9281933327358
93.4362802832536
136.87583400503064
90.52390037704102
51.11133970274303
131.58578505664977
63.765436495708514
117.66281013431066
95.19270266804192
83.7593810938672
117.49741483759605
88.61794418972212
97.43708928284516
74.65765907266348
68.79102408567704
119.6002946068297
108.90853266208786
96.59288336039302
54.00449515692034
135.68844148870113
138.27703847570598
91.39408327819457
80.3638271461412
98.8041051806626
85.97943201116907
93.64090535162168
55.96784149391143
67.37926278758377
99.40468400538282
69.20739576326915
87.14741873729177
120.05973862303891
154.03341131645755
102.80176790637927
47.37482062133368
111.76828585145164
105.03520681772262
69.94104090201283
121.60129476893582
100.80868015624145
89.19794966400424
74.32129254062697
96.68197108514877
87.84888782300901
114.80934577503854
86.56055833293918
81.06777172706944
59.93787568780268
60.81542321736606
80.74141147735403
115.32892737300375
87.99297758954758
68.57795089672958
102.94566220498307
61.92784152624028
88.91873572412652
140.33415354650433
105.16873478219502
82.67336126019892
85.24202958221359
107.80773384236684
103.95377182142225
128.4196357592203
94.96552270497473
106.84547032778195
71.30189270220025
92.2467477867283
86.75916816214335
140.9824720763901
159.91968503933867
99.74643553592828
68.59105427480144
74.97947100348088
101.5720213920974
70.44482934399396
76.48629954151261
110.65837161284703
66.3202637458106
86.96206575953111
82.95420004986318
98.82345570649275
97.49737347584092
89.07403868017023
107.54430199830493
74.02929827340401
69.03401667355124
96.46936227337689
104.95885289944862
168.83354354089022
75.05839584679336
78.38582931319308
114.55721155838565
97.64297515167432
61.50382820031491
75.17607953805356
96.28977710084882
68.55880750157715
121.00312585248614
128.99343257977486
112.89108279777153
107.57783906528198
83.89787529045975
77.78905374535515
124.31294138171403
66.05753005459827
70.1940285646273
