110469.48726311138
1179.318327688922
39.483768388799966
40.23984640038062
40.25563075990203
41.17784679307833
43.07900637029757
43.25199820144876
44.212395376148365
43.580734608918945
42.53790814044299
46.54581602159501
44.83251829059221
43.72206614159346
45.206992501600254
47.162023818416685
49.18043444914169
48.220247154459265
45.526657952154046
49.49712362457406
49.35619171892178
52.11420869372853
46.81205465350153
46.07809077989746
48.639753469684095
47.011920236552875
46.87089587111854
47.88803880817821
47.164877516861736
46.54606188597238
46.31049321859794
50.37290779053811
47.27007899036419
45.47238439954729
48.052405558660425
45.43720801044891
46.99167881537459
45.50058489815493
44.91359927100463
46.83000483870339
43.47059941004103
35.467985272211536
45.317383875818464
45.380609279284975
24.784495161846095
3.609263462005724
1.6995317998140187
0.7565905970261819
0.4399505278949466
0.46675693928187734
0.48927605829416004
0.678113089227588
0.8910360591223617
