8790.842893060786
138.54724360610163
42.118448272834165
42.42241882293767
44.3760048479221
43.3090203964391
43.82391391002683
47.24348501505683
48.304741687962654
44.24392168694504
44.45925625837272
45.45628755809557
43.493371322897
47.57211823073425
44.464839464507705
46.830137650254926
44.675618107192264
43.476966396652955
44.11783856261686
42.97313048663247
45.90769014939634
49.11178507982885
43.82279960518046
45.2420222746182
42.121496538903024
44.490219863840075
43.41433684356662
44.64908707277031
43.8924534589383
45.629340654752596
44.16765813000225
43.52330248583651
42.39634685066922
44.52582623617676
44.911628094957344
43.937742251526316
44.97668853020475
46.71060332365787
42.36532358349932
42.45454052037017
42.95300219268424
44.895550805433345
43.80351290561089
44.39748559547651
44.734533051449375
45.38594312477591
46.091171611708916
43.809970819527166
42.16919156525206
44.724987575780695
42.743608981811164
44.6694496881098
42.99041826439653
42.83226824585429
44.642657551311466
42.572629049836316
43.34084343778218
43.131267755748276
44.158129300891495
44.24204265244007
44.66395003994441
43.90019107605501
43.63366195690697
44.0559869048272
43.30872804853118
42.80017135831658
43.23773387791866
41.88742911906308
41.99098661263429
45.736692809903346
44.458382044753236
44.42846806355801
43.74770463254759
43.719584703311355
43.27518316284411
44.572253191917
43.14987116480764
43.61191659264943
41.734904984143
43.75293068936058
43.216198096278546
44.05713283373353
44.101233865731125
43.506791616264145
