35.51917036588746
38.49035740101944
24.88063432016722
29.006006965702174
32.59520097910615
33.03719410217957
34.750768577279025
44.81021129690071
32.02995639835544
21.9350176865257
37.355277481731946
31.840063141648983
28.50574727870578
21.599623445233338
25.48182960998054
34.77043582873708
30.137809131660337
28.01832475359573
21.081974318248943
31.768211398854955
21.642922675573324
23.98245826022031
29.300357702379078
32.12793806779316
26.457370801004082
24.61301417379117
28.902550573315782
24.311522006574055
31.551401455804108
22.848892478497458
27.987696003907132
22.781177965418678
27.603159066725585
30.956787887343285
32.8669121151412
20.480440897414912
32.89368063011484
34.60464265772305
32.271840385974
29.749153218269957
9.638010126242294
40.618788129333986
22.118759273133403
40.08807850636628
38.45001376977998
24.54920156582019
30.022999617819735
17.816551141846226
23.75823359953605
36.13006781755291
25.462987226621532
25.673446321095
26.72797253282414
37.63194010502254
18.30896184147857
24.09885121904121
35.025915187234006
20.944728487786705
38.815965503343776
22.346241648959523
31.832959151103722
25.607529495520176
27.013265132982745
37.14185477928494
45.56266009619259
33.443760884402046
39.306221821762186
28.679554241739645
33.5602240427562
26.32678388256669
25.667805452106222
33.55923394549748
21.687817350192155
23.04756348006216
38.27848215864027
35.04742242711645
20.74916117198995
26.005382182896007
31.732941081523187
33.90888137551406
41.18999485634673
25.040479291099565
30.423509101920448
27.97410220173706
24.629432129286037
34.78274017571866
18.09324130567719
25.48889554700994
27.507282312414688
30.639631594723188
33.75494105033961
33.68260203267723
28.458056031132056
29.55099640698442
44.05231726305368
22.788387229739275
40.375650471727425
30.286615995908654
33.186314252005964
23.324910075314442
40.19773879930964
41.74755834718467
43.315200448535265
29.90011113505767
7.4307883750401125
23.446527806318826
26.090752279336638
20.42485670179271
20.132231203923254
40.40256942845811
28.915543993960735
20.536549534262708
26.01058672536799
23.3878286051078
17.16218810392858
23.007556310003874
26.497231804082183
34.442776539028365
29.570138236641437
32.95024160594581
31.46093421864031
22.566830347593005
28.26110663188832
35.72728316616328
32.863639605254505
28.59090636520079
25.99376797173054
27.88134145115537
20.917338775323174
32.50463450233666
31.86406200786449
21.07779948330736
30.674549900237004
29.375277737813693
20.720729288689217
33.71051767699715
41.95795133134199
26.23749163690815
27.71891802455834
36.35512565411172
20.398388537790417
30.79711923012264
37.54733723189958
39.889389840169486
16.98125315720693
28.675964474618304
26.553451952559627
29.63469279831237
27.712970489052534
29.18846361324605
25.652034351911624
26.59365769404724
19.38174835397013
35.757244666057794
41.20903733453479
33.07203253538138
29.107199144412775
28.105230184075324
21.736410056693725
26.744587161050887
23.250726220881308
21.900951595515018
22.440665993064528
33.90513941031909
24.958538650918598
24.370976002473782
32.45796547033078
24.87530001665986
28.943060467462438
29.578852685310213
22.957947646437805
23.021600958929962
25.79096031357685
29.317902874461925
26.674720528310413
24.205607566881984
34.333004696939845
31.51830336914245
19.360021735861842
28.266169488293595
28.5384208577726
24.850600429839808
16.85164663608796
25.507709271163144
27.755445383993905
26.12275613662484
36.46105524580581
26.550902365786268
26.316857570356454
38.019011139738204
25.966356740472392
33.952522018382716
13.61557349544627
28.64976114681394
20.67350846443418
39.292460178918745
24.85789336124166
32.472135843709374
24.25075763343972
22.808885185866508
29.59664021845696
43.59265035543251
25.81455248811616
35.62732905562751
29.15268336925597
24.373123042695962
29.255312961826384
29.594480096858394
40.9590935992833
22.56431422031893
17.559294081891295
20.800644524923147
26.48603383753506
31.27644296162847
24.217894176970585
29.125243788356514
30.480038293752486
31.21042881128828
31.997133402302424
28.842835381885003
23.70345248852734
44.36491259762699
31.53473525575957
39.35947888170502
39.41535299801649
37.209410986435756
26.553599991605886
24.700404161297843
16.73242671672832
30.549393278965947
25.05843178395864
42.33743353230887
33.071806267956106
30.519164598719208
37.81348738688117
37.37693711192249
21.56281179192203
35.892800008953344
25.864173102158844
28.73243364793256
32.214605052946844
22.112374948376466
31.822116812692773
24.31659899513405
20.49530545916552
29.0570495333718
30.07961135721196
20.76748812356938
15.03503793365386
30.780887256481158
27.250681955771448
30.498841123371363
29.036173106347306
33.71905536095146
28.912093562841996
42.88790511035822
35.9210630669364
30.47577867481481
29.879847275730352
25.31317009414174
35.20866994574025
19.54274485426099
42.927433399652074
36.70338106882572
29.822187449441195
22.80721046589148
43.57271645913347
24.80356755692485
34.98412824252025
31.89108606278487
23.641674896262877
27.624167965277724
29.752689161160767
30.400211808809296
23.111916616573623
30.770734600606005
25.751532953586377
17.850309076353252
23.199827645692768
26.723908867813446
23.156636009083986
22.16952275538924
20.180160872246546
25.50054280404407
35.27441398412542
44.652491275027494
39.9475566846508
22.43684912466938
28.59424474114815
19.66095523574415
23.609576100076055
32.271789820082226
29.180244703100033
44.97331219078024
29.018948101437086
34.569462041243845
27.62764331202617
20.94720860409304
33.26760647874911
32.37540681046005
40.35971602616762
29.569741647960964
21.87121987721821
45.46918113424966
29.64216325599553
25.600401837408228
23.545185482286854
37.15568467395226
20.32023139923589
30.060058389400478
39.96059568826592
33.75105844310506
22.538231635350954
17.860310103649336
34.59062173772685
33.73200388738985
22.839978670642868
22.40995536953371
39.800419670278316
34.897125960247784
30.687939713160105
38.16797354538103
34.602470826966446
24.626209508917476
35.468194394351656
38.02720641851686
19.48041188706603
30.61351671214025
44.27478109151232
28.50075901686713
40.88022365841519
23.66924770664519
16.391433644290043
31.21670030846263
34.730598359763626
29.53927093642521
29.05466749968814
31.19554221287074
19.368564742076487
21.512206697758263
28.060673196730622
31.089913773655027
32.991687063352636
21.982193295604485
40.939590379233
20.516962403853427
44.30189140801345
28.149743079126477
26.99208927231324
31.968085181894317
24.19157416028376
35.35258576718107
40.17526862084259
21.345742163191947
24.25206243988386
22.68869034599595
27.166925215555416
25.198707100000263
30.813942910399135
21.232454611324158
29.647653263328564
29.643480430517688
26.835175451091864
31.65790540404587
27.016522945916364
21.250230600998158
29.119750620068956
34.690595687734586
27.647124272347444
32.342380757824465
32.579468585821125
30.163789749208785
13.67112494827665
27.50475852420217
26.415264847515978
24.61111145806102
28.03363515638326
15.82554324272773
23.471036645699645
23.377685223560842
42.225964727316864
17.859206870092965
44.32255794795126
38.834768487462384
18.507058663787458
22.658728100339996
24.0001955046394
43.782621091138545
19.865470440071842
28.498133763203903
21.123931372593923
34.73377687326581
28.482837860033015
30.4250132846056
25.57335983595872
20.349152313150764
32.925680305335234
25.94417119193538
19.345411714598296
49.65586423860142
17.470732724866007
40.626463085389965
24.07894218554895
24.253543624013616
31.533675066342887
18.99663957004522
24.75394866323029
28.195065170762035
33.831131180282306
21.055729270028277
17.826961617827013
23.770055485040682
32.38467212865507
30.01062377891263
28.879136353969947
27.9597864183593
17.959827800723126
29.16770480943651
27.063232342589714
43.14942868341442
31.779510386649452
28.650008683138843
18.73641046727177
25.877485429362
37.18939574849485
26.13714241702416
28.055735437800905
41.532483046692356
21.00010460037735
14.767240440568429
41.61606928314199
34.422741294996186
17.929528881988833
21.67704881757202
21.185476507078995
26.1330438661963
43.122452119939084
18.495027335867523
24.673290297925575
16.869803652385787
31.924883351117806
29.660835398471225
35.13705199153767
40.930262956159034
38.170722995209275
28.89196713558547
26.591699022615117
19.317526507481645
34.24674033142235
33.00729316255855
19.39218766042966
28.277394468525642
30.87121217792117
28.45365702614075
30.843836763208632
30.768097899346376
34.865984117572594
26.704011563711106
24.879918182458024
25.929306803051055
30.668473614030834
22.854939777584566
21.85987334356754
30.98184364925729
21.44808407429632
32.22282826775295
31.47247452813845
24.06968971507912
27.233877437687493
26.215226619630915
28.38064313657166
31.142902366434992
38.43780692664854
39.896891448690816
15.303314331608581
29.73763063375846
22.89111881366217
21.88245364714323
26.879085446338152
24.507938160300867
34.90740977618174
32.638102361982504
19.99164596385106
21.298764307976768
35.87838781715927
30.21853356207953
20.8225285006579
30.67652364224238
21.19555389799399
19.28797421643691
46.98319366188157
32.051307826218626
31.017918182332092
35.937657147390055
29.177336212743793
18.676856156271075
36.48674873880579
32.52426568986
21.545895088311475
23.669700642273607
21.02871879186337
30.168157964065824
35.36336734594484
25.20816158836874
22.954281418618034
27.398850862842323
26.150030369620055
23.318387078301615
39.41546310534371
35.69615379941921
32.4448185277538
25.64030642283704
31.366096081427585
32.03106847650371
24.812565924551095
31.564662346900512
31.12804094169426
28.976660723436133
20.973564479213323
40.43743470113658
37.891196449199356
31.561218285284287
42.18589635520792
27.81964418513066
40.82507846904503
27.802649435524934
20.022338052769438
34.27965830147131
26.252652182836027
38.37002319248524
31.328384024075717
23.11054035566718
30.668344801203556
25.62038155529137
29.81845516071501
26.29287450089256
23.67374165586431
27.500734030826884
30.298961725509884
39.712647023489225
24.54234154343421
26.899987880882815
16.583712279372538
22.46493144500028
28.969395164874612
26.89634271143719
28.753419841825888
16.94372231510535
30.38130727251016
27.07273037963413
26.733492420613224
23.11709635641043
26.54334573067483
37.032404389569386
25.592745456947984
19.81180025042072
29.580630016192032
24.965763885007053
29.01788232229266
31.323051778631232
22.89891513685455
28.04182929171181
28.65350206198319
37.4904999293325
26.48674753283929
16.05600557139518
20.46375907722743
21.82501223013553
35.473428486205016
18.419073318146857
16.449518277945476
25.670150186462358
31.079032009881857
34.556837619600344
28.659070849682017
30.421253610074032
42.28955466471897
20.388427377150382
34.871999224402146
31.74289350369658
33.55973434486425
22.52150644174911
30.105895452440055
30.317768382492496
32.89293544634698
28.147731650124612
29.502497309249414
24.503332139793145
22.754417524102312
38.25963270074501
20.500561623860797
17.696408833455962
21.44039060034412
22.11397428668717
24.993291573653245
29.062991526507133
30.593721406779643
30.39300997142665
29.13920257159565
24.418592030939262
33.647974171721664
29.434390909099022
22.505848802204913
24.087657352893753
22.89503573545104
19.1574129905821
22.362414158200526
27.82162048600737
29.911532969002714
28.41339577069131
26.621721242891788
27.485351531198937
41.217494265026474
35.05874232047354
30.508587190355797
33.51932037108964
24.577497929619465
19.092656559857563
26.291249669128096
39.91035093706233
22.57413052370497
28.228040320930027
31.65890025868251
25.54522177334318
18.616873094014203
20.739268788284935
42.632879983557274
23.69248177660387
22.84951291569743
24.51054441697579
27.684217818085134
28.990563896653203
48.71812340558331
31.014251086758225
24.658889453692893
22.283984505035097
26.406944669995845
40.52065869989157
32.83006521493039
30.493717290211457
25.532560396204218
20.775157370714666
60.30100486038303
31.758175709713633
35.47043654678122
29.734968529838472
24.732709357980152
33.01389429259148
34.16520516999498
35.824637602512716
22.35094328089954
42.16512356501224
38.79869453606406
22.278827994337583
17.310930298314027
25.329625626257034
27.967007679342537
22.187932434309865
40.799041379299375
31.61797669343032
22.261454307997322
15.798138794579753
25.81201333485494
13.055642146646242
38.73806131554567
22.827892384929946
24.331535711825243
30.918635506306586
24.24039920033938
29.918296239156163
27.430757222073943
30.68002297345448
23.54852210842741
25.313714927342374
25.522841615784298
19.62186094843652
30.11494885646281
33.21197221771846
24.898395567358993
41.081981645868005
35.00135101115159
37.726451702318386
34.448357380839106
26.46886685488924
39.43380283721131
26.777966136382407
29.64697468765427
17.946135107970065
28.1865941788006
40.77866741068089
24.899079470928715
19.39828807708573
10.783595810119142
26.654213018166335
26.13691082294944
26.430516445863887
20.39692295293534
31.74738807314527
31.524176023048796
36.208298593900636
35.11957092669138
28.296068175942313
19.044229388839348
20.385618220422195
25.62839725573669
30.18910180673417
30.037215111929665
45.591484594030526
27.345627511274493
32.701150637914964
21.26668945027631
23.146342237093084
27.40654785762847
42.79145419765988
30.807698437026744
27.732616706348125
31.305404651465924
21.17953065951146
39.18374695717644
17.49383457704208
26.621821372137592
31.270619957827734
34.43507884514293
32.700946861294476
40.66257383963822
29.887973043510307
26.82813608875473
28.23954519724441
29.11608176491108
32.964785875400196
45.18978023816298
24.835062857814798
26.96451858918748
25.690557773570077
32.42461234037023
30.434742565727795
26.78253764728766
20.679680749092913
14.334234616470711
36.85798155699319
36.47115267672482
19.502054689138294
23.634972539101874
18.303726303577303
29.61240867275128
17.218162477265565
25.980236316561438
27.816625849914733
23.922487004767802
35.681272896059845
20.400681959879655
20.861270395906324
35.0598179640651
36.034569856322825
40.07233259079309
24.310530663232566
17.268578769055466
42.561520248281745
27.684361939331364
17.24426622887963
27.803661827011418
30.659526490181594
34.4524157866938
27.13883965439826
30.695387166538584
23.22335377802355
31.04288363338044
22.967077879047878
29.865978475435707
33.34750813362391
31.91914608216353
33.0263267509767
18.399368916707076
29.86667357849243
16.221427739194958
34.40809202994954
43.00089048933226
40.453721286633105
23.296862679656137
36.24045604728468
37.522385510996095
25.699365840913252
41.15742692618947
37.58623554205347
21.618805688721164
31.987979265824464
34.65638428288818
22.78375571921178
34.137069908407256
23.01822335414591
33.01821106337216
45.38298421123547
32.462387248463365
27.833287161507958
25.28223890904585
34.782838302129676
27.800006024572337
24.1370471768163
21.39095288625635
23.559971853019192
30.95311188120683
15.904450200099838
34.309116336126586
30.418211684169034
36.17902609795736
35.96240265976386
26.283839189175374
29.079501095603494
22.74911256023666
38.73645421621798
23.080684731104416
31.51926715774897
29.608201826151117
38.68298515504506
35.89838893745545
37.138758452231734
35.445891577657896
38.75166125360403
24.102631427991266
22.285525153986434
40.50580158588181
40.76611750175462
27.56657687055571
25.929783588903664
27.12523580651791
30.405138483786903
20.88569616247213
17.983668396947994
26.207541190934226
28.941350135598565
35.43762308381507
23.594984181332993
17.02628333110643
29.060928776501488
37.95819029695232
29.287174738381484
30.366228306903505
24.072615588581584
26.50130502796135
34.63111721227538
20.751972684762837
28.454931988346278
25.316889894640944
39.08366682621298
30.238984033100635
19.529091738121142
30.191628112757947
30.25209087762544
22.628674650872927
34.284917659086624
38.24066195896144
20.675092611147868
31.088983832080014
35.332847535914716
27.889341339425265
36.952391718834846
27.654212856046072
27.79634326091592
36.35394359238488
23.927523548362174
30.70355325868912
25.770211995685514
30.019815639026742
34.62030811808841
30.170948116796097
29.089411197876448
20.363975823665577
24.368621916274844
26.549534346894372
20.448412493248814
24.014493542656243
26.05942833032751
27.00020699223229
26.997629394400256
27.512859090961655
27.96372455019524
34.64803071406589
22.059007783390616
29.576309482639335
33.738809838014696
23.36529402101188
35.11350480191818
23.486738582512793
30.155111159480708
32.988688481863406
28.65159296865179
28.89765268012835
36.845390493106535
33.45397909491623
31.16833043317583
28.933619965291573
25.91820624472025
33.097347174277445
32.3780580068729
32.93147800974413
21.332710202554146
34.983606224292565
22.81637139533565
33.56243062540681
17.722393328786197
31.39462537356037
23.447875399053654
33.92527918048206
33.2924708055729
29.663572661011617
28.86564540803037
24.17613467825509
37.21005208327243
26.917441551818204
17.487729986264615
37.09115976436783
34.5337272601386
23.97480319236823
28.25829979839296
28.597570523845146
18.995920691704868
21.04367273504949
15.291306772514599
20.266580457613383
26.540318287620003
29.049749129849605
32.49268480855189
32.0766338138533
30.852995490543623
20.29104627247796
28.580287080420174
16.52265366066942
17.8951543159394
20.506782013681743
24.169974638543966
25.844566563249554
39.98894097113344
26.1304769735404
21.65155853103902
27.123391628302823
23.68527622817857
24.816827075288383
32.105800133410185
31.922823116938982
38.33347097285956
35.86757046245618
25.207784104472626
33.003163399436765
38.22854690902567
21.63916553792718
36.228339791509576
21.505012666280766
33.68084064594425
24.74497609743638
23.82528719277317
22.12127094251814
26.92688687501873
44.094934938675955
34.7094369406174
23.171512113165253
23.849185350089208
26.939428245662057
31.648079782273612
23.882892904900245
24.53919243918245
29.30723869220771
33.405947490149074
34.28028853211036
21.062248330293897
37.506125740495904
28.842192068610313
20.82553909253642
30.879168544315107
26.29095272655334
24.94507315550613
33.78553378050839
24.432785909231104
27.342389042519383
21.490222713185286
28.539120232276673
20.871789621054585
37.606437338080596
22.875254144163964
23.15755788304176
26.081007979762184
18.67525250069287
21.779233703536313
28.12013536060538
21.948840804895045
27.043646851946285
17.930596476033394
17.171700854453533
41.19152003498775
38.61633655087637
20.938192002572094
24.44729651344015
36.793991606562884
30.240132451663666
21.348523516744024
47.132823182822634
20.819825499331998
27.42604528115549
31.65391633854986
24.671771344629896
25.643122939480868
43.86277932672311
18.981283292053188
33.132303143781925
46.380069910427686
36.58669777422639
29.92245790938658
34.87781495453595
20.12155243951657
23.973457026969662
34.80618556714688
31.47626687650683
23.02150884631804
21.936638070290922
39.448114612995305
34.9554449773994
25.397085913966567
34.08917962568426
26.203358502849028
28.02747248594774
27.024039740398376
33.72487915009524
19.332149095222462
31.251831322357678
25.66544139764353
29.263164166163808
18.782230717747034
23.88461706273906
31.7724489318288
29.008861935123818
41.28681034590219
36.68601338762387
29.54749837435868
32.62714983331897
24.80780853029508
33.706128615092936
36.54111446073161
31.834921324937245
23.85128479039887
30.78817526154519
29.11568267485353
22.26604190922422
30.274036842073798
33.3257279942309
27.862792013080306
37.33180410572916
27.970646755060724
27.361649771892218
22.265545990666393
29.055961134271787
43.91391660216317
29.289909159015338
27.53803715850376
33.52893675878036
29.091442033135145
27.7534458239677
28.318400927955828
25.25922291297546
39.22969801777532
39.14747848703307
12.29998232542211
31.38186341760017
27.685580056810426
25.26923285095123
27.90796462758907
38.449490389656006
17.967996472716756
45.49737925672692
29.237003555104486
23.501419325164353
32.00795138755443
28.34307780930128
29.537191921850436
39.13450183088549
35.43922859634255
36.59695643313628
22.14477393287976
27.142838236188922
20.613517071590888
24.390670662381016
26.27989067646671
21.51038398649043
25.642116101109746
24.280833982103925
28.24680974197442
41.46698199429192
31.632346869958923
31.583806526747455
21.9820017745771
29.610318781528456
22.32583381559735
18.07818150853474
30.83750811516387
16.758702931132003
29.17153813368894
26.84491066010815
23.909860348739926
24.70458838957587
27.89022727870346
27.180228025845093
35.05833160034664
31.625609503489994
36.22112368157266
22.76692062150168
37.16313751845351
21.63366665900352
34.450798926620116
31.01682658173628
40.24043682791124
40.19267031580724
32.38636721890228
29.33395327313677
42.855562658525585
20.205203475705634
38.98069632484904
40.36596844875697
26.30858467083264
21.8401581602238
24.701784184981477
13.399525165875511
27.56012487220137
16.591370467123625
29.502608155854272
31.583858335995185
18.636976326598838
26.988547193099706
25.950629952632653
34.098005652909904
28.35999510643981
40.15715756134896
19.494288045342685
36.12580584093982
37.9729989028208
16.64398559187402
49.49174760766925
20.787966942090506
36.48364626771242
29.685194939524134
25.820391525728237
27.64697683621228
22.688618136993313
22.976513278913526
26.849809736945673
25.67852818202092
36.35763221410663
19.533561068079468
40.018622492965804
29.784334361125165
26.36076817865612
22.899413716606627
17.223752499215255
26.3730812300435
28.185257527345232
25.67691666252251
39.21135614176533
20.67471244254196
37.916384117409
22.561151608582566
33.554777766658376
32.14766051053028
20.323995648307672
19.89872636087677
22.131426726727188
30.29543272086143
29.54286840321324
39.64668134720455
25.786593101095878
31.842722677881667
14.400151872732748
31.836672451003533
21.323011628642448
24.257211155775607
50.94477486666508
15.50688899513884
44.33247664560155
30.654340966792425
36.985362819514975
26.90960200506102
32.67582224186408
28.968853591890653
26.92110324121722
30.152911057236555
22.965423067751342
31.481721301939736
33.07110985957707
21.856476560380113
32.924489289910866
24.91258158943664
13.328992697609015
30.251257977630736
28.41058668769788
25.622314868878338
24.205537975486425
27.58113394430715
27.35180611936566
29.90170782855584
32.09172413950811
33.61818693136436
27.34244318742479
33.64139182760336
40.85790390638972
24.690806322409628
24.51367152528823
27.989848793791904
25.135375222817952
32.8672490892832
23.198847039990028
28.906346119306882
31.345609127771773
36.904906321778135
29.85596548087079
28.570519392524407
30.489382049201446
31.720692397973306
34.412012979600306
33.18853472440188
24.346216782711572
27.394662340179593
22.786165649867325
15.028608904313966
28.504108069040722
19.97089835115868
20.202762658461662
28.49041644387309
23.56307994421232
25.71644278811319
24.579161727485264
37.165905229098065
13.286245733020904
24.49415655300509
22.837954939223298
24.39189772893493
30.939491687833915
36.19061993842452
24.705847487690917
25.798804989994284
35.009513790061966
26.101431846732908
34.879495967422656
37.03458223849962
36.02161944669569
24.377915289846655
19.862620471526185
30.640360906010404
26.923697990814443
18.795782956705246
22.931346891156128
27.27457088207484
30.923943031614037
30.881486113274498
29.496850195649653
34.580893580880165
31.8594776591978
29.973927642136744
34.997180822774034
30.325319015954793
25.313474521218556
29.661089882579077
25.628391815069907
21.855275759983876
27.9059040755949
26.43158393155081
26.474807102262027
25.15128979521132
35.02686989400534
21.84730274560133
34.836591481213894
37.88430213666973
19.03203971520476
34.0462241166291
42.31495087986383
37.008462082017545
29.95824150301268
31.186453673616093
24.880403867376305
21.714419436925464
34.925510280761614
31.94632329902977
31.266438309893097
30.13858181465653
22.975428064526227
35.60250611572608
32.885234914838506
28.395956244456084
24.51560986565868
23.727503180634923
24.203907295070508
19.94829000595343
17.88043859169556
29.218267040295693
43.280070872899095
29.120442283730004
34.299026896321834
31.109345236921836
24.107727062130422
22.06323670962272
24.52454168015914
38.763951963994515
16.082868987331615
22.972715929451372
24.84865882765879
29.951481546641233
26.142647042214655
23.254311148932555
25.07330611692349
27.851810399247206
25.99633912980035
34.47990017454129
22.356175858924253
42.69623629045946
29.934633547670042
34.19666719365455
24.118090898174685
36.333924537138465
21.29327909937872
25.036095309371913
33.14756690006661
23.553633086734134
28.105415854593623
26.180278363337823
29.906212618602375
41.543194499875696
21.19928781561703
43.779582512671396
19.550398672872433
17.67588630997475
31.947003420913177
28.34593002788599
33.96471493607064
37.28779763955418
13.415042991238089
27.007764959901554
20.951536949318797
23.753523351591816
29.853088664693463
35.09451255789747
30.77216013876891
25.382243915801205
25.32970027463339
39.155838605722195
32.08592683398809
33.89612261226148
28.254357499385
33.05986872506204
29.375193014677205
15.452655998940251
23.083739108640938
32.93659328263721
36.13591997973934
22.277252023257244
19.402757259887903
26.486659257136154
34.60172633540304
31.12696731679328
25.185322617454027
26.01737066089487
33.79959305584744
23.83324173697091
45.33079306678014
36.01105744474907
31.755640375898498
22.136552097026776
20.01420558182538
24.331092367257455
32.295720667881426
36.364007269761025
40.54867293049197
25.20816261490172
21.953514654896047
27.865657011611194
23.857313462132005
18.99113508284046
23.943089416273867
20.565832461908435
38.45512853054262
44.58296097947886
29.225823951068303
27.186225133498503
37.588137537809544
27.57659587559584
19.128043364392315
20.19653310349858
29.075055534781193
39.39954985847379
26.486091059309796
30.496201009900258
22.05497656335145
40.20306185722783
31.762617980986306
34.72630556864421
44.05325719372622
18.171642646947557
32.71876930210922
34.619881450506625
18.967485911616073
43.725886570913985
32.09243675070319
40.79969634031974
31.373183680239013
24.570604268107555
24.806740075467246
33.12502028361262
39.26255232163707
22.461925709700974
31.423442512565288
33.475793874916164
30.624975162980274
36.241932967543946
22.575748463404967
30.928103912553844
40.401166533660145
36.467074713101425
26.394729138121537
28.402765033563774
30.792344333366618
27.583740005022484
38.8865925726566
23.21509716335742
34.827763488539674
18.860068821902743
23.076093565670043
32.71497045649682
28.32309451590528
28.785406481317434
23.29735845034286
35.4048891652259
21.963811198951085
22.574974975985
29.01212444491466
29.76520519896963
38.701485005532554
41.843406393293
25.524314789459
30.915062275006715
27.375441972861005
43.08280422657215
28.440161862216158
25.022203931154802
21.66895980525718
30.80486317348276
28.45197993588451
23.155854197517588
23.69660652862442
26.31114162144875
19.813094345845375
42.29853924854363
22.81888952173132
33.78542536455266
32.75163995115049
30.479924508640327
25.091192279281106
29.793970026526484
27.70803712476025
25.175234569503175
25.367963164945316
24.42271846656882
41.31265746672797
22.085527911853696
29.63869225594906
26.936808603558198
24.58143939213224
19.83170201871736
32.23571904319353
26.2795503365795
28.9123730251342
22.210693838706
27.489720970996245
25.74605070487099
23.189054060647063
39.58286887962004
33.33332960838696
25.65361017285498
18.271713102009933
33.23768255811007
23.86270459043808
30.039744009076763
27.02533695833736
46.90448097823429
26.035746415398346
31.689978180680793
29.471501792494266
22.54867396936289
29.37980278694819
27.945929502139112
19.701880509845854
24.770805573716796
42.32461138987942
42.11867903951661
28.92895196078797
25.726898435820395
36.34588697036766
28.480113014842235
34.61707432399583
20.30979019642919
46.09136426652239
26.71728347529389
31.607119162796216
38.542099396943414
24.914937556762933
23.121301952578314
31.254471613248885
31.834129750207897
25.835272925229773
33.637387981547526
25.305261511843746
35.705105432616854
44.81037438174776
27.53902145829066
44.94243733130254
36.42143252165333
22.785912819516735
31.653460140795993
20.67040866299387
23.97883511737996
36.76126804480682
27.175691069833796
37.681532683877705
22.45055206125585
25.466165920882627
33.28057924629536
21.964679620408358
27.57494180902924
17.594312695836866
27.21182499133516
29.2022477084908
21.97604813856171
22.96650505323246
22.128426716568235
32.344322880628596
27.596305283740996
26.189795891998468
37.27467212275853
33.395403840217156
17.578441625496072
29.904061634286688
32.06950905188065
21.945982311276488
22.088069785179265
35.68010866415376
29.468639132730246
21.966006347048424
36.8191108158468
34.18809093123974
31.97282468417107
19.911329674953354
35.18443415469232
31.16284014076902
32.37674483686464
26.923887202789988
28.81912348461166
22.316556976445895
34.45196522978235
26.845361157377862
22.891837378773744
35.22143944360912
29.015927007926763
15.739595980397
26.165539676304235
23.006838075827233
41.01256766207821
31.661378604911082
37.01753728230096
23.270880497745104
27.117272826181626
25.50612308405239
40.98383923090871
22.674938076615174
30.679062484184747
48.750008385220475
26.357466916626155
21.74483628392653
30.70822554403465
16.17901822544914
20.562453115053607
25.59760132646791
20.123073723419118
22.69425176413817
39.028484039343816
26.8035679914581
34.87534794984982
33.12197977240452
34.458627152293744
40.75761521913086
32.52258866683806
24.18344393493308
19.610385215358818
26.127570968781892
34.94509084297374
30.55216669217452
29.480489178052295
43.28509041909525
23.813327806286736
31.169171765211622
27.579694655480736
33.79272957493761
31.025529577189047
20.34914783473472
35.85384269273473
41.683419033325684
34.04421319523476
30.653656125250713
31.713627772648923
28.186027515743096
15.101354818995146
29.28308008038333
21.68042421028194
21.58556289386984
11.37646495554698
49.06305250256477
35.90809034748524
24.35442952032825
26.913147284138688
19.747918112664774
28.018689103774264
13.670414415833626
20.755122462974164
28.034979995174712
32.307546798628934
27.110053774826454
18.92986884617928
20.073461461501605
26.532104878601952
18.73689401088676
55.18786197362625
27.541912769461124
22.49345290813128
25.818300938566153
28.158331391661008
26.831736291766273
42.64569808056719
25.49104369092034
26.941401807691612
31.241290179617533
34.27073474004563
23.962404490132236
22.795240600245396
28.995666964287516
29.748829012302462
18.768041417962156
20.600969053875705
29.259437359834827
23.107222154498057
27.383569741081743
19.119135272131338
22.329778412740726
20.65682463852249
31.500711591114655
19.39801212970419
22.206551601430156
18.80557535769522
25.86839731383193
27.63712794470143
19.824969082914965
23.23642540110238
24.774117706269543
23.010236540197752
30.844846773755783
28.703453259774538
21.404011178569878
44.76251657077312
42.775555527663705
28.36447737314698
40.206691666424646
27.9069675173013
27.31330986671751
20.15183935232631
21.806336241649625
32.632437990772196
19.03940118676177
29.26150885348991
30.283102229484843
28.876359254001976
30.88512438412329
20.409481055531103
30.751102192183343
37.588218683201504
26.284427301327497
37.93560839698604
21.997519227817676
21.8584145050157
28.86948783546141
20.79825517138864
33.14287120508645
31.863039027800554
42.724677048224194
28.047769444541004
35.746004210639356
35.02371023570039
33.37528706435635
37.52715041852561
24.390571331509637
29.711212432700446
36.2509802352363
34.655450465327874
16.803010778795702
35.32404436690024
37.58976673104333
24.807690542575983
30.461905356272055
28.701713750437236
31.780106962003448
28.846686299281977
24.556815632782097
27.98422896442789
31.438870086500025
28.79258790249848
23.780638545130035
25.947421379693946
26.257740565006237
33.434736812941104
30.860221360560892
21.35907386285261
39.41757210903491
28.497659366766587
28.258593711377706
20.07723781233208
29.466589941945042
31.692043868942132
26.78241814145717
23.817076255467576
28.110555753885215
16.047167135160354
21.45850870579374
31.847041700461393
31.784936174084454
37.057327219640825
23.39437952930052
24.696983150014013
29.368655542393025
23.753792206312905
24.740310021986474
27.143581429242563
38.77533568552923
22.65739038614051
24.925464121955756
23.86203689474491
26.860211353235176
22.169230088126678
31.249592029862548
21.793919300453656
36.95084706597382
50.066474618728066
28.169665817993923
25.268386696492318
42.28023066365737
26.819392409487246
36.128405185284706
34.91567930565071
37.69078058632771
22.191804332203862
26.011207548216795
35.087699764870486
28.93851121844796
29.78225869675989
26.59900538862544
28.68031740270931
28.69043651354211
29.117093753688156
27.586683527074072
33.44510872710894
35.65324145329759
23.567523480993952
35.56089916621599
28.690331524080488
18.950716178763624
31.292840517234794
36.289116799294796
34.867236817746985
39.34561839576628
25.854980044597415
27.883605486728076
35.990185305794434
24.37596476334368
25.581578197688938
26.167767532125602
21.05047727448478
32.83599257744596
38.5317818259433
26.28240776003406
26.612677864265986
27.254022553782175
34.58396048404629
23.267923899334157
34.35587987255989
32.985118537016966
31.895780264420587
42.44572646660508
23.73557663172112
19.416944547919382
25.013464333620316
23.29286214811919
25.105252178656784
26.789468107323838
10.767280289014032
32.56884212031228
31.06007833000267
21.53394658632312
29.462755612412543
25.40859994138244
36.80894628012328
32.10011362001407
35.41053741550144
20.35431216781199
26.19661269726722
25.6518787454035
25.601649153584578
26.8336012743308
29.214155308349284
28.704992981976176
22.592543452136734
46.72788353951185
33.16220117166264
26.835401363214412
19.299795156627
28.27910907919667
33.14205037599912
24.855931493151196
33.79696026746319
31.980634128332063
29.90821931351298
24.425460530055073
42.30679967126316
25.64184679587819
28.69836241228369
41.96945330727928
27.953545435925147
26.856618900817043
30.81800198140552
38.641822440035305
25.553450183695574
20.10104386348506
37.01184629232264
25.619256667867003
28.356586675900854
19.930539296929375
32.99336332411254
28.984460556816483
20.9445581863748
25.86914058843271
44.79734684372619
35.448466672981844
34.15585741056011
24.75010178063556
24.983191437625134
19.46943945224893
24.038509327126064
32.29025617202778
35.70668641144845
27.905429146861994
21.494525334295542
29.579760327844877
24.073676373689253
35.250872219978795
24.02333029609914
29.71205378787541
26.320608430285365
18.06907180188145
30.811275332608
30.22529208373459
27.115910878743847
32.41803612880224
43.98105553263157
28.132005061602115
26.296341651555732
23.54331221676374
21.5006564364827
34.39273582549701
37.34120074413981
34.54625713116904
33.86718514251002
25.94131311314974
21.214240103503716
25.806113187757095
20.732954405604904
42.30908007249815
31.203051201505872
22.05736029631756
32.1067345151326
24.10660443690194
38.625678979259746
30.190458341828773
30.051068503914376
27.57755383806658
41.12662648580849
36.57577564749094
31.84530275878706
29.532731201335512
27.38948758886893
26.947931161662268
30.139602544580217
24.2938602919525
24.95043410240553
37.515174183408924
28.03238781946769
21.690825238666744
30.493512562118823
27.018465620725333
27.58324585608081
24.52876126831246
22.790243853841915
27.50631537985168
26.62595305506807
29.32394064629216
22.666156784803047
20.11192235121043
25.733145635931965
24.03091280385452
27.129432875815702
39.13210891889495
34.36105187626624
30.460573249288153
24.705831988932836
25.794187553384372
31.992845620257306
33.92509234082339
33.56009198861866
28.607522136010815
53.82142033419346
21.256593394949963
27.86568933489683
28.072638045384018
23.11391888931625
26.352222697825344
26.795833097623905
38.02411399679965
28.464389526166805
26.47057623758427
34.11615736883293
19.561765781365352
29.048476227142583
31.907972258968194
31.73130712023431
20.191367679935805
18.240575496184093
23.12115622666565
34.084879402179105
19.96389364888148
26.662532946463593
29.691631193138786
32.56384889679939
28.481853208739356
24.094800382054355
29.42838038744776
34.9193518183666
28.156793863805667
35.97818250934298
19.46507903922648
36.96082155806456
23.47176833460593
32.34513273680136
26.15639352277143
19.221904085037817
31.18641891567596
24.36614280559833
26.16439430066835
29.866283842688055
19.835330424821002
31.845238178034883
23.48447670864611
24.345033621393117
23.511606478479838
26.845903238072154
16.330565375155363
24.135417191729292
28.675087522827013
30.862627862163066
24.10188360672663
30.072234445086465
19.274319950395594
29.824921174708486
33.502497724599
22.29003688955329
31.766959655349236
30.69478295251566
21.491340167918416
28.174629906905707
31.01825116060486
37.378257025404125
24.46496048205327
13.1528241092043
27.134389838986284
22.262291440624153
21.184643557462824
38.80510596720016
26.20056443974007
45.42977716699295
20.98604885650187
19.389274088105193
41.033445465886025
20.169658470360023
24.56235824654034
29.44538175449292
30.899948385252657
26.651677410262227
21.531851476992394
27.686613973684903
35.73431113385756
15.922228704138833
29.58186746768503
25.821781969841624
16.649016924648606
24.190278493988103
20.648168368085184
19.52094359394934
37.79206829884419
25.969414786032747
31.09172740209435
29.31538701000114
26.522846746477736
35.23193309518248
31.34373437880356
18.91471046184228
32.29403020439845
24.781381116762034
19.067818274255195
27.218007858146535
17.139916669350104
27.13394913425713
18.437079616038073
30.38234207276927
27.31424299405963
27.020881999683915
24.815423424877803
34.1849827631615
36.998047773167954
29.740745424592557
29.659845761520533
26.14162410759553
28.541797625327508
33.09116807117225
25.790183395106958
30.756714614411944
35.180210657146525
26.841318269869525
24.765117237838883
21.457762531419775
23.342427405092618
19.794379822867747
18.53626217943647
16.40095641545278
25.97310188573215
41.32544196543914
27.10380278566573
34.23591754952455
33.45736384880794
35.89409673301846
30.119926033555117
35.11111563959339
30.830198989212416
19.055166427576413
37.54832179420737
23.615439510257442
29.225516436292114
36.84718427807632
22.233934212331622
33.59884638488538
43.97648104278552
35.55207227600282
37.00435541977467
27.18039483152713
30.448637596653267
26.72752022614391
25.860374314443472
26.685531674228002
35.74049465805664
28.02199628659074
24.25043409177743
23.727079409045253
29.623837161937157
26.210251033067127
20.60719829743169
28.245607852699333
28.82058269769473
31.76986038065117
31.613147140844468
37.485499847655085
36.69692353938186
32.04898240698968
21.38907869212767
22.937695686460405
25.352756309078263
25.137153077971252
25.504157922583836
20.913696723359298
35.8247852581307
24.260835869755827
25.19305962268918
21.655909940392146
30.30253628511565
33.84019726070716
32.61193558614568
27.808154625622784
13.175349787619556
34.03116443817665
44.617642442001916
26.643006531024117
22.424621431026175
25.19744820192787
25.391337589170625
28.128305012272957
29.28228655355874
41.41275709613357
34.7706141332916
42.853710262089635
15.216754647297156
23.309160856681814
33.74345128596157
28.360174660946434
35.4661115940831
31.477905493341545
24.797810203032867
15.838355725652065
19.883224041754442
28.68153363897053
29.29600796318688
23.35584030802014
20.184969139499003
28.339874716838708
30.74174660333091
9.971587770553752
23.428425056713728
30.34790432256299
30.5723096279301
29.430977993424644
15.854713764954443
18.623213828728993
23.98017319602692
26.870082450253918
33.15371030539289
33.250055900225526
30.29661197296296
30.917139975233525
19.199350098858282
44.986506950774455
39.784003957734654
50.87477220972645
40.510877818843284
24.0039567315425
27.16952333658852
20.421789237843758
29.28117841969894
20.925270303681934
42.95515513528413
33.00398004208985
28.83686116395319
26.924163741898262
28.383806101450897
39.80835948758062
34.737677083859566
22.673035782046714
26.05053991942599
30.94620594295362
24.2887364662223
29.802985063210937
28.92418681021458
25.47708138891494
19.59490183950616
31.800269594083968
29.928159032437968
19.373116302740865
30.266034186220708
32.273994440865685
35.886393019177525
22.28168754770919
31.068962695019454
34.55311997160614
29.472417409981755
34.474548605334896
35.69089372404632
23.498502972667286
41.904110136771
29.35994474013753
30.46917507404487
35.275474384878045
29.18244311585454
18.006606512778315
27.412614384497225
45.64399477831212
21.996033186729473
16.018673712559224
26.97589760643294
25.74844194584887
36.316660332621616
26.273749741683876
18.133464143428878
21.592000418223755
35.70190478541531
20.512845939689637
26.524353531829398
29.666783628762012
36.392252123555735
20.97335458357736
29.740155052112854
29.30243579980768
37.32999106537338
27.17060387029949
46.887690592427724
34.92144515329513
35.65956180420813
21.666042414896445
22.841936642898645
34.68932590427449
29.69234739610414
31.641402503045185
23.023903192079345
32.9746697404091
36.29373301918341
24.32478043089639
32.68369833767723
31.785267895731746
25.099742636279533
42.743083659859366
34.19811825421343
30.98091830713673
30.97393842374107
32.85447204683189
32.181107673317705
28.412242983718127
23.541829706050795
40.6606054536165
24.017101418078763
26.06709870698019
28.94922974406987
28.57270138921008
29.201373850483233
31.74109899380445
25.642728320189377
32.55818955985706
21.16208523990341
23.209005960583077
27.242409388966628
31.746498646411712
44.00509597249946
30.092719040148353
24.064581775025815
17.895559467806553
43.876656421286405
29.853297862856003
30.390886058232997
29.96995453442326
15.391534406346977
24.325786711677267
36.48455760394555
26.85199057707664
32.60127843686381
36.72137864128629
17.412818789594457
27.967641571530784
24.232257425727674
31.008520931294687
25.446998503445066
24.379200578644564
22.767130220025553
32.106193345895086
28.822905876551225
32.78416195830975
11.79206718348616
22.92791211778313
23.587935983181666
21.556182023307937
37.20176384362177
26.166146806907697
34.037173919661676
25.222286641241233
21.73359551274469
35.99194107354426
23.424774023185666
28.428126179548386
26.997436880611648
28.115209199032638
32.58019930007913
20.293786067526902
19.090620922132175
23.056652473484913
28.588655291051673
24.656032254701408
27.761224758514174
29.992155400142153
32.48770767585285
21.528184631583624
34.355438034377286
24.84430792504239
30.636808483675615
26.248802471958598
16.650108424415876
24.321618279348172
27.659927002038042
32.96299461321318
22.997518337731595
38.605399577193026
26.400374375718656
30.238816713076528
25.034032270475077
29.271363778193965
27.569488471809656
27.574284472443843
50.89243223008011
28.824022570001052
24.684832993969525
31.138265301006907
20.61947186775668
33.50905589422797
33.3737558486005
20.11319215413994
27.79197241503601
21.866116251571665
31.170886936721715
28.039742929858907
25.09944569484902
26.586271516999595
28.25738411615133
29.638269624060023
31.827011506283
30.905729874556197
29.997575312300086
21.182953819486027
18.471731403714326
24.816511588158686
18.138748928089584
20.44502215920482
20.75463399772481
21.550887892603924
24.844463620521665
27.09735570798497
26.52392191554182
34.02388590301293
29.353299820118455
34.5783273147583
29.5393360480675
25.6293745119359
33.37573522567794
27.579554872626506
30.20307702318779
26.472820910141564
24.053037297713686
22.335842960369355
33.30290993322484
33.49599926218795
25.39620562294455
17.580054816889056
29.89613945073711
33.501604225734155
29.060800687064187
29.971229216253292
20.982287087552592
22.47843565122053
28.987719728933627
28.379933299952455
21.8795439401697
23.89050277074262
38.96742329005442
18.25163587544693
21.39283319265715
19.911212652761645
22.949362646404026
27.917968221657553
37.49249073601817
21.7288528675949
34.5252896759914
19.12492477314119
27.57985524334488
34.33919551881369
29.510060223456648
38.7914489408686
25.70157160624299
34.97011607565998
24.103707986188162
33.21737350433688
28.69283868114411
27.671219835861837
28.17440038728719
33.08059051538939
23.169310648573106
22.73810490953363
28.984896935904054
27.894090915955843
36.776175190061586
27.983098846515368
23.58138154857025
32.932746376084495
45.15758352692172
41.37169083397602
27.753094208116234
30.361769825735006
17.099819988093905
21.727307046261124
30.68274290865774
32.805772417208054
20.037754825870692
37.04191699448933
26.261552257190857
23.42470533211822
28.925555273289085
36.22704573215341
24.27982058113059
26.53052921426355
29.207955846144234
40.22337836158085
28.007567910524877
19.540852115542663
24.520068350128525
27.159554195491186
17.228530465035828
31.732055576303843
27.905411287560998
34.06607866103003
36.45751245242434
24.053560884502463
28.741997083532222
25.238818720249473
37.74193420208246
29.75492232405222
31.830250704288638
26.932881052878386
35.98861437428075
21.349928568070446
28.491228348742492
27.92073599904311
28.121513959128837
33.34164762167206
24.035854031020833
20.310459048607072
36.001260827093326
30.779704290145016
50.04719391552953
22.382944751630752
35.33582542878831
36.930332335993704
24.177797603093122
29.92022435095714
24.558189962161382
32.310477632613974
31.754920282302212
24.752108852867348
23.606254245911643
21.10790606558307
21.74775419560247
21.678317274313578
23.799741175142454
33.10483278654095
26.347821446775317
50.223548212347104
35.136536501953266
28.046474550094686
28.796603072396653
26.923999173879714
28.183774939989938
20.779382876288153
39.269182572589024
26.15092527572252
24.03488831597002
24.044927337152984
40.23276609513185
30.582504338166295
21.498874712605346
34.30475435866231
39.83630141328731
35.215851895643105
17.68633756917054
19.027142878658868
27.36766137755584
35.925053272622534
33.38005663904728
24.395160598339903
30.707369115589074
32.287652939910735
23.654896430688563
27.542457665821544
26.21147503409898
39.18377511959219
18.658001285592125
28.329262385526793
28.354880602982206
27.307519499661336
24.669748086345702
35.23684404322881
25.47635560227084
29.217468647838164
21.357351297850464
43.3169095923172
33.417230749683064
24.479273174923026
41.987003186594826
29.96627367987082
21.873139274736722
35.71482387487161
31.96883471101358
38.28034585155968
33.12930227405622
34.15968511731544
34.59871759096049
20.838605724039027
42.088458967391226
32.88240960903777
27.609363812714662
27.643068967458685
25.04566908742604
42.622361321915946
29.474373428403172
40.101162495424475
24.63249902726416
35.35867686949068
27.782191220810837
35.65881122972725
33.321663077810435
20.87080169384133
32.669421740754814
24.254947512637486
31.0588433381346
39.573647343005135
37.16322334690864
37.33045759642998
29.856704414679523
19.430253033207954
32.22399955710385
26.307218773615343
42.46925847999087
27.58063135590623
27.56470481113162
22.897652041729483
35.92050337782645
23.527200980090697
32.52572005669464
25.28664928680835
13.450872161350997
24.589867023698066
19.830040435217246
32.79319647523569
24.96044396260065
29.410375670391197
19.433333749067796
30.385790548568377
25.01584652979507
36.03207012409496
19.199745383653326
23.113759415279787
22.995251653331625
31.26278205689107
69.37460665518958
31.502466351906577
30.05435649714307
23.221784305401215
28.473895646562795
21.696398241685845
34.25696649349697
31.041250029409838
24.917280365005663
30.814627050810294
21.724905081941998
28.77132444663214
28.91375973909233
17.57861620110877
20.708566271366653
30.595962912734407
23.785499600747606
38.21804865113535
27.19892951893955
32.72046326344098
32.510597919537915
20.664986936725487
34.57142666774698
21.422933246238816
37.34158948708053
23.368980802772356
18.593160912957543
21.43000308740634
29.87817598065169
29.957819315026324
22.923983135830564
31.90589988454469
31.196089829570223
19.872193125801772
24.655000371202018
36.27842868415391
41.874081040615366
30.3083595956813
29.044302360550354
42.043748643854414
24.877068786594474
28.486172621172223
31.760942482700376
32.52358493193437
39.13182344258237
34.866238153012624
30.641316578268473
37.98154992904558
27.751041248058623
27.48284132086678
26.72268860551282
34.05245302811879
21.85183440906259
20.13841048694747
29.970289263072285
26.46365904991359
22.556337733594102
32.0784593864168
26.815112380278528
23.385367926058144
32.40746116096267
31.31699125568138
50.51362321087331
22.323687435131706
43.17542950160052
31.78151017992132
40.74544720476088
19.711861046620633
22.90686391379403
29.14478836500668
36.66585337937154
24.192417727096974
19.89804611530267
33.85763725208969
33.55377033132825
35.799667273378375
23.32561533673931
21.292776763947977
26.66543887148347
27.548825277700743
29.76852265656994
31.923715663765933
23.80806703714705
24.41961202180959
19.17304868646708
26.103907709316143
20.35632894092058
29.535077053235092
24.28760116532102
34.62732558520231
30.25242764581809
40.972636741738214
37.329093594582446
33.5823837362629
25.16803171130175
28.969011602685256
28.474780770131623
31.229160205275758
18.494010515075505
37.97940253458777
22.81762189169953
23.8719537653681
35.49963773408083
22.095740251935425
32.20768389541529
27.89373476017753
20.892040343013875
29.66452285485276
35.00796958900469
21.39987234633333
22.110733978867493
26.441920385155576
31.88311390650992
23.48885854408396
24.649735337831448
36.45266842162434
27.558422155264502
28.470568630361022
31.263399277168503
21.60365459603351
24.170110539160923
28.93297927076507
43.03752871340132
24.289145338476516
29.43439848311603
43.14914327735969
27.992658365892016
31.354888752736443
22.37764282344739
28.762902877019727
28.684677422211983
34.88445093160037
23.102479517840553
21.592176593793262
28.92103112330094
31.706102643349677
43.055729603337504
24.28824561162945
32.92063770786686
40.46490914254029
27.34435050279999
32.28813278100863
28.80886290339199
31.805025367992627
26.885846278277004
38.856755853780065
25.220905823839356
35.41796984516575
44.583634253816136
24.564517206813477
27.803058430290044
36.842466223299695
28.798256923501096
21.23014350308705
24.904563278891715
23.30951047134502
28.324559076686363
30.63633011245626
35.38779738856169
28.001541568305903
24.547577007998207
28.792828748136618
30.746137977319744
24.887528025716303
17.177125526464078
29.652733065998238
17.02644033943477
24.71752829858998
32.92907702671435
16.3574109547881
35.80680777225173
36.155185858470304
28.752312158107546
28.197649584077674
28.127263003182577
27.73299916249785
31.671502803029096
27.34787291316937
34.20179962649234
29.14315154773004
45.69183983756125
29.935997394708853
37.60984145949347
30.74535773104648
40.56535655108571
13.067841078920983
20.611654541223768
25.708231641694013
30.83064285579396
27.18389011546471
20.090034128145874
22.2779555259233
26.3742972784207
22.94263628171709
27.986931834833108
21.355982307523654
30.854468938142336
19.09299888139139
25.23864821316511
31.025817367400776
39.75100585830656
23.464373183580463
19.915462132029013
45.57835926852605
19.40124858639828
23.43066562233856
21.33304983424809
29.666993418498265
34.54666619632775
29.87664938907927
22.175479509885164
31.025411776046557
29.350303063546225
29.5909744340433
35.44006039456236
28.23288634057067
34.19327711983741
27.156333232559643
16.230113811564248
33.52319175918618
26.264306467850624
36.213158753125285
20.890615783733917
26.167978530967538
28.001350052191164
35.50342659688347
27.11462537185102
42.05809909002319
32.4680352267428
36.86455921671683
29.49346314343661
35.26411249499788
18.511395485251075
21.755184915323824
29.587803486814163
26.64755357629176
30.678793121697325
28.295471040986786
19.9006323651508
14.061073256976853
24.321350361221818
28.743949497104175
27.76147924621463
35.03987719390651
28.746036546373432
33.4882157647528
33.88382880472614
40.49294380872494
26.60484415483413
32.21371114621548
24.014950502190406
35.947918976980134
33.66647373030718
26.254763805747288
33.32684322780278
23.927742690653908
29.78957892700622
18.87567518951705
32.88645416615187
31.948510862343216
27.274299963126904
22.80581127786256
15.720675504964252
21.634266933125957
25.940927737022967
27.96102174572144
34.64120014860606
35.21010711788809
34.58550377335649
28.452208928270956
25.54708703035985
24.936581753040258
20.245868768056276
24.089431897202502
26.31695455421968
30.13802538066076
27.86061272246772
23.353301794926917
28.079843328370035
27.472026794084158
29.50588242709074
27.082084236020844
25.389754866960136
