124393.94931348306
1854.9838102924823
39.328964655308056
39.67867490703414
39.9471431142742
40.638406752077096
41.11913408347828
41.361525247959115
42.53388650010809
42.349891614216325
45.457029939395625
42.549933039866275
44.92080665107322
44.57808419993306
47.39112807275327
44.465102971029914
45.25682040013818
46.401678756754485
48.15731455360259
49.41195130280894
45.84962920425992
45.20999475408079
44.637555610370235
48.13900717734848
48.25266332225638
47.91820043038517
48.702301574478724
45.65484226823662
48.645399110862826
44.2585004409854
51.39581632957466
48.6764594635137
48.45865184671032
47.19777088705584
47.584415513737994
51.479040837970516
44.404247443246135
48.88380989886632
45.57185909476521
48.67348391999237
46.07540835372049
52.46156666056824
46.6028573140978
47.16686512062889
48.99697281259624
50.41222572235973
53.07448666019222
46.621830178220065
47.705143384281435
45.910821286885515
45.8682649061423
48.32342708885116
46.79211607211939
45.340075875107104
50.54119867816347
47.70360700706765
47.139497906637565
47.72626894270687
47.935218415340586
45.43593888197942
48.600183945439035
49.443705111546464
47.378499620571645
46.15357521249411
44.764930787701736
44.27617686018477
48.543980537030215
51.20278758307625
51.03804590416255
48.546395907873965
47.163932801894674
49.58710315590811
46.64283862060498
49.34983152412715
49.66742615614938
47.13314183811581
47.45356392797921
47.648266314797034
47.26120064766168
47.73680056148913
