180773.3320798622
149073.43058473343
123651.01207711243
104927.28652280246
87729.4750732277
75794.72214368635
64717.086255030714
56573.39561591533
48267.84307783134
42037.86234614189
35178.027923555695
30030.766334913085
24980.263030087146
21064.98914923945
17306.938969551884
14133.858270147155
11248.804333743783
8757.532656876525
7113.2561788293315
5097.414916321202
4006.4340835901044
2497.33895718106
1820.1078394335123
1151.8218817989793
685.2936321379603
319.2571322022604
115.52656058109703
50.861524317382745
43.38609845112023
120.55010558387424
290.6332357835415
444.07804994056
496.9439095380312
693.0858649998679
757.1203351847549
996.5475704480523
973.8361694338756
1156.5633999280783
1272.7645397534334
1191.112554220008
1293.284240846262
1259.2576667426436
1216.8056478146104
1118.6482552117538
1032.0033151857149
887.4838194333188
1088.646819125556
747.9602707246744
727.5086034430822
652.4026573150907
538.4393523214509
551.3180581859588
491.10977075581957
397.37074686212003
245.3448754213377
241.3519944931134
185.99797570249777
143.30862902984563
42.24902260907528
23.87205979309917
44.192364975889284
51.20855006910926
73.3070711104317
38.84962619998164
49.54191210133503
36.86497822796379
28.922922167539156
68.25420172800399
39.46983761359225
75.26339798149515
90.34105493452009
78.20142499541836
57.94070288452464
104.49369260638817
103.39298345885248
65.19574654694449
98.03896091825119
76.34530664819628
57.2562863006213
66.47500816681394
63.508348150919424
49.6144082252765
40.97029432022921
51.72631306602996
39.25766766193252
53.84330231135599
56.72690303509265
25.465369226069146
62.3775210238666
32.76474160025839
52.71323017635966
28.739320271991858
29.383039205499607
24.25228124477669
61.85511821654636
24.346140568251027
59.677186941243434
52.37042662984772
22.563003021752504
27.536076810078285
64.88691536587385
70.57755376229733
19.342020503207667
24.84126831280166
22.400642374756057
33.02496293195532
32.974977674696426
84.27333451049091
50.94060798784782
18.320566653007752
37.10083802133518
29.2771193271992
91.49477293335052
32.063049088530114
92.65781071927455
21.586595818356418
34.99341219327336
54.46437868598015
56.08046234634144
37.836884787626765
25.862946955275422
49.32423130512863
32.334989623568234
42.03160377315231
61.73013361635938
37.87214522603798
28.73573950569114
24.85440106613402
41.152044871831016
27.188034877088096
46.09505989305743
22.32612954441739
51.187229588190284
40.37385734122831
53.43603363076159
36.12220161618336
24.226232193745954
100.30442206513229
31.026436219873975
44.442275256084635
56.177682095525824
17.764651323107067
56.36436570815071
39.99592857648066
45.531731326969
70.10136060778103
81.23463654740223
35.185759365491066
31.35969550363249
30.209734322202326
29.965800555761007
34.402070928528595
45.663307544648326
37.02413615742778
51.3730488876607
47.2284776089457
27.832774035493816
57.36344570166085
16.83018331103542
29.645340361012156
32.25836189363083
16.25130455958504
33.51832328306957
39.967998438880095
46.6467168834026
23.605074266176132
57.606390302956726
34.04508494868513
20.41106275438983
50.22179302210338
28.102554726755784
43.923164817345736
19.25554293265282
79.51695266259946
24.71540008579903
15.864310082973704
32.16387894308064
35.33687203025276
13.519269648319538
14.666798686122922
36.097345648431926
28.398494441494808
28.62375767958677
23.2387380971078
28.03214841007535
36.70375428424952
23.12913643745544
17.960931467433525
17.743137055383627
67.03904655753558
40.20609093674115
51.00149626915016
50.01776500681865
23.25380966496875
55.54799849751622
49.29836681851359
23.949328244322192
11.597517727678158
20.892939721065122
40.99417552758156
43.9930710422466
27.724180027399093
30.9116788677875
55.394679362225475
45.029985762627895
31.4983264211161
49.74782090898047
27.083197323012666
26.174194843409442
22.517755532888398
19.43844254622249
33.9306261956292
53.33019361009556
73.04181251693646
46.1485154899396
76.28342108139256
67.05698703838866
67.97442324042551
36.09306690257109
40.776295356996734
38.40730067470026
32.31706311609292
22.88838099114339
39.88688623217975
33.039079042538
19.1030343391356
18.160260093016163
61.96727770981835
33.12682969070352
51.181828092407265
26.51990119331007
34.19812594792243
42.15204368232743
36.67806500352952
47.35904181002443
53.10934032326456
41.15745255604733
34.480886626780865
48.93968315827537
33.21864567941361
30.972447977550548
44.779901896961114
42.94248038133662
50.57680713878337
25.155214982773145
35.246198113651566
32.92056803937304
28.684598581492516
30.258611289610503
44.88389402446518
39.73290986592153
36.80808186740631
17.31458626305607
28.30300375719257
31.36893313849884
30.498197178248056
48.872014939597065
50.06466248964016
36.607866430564954
37.62222287399991
14.693610712032454
35.46670339744868
26.26731113502799
19.82018297739142
25.73556245330461
16.259539871700905
43.59472475984858
52.85876306714592
52.34398908512025
32.54031386523463
50.758176773196254
52.80846766391692
43.546110867344254
20.467220843702215
14.255731458536228
45.01984533816516
17.27917605550204
27.078106545893327
54.5052816753025
33.472128416092055
65.6741614919207
95.29431368957869
15.629937187603291
24.87314380230938
59.883198719060445
56.983815922746096
23.14332249710854
57.53763267415645
23.29581106716562
37.99312350992081
26.975232904079988
44.40555870451776
54.23080872204993
63.67444921065175
20.278018546993707
41.540794180176164
33.34948178919715
28.37561014861639
31.366440870312474
43.40923534002676
33.43635790464876
42.19751161688256
57.962529238580984
16.52995877152206
41.576295454077986
47.966811296414704
32.94052108281845
31.430929015907612
14.782283421784648
38.73787732785584
37.723583065945796
30.953047372135018
23.864203722851407
62.5807715884651
45.21064412791968
38.582124886626836
29.88330683264484
19.41517390011139
16.571517900493145
37.94955430015703
78.81788606104051
61.7247030007728
66.56907763410068
28.554719690978196
15.229611957929304
16.844491847200427
45.45625967847524
31.93129633318198
17.941090991154958
54.635037887904424
41.8001232361865
29.691629354472077
49.61448015574775
50.528979060966094
50.114437786171884
27.70166492102149
21.215748617409677
51.849328208669974
41.78154431412031
31.940698553985236
68.63257243175977
70.14950933036789
30.47410233935066
31.793351459728036
47.89035867282073
67.840835937513
28.71132298957012
49.676996350155925
35.05166703143711
25.95430682040395
86.26134824599173
40.27897892248572
36.87102875360352
29.384962968447383
54.65765705908742
28.439871106487985
37.27505704161509
38.37399502428838
17.065213461358248
38.85620301007962
46.69247276099316
56.89096522942213
44.096335284579695
44.83720592277981
84.38904731509558
65.29692032453353
37.326036087440734
46.684610795782156
21.551824524443084
38.567444834356145
48.33700352931236
42.21031986223195
16.256245035498466
27.343086383579102
21.76589996877622
26.823870276210084
44.83781010290116
41.485179171620864
33.73087971761707
45.507951154321304
54.927286721998655
34.77252396082057
8.611406478883337
53.705277168829745
35.2801150907461
17.121417866572738
27.092011077613115
40.20970859441814
45.90224783753178
19.01112136988292
56.59220421579636
31.059628854895294
45.27086169003138
40.456506271509674
20.56321726439441
13.04322082574943
59.366333918096906
73.53922623825157
78.73175302964765
37.61820589332126
29.24004716466862
12.285197825031656
35.397833743932836
40.154785410987174
40.00606288958639
18.22520610004524
28.769080485234767
33.668287449879536
68.69402369980152
41.86961230261812
42.20476899832248
58.77208072782398
9.829799493232096
41.13210568946882
57.51934572198469
30.266460128467763
31.37700419628333
40.8137229857549
36.67980914742811
14.829076100087017
49.039868352304836
44.62100047478307
30.57304177674784
26.179486732286133
33.38622162485051
47.81443954515109
27.789172732427648
26.324529421182515
18.162007746233186
35.48482345867085
22.202173551560588
32.91598718182567
55.440560704334864
53.90296372789434
113.9890507448779
34.9528772324522
47.103508994942224
23.563916417106377
39.845504102029345
15.54961187441884
34.249130368810995
29.600452024092057
31.523150126133952
42.80917396382527
25.94477971924183
21.00379077056021
24.22114119778296
61.00640770654391
57.97687776595446
26.684421971918404
53.55980166179163
35.206780390358794
20.852153468898866
52.35677441448395
49.95668389048725
28.93382728556333
23.826796738458995
36.20423350436152
24.323178820010398
33.75447509068671
27.722455758510872
43.44408297672652
16.641871008610288
23.951258121091826
49.47434259829215
25.523684629507777
74.90259069932793
52.98920304754189
68.23554977562091
31.912552449158138
25.844784156241612
48.30600065067888
22.370189605286107
23.499479022001264
48.86190537763074
35.70323360147793
26.932974296626284
35.2831897641778
52.833096363087876
53.866197626674996
28.24083227744868
17.843928436796023
27.492831793101868
48.266889083919644
42.7752301636257
37.58756968593126
32.011483543162264
16.500978773337078
55.29523348899844
27.88626165048283
46.4191964099725
47.306978299507904
14.695573717880015
22.330811638414477
52.34197176717229
50.23570073925109
70.34852943909371
65.3391790762852
55.04515174553533
37.092316440436484
41.93857697592133
32.51881291721782
63.65534871241718
36.011767910883194
32.44844612398073
26.963469813963176
36.548531957321984
42.36626861261381
60.84279220803154
37.685457081551554
45.93369039610931
45.90482191775565
31.239399214691925
29.31301861415239
29.49190992848344
27.054240877787205
46.28526735191956
45.95484578654592
39.36331727269481
40.09451050677781
37.553320092444245
79.14735059806162
14.929499606940254
69.16852013468745
37.363123089843164
34.98843161022273
55.21415649236787
43.68461208847567
52.351775060672125
40.54149003951205
51.944648821381
58.897123756211386
66.69791264236855
28.575905554892966
22.49687654399545
61.48880971328319
44.9293122318865
48.05007859688717
37.578410624495724
22.384354560615346
16.328942333498972
16.836245103699284
24.221079510386975
16.20251923216865
92.51491180762808
29.623059060562806
61.39852507962973
12.439673470602365
51.88800217306094
33.232974605553125
10.675066863305839
54.04766520067713
35.6284553554988
20.09824900007774
35.91371963213578
28.08968611052189
40.37572832729911
47.69416977346725
26.345477757102554
17.52506081917076
29.779308089538493
26.86489504703346
65.7133354210125
20.23527175068893
32.34746314752472
20.278406861177658
47.4467727524363
40.953298992471694
37.255586955024974
59.32608014374038
55.44106431622593
12.445589775739089
19.888789370054305
29.025467625686723
41.2797241669928
57.561453853489105
53.72054389313098
32.570416699077555
27.063446000543482
33.21448946205649
28.882353897371495
62.16207551151815
41.62283030093955
39.168679345295004
31.73086696712135
50.12882924480654
60.130677242373054
46.06723045847945
67.58550091475969
34.7237368398561
25.088746327272045
39.93781475338737
39.80698714286502
36.672981056777516
52.39102949871083
26.230384739592054
41.33822054606704
31.19638616856489
23.34924606192177
37.25119739333833
46.00593978499816
40.58417913335652
48.6031178688183
62.90587675710797
45.3289140319451
27.142848707639494
26.33222866539474
64.28294491372878
14.502139676392861
23.746511075975537
33.98802891647253
51.37054344492271
40.97889552202966
44.54673171736868
28.19905415893869
24.376630457713272
58.918621181552844
34.05033531231554
53.5218716574089
16.551607555551627
34.049630801919335
31.605883771329683
37.62153130859373
73.09000891285147
42.335866393485574
28.1619319631498
29.411029184269243
35.06844861124802
32.369129165430806
43.19081192243318
39.00899992136163
69.12890463325358
27.482305180084143
37.13928487093874
26.373575087910346
24.623119786465697
44.604066834495214
59.40661865985371
14.559015543523387
23.265933668955245
51.83255854197966
54.211678319803966
56.62520116430619
23.711218475799818
50.30096794158371
30.807272872698572
59.685888753314075
33.18472474873707
13.60868937459534
18.547261552604915
65.66750226444881
75.57753746763328
75.72269042157247
27.04114359525257
58.977772413957965
57.8231695317438
119.40629522153978
29.120419739672133
53.2063123427333
26.16307961345728
16.943414345085685
37.12035433095461
62.942188000924624
38.198254931489444
16.432763855905606
14.214256072916346
20.24086606594652
26.02628631768203
22.83880134839289
30.784733906918994
21.837543539966155
62.39837270977593
17.499886579913554
54.369110135722174
20.830172591623597
65.01944657761908
29.61689218047133
18.68396008976502
43.64754107871052
16.064179665192786
37.65474789881376
31.27144207412777
42.70867402556535
31.869609015513472
29.92321681672987
49.112650784760056
52.62751386447489
22.282322616301638
87.48090656024979
22.748591527871387
47.83084532213249
41.22373829353613
50.067396234087205
29.429588882503836
60.021532613002485
22.07899113559848
45.91907838099886
33.910159931961175
35.07220157617814
37.28254398988173
82.58822557357837
39.100811818227726
37.74530587829449
13.743477161204757
23.8475513957996
20.499972962166783
52.509960839416806
28.10511926716872
34.68628967465776
17.47689317771367
57.9569195730016
44.65152969144838
17.02539686938881
48.09091731754344
68.78446954186465
49.83921854610857
21.43262109509065
12.342922506077207
39.02413960291696
97.39704194937573
20.328737275693236
42.18949016686905
61.9923777622493
46.1998566431335
37.80495627056268
11.543981753556539
28.394852113074432
19.575249825826138
47.58243886340192
70.88598625627208
82.1877291846347
23.573829466366576
40.97408742347693
53.927530628329755
53.772810867266976
63.80904700924363
28.88905129694792
19.542939115643144
44.95288196006518
31.957822446055665
37.642446170668606
52.701605968554524
29.56245593263109
42.960681593431886
38.270512567546156
28.90395658499662
43.96875990521518
85.81060692773191
47.4964731848964
32.62890608067223
47.87582596051052
37.304923397171144
23.72478556979632
54.56297881187121
30.373978221632196
21.753858742009605
55.72680108737976
42.653776213312184
36.37099277279046
47.223580347087335
41.85819053518181
25.42098591726118
37.920385084936015
43.54509602863373
55.50402903929588
69.41439039111268
33.607217531395754
25.285264171632665
17.01221011848504
36.24716795772769
31.382409877074164
36.89629365606198
39.78539653296769
26.59545885263526
53.52418676702917
18.898710711398074
11.997635806245363
21.39014407567017
18.689976134511657
43.9107685071737
27.22754014667734
46.01675418872653
19.02181730417261
32.44717761075651
53.65740422242975
32.20447442124371
47.983116403539285
46.60116708238665
25.806769882387425
30.24085490859877
61.113583543662685
65.08831424070391
16.651285746243296
24.46017980530913
38.073714076143226
44.99178207016949
27.64658882896483
48.476688234460276
18.514955827338756
37.991699419848494
20.5514925950338
47.58634353250817
37.07162085292457
39.807049821477754
32.800548691920795
45.190614675811105
47.15936427651668
43.15272743464738
16.26194831142182
41.43896389861245
47.484556059304325
24.57837052185948
72.61327981570732
30.883098190062906
41.41202086855913
15.26547794400049
43.813163822583476
43.83845972055214
36.213726929903075
73.56203946314503
34.389289358103966
37.621268346755485
29.385209882660973
51.89482529699265
39.732162413084275
40.85459922767903
56.534481951077765
22.842110105103195
24.467579554538137
32.828701926944404
32.700102099968504
22.448440266471508
35.09994558802841
38.83525546371138
24.441024532587665
14.821473178216356
33.422982088444904
34.72556262605158
37.39386682211203
56.291072749812976
15.507804938737058
32.66874363660704
16.992617180230297
60.265872643739
43.053854561243114
29.496583708039452
31.712078498644175
17.95536716847896
43.998956132417675
13.985290596916098
22.017043541902872
32.11781031469219
67.09466469590122
36.30756923149385
30.25790897962005
49.169676285685846
46.57699084627458
37.70810736849743
31.7264102298149
46.44146504264947
38.94560164446279
58.65132002437853
29.796635081114008
25.213996849181353
24.4945768817331
48.82164493310329
44.494761408769556
37.94779422130951
44.07686487336907
27.37920923616396
65.07348993633327
23.926362617378977
32.80316468732835
42.90332715453532
38.042426272720306
33.38546555331149
44.300033465834446
23.740040007591077
52.86606400874809
36.117942923143005
52.99810653614537
19.544569313608324
30.140070660712254
17.825723552212757
29.340198771193077
76.86181377218094
54.90804589456522
48.090289363134424
19.786487829841114
29.96927712657739
41.71953173826063
18.76907589147428
51.51044477827361
38.74968399845588
38.812149968144475
18.998822743511905
53.49015967420026
43.40419654873567
29.279564278019492
61.88412583702748
38.98188968556568
32.228537592438855
50.27440508321984
22.144891388647515
38.79386617717549
24.911383225379932
21.220217067743818
19.431151689621434
37.81629164290472
38.64422918956401
18.201833048132833
55.71360136311675
72.87154266082646
15.847832590731487
44.29909260105851
19.340123973759425
20.905962208551436
31.73600393533496
40.429693775012915
24.53191314462596
39.812620648392524
33.73462313631471
77.74125871959757
36.08500743247497
63.30715777391295
17.188315394360576
31.915164510704024
65.79619265719234
81.74199901413854
37.97113154763716
56.6218781259781
28.5294123660982
54.053264960967276
28.772697691686645
55.37455811895883
29.224667102459485
42.896760436531
43.046007197772546
31.284282290446914
26.652450303095044
54.190782558865216
40.22212343786861
26.75211821980993
48.279145674341756
49.51339328938181
54.83567876452028
37.744376693271875
14.547750161801087
35.239284477938675
45.785995566043795
38.647201538788536
27.570608280298664
27.56333732667315
23.65351880505638
29.372814830639904
15.8494490731794
52.58808411260164
15.87871344641281
41.35557652400196
29.42137372977809
56.46884233030164
41.43653337818607
55.032870707499015
25.939030772455908
44.52925973820623
14.776971721667273
34.083440247974906
54.68612106901496
52.03945907414666
48.48111183226923
35.028893829739964
44.1263193025357
74.38638012207711
42.043215456081064
47.37579533489413
55.4844812753836
61.24271266681796
37.924863567678
63.34129670250288
19.206683769254067
52.09670460153099
39.103358852291485
66.35779835074538
40.36861047662811
29.270193827418666
27.38229426473058
29.88594159733496
71.8828866487584
39.720252182493496
50.87561090942817
19.062221148714997
40.904534323088455
31.902733540825302
9.899916672759035
38.44398688660753
23.565319319142723
41.493380648522724
19.144704228870964
22.179424227080027
37.48473517507323
33.85075599767522
45.06396623330407
14.379131136120185
79.35188411742317
70.79370902707626
51.91424806515208
69.47318902822508
46.75266453231195
39.35067683061828
27.42925776487638
47.70531182864772
28.302534871077086
17.920127384590785
22.524270597338496
21.506879528708993
83.44282060227624
25.438925343651984
65.97368506083326
65.20387058306821
29.03275464826492
45.430559008198266
21.439948228583773
33.65099179925626
51.42937324029945
99.17185721248495
20.99516068786179
18.95287086221586
16.822356781518387
35.97866963287098
83.81192397622705
31.13774631042515
30.329197456000774
47.870155087283706
64.14581834966907
37.87794399283019
53.52303607388891
53.73518533635164
41.15135921655179
32.84817221178773
54.5951453391184
30.735366988427643
33.388162198071385
60.279777125187806
23.251809180591515
43.79261087126561
54.12493600143927
16.877048370257906
38.35687583819231
22.978544796742753
32.76026488155604
25.92290144654018
59.02562682640007
30.87792224633637
23.808645176813044
23.910943437314888
14.333060965676728
18.82771520211339
66.19068717989151
16.548451397842307
60.754248261193844
32.026961562057174
57.45120581316744
52.435262475303325
20.323555231914536
38.28898298421222
21.405254444335082
20.092738503674113
53.89207591477595
53.05776810583732
31.55503337527937
27.167862374004898
25.762810083025123
36.943872804209796
32.78962452374321
37.30287381883158
33.53632739357194
58.42693283435456
26.5102676205995
45.23294532586824
12.310377746846092
60.98005475968563
56.182071618833575
37.71061366147339
31.179142166450585
48.819445596632804
65.88375650753902
44.035776509552015
36.24618365534773
48.76859443723158
16.22483374115041
20.051336168783447
28.335144484944564
52.5962642177702
52.77639525905252
43.14337281708005
19.816566296340067
27.989742456258565
48.77944383978163
48.16456827964234
30.481400266230168
17.312986878485308
46.15173971691618
56.37651421532919
54.36199930092954
14.686621713297047
31.14891273701944
40.70501669812076
25.20233469817963
36.22822903619252
44.64048288270085
28.91466530079885
32.087947614316874
34.656135589687096
40.74289071855813
21.311093681047783
24.877839163547883
61.74674940745728
45.585534998410424
31.853723389141276
52.41467602951821
39.922201308811935
45.463016546900434
63.07076277901279
17.977432623442123
34.45847156278171
36.0765493645642
39.15030534822328
7.0571369710074565
36.133448781816504
16.8024269774218
27.209505678892388
47.01737767639976
57.03006302080198
58.11767287854761
41.175804227991605
46.26234430911076
55.275679472528175
54.652060034011576
38.17287872047797
30.224187029229682
96.79543709716505
50.33393583688655
15.140867038028619
50.04921846662471
27.10677457599439
53.99875690137961
29.483809150592695
31.90722156816017
59.69625287145729
53.455860994264604
20.150562366769186
33.620108333998
26.814823269498717
33.223560470629586
47.340026969297234
72.18530262572122
14.815096254151616
64.92143607023498
22.93696837262293
70.15304457925215
32.27400081495965
35.047635796596715
33.304634042122174
22.335867575462625
40.91787165707323
21.05262904787261
23.411738242549305
43.50421087684312
21.842629201535992
47.334855974602306
58.95536792489936
38.6023428995623
19.079977768157576
26.056677936105533
38.79161382455013
17.817223624039308
69.20230084566222
28.188509781209696
54.73086513001072
13.849810424148451
19.530106796881604
63.87567769630307
20.892041462091274
38.546017949212995
47.40491051045975
73.27489017379153
50.97874606277284
25.06861086156804
43.23038175572831
28.470172021714134
31.93700806184857
64.0578454780843
39.485027964849635
59.12725283953408
12.881744504084827
51.32824714286588
36.76242831970226
31.90620326230747
29.65337379726743
65.1045063884794
23.966809125575207
46.006947413174764
70.04128408609289
34.50000639484835
26.489734197680676
41.77431475658126
26.06462977988404
53.65232047745271
27.369020141718448
16.857844901521137
29.90127915328509
63.38640074774155
45.67495647548883
54.388401971361766
24.34665699643619
36.50300356337669
24.6005707091579
53.16175563206631
36.01313602760119
38.40103468941889
35.96044839717687
31.74833292713973
41.25526522934243
29.656527327476752
19.39671729630763
21.772365794765523
24.652751693347106
51.948196483751154
37.061434320855945
33.625673933942956
60.349645408770336
27.832498455353015
18.447412214203215
56.87981496722436
59.589867983571075
45.80435031091909
33.078481902110155
25.403588588553262
15.370426909442914
42.19869694467044
30.52457569179255
26.49212593240973
27.603437976015282
30.237638485331704
33.60436783748311
30.568939755153025
36.2723254640543
23.358414698682633
49.344926171663815
49.73855722254473
16.654843911714895
37.40479762336225
70.20272592060891
43.77729278448136
49.01771153024519
21.157931347814035
23.782766405240636
32.74691377593521
39.36977665035832
19.036286355576713
42.163185123080076
29.366758212346976
34.900936785198326
38.285231001599016
41.0843185256663
88.66374280958274
50.74982346800178
23.613042704918826
39.72109118938867
45.23150503819506
22.57818967429845
37.70712371702217
28.900767192179156
25.403655730428383
50.35712425749972
52.74383992453764
16.60117129264359
43.018817863772625
50.163721545038655
20.70094642565078
27.3574767353285
50.84509403960142
14.33919249902803
57.277374530331294
47.962541369350184
29.128036427210542
54.29402365160678
17.74015437051298
56.1881364833581
30.041870122808618
34.93666326097992
22.955324560258077
34.37191894436058
64.91857445732026
55.31899343972986
29.63634951417855
34.37992503918407
26.943248041726996
53.823498864376205
26.781678681704037
34.815626750281915
17.843389866519864
71.50018449217107
72.78810800208873
49.71907203273865
33.12312988027836
33.11892378508325
22.690388434880695
34.68819587486179
63.53895224260421
58.12697388861983
30.23471696581858
13.259399012661833
15.961932954829884
38.08879936261917
27.81916481927334
77.2517052318029
64.21599409382071
44.02556516580951
18.827266972725536
36.347381488349214
38.79281826618111
26.62615630748007
49.107236316608365
55.164828290755096
44.100706280959166
33.66400207579382
48.95048765656955
28.23550583052122
73.37831634629842
23.204307482266557
34.45394950467714
25.88787206196151
33.5247733871014
49.193439398354855
42.10838595018464
26.991300979053456
26.938424040611935
29.93776512862218
15.145739182536467
33.99885961494278
28.584404683531567
32.116036962211055
36.98025293235804
33.7175166135379
55.50690301714272
49.46884455037735
41.27683450712883
54.57504453764324
10.724343532429494
31.75874567936326
20.07956177754405
62.874937248083526
51.93772186134174
52.70954580643645
40.57042841804525
44.037190659258215
40.073349489689356
76.9657318535442
13.435991084916543
68.30603093967498
22.937000308012106
33.75177820695164
36.15313451479596
51.34802810161631
13.740835779593164
38.17684534818052
40.470814658980316
71.23904893294441
55.38493898078794
37.23563347295066
36.20911327616334
61.557525611834706
82.26166989197444
36.3225449038144
60.931511649905715
42.19214720274034
17.846719270090027
36.788530289850904
25.03833653018931
20.01525385173046
60.00413916659447
30.459643560878995
20.661896363305253
51.46054630800104
34.10400582427957
75.34299921491352
61.46298823918198
46.2794318387826
41.27572981076767
50.22392964623502
27.06177050103185
31.437745317057285
40.52050038378784
24.570006018065946
38.859393949258966
22.222169553840782
35.208895823877576
18.117914462533417
32.035474600769945
55.48858573105133
33.03812617738126
43.23416704690876
47.85679956539916
33.696750205270625
15.239324592509638
54.68731187996324
34.259178187258165
47.94752559321435
14.250812304962936
40.379395877370044
21.13206818464067
33.94961743097615
62.71171035033687
73.32955314689332
56.49520225679356
54.66092944109127
27.925748837471076
34.01180921743266
50.45214704361162
22.790025886615556
12.662032261693955
22.04377945388391
24.101747738747775
42.48593486599689
16.747843746606318
34.979401613486274
81.36455187547384
33.40535366886026
37.86755853235702
39.960609145312276
35.85752625986965
33.27812448937313
44.79172915316446
18.148309924164067
43.37428860632046
25.82511226332044
35.892798820700726
74.39853468344356
40.850207819549475
35.749854398451106
30.66474918054885
30.507216393379032
58.12849173477246
36.08171948442377
26.250878759168177
48.75428778285387
46.488964870544905
32.318284319054854
52.15171600989951
57.04367785410096
47.558884950969386
41.835837398414945
27.758311781040124
51.30790027681059
46.16989419861823
30.453221064607543
66.0775873993566
24.07339505166273
28.350541543555284
62.90689788128086
16.852434193264017
56.79837503796632
28.131140420617513
37.95837206429133
29.190459851028944
32.66596311683284
32.426920639448944
61.842634693840616
43.24145923294392
19.298586383393975
14.643933019845504
40.52296974440202
26.611110334160426
33.12827043201306
48.81737333332832
58.51433847217358
21.197998728920183
35.1040724694152
35.0103084954709
53.441957972645994
18.352421841220533
55.476962471871225
42.95078099218347
32.21260536158468
58.222383329065174
45.56850033936858
53.69047712378491
44.89927036720717
20.735912820913256
49.17947363696189
18.49316574574791
12.388998423027402
34.499555717386606
18.99335421248667
44.69607113758863
28.5994166971632
62.20266174579044
21.784114263893226
51.56776200329081
52.401542250038716
50.891961838392085
50.127675605288815
29.809135408023852
38.899682978159625
28.994372013433818
64.10035047088851
79.64262691095487
15.04503158763957
26.170902714889106
51.95695620588696
44.925436079524715
27.752237832871142
52.01899497308777
39.51252776058391
46.080014036846286
28.960001221974963
56.618981013197036
28.25312011357199
41.89289162213789
54.458276205481525
39.99735647282939
74.74584813899246
18.95374375365879
40.31634981837197
27.356899771345788
31.547665529807762
31.07933671909344
31.37331904833681
33.26861482527136
14.706929766998503
30.53066998727007
37.83312377707379
57.526380247270815
30.289623771837874
66.45932237565782
16.28188060017156
31.734310297437347
53.778153852343856
45.1007086812753
38.186021139038786
40.6437122334902
42.398072700472596
21.916995450086155
19.337275430854
37.78947218529783
46.432214346495954
31.74496664762916
24.144494568497702
34.551073806946924
27.778087289400872
27.049312527851143
28.531901121054815
82.88302529208276
36.13819711721744
43.370831834522264
40.11948936608488
17.55471428769869
43.83072539627316
95.38943727421324
21.951160848411547
54.60998915795911
32.06218501637627
24.680737419073715
58.20487499448874
70.80954714861917
79.67613549955809
52.860980156308045
36.54597287227187
32.96654945229487
25.332161743661676
34.25050731266994
60.02775465775564
29.83196344331133
67.44264999869138
27.46370945105926
67.42333697085681
15.527097532151057
48.328756892852
16.111830725707673
24.122918352782712
46.566023753162916
46.277538422172974
53.16928557869352
40.7918893438085
23.960230548349884
22.73124713229032
73.41316206397856
45.32030341671993
27.01897733967924
16.621415231291838
24.59658311004497
18.075826619405778
42.261108086626614
77.27338643954774
29.238244601928955
13.744040144255532
80.47344035808824
32.89678553547724
53.946232358985846
24.987377426009225
39.23432861129811
62.795296274181425
22.267545646359736
55.256191553919976
17.6691118398113
65.15833781072331
19.14342309788368
47.27388482661812
26.003317649671594
27.177325265782276
21.814032451297745
44.028130852302
58.42421331759689
17.468967842780128
43.47317124137845
33.143449715594855
45.97646452302799
42.874097612617575
61.46879754626035
77.55164905322431
49.08287800612738
39.65845015635325
61.95917950024399
27.284807574722652
30.96431645945239
13.79060677667531
66.25998574790056
13.326935294607045
48.13611637733364
57.08715173278487
20.71707607382368
16.642185504849145
38.97033948639478
31.397069930033723
36.98115201218266
48.10316034823256
36.13156506660117
24.07565888327631
24.864293702857402
35.65029953274276
42.53086161431715
38.71682717319408
24.48885556837657
31.144885731525072
47.643900818065646
32.41038648876706
18.214332392919168
21.488068146683464
38.59225295361918
102.84527567089145
43.43258031713634
15.216443279653133
64.02519629038676
67.89093656876811
23.19289598264791
12.170022965834336
43.38900035258344
65.6175317053049
18.856765377376977
51.796442842771654
18.192773454906245
70.25641014140092
17.592902132891204
27.836391263385757
36.25143945469159
19.144924198172273
72.98992642568366
23.88103099673636
22.256968943076966
37.04155601144456
30.806293673593423
17.6730101597363
20.896053051926657
40.44332843674971
29.09454965400854
42.28035024571698
26.548431653598005
23.684122597962755
24.416349997704003
19.338597929408788
48.12267480215242
53.77587911404134
58.11144136974244
28.50400389351463
49.13716249766947
40.414781154232045
52.36744243437671
43.05483319171067
60.89391534013683
32.383322922762524
41.573223859032595
