80247.48166550088
1354.193701398463
48.24078998029609
48.98493237823342
48.69162894116776
49.784762018037085
49.30671652498509
50.18583430265472
52.52305224458746
51.7123488130094
51.29218323490498
52.87186058123911
56.24452906353116
53.403320226488894
56.527363675659615
51.4170536586102
51.34881940431462
54.73684459153804
57.24554284032101
55.58460603255675
54.76146143142369
57.11038510134565
52.37901486942371
54.426715524595004
53.02796110260119
54.10611114102381
58.61076673056665
53.0299870894766
53.61136495029113
53.73291697652851
58.65144160682033
52.96437851618691
51.52017411717393
54.41763424358561
53.87680247025915
55.413896091967665
52.8418590134076
53.53156124089956
53.513404071808
53.701128510792806
55.03952440487674
51.21705690229488
58.44740609899091
57.03745550365601
51.40928465602825
50.472077104584265
56.6847967959923
52.57428691506639
53.10069109695239
53.06187349322382
54.25278533182975
53.38653846534627
56.53640826975901
53.92584877872271
51.87425117411245
51.89004221871932
54.988992889812046
53.39039340392036
54.07477705483592
53.24404893731106
55.50439830553606
54.757745215814886
52.755047565197756
56.35585345107766
54.862395063479134
51.87223296251778
50.02967331194629
56.177318699645184
53.55647716068826
52.78798909145864
52.24021355615006
54.5670107291971
56.872849425564596
53.21878368782648
53.18291046052137
53.28831453589817
53.09337168014035
52.072054324816676
53.12490224236796
53.87941148787686
52.361074921429406
52.760848729346215
53.860275037218656
52.05426122482947
53.87261309704659
53.65266693635562
53.12374763441287
51.82675437771557
54.857888218264186
52.57868684283171
53.32342636346199
54.66453478260228
51.29987571297445
51.477531374424146
54.62843348276866
51.732179483668546
51.22960304556573
52.60622446098586
52.07157271003859
53.44010012717934
55.45859028712372
