6548.860617303414
5727.4122037240795
5028.695494129642
4563.2067980175025
4120.249305319402
3797.5264893823164
3711.936832626737
3287.0716620999824
2705.0634646186404
2295.423421323115
2461.462094468553
2248.1911014669804
2018.6532427055474
2027.8980196408106
1895.940115232465
1528.653899945527
1621.974206558668
1277.2002653421985
1408.969926234991
1132.5135260927245
1038.88720068449
998.7295285123392
927.7147837991924
731.6237487258976
742.4873990614974
603.0880835368868
621.8063314004005
637.9910807986417
516.7101309804026
522.8701483928371
447.660271159599
403.2417015307318
342.8812004827899
329.8889641960042
280.0447959058089
239.02479253293953
268.55706999854306
202.73013447993043
223.69062642049724
215.67868352345187
165.33139813152425
140.64654096805987
159.76594597269752
155.35438537602573
149.57616975725807
129.8830468325755
166.1162442002963
106.59309915576868
116.42736734599394
130.53881740374555
85.53094555927635
95.60010339349034
113.937294034571
98.95574958407124
91.14354560332464
129.69054159041627
73.09519979005258
79.6445448165329
85.48930943447695
104.34976405986656
97.95269016728845
92.74034390539774
102.74490886804057
86.8615835943772
70.44756554141826
121.9507353438215
108.40113397161264
98.35375984839617
84.18170490310298
119.08618790824531
69.82607346577576
110.78047247941076
106.20871664943208
81.05139332354622
76.72426411151233
122.64654391107317
100.7341206859395
70.50500801032011
89.61769457640071
84.35397744880952
58.9609218544091
94.49186146101968
147.50309522721855
143.97970436224833
67.74456764644093
172.56656633901196
98.82647450544452
129.5968467740269
93.78874228267652
68.8991758898985
98.32801380354105
128.18295702182968
58.73177971289203
66.68025737114101
115.96496499504055
88.86674800397434
90.80357652351056
110.16393797798214
67.79876235775973
89.39487026605484
80.79224126721748
106.53018208784188
79.88047090033888
135.1886628325578
64.68468624025398
111.40810967670076
186.9291439493824
55.60930854822714
61.428231441708434
78.94811004434395
68.71554729274517
103.32627868571416
100.85026717759744
92.35976850237027
90.9336972793411
129.23230307119954
82.32451090941565
101.19565735436488
78.59196708184385
62.62129294817333
89.87342341109162
120.36832384517149
132.3689737752756
70.09665422217391
102.464339102803
60.709346838757874
68.88341620533902
100.22373798824657
122.16991995977868
103.10429708570707
93.29005234859001
82.156830982233
91.39177511578936
80.41246987074105
148.90705219441682
66.7518725371016
68.1151136425212
115.692435243224
71.42240048608048
67.29961233541165
77.80607444742472
77.53250237115968
74.95549236790305
76.56061260423101
90.59225085815
77.42627939196124
131.47011120131646
73.49111198624715
90.92364730132051
76.37846783363264
149.10622486755605
64.00056660285209
103.9413302173098
87.59185287297142
106.01893383529428
90.31040764732086
86.21462682501185
105.28295453519421
68.8372872621679
76.9554647975342
118.01699290749215
62.482420624772615
113.36165267138665
97.53235144151404
88.81398912806158
153.5894547248978
81.85935573793344
132.8488510462937
67.5741009470845
67.73579218281961
70.2367292470009
73.18748388939125
81.13760027537248
101.74620363362976
108.68596639717987
91.74678582682607
154.31871435576764
148.44885124762752
60.683826142672274
78.11696847660559
76.98527522807906
110.47236872872436
69.74482659242479
94.38701994055118
91.48172853403969
61.457675977479894
111.50634957966207
113.0391943605482
61.55074861393951
84.59516824648249
71.66896461935659
72.54611920004321
72.98461468454316
111.37548909158892
93.70737229062425
151.76318632532897
102.90619479289906
151.8612929885293
120.4019366763118
82.97252316486102
67.10378783444796
144.17647724337888
78.42086476149179
84.35299560414943
103.06097406683583
68.66106716782288
63.12105451094274
89.1021634790195
62.80680971752983
93.14248283397175
64.13270595516057
54.77322903887066
117.84681216646817
89.60555370513427
60.94624266356862
109.20030677576986
113.60979186943759
66.00630410784379
92.09012577109273
48.72728609315496
80.21899058982021
172.04795209568096
76.09577462323756
119.3389996723789
92.49114903120358
112.90143869158325
61.439054978576976
88.60923795773678
114.52421075169454
104.51650512506355
105.70900146816093
125.60514893834038
84.37133057203104
66.19820904627673
82.2075635070036
84.0805513709052
93.47310093873064
81.76741203581348
68.285190032437
110.18611209600424
68.0793073242686
68.2923740516434
75.13070139785319
79.4409225976022
109.62582033488746
84.04514680855276
76.52172400721771
122.09236381146809
99.08319456561529
125.15294135419397
99.2238479080849
112.01861344825761
172.62512802888025
140.85232610644195
143.7017539057336
87.46801630876155
75.33953104037698
95.62533325368643
87.85814915633885
94.03925463337765
126.10746645248614
77.8984403904761
67.1000675982639
85.84912613961693
126.68836890958704
87.57835785992614
54.162064413602366
93.38177692824227
83.59802677399088
158.06190822733743
109.13507832652898
66.94959751103423
95.90404467602812
86.69789073356297
126.99537732945412
64.45204369982687
73.79292306306067
56.939339043165205
91.29436911138382
133.64428598783442
137.19511155123035
70.25300500980494
77.93232325388622
127.59926219421833
60.79234052567399
91.51877286379775
71.50035262644552
102.7220892625001
153.8336662331398
127.227745853418
74.76182593217632
138.99135887499816
84.28516588150606
71.94327112247363
138.77348730782327
62.28344407233908
89.48772069662544
76.00592963940369
71.984586672412
62.41855322490325
95.17064749677517
110.39573068133734
65.04426825199955
106.62049903443626
118.94288696259817
101.14251486522987
65.20319116431502
79.26699401371627
93.41470432054273
75.2099569355795
49.79674059585417
61.568639622225795
130.84105320273522
93.56076945555249
160.91961344058973
114.88696458704008
79.56080800060195
85.34526444205443
59.3764688796733
99.20035790080478
149.08917275576366
73.94317107087288
110.6824707404387
74.75497128248566
50.30794747984633
104.7721445354851
112.19939630338318
76.9997894809493
98.95005064307043
114.52573434750491
125.54061702400439
84.9732501078986
134.59649036017117
82.67273415079053
130.65509933590155
66.84931468440604
75.77059027179853
63.28003058779599
107.07183651873791
138.04911339276134
59.44521330081459
65.14517287334714
73.72259865391592
66.31405441422925
82.55441350111965
70.25594690417539
85.96583433003997
116.60706154608029
104.83133632669967
72.72621363757766
56.702080761129324
86.86472650705025
80.11219615823836
125.77057258042362
81.7616835467744
77.22086078499593
59.287927116955764
71.74991614835061
67.79011340715766
104.44520275476019
143.10195591664748
107.13810871294439
75.43219076427677
118.86787991059033
72.68998194562674
90.89106671582893
72.90416639635025
89.05916634114203
107.3183803962348
54.015749215383316
102.7479502691073
67.18437925714375
51.23346086045989
111.61585591147562
84.17329164392089
106.15118162538164
65.14232774231351
78.16503749460546
98.25411363150634
71.23697474888428
80.53139530392028
71.42464913153542
57.90092620659533
104.26900002516632
55.81692469801103
58.05571970559097
128.6282491470545
121.29222122632983
71.19773827128913
114.53650335417626
82.61907514123178
115.3327133254352
86.68478591893481
94.55265845759236
94.46726897162608
112.23219427594952
95.14009306051457
71.48710219705377
82.59842811857541
121.00351042508049
146.31002196703312
73.4129910205032
92.42674294073076
92.73824562625362
78.66300554664848
78.17571569565452
107.51847445893871
96.31224677297969
91.24246590978456
74.57388056005345
81.2551517997197
75.23273306659189
129.32978815627675
94.09694055464819
76.52541731176564
66.12806875453568
76.96827540372398
114.1004724969265
104.98012729532739
107.79892944395124
72.2849424937493
116.64841429073873
156.3546646164687
104.88076312281925
105.2867372592132
108.37106585661036
72.56437823423676
83.54848470421562
109.64104300635059
147.66187641951376
68.3808239733541
83.87332855051956
140.17003632281683
64.99560847837627
100.60419341323549
76.94979626065705
114.16859539316515
128.2721558071146
64.96388399248633
79.40876973763689
137.60022415695065
129.65316258079486
69.83754030727943
165.19450740108473
101.71873446357242
76.05992168723952
149.53006894812785
85.12239078248133
87.12650020795944
94.32246437613992
115.07937138638478
63.571171512704126
103.14635064424529
129.1658410620901
66.21425012295794
63.51115907206463
96.86388008657521
96.76534724843671
73.58234100852044
84.79907886807975
95.8822603664832
70.35840250045759
107.6393956886641
81.30212113924102
120.28958751323037
131.7156845443784
90.44509750179265
76.77169443276057
90.38703692620463
117.70184330737649
97.82573698874279
87.08673094226734
73.95631772225826
129.01451596549578
78.19043811806243
72.39253546786897
79.65576561706949
74.34113145496016
59.880103805674054
89.93800091374966
77.34759693201592
86.88704449725634
165.94595062139143
75.83102138336402
132.7668341338815
117.74179601213194
95.39268539538809
99.32874506564478
131.23512838940306
77.69428473354365
78.67937189494276
110.21966989300299
76.08089826813263
79.97326784639806
119.79687451451552
71.36932914302612
108.92017783440744
129.74456264734394
71.33116323696139
148.96876862054563
67.41958084324105
79.53765549526678
71.70472836362211
52.09269644119392
97.5514585387584
94.87738942968116
133.31139991643624
80.93115878177034
67.49666785667777
81.88397967892837
82.06057190481286
85.37122522006214
151.4175945830629
63.71189084668093
81.45075154446475
116.50135375156283
77.89754570609175
110.4631768926697
134.11834580699426
85.43097577601596
97.62980278336732
75.8077554797987
114.62165699487706
100.54284895595693
64.4346109362347
56.75730904302695
72.58456535939793
144.29686512074045
72.69591139278474
93.36341498973226
84.508454220934
64.77910587532092
53.97527601552543
121.13663176292324
96.71541139935002
117.35811191960579
112.09450569652695
90.59607839102672
153.98352381208647
106.74780684583212
97.31350561572391
79.04675061097922
67.10859959716339
120.48084880187506
100.25630900849829
96.73537450476061
124.1856589008234
140.87413908643381
72.89633693368302
119.67032164519729
62.98098559892373
126.77338587574852
57.53635437711846
113.80221453001734
81.52406480806506
90.1490562229158
101.51364248216508
146.92365710745833
123.88244798848835
82.8667664662314
113.45980921463648
112.81111462235106
77.84781833449043
109.6757379316686
102.00406957608415
160.36837621065646
72.72833499713956
70.57819633186983
92.46985521181914
108.86734774205928
137.16175643275116
119.10899083309249
115.33640959419995
75.21402035205975
112.53003090411026
88.19809664336725
94.52446811217929
110.71055094248665
108.01580025148603
123.58448185682562
107.29735089844587
116.790801643783
110.14845210724538
60.987382452047825
97.52249564644976
77.18780071617618
80.2920120172895
72.17611871851688
94.74991176226959
61.86166025509009
114.39510183689627
144.35898837342228
71.89970261979109
101.0086348669287
137.38423251496755
107.3717013681603
91.80352923607029
98.99617169743794
94.38506658325713
84.12484502987309
58.563737884977826
103.47445089017013
70.1380608163445
150.3366294233287
102.63168692212763
65.87846148354828
80.76429226624872
97.04148513429463
90.56770105500664
139.64089443680766
105.25720389508395
103.93202069945477
61.492239675084534
72.20434582476459
84.44760747188911
170.63411173549764
126.72384773310054
91.92342035166867
65.85952797197648
73.49921047431125
79.57639976323252
107.7164788945632
74.83960431255784
51.24458492766365
85.48239068431388
125.49358277015823
71.00509788235574
145.21306581091437
92.47651596959969
138.06232668856754
79.95118270495644
103.92612900949258
87.19606466772555
93.16476286599232
118.70447277684086
126.4390818072262
94.49452054826789
74.06892610382985
88.49428047293674
97.98932939261465
85.60364857429818
87.53100655239074
88.85238685243655
90.4654480541552
147.92734030333992
72.00101798032878
89.8759362000828
104.47869016098126
117.41427331608898
72.23706591387185
104.74187820266829
70.579772911675
110.12846391065582
110.89676808379821
71.25256694560277
89.99000154144788
53.819246849131595
83.46162526362474
95.76154971608361
61.367369036348926
63.2640977422724
133.32252496484307
95.53485906181484
93.65756333282658
76.33281373655105
68.37714007319603
63.842816696699145
78.38826105421049
115.28945910404194
67.77659283890617
124.75602745691614
89.54145568601459
68.29616814946381
120.31958272436884
111.462000703225
135.76421118948585
72.78911342769389
143.04168106276006
81.73736574170994
116.04415148719657
76.84166091074586
117.17276616489609
74.08231876522369
77.42359720050177
121.01231074659171
153.8717104271256
140.40041135734754
73.00149768064038
80.9697554732572
101.36667737651086
111.61473068410272
82.18498274460136
60.2013660992612
78.66832759048218
104.78913371245515
93.42803514040709
63.76404419399889
65.91424406746115
82.15203524499876
94.32762983650214
140.67760616670247
64.68239607458987
64.94717133275108
69.36932332778966
161.1290392745952
68.63460313264997
86.8403094652221
130.85862974097293
81.90086320928805
100.64095103994752
95.81111739623888
97.47482561607997
94.53983877227033
164.33894361296214
76.38380755786348
71.32691592936277
112.96647279444187
61.59247787646096
85.95717439182988
78.73232886614335
116.90893522402177
106.79398220293155
91.541527241479
70.01415760055481
94.06770816749594
89.53490765321637
67.41993916207625
95.14635866772888
65.6285833770734
80.0033223533442
67.322388663346
89.34389519609599
51.134405657787
88.51153870055478
101.12671592143343
68.04007861360994
69.13455195805632
105.15238941320264
113.72278942527092
64.39424835930238
51.1378601086837
94.57002777061977
116.78724109983705
110.99765700364547
85.13719573708536
92.08310953123011
98.24404331941913
98.92388816505748
69.8788264445594
95.01405338553637
112.35384310704057
90.44292192899125
86.78647233544292
89.35900493359806
93.73891268680487
70.53322275488513
63.2988190337748
118.11065581126141
83.45684785674403
143.18801724248254
69.85813496101582
69.26596053976739
94.52263146879457
70.01156988080457
121.37755676964443
67.36390038446783
104.48786428983958
97.7294329917317
144.53273125983316
104.7772386483469
73.11221543598346
87.47008295753844
80.53887716039785
155.68033252300296
58.46327406766639
167.6451329517471
97.54150520270292
70.34263509911361
77.02791578529107
66.08984316833202
92.13784764643596
82.75155018016149
94.77930846959853
123.21754650738363
69.3407274910088
85.52792858657274
98.51792602228346
142.9745898648953
74.36001829138841
150.84616707233832
57.265486581250066
88.72926429732162
91.14710341774082
134.83997450899182
80.44155987211717
76.50745919809782
77.30335663723181
69.91692573108294
97.80804650447503
132.32334061831435
110.52889668040562
136.39336915266634
101.40098882077588
65.49054978335444
65.35278354767358
108.65057792430044
66.5446614964444
78.30468812381697
144.74773084205913
82.76341960890933
87.45768949669129
90.70513591953416
88.36021315914824
121.00950911547963
66.70749728910396
70.92841704584676
61.607108282499745
83.47045988207155
74.82298070579554
110.23265536842608
115.72668080345375
90.34021177861285
92.13012024753137
72.89090098380062
102.87243807836775
59.35599652127741
57.47939535773035
166.3254162456402
84.08097957443664
82.75994426916786
116.39307967986755
128.46842221076943
113.16088992787114
82.14196043104577
145.03087374809414
88.71678952113975
102.50246508538952
73.09998601904243
92.21830567994904
66.22266989961435
65.84453220876478
95.99668366096762
89.36648213872796
67.21758395422242
73.04126245204165
98.69142255862853
117.84324806510679
121.66072567110709
108.11392391617123
74.52784600199122
104.67937382734509
112.18912475352919
77.77213270574451
76.26734679776949
87.47768969924377
103.45204194635771
90.06554619670376
90.68498860662143
83.95397153664088
120.86998930418144
81.306013213144
46.366659792168264
120.13035645676725
94.13973171903991
106.50440947901971
74.35102459527018
60.15028930568225
92.35544966295026
112.5971030396252
65.9164422242011
73.43875495097129
113.81927689722082
109.95184254447604
62.70380658116807
117.47412825785408
102.44812688945997
99.08401496210024
101.57552140077767
77.03569030071287
181.9991183708655
88.16252115816356
108.83810828007978
82.80091787641607
78.73670939402936
63.21723474093618
63.98649195391039
78.72311760997869
129.0759543141912
114.512263653033
108.39783539438284
113.16591383434731
101.03021013003402
151.14646155408403
85.16089051483662
122.22889738599127
69.42346072216792
67.3943230351878
108.57001678980124
115.55125610939827
116.0530740833962
113.57810593286884
81.87988301866915
133.169740157589
112.14199410535954
90.64801038046882
64.17844403327662
107.44503283332514
108.41001493147668
157.48194116415962
77.35471844167658
112.94739150472786
73.34333519022451
101.25038230494067
86.17198352148117
78.73099352563007
106.47138281146215
77.06654302950243
70.93226001431736
88.74320180667141
136.61537641635394
110.7929084929679
104.58075057378507
93.39704020631132
63.414083119951094
92.55887818128188
87.59700359687143
56.59617455001974
98.15942759201566
84.30773388180947
107.51434548595226
88.03841450219852
98.07996213396764
67.01252298559658
171.61066713028163
68.51602125637581
103.0057757188255
115.19414315566583
71.67081938991934
90.501740083995
103.22867218148768
65.60500600387547
148.16446033276904
96.79190978966767
61.55822249460239
86.84568967962075
139.55755976023033
73.47520417367437
122.40538158029024
114.3502784262389
80.9375768308372
83.65674219047762
66.94427332120053
92.47445112846272
107.26506551568409
73.38396645283929
75.08997806678619
110.44828081006702
60.076617972790835
52.37890975065852
78.69586958987263
52.100577982504184
74.57716965583167
104.89363707481745
75.8328450766671
73.14527278489432
96.95673108402346
115.2962718006892
91.52444515898468
173.49528742013487
82.56520280321664
108.505453115333
64.67360991370923
64.3654627646722
93.29765498497984
74.07175259523092
78.33305944955826
129.18465647317012
88.83540143566393
131.31832918457334
105.82328562304686
77.20844285676218
156.73601983439548
77.49256345156122
75.2969398816854
91.69373038855987
123.13925953312574
73.07734615814555
68.75081368281553
97.45824077854245
81.08295853375861
136.26000164748973
70.62144993700971
103.59454733072685
86.99072993062683
97.44667213954621
82.9532783914652
86.02258898008066
65.7722790581976
80.48536646040961
140.86084430416085
116.39923749925669
60.385133526347964
56.46493718991351
63.972755521971926
132.50616659692417
94.73781876935202
103.21517189995195
71.22138540735877
61.7601681475328
100.77107559532945
52.87007681470415
77.00334442549705
157.07763863101337
61.61823244756335
118.32245004465574
86.84614553083637
109.05551375949001
64.14381924914589
80.19404604460094
80.69502707309567
71.31142432598536
67.81205731514962
124.7277355776766
113.21234405432803
61.40031960254942
117.6432207001213
114.90459130842521
83.01940203838195
108.36150914565673
71.0836188771723
59.36861249096083
63.52335458808478
65.4199489512947
119.97495272242504
111.91200904386986
93.52467734025645
81.96175638210688
138.14947063037079
99.99653705325862
129.54719050887311
109.65497111268354
79.21257087673209
113.2630055063306
78.15516644135894
104.97091066018353
103.90313283432704
87.40464990060323
99.91015523892715
79.64132082756441
77.52517959152527
66.00681219164802
85.53540471179764
75.99995723405178
97.25796073179569
95.36214215647965
60.11794748354714
62.021178620216396
70.24418244218649
69.33970673046332
78.09978943870964
255.72282632776057
150.24749728525936
83.41735353301586
46.26570194596244
73.06231141676321
74.94688692514472
71.5195496205483
106.05054016437607
107.09728708438035
84.79514909726507
58.395855408144435
88.63043918849712
74.88689233523822
60.33642856340345
98.17629429036994
58.263672606612026
122.5741215383731
74.99213100337063
85.63204641843663
80.19677280648048
58.043946616532146
96.90878326896559
71.84846767566822
67.05935777986012
59.371644152546196
110.3273014026968
88.10241456149045
99.72769849193367
103.8002468626322
61.40544849544251
191.19687727988068
45.61835029301326
145.98654737233983
77.85441134274382
93.32368205420177
98.11531994998688
73.97116403854635
135.5720887554152
180.42392602049415
105.43892604685006
75.42117067583624
89.59461368936927
100.87707014799125
69.97542679292059
85.57895520957257
107.20785106668515
94.6317431197886
137.47800918491723
126.84186247348583
155.28009257568053
128.76422863114198
93.97259842250612
98.73467825383932
69.46939940468889
120.73927109055815
60.5266874304824
71.2411638811944
90.10375859442995
80.23465553172427
103.36874437597191
58.38456973211047
69.88081497281915
115.37458844099307
104.40165148037264
138.77802252761848
105.84631507031617
122.65737153329313
116.77369980440781
127.37258830557082
67.1609030534393
92.25314774967282
118.9382536196376
103.61961728603748
87.45381932667384
96.3771102795062
125.89665893026918
81.11931013635608
127.37779688595103
91.57122544213226
126.53555198486998
99.13026350643248
68.3190608750121
68.20320189336176
101.40040161835265
109.90851650756667
135.45822429938255
73.70471841193964
92.98459005548465
97.40197589581682
101.58932264971415
166.43752955231358
121.73810404582366
79.0374368438506
89.6256336691784
186.2933551835737
66.81146205505667
59.282788948008715
129.71593644686166
79.10725718918383
78.39544487676933
85.14386456345548
88.41975986622064
122.66961384850784
111.47303499714734
93.0905953244605
162.3708641103256
72.99558241109962
79.72782748026772
74.31310765040928
102.87468725696378
50.119836195263986
69.99915370191869
85.18739073641686
115.0455247648919
68.21794650022358
74.23553597099179
95.87141541975062
112.41098595759284
61.53604972967871
123.34260091545748
91.65128739440148
117.02477827307831
52.70441283934246
168.0912865958265
70.74625681599018
119.66378281865033
75.08663460111923
150.5817756130043
61.82161987122584
81.50241989249184
67.7748935369098
69.43517970831907
84.38957507941967
72.24982048291862
148.4812667348479
93.87182080231803
66.30432695319423
87.62578300232057
69.25072037759158
73.40560586279629
167.08591548446535
72.00365197885145
104.45582899583954
111.36823082254172
69.28318109998766
63.05297042413809
70.19662736876094
84.2883765070383
138.7688697242003
82.35860108089011
74.77340113150325
77.6363200945969
57.01720684796836
121.16392583020729
95.48602835699751
141.22677543445903
94.69500729599889
150.51887635153113
96.15160873807899
79.50855881544719
106.28131727206221
77.18817001845379
61.408742406595465
117.50949484014205
110.82190506382143
118.23161013003467
73.86154061510442
71.47739136365091
75.86826238373871
76.3960129580781
118.96333204350978
67.62297533147421
153.73989566267795
98.12521575227787
161.1979262032753
103.98202745768972
120.53041580444686
90.03345180547268
74.84336816672182
75.66767069772779
86.51924270762666
76.36589922949658
66.55114428963742
82.16398060631427
90.90795266021989
53.847873015437195
91.38259883643596
115.97359861955312
69.65941286433839
101.97355924555443
61.56970883873254
103.2166273393599
66.41879753152429
105.12614964826076
216.4698953457882
61.747580972945634
149.21692762587122
137.98603601035185
97.55630108541385
92.48163105280182
102.87119912312367
90.94074029835238
93.57805318185856
67.8795715105312
75.72023142856537
70.45771845724958
68.31358364646718
110.19950511452168
107.16710452034566
99.85652208611371
96.7340176558695
106.68330348426136
67.65631290766898
97.24173249949143
138.4301949324595
133.96794928049906
126.35428798610278
159.3728354471189
88.22888082150828
93.37922409375791
134.12028131831786
114.89425717559973
82.54348573393119
113.93047586297153
98.78578704919735
64.38963239229813
70.77190343383751
88.20870875179241
94.19840102315999
102.58107030103875
79.69060899568713
63.03269207427707
130.2255066503936
128.02144285128068
72.53893501275618
116.36663270873417
58.11883035044877
119.73492513367015
84.03355719364377
71.24117768374066
74.50080667076068
66.73010220185182
67.7074009770293
73.2557893412205
121.84930871231543
70.97510679155113
112.40982152334486
144.16668760997356
83.5397559955467
97.29973981172382
88.25756787457328
98.18096032140264
103.08574727145474
75.00649678975775
80.46355706471793
77.45818949940907
72.80481228375469
58.807169962446125
64.63608190868283
67.05009008050415
59.85770424759658
96.9964529478593
65.74446952140246
61.11886159509032
75.90068106274052
87.13999301386083
105.01792868758261
58.13973420749543
67.8715911011855
129.54550723657422
130.67194911445316
108.28716471941016
78.7377552288144
56.876665992986695
79.71424742683668
61.623933785544494
55.995297237385714
130.80809335198947
88.99503653856826
60.17511716310979
91.46626372977917
81.08784455197606
118.36552228054174
118.31769722035716
87.25840974075912
70.75209762926266
65.17257445694963
81.62033502087101
101.96690751745166
70.44557033768562
96.30477185665673
86.7618811884267
112.8012142556209
94.62182818591134
65.7680303355613
69.60621783587136
121.70254209341864
84.18806610160584
68.06837546886422
85.39028583651896
105.59160521815348
98.32730730324086
87.52515196801293
87.0972209584198
56.15051305625075
83.71088717357149
142.66980773783536
65.08160703084023
69.05095652433688
100.7443309913253
96.83279026578137
118.83232769532309
80.42814706345011
98.77207654513488
92.69686704694887
120.93568724572965
81.18863363416793
111.99073165966722
113.61552059688182
81.14807433974688
75.96005139845825
90.01913164184631
96.11516828037156
110.62890184569312
88.00679553879272
131.58689084380723
71.83647757110442
63.172600055046615
92.5981187026287
67.65709098604128
117.15276309396796
135.83133700829967
120.73298149521993
95.44185509815827
127.19865322986888
132.625059496599
107.39179776894836
112.81559707710052
80.9370660139706
91.56781207674565
55.44729355704657
86.5776798131789
182.82751897777888
77.65616773130529
90.018539642514
80.3888860543495
79.48069609782121
64.95214072348628
86.4998648632474
181.0612348108348
70.63318771926534
84.0324434207306
82.10247293696162
106.41960941104718
94.98085105786865
171.2583237600012
105.42071216038373
66.5853057883456
131.11571810301223
110.0532562076034
91.82520629555894
63.72350233995411
175.61292079550506
118.37486371958732
95.9130857922622
135.2756690930792
75.70785366366458
65.07847690437372
63.830532935222315
82.41605525541644
161.33118790645935
90.33224165362874
74.90386959913589
118.15767162621955
90.96602696399341
99.69321854964855
58.433109536048214
90.41825803864731
126.70455686384744
104.41591049243914
66.91177220487275
76.94863101183613
57.293686194325986
77.35994024002699
86.76641125633864
188.37919583767672
66.89559262036222
91.40141164015458
81.68332673323383
99.84911511310092
83.02681662046277
102.02780446758072
54.76517199879139
64.6463038305124
125.05064417222323
88.52515285006024
49.53833981808401
105.08061750561775
134.1730656655928
112.10540735349286
109.75556810064322
118.31369091975685
79.92589861113998
52.77935117263753
86.91799401303216
41.49465484419543
74.95168386619301
102.51547232084187
85.35446254210979
80.23645940233722
118.1832576144767
101.58044234701691
111.1267194232941
73.73437825239591
106.8511511468454
86.36379971668049
72.55463277163481
83.70618766356486
89.25632539341336
82.25123496770202
79.27444915945011
89.70906206495354
73.22288671489407
97.30317047294639
64.85950182195556
146.21180176080617
99.569370391964
135.25911537333494
174.26385345170925
74.69234884325301
120.36953550947744
73.49451969401815
137.38264154118588
55.46276395181749
175.02498806914002
65.50447661637439
83.2162279169886
80.12316490023117
58.33277120339937
131.1800381672483
55.75476396016875
81.39567065617148
68.3045919549382
71.812827349375
81.89399323907472
174.7099241676746
85.29648154610379
96.02737486654583
142.85362630929288
74.77652589286559
84.94206365137397
72.70474133019499
69.46573766647171
67.81706287799571
117.68562896166894
161.93866154008688
74.30194765437041
74.05433553627813
147.96655752172262
103.46234160415652
55.88803844828492
95.8913728358751
81.10414953772747
186.09250561055063
72.18226622550647
81.31380666522303
124.22430329691927
128.86672514831372
68.29187669737425
83.17521352896134
99.00934805378937
164.74487961077494
90.49055454656073
62.27485674175117
76.41951642962901
90.86409658399876
62.12612351334269
82.00716850610654
99.98054349239189
72.50415092929576
79.8803412231068
122.6202871726633
95.52338711837977
88.89365349857479
96.9734132036527
64.36050128553904
112.57173757983803
106.17850481458927
75.56119969584802
99.59786872642677
93.82411532929339
97.5777328435919
131.20347555458088
55.98073424535481
91.58096449915753
85.5309442936119
75.36923474550247
86.34137192960677
129.7713370915313
99.65662974471833
116.90187127140877
98.05432865832671
73.2480826894483
95.40918424813505
95.19141200898143
102.4325824583354
80.51327294576537
106.75064172334727
91.38732628351929
71.2256839799253
59.56605104567804
69.88579879144058
116.97825398124091
84.02289094688756
137.47688114941397
104.85784021283095
137.44522470715194
144.04577854914328
67.59799363286912
81.75751400013202
114.45726079647218
73.36866726561473
72.91426644246029
89.75545267246106
69.85565497951484
77.15628026851724
58.904851267444315
126.73378606596435
140.46097278063317
101.5633229315282
97.57772723962194
98.86525699361944
131.017053551619
67.22259934901156
74.20842189760367
75.75705114784071
114.61642299494017
70.94428840649503
132.05607673610908
79.01479111861387
63.124366224540275
65.18786415957459
87.55329076080255
85.62886005369738
61.65628486497157
62.571289222997336
59.32110409897423
124.72717141170651
83.48580427693955
72.78374250537509
128.43349524717223
112.26937708436975
93.57043205928917
135.48244161832932
65.93996012500351
59.28095332371011
77.72254547114605
79.83310535799937
92.25366265381342
124.44854948068055
101.5907444238602
58.076351801413104
125.79693414574903
97.30228858529495
87.17400275791263
67.03862167904255
122.03620880674471
87.06769203753356
101.6652222212614
81.56120237162669
100.93587831691441
132.4497058470654
73.39307841250476
103.09587061489391
89.32426885665625
149.91347898023685
69.46942134555282
80.82861991976486
82.70772493562032
155.0615703932915
113.11696621820269
125.9039896304502
78.25785990910488
97.01627372393072
87.0345614691581
73.68448366757696
115.57748627866269
122.62816796058651
78.45143238183765
112.9248574253021
72.06505330190741
64.56566228384084
67.3037068532838
75.02013453080487
69.31040242015163
112.96204707985773
71.62566359884882
142.31964676434941
131.3999181792289
71.89158954501839
88.03740714138274
66.37656197096989
90.47422131647303
112.54988199882727
63.27853276420344
103.74655973382514
100.95806633554108
101.91693543780072
90.52462224793567
159.41166341311856
71.81025583014367
75.59844808462847
77.25228945711577
60.997483888194516
124.24260076755738
72.9199691569238
70.44735451637554
79.35332820595684
122.91384354438351
111.4000791010932
129.2902414919347
63.66657199698294
83.94054626401831
86.65731370365063
65.65526249811255
62.59967464489343
80.78843756298389
105.72416397102104
75.72328980285509
74.79044562447505
137.24224324019792
51.30985112792599
