206.74831352764488
117.92050571688151
115.9039301720278
184.82273031915528
199.0940559361511
51.599396182257586
85.69332491521389
87.8281243770991
142.42732873613352
87.9524987535695
84.29898412003567
88.11064836648684
90.6851658407548
86.17212062323473
88.02038324333543
102.52313092996515
89.80980192677468
115.12836808939828
86.25813209604604
83.41611536614572
75.12286817448327
131.6670344790902
145.63905133232106
58.995020407663425
105.93896110510713
111.83241376229563
122.4114538105191
107.95427019072059
68.80547700044966
67.88450894950743
100.78925552567888
98.86660560267278
75.87185794685382
87.5090032271338
68.52469332992253
135.2100605835832
108.0843182388674
111.44098543952722
82.48942034638794
93.86663135768404
73.25023194915657
77.67396590634628
71.54429993164688
66.30391931396268
87.6813507051865
78.55273689080313
107.11083604996215
114.42254603111888
70.32062521854021
81.52087371104258
98.47531977991983
127.0786315672702
98.21873591378849
102.57492075530783
98.15971763616922
93.10265518877367
87.49545598781671
93.79567959132878
70.0934877671516
90.2301483048944
69.17029291361561
74.51484374304108
132.89193357189217
77.73798214045988
171.24695982878325
68.48036412556242
105.90594869840706
120.51638380538535
116.39107627434724
92.3432214462834
102.1717520887212
79.21311722154056
101.27831958891265
117.26185324328708
62.30687639804703
111.05558590368962
76.98641775102502
48.47464896391184
65.1462894587642
117.94669973047904
75.73820764576976
64.74349495645258
58.81420443959612
62.327695299352534
68.70571115652156
80.95376820606451
94.9476522711198
126.93077205654227
72.92359835472678
107.11134557503257
45.301461024309155
48.33265865748173
40.49680213657831
66.15922469279737
54.542121959248036
49.798310288949054
46.31244264516881
53.32656099391971
41.67435833957514
43.3569868608122
24.784803177148206
25.468479522224037
16.526868208314283
49.09619780444676
67.3117154727072
47.603108266565
30.587190234462376
98.9612454717929
69.05756194503826
86.79810773951282
96.59756693441992
108.52549982856982
78.32692942959129
72.68965332509121
74.58735092137199
93.15543141389854
128.3544256553744
80.9278640849169
64.91566341668185
72.49009185791961
76.90430385003366
94.05439890013827
171.69926048024587
83.68667796419913
84.61262611630266
106.90950750074914
75.75863983351348
152.2399299567658
69.42024046187275
79.0010243789429
87.88330230938197
70.18033600590253
78.33320406686929
111.87019298913567
103.14714982798436
70.66313175464374
68.20951817579271
90.97926713154004
105.56379228032475
123.96234430871478
113.72185052394892
113.98024316943692
125.09864961968309
99.22794085025659
94.31374931752121
98.38306577655392
100.67669435236067
70.71084651700347
75.76463547071451
73.23156094432093
114.48874992840705
50.791015827535524
92.24479527211177
118.4924446780687
68.59470411653137
112.45266898618873
88.02263063080628
92.83611193251205
105.5546205375694
82.33069673866976
78.90798412180013
63.9790914142845
78.55298331646175
70.06464661457576
130.80765864658915
105.59122730829864
106.35559508617172
129.4841697496982
81.40059700431524
100.48435570550257
105.81810656417576
68.22888648882213
69.71381080360788
101.57949456582524
87.2999270207019
70.94841355541675
75.5828442993703
75.68698146040062
49.138135739852274
177.51146604570977
121.91482618881201
69.26905850397256
72.1112540923171
49.17170972568548
103.65252199689547
81.118422176054
85.43188386088548
69.72751276131213
78.36519777709141
73.12757772107467
69.31897974055798
104.92321540557793
127.82114364619352
96.78986353460205
110.67304403174055
97.49706404491813
76.70816412058245
75.70794871225614
87.63134856099639
86.89222654800037
87.78680012012614
82.48045037548911
83.24238084778318
101.84859452129432
115.00183521288648
90.45456727104504
100.4540783488335
163.573378345294
120.05194329256084
105.99773632986094
84.38869697281768
76.10159152196351
89.28768309122643
79.58437155127254
86.52262153579963
142.2744991127053
150.81306925643295
108.8040683786438
90.29563718441071
70.01013927594907
132.7470284837635
94.16453835760564
81.78439379184609
56.67662256091197
65.07111752883893
65.15845602685191
112.36743123798558
79.58630648823465
112.23474978630843
93.55545842095844
89.9211954888625
112.28315091805435
86.26211709793452
77.73661102780804
112.45487844116991
102.33317378782785
66.55732150760619
137.36843385359546
72.8827506086406
58.6468364071395
68.76634066566726
75.65758660536605
56.43048694375483
145.9312507333766
135.74929321944344
171.20642182371154
74.57585041121554
83.7642971264397
76.74019704872225
105.77519702633529
129.84057963513266
102.02769024413034
65.80576212369994
80.91661991744094
82.4007798441649
69.2760411951769
56.87586567944961
84.34233949369914
52.27863421202377
113.06078813479361
63.59001162475545
110.65662114236616
106.61511053503693
84.51915793865764
103.23906525693947
85.3014455096846
69.20136296358483
69.97035888540498
92.79093187163903
68.52659615958294
87.12884028463478
46.949951931968364
77.80587671548311
69.05440108400998
121.74639929821561
94.58285052740749
154.1582374502622
55.692555820077494
126.25111241262626
80.80219431369682
88.76319219475323
90.61426436730584
97.08956699533829
110.76742949116016
90.0241231776629
86.02949407454989
101.53172316354038
72.02821437161113
84.91860965744871
98.82753231190613
63.08093393703184
104.45144729189416
148.88746894133718
157.9962228107029
87.1682354644884
59.20988584777559
63.398955429854965
105.55886674347302
66.91749835618992
91.46260225886478
82.68351798075778
51.6161424314599
82.75817894858083
78.89633546057682
72.69457974884926
106.19187292167635
126.97927904947781
77.23570188902771
77.84142338031577
81.67283052011189
91.31308047755192
51.504231064864726
86.15434220461346
65.1720455079625
66.9260827904496
69.12061805363992
83.14885982577816
140.32058830355493
87.1436516005706
118.38623876034195
82.45610311481629
143.01546399939568
84.41577450192233
89.30854260003123
94.70820005905001
101.03811032400777
102.05451341132006
85.24157516940983
60.432031415119084
128.72758448154903
62.13172466715915
76.39253027675991
99.04713713775148
74.08107312046612
113.00895128707866
78.6325497485432
113.27908341842704
120.73868342091059
104.28481094915207
75.15793888478474
93.00554389172083
160.73104796101083
84.17697192494613
129.51705910883905
108.9367058957377
84.70829943169777
52.360665957591934
55.339583636171675
79.16323233448546
92.83076430750391
71.5925206948181
58.06110405684397
100.84927549484952
107.72171262535015
82.87820990128614
86.24460274754858
67.24928754632711
65.74965708054266
98.7198005641883
57.05058924831879
65.13179809837904
118.85056820758095
97.08698007752787
80.41264254402708
58.43710048899046
109.39490738375501
86.80373045668377
156.48331612693707
100.02132636315491
72.51542201209293
80.26636778511059
100.56620029695522
82.00274651348629
93.10861192279081
89.47966842882643
94.05965313424328
131.05816621067177
113.13469435377819
89.77793597808149
99.21041284683002
73.92156068450882
85.60710331559046
73.05608678018349
89.6045965024152
68.79216655274774
153.95939430841366
62.499768875305996
107.06878789096508
61.18294679156063
69.7623661357201
69.38252905527537
102.06351668600738
133.3695576412898
104.09689725767623
66.47351337372433
96.01960127138447
102.73747351675387
127.56916169565959
93.72673496254232
69.19871857760455
101.16451015657242
80.71734324571254
76.28285749990017
83.4269161382202
85.59952131003865
66.74216568640993
98.18437759470523
149.28782739956887
101.42452090210115
64.75145893241324
76.34898395004925
128.29122141256946
86.08599676072821
125.44613528644038
130.82057919838667
105.5020187076378
93.83750571779814
108.20463045527384
115.68960179818062
62.01298394440471
87.9502579248817
125.80263054475121
110.03264513489313
77.97273432456456
103.95450465496978
128.07748809677423
88.290994730464
74.71655072074344
68.14139288817807
62.81514691352316
95.25883150373579
54.64736262807259
77.13471729371958
65.550552237492
65.21463549573723
127.07954369237382
98.5491526736211
69.04852597256547
50.595992599270204
81.06206863061284
86.36315017341691
61.983709005952456
69.28655522231728
55.74366685721728
60.86304174580688
89.28308573265902
101.76534633815308
83.64124381581844
81.90885350136907
134.15095148156993
95.76122347406641
100.75553994856996
87.58513247167284
115.69606481518211
69.89457628511794
92.03266492090187
84.08286762572591
138.75552569481079
99.35883380357708
75.49530452021062
102.94597992468637
80.16299304184075
98.27362873584975
112.44913806856651
103.72461033871888
94.14563399355777
83.31576543759037
84.61664760441394
105.25699781519376
91.89644594073339
131.9858681291672
77.45550041892939
113.52908482535027
98.27152102053208
80.948021355288
105.25363357930497
71.94576603181174
63.143553521138266
181.4619237504892
122.97831891054865
59.56244236290308
93.49540764492318
105.67732219236943
122.64274041421419
158.13216467182954
85.77418018299163
125.82557593082191
97.32458935175194
105.9271866998297
101.5891172178246
74.0890226075443
89.12028294719711
80.83966322057373
80.71327712221483
156.4804697324283
134.5470506742038
186.2912855208416
77.62449875185415
118.9261195011795
70.91897874667802
82.28827518150776
128.97789042835848
134.33398177396055
91.58397846877952
97.56538546000984
108.15426233895884
72.88827433656942
142.72574615168662
78.60158538351153
100.5447325774663
165.38289105489577
98.1833397274202
104.35044168200376
71.50598124794409
84.90908319655959
103.53685887937066
111.22538574150343
64.22452578748641
112.74792495005033
120.7165276730229
116.88361743292826
70.67116873454616
68.43598490728587
91.98544656217803
134.65722770188682
125.45675456033027
79.09729925158234
50.201260739822295
104.37567353862673
77.1450294310943
93.98575186386782
74.57623225058684
100.4627469886718
70.7739467666472
90.08255565316261
66.46862121249988
78.58424715866012
72.7194421272656
68.04795742540851
131.81300657169302
103.79084878606758
84.05551104064799
70.55712723695932
96.88229382842655
96.99241918757807
58.46433980766547
98.0813982006612
99.04119390054917
103.90497682754658
86.7849825540761
107.95825660041056
118.89369542018164
112.07805772450017
106.75842702900633
116.34743105924998
79.45772431231765
98.5413021069473
92.68077261244322
68.45472749465135
86.54424004351867
62.83339306645366
73.85905893401988
85.56060710799255
173.52696060843746
92.39988852817751
113.09593283183989
77.8809215631731
92.59459391231863
82.7369374825886
101.10443105859784
103.97328448706912
73.22904122121065
97.73368417287749
133.18173582804843
77.67204582694924
75.7439554592479
99.75554595189959
95.53185306311168
135.569519417847
105.18436201117063
106.20899082207664
85.60425768383375
101.30880184133346
87.61755047732315
94.48814746049658
62.33222218432668
85.16902781961018
113.67322386622398
112.95743828473461
100.63414605131611
133.64795580566
93.06102630068945
85.39042324083013
116.7287157393786
79.11741006916047
136.88836096942455
76.78203364624089
93.38518163675627
53.47577345475503
136.11505370713377
130.981396677072
74.30723933752151
114.06039704548094
66.95413220475939
80.58236401248192
69.54739134728621
63.593587508383855
88.75234132361534
85.35036350146646
74.11793573440626
178.71904784853797
61.50840895383107
81.50296003232211
90.33747048592046
56.73969087606475
89.64288271794535
82.0249485242115
86.37296478777519
102.19701235962704
184.16121158163756
117.45860559829448
122.79169439039694
95.33776652157775
71.80437374258342
62.979626328161295
92.63916479447485
157.7955997478515
77.19660326938214
89.52450836220028
95.75165783517076
133.31179612756395
68.51746233791228
121.21794793303067
64.84879444941414
85.93840650904431
166.98119454728928
76.64457084855088
79.73266170958522
71.50034340696068
84.8306939792804
81.16166354170063
75.91515189203241
63.118535014654476
89.28176733640281
44.64042482451494
120.40929280192935
72.61589810737313
161.9207369272516
94.43617891814012
104.97590486647863
105.94932799617823
85.88267315907464
133.95640080986567
79.35543965108515
84.61965690526036
77.94616763125336
94.97691277997978
100.1649915350652
101.59723302990858
84.12944239487379
53.59759553996071
97.3391303523865
80.60791359653281
116.72645765861873
147.17306362297188
93.45823302806676
82.37008265097991
117.16618975942477
91.02082963483528
97.03129283857858
104.9296663292901
99.18495635891935
85.31281252210832
87.7556502103228
101.24875180199575
57.196946888369084
136.68531965414445
107.27620978663688
59.50560615297158
84.11029968856731
70.29923704877544
80.28585974762274
50.516666165506294
101.75430945708932
99.30150316235094
88.29406624846767
76.41397569835233
59.809885559458124
81.9437198212445
103.10652892594267
63.032161459181005
48.40646215163972
91.48888478773833
98.19100701961656
124.20646657802452
67.91480093950855
76.29773566848478
60.54682167539583
95.39576384069862
60.743041435556755
66.98541920266761
77.66888458249237
84.41262002161042
51.72006608765967
97.20642393639874
90.46967654020865
97.97284965680683
71.31723177423717
76.91576597897935
91.40382277449854
79.04229829881973
73.64242495578351
95.9114765805682
79.76606881378848
133.5181616212909
75.38626549257505
99.5578496533925
120.19402235205341
93.42097549669687
121.14013799994711
56.94175500399763
100.06971703670354
72.41267529159947
71.23569971450856
74.49590319016684
70.14374629335221
87.60302448579476
87.423190212805
118.25460233286131
99.91886213278731
153.19587070372938
75.88157451790839
95.47628067524924
102.10762900807038
76.63016554905366
82.7898665854942
86.99728785281177
111.50829428689255
159.8284709119197
112.20182893972907
73.03237904597943
82.18286028446286
118.07957594435072
122.97613164245102
93.04512121364203
75.35708803711445
102.685816689008
109.07759420486217
114.48890840288924
113.11428368177484
83.93233205392761
94.05210340135307
91.54229237153645
99.58638404394176
121.9445295305069
89.17123206005054
78.99945944614244
84.74616564832613
92.26836571147112
60.54049848303944
121.1778510190713
80.82307298962452
108.84878475936604
80.48824799563208
91.77762383797157
94.49624323751172
101.78918729607807
80.43860869943899
104.438236708047
100.35850157228789
76.45298561166544
81.80477161479644
99.43788953057913
108.37746451328438
112.01533687992145
79.11573897528625
90.40057970283549
82.67191080228486
60.993275121176524
90.98156992923919
107.34778622718977
136.72979945648095
79.34308479341398
83.58040505546612
112.54584091107014
90.47266595115843
78.5512896701152
74.31963854197322
91.3364746650392
111.77129478852758
74.71871731414156
96.23897656467322
134.79285881123698
111.54760409769521
131.27186190311966
97.5138373381506
107.53511015701436
122.56389802113783
91.78255707508734
77.86954330662027
90.02837070056736
104.0230053500608
94.44185959489366
105.82073723558587
68.92986200599326
84.62023600666649
78.06899242005034
91.70083692834356
80.30185992901548
168.63204579585434
64.03945352725721
60.69607589987363
73.14634419958715
64.41947430811598
80.84944033587206
80.2153586199341
86.75252953767313
87.68133242353763
72.23815124258812
88.28538217440885
99.74987169000276
62.25383388800421
93.89490034861913
105.73828509266554
83.97161626898459
79.50394467836752
117.5930600250209
128.18488000220853
95.36885368572318
159.70811606401216
126.96793883667846
90.32147222268004
96.58522026330576
83.83179570400436
112.20321225102914
89.69864775102366
80.8147719106442
84.76163047413901
82.7907991457938
133.3514589061263
115.0157635216879
83.16551014911386
75.50026178708579
55.6676959586184
66.1077871673215
32.84771997820046
87.78895891382925
66.78035281401336
88.36651688871798
72.10543546470784
114.03913353828399
73.11991846604701
76.27704003338945
86.72683106286352
69.06173492457131
81.88873884809796
66.74800330551263
87.5299954681752
162.99326465637634
81.17212123261096
164.3215515802299
96.38330483276982
61.44823449007529
93.01792553976149
77.45051272214118
125.65394826831427
89.1784151066932
71.95585551052204
133.87855117663145
83.80722550014104
129.9100891574377
87.33725817081937
60.2832321874932
85.94714429551034
94.06670238619476
110.39928939105164
111.71705673126095
110.43115661571964
63.45779841687783
133.81801491144645
62.707923049920154
95.02229984522069
66.17515952709068
63.63492032707791
101.01197415711422
77.43652526093699
92.18080229189673
92.02014227068321
103.68026476690859
86.28325896658819
86.97952922522278
66.8658942920791
111.69289576562859
108.17716964548605
141.35539557978367
57.9007810008148
109.01730291858878
74.1193541770682
77.70642958817649
109.42096472775546
76.19219753178706
108.16799344724734
131.2226490279961
99.65303488635287
67.02924830179813
96.69513131542008
119.96160381189264
84.86369768283583
116.01488759875409
75.44162469293829
109.86611993123556
102.02405367160318
84.5297763465594
60.134537120637056
69.5219037569873
71.88937416792012
57.83613635099266
56.362542634483404
112.94056829790821
79.09485246294645
89.64030168734031
101.47560902296098
93.4804257671106
62.07166736781535
76.74675876501972
92.34504627276536
66.55066554348015
84.3152796955591
96.3147354472066
79.15300040902787
73.64967822026233
62.34997568959025
125.04824632068032
110.4401020426715
68.9082303848711
85.52229475562363
87.22614694889643
77.04363229999527
132.77651637459812
72.19860648572018
94.98134961443212
71.43388025649799
53.286428871423055
100.35146596666489
82.10200488082592
77.31154298684055
73.5714305276451
91.52277283420413
124.44707607190895
98.24911315223717
107.10378532594662
90.13761223534601
125.60315339588477
114.38845070606531
91.71382215323936
120.12456423702696
62.98147739317547
98.84586456768807
84.5880816355105
81.36545707999704
134.21493910475826
117.71065047299871
146.58400532009557
68.32643124644108
75.7212067071856
91.23628523364687
77.10317403077805
84.04707219097402
98.96934379525545
103.61917539024847
100.93251456414791
58.96581426829006
84.30560772605621
96.17266888523064
82.85902474021006
79.42484804544941
69.33518457541491
78.41255693048763
59.37803109568278
92.66590361324342
92.77878890420936
95.56150517607415
75.20279109339683
133.5535159443581
82.30884233205607
85.690649715256
76.00033584317107
89.1950672093035
83.80866127342817
103.25428232635387
126.27304180107572
97.43792648323068
80.65176209449903
93.58673312538018
106.10032248664285
73.15652562229725
70.71512920919362
200.91895765006257
81.21965869491594
84.03639802418438
71.86832074230271
68.45969917494871
54.83465043870511
84.88214346052978
93.37994482973163
140.74276327861836
89.98231146662206
81.90045060864537
121.58574629714005
114.13103524090913
82.21755486726927
77.02380631992881
82.91917212184336
62.0797731121315
109.0908623520737
101.00285466913566
115.83237138304179
85.77038583257752
104.33302994175516
120.78516532298444
114.25674833632374
107.20513025784611
94.27556004967116
113.33845558465912
69.64462539746299
91.4325801087202
127.23119055091759
123.06872027736806
126.51492107329871
89.69595480663057
110.61233539851642
104.93080695885284
133.69243858553844
68.53721169900813
77.70478143310736
78.66240420916543
86.59641516090409
104.7543502848558
136.22907129960572
119.94895691467413
66.49026437504747
93.391392572213
114.38505608969464
86.86976263314808
105.33322833043303
84.44952023142123
84.2889262336595
123.29399577167011
76.46311854283833
68.40494303264171
109.00776554046479
71.27720591160619
82.14611782500174
99.64382044214
52.50827551370308
113.97759481309231
60.22597044916609
69.91515026368307
76.64845617441483
94.83145216503257
56.215766801002445
97.41474689676664
83.52728743214777
123.00579521464986
151.9288182312167
85.65347311851797
141.88753840983682
77.52121162325875
86.54515413821335
78.79344037958779
149.54972611440965
99.19731212851836
83.06647977445962
101.35304148838429
92.95702149645368
65.12225527510628
57.858333505408964
69.4600898128424
92.3515401978945
81.95077230828292
94.28542763156536
74.54664878338716
72.22120852237879
81.36797689714474
111.16906197263565
76.13998028822093
79.25865863992486
76.46707790052484
82.4696991803387
89.81040923499484
73.28969184653782
95.84085159395094
84.94965217470974
76.09132210715231
56.566907145483235
111.99081084893452
89.75061993111075
105.75649928750279
63.04683864495044
115.71674196616617
75.16633799457192
46.964169122999046
89.83910862944256
134.53925172485572
111.67922076138956
90.82951271666528
82.89142884906191
113.31226821662308
104.32486310415055
88.262973157299
77.95981414234699
101.84536891302456
90.16206255627979
118.78115526872355
56.431979717558725
78.34495642677706
93.84082317690162
74.13729277670733
102.50118967936731
118.24831746592714
98.93115862839112
82.90780080889763
132.24656301021952
77.81816306090754
66.10848532298573
111.89166570312385
68.12003038631366
58.86608687055812
95.50498944256663
106.47610482511172
93.48338245602982
72.4126683477525
51.02856234923783
64.94939717160399
51.37597709410603
142.6277635599145
102.06387370300914
80.45284258849337
69.1244672499113
65.50413820305387
87.16078650538115
71.97224501861918
75.76703846891371
83.40949745950475
128.4436856107647
73.59269847892983
133.09508973157247
96.42829255454174
84.20032292485583
128.95747265012926
87.61081430651286
78.74909550330888
129.1124948480699
95.49205076364025
98.1813588604401
79.09482114112338
74.23083998589198
96.427164423391
76.69096494117252
88.41006897999725
75.88379103868425
87.0206607976647
66.18729730925713
96.62245450091484
74.72346679430308
103.75747374675774
100.1697214371094
66.04649862338881
81.00235900528028
100.88855466704938
77.97724692072876
90.59613492139404
61.64556884170016
124.65126843830383
87.84123156648144
116.28988240896587
90.31573977669818
81.15610546305597
54.218016573396625
82.84547758012549
74.42765908736772
77.2755022285125
101.56739677192618
99.22130121686287
64.72186266543622
76.58171034523124
67.46111215387111
120.70320616672356
74.27447452722704
82.61016461741514
98.90756621041378
85.63507787656798
102.89131733607239
73.16591284049781
105.93175208458354
99.96498336039275
77.22430472189214
58.96792800349581
85.09152213533602
96.31586344768388
103.40898951213771
56.88058429825008
121.8490658911608
152.68935818990118
103.50132171730768
95.51869319572742
104.02705881845311
93.3720963022049
93.73181452146417
87.3166720139301
91.74852025062393
86.03912613352433
112.71524543295368
119.35138589088352
90.11171941156923
116.89968485412119
101.45812259148094
105.98452669603442
117.0905331694058
48.050909458099675
109.46426920081669
135.84362310167023
87.81737286968675
86.42210860021106
67.6092699115052
126.56095467381469
95.96212832800994
89.70602199783254
106.31445070406058
140.65083502446612
112.66949371013477
134.75395663095506
67.63710794929042
92.17774077301696
138.9429496995771
96.42948703141043
108.57512871278267
79.30555687143634
78.71743311282741
113.86530547905576
77.27670974475146
73.50963068933625
97.17422724380376
129.2905352967507
50.57951056160262
121.10389529212995
91.902148986925
83.80634490617777
99.39721952573869
83.26088901015339
101.42668325496524
82.04640224675495
98.60107513740178
117.10466160832365
101.52887864745213
84.98516688676283
71.59924881627728
77.86448188831501
122.5382867998838
95.29966003256686
73.7773129020548
56.667606283917834
79.39508582619122
98.41543517007081
50.34683977635639
72.98301141772569
76.71641977528554
53.91372374538423
104.59123184002317
78.41243187343878
87.52004102298767
92.99133490381747
64.36997485285949
101.8020179184093
60.5241585318932
90.36352283841896
61.6243103419121
83.26331084243124
116.57493292743489
125.20095596331086
95.93583118669319
65.3497832181644
74.27822577256691
97.13050334462531
80.14257175833724
100.50240087830342
122.29952225412255
120.41785810282195
97.8181247478149
81.50667490346045
75.54496313188275
57.140649012457736
150.26956026545662
74.09809607825821
57.59046920715105
75.83252915429539
65.55011734503877
129.40187799322274
75.79614393269894
100.51916964005072
78.07919057671107
56.95685946714772
153.55565786086441
123.95935397752251
78.5033282755058
83.37641912895471
71.59222387713443
111.05460419962789
100.17935958699944
82.89853066753284
138.69492048166842
95.71993684105291
158.51859522329215
71.0369573966384
66.33369609151593
96.29163826923771
105.63653325005562
75.71951225861329
82.39039922304599
93.60009437664088
90.05987516562979
103.27184160246038
118.66860575125267
130.14463368510798
93.43649466967659
75.70534833874096
75.46055623836561
91.6063452062686
75.8499827086483
77.64933668609676
105.89267029954041
110.84436666832372
69.48520292917021
124.29429766621651
136.10543495002713
67.94105082918892
66.54774386102874
144.4626279808334
81.55792395842384
132.5898555956453
94.86803009568948
91.27323517167079
88.17654046976844
73.4814472753566
103.41771260786207
76.66522157551789
102.2592595997599
156.5566156312846
86.97866491664055
66.03881588030978
69.59021405158687
139.8549644566772
77.32493984318502
64.74751446984948
140.69269028189734
80.31028878749062
75.69785264877606
93.5258278469884
87.57570493791903
128.98917957620364
93.03618275309768
138.97152112650295
77.6552821887925
79.90008618463956
88.677567271476
99.09661851343475
66.1734337897823
119.12326989331406
78.63637742747038
137.5133935613773
114.29109436289568
107.09093290149072
87.27285295916865
97.96135818185928
99.62418961881494
151.1830795287835
85.09764287026121
88.72885362018454
73.07241257044222
76.65696649921605
116.44111922940263
154.20418669139576
101.39437813463546
88.3503821831305
89.91046162716553
102.57347829092214
102.28274773273382
98.58733069564049
74.52010531055228
63.98887064126673
76.52375935782243
78.37798479355446
94.62227722898837
112.74477686389368
77.45754556828652
92.83947342135033
64.39525070649346
101.69147069426181
80.78202648575508
69.07442299607742
86.78318547328868
113.52747291469838
57.13695033565804
86.72115777597732
108.51576686840339
82.05547007400091
58.999490779161526
103.47231927349976
101.70078067543223
37.51264642563031
103.84920817076022
85.71170563098762
155.11415141110692
71.74946383612074
98.75385291965381
94.89945447161628
62.97202570599267
93.36731823347573
66.69990175260627
98.97696339507974
68.87018041743183
68.78490196438504
81.43011484426295
144.09688166076756
134.70479195266404
75.67932323331857
91.53302480268404
70.4008455450851
100.39919663172134
94.3158192472568
83.12729193439874
75.84946402206401
72.43519351245972
65.67607070600286
89.62209567490166
68.67554257319188
75.45003091686071
71.9399428640892
77.15113854228971
88.74847990236553
143.89496003771686
139.58675262978883
63.56709564973028
85.95622203192734
120.74977009693693
114.9616518399254
75.34395192741839
130.4015362288941
116.54456922397966
159.4289041876488
115.80154331510033
100.96739891711779
74.46442280659333
116.71673674651393
93.70310061754464
77.89085786425137
79.84262105795867
83.64429658705434
77.939632638987
100.2563396912245
63.93775805327496
95.03370918127301
125.67485424162001
65.65564088080859
85.1749663433493
78.90396196626347
66.36072934699307
112.49036759469149
89.39675530757833
108.69883337580977
106.61996861940317
110.18267329565627
77.55327245128825
131.04424431588362
97.72543877377377
116.15048378223088
98.18730442072575
80.2361303756306
57.22155791759219
52.128535420318734
90.64155495294617
66.94697892521205
70.32569983909723
84.22673496008488
61.70820335896256
90.8279503352211
62.894521830804514
92.11768981201628
45.78033038111825
53.6466910699124
47.9538827530391
45.761007579658106
60.3835242765697
111.51970107170494
85.44384883946088
53.81985671424351
72.2205083306279
106.17064835411716
111.36214420633843
53.257233358192025
72.48489658082721
75.79687856097233
81.66971570606944
94.27722359102619
94.7829126181712
55.529312074572836
94.24419175284349
72.38989971426483
55.99904408307421
62.019247240696515
76.01647952152294
86.25367177289378
91.82674900104834
92.95546978457094
51.08144762175142
67.48171153987035
56.48527250093135
54.4696429944681
77.33940017911067
53.87598946784159
66.9793812722562
74.02762242469359
44.24488834887813
39.55823322032966
53.172441733443506
58.485684981329875
42.10220702605017
78.4949881110415
60.7484467144524
41.313696824600484
123.35462224719056
63.46730476648435
115.26727838587021
58.081923002005986
55.702494879013344
45.86093461938076
67.52722523528209
88.06769216348428
69.76530335749602
60.33525658949819
58.942224225559755
75.21103047306016
38.15002493585592
47.83843088339213
54.20596510904046
30.08214840080906
47.93526900636703
35.087778349114714
36.41858441376099
69.86259606768553
48.191607924052015
39.75403989525068
44.164988611102665
47.49050579409637
26.165338660169656
66.47037004473529
35.94615289937251
67.40953868528314
89.95239580417899
284.3762561933957
233.02870392351673
134.77484590289527
116.64037003799818
99.91123611666862
109.98053026770738
112.06241986612673
177.92455857297045
169.44912270919517
114.77021700163097
100.78957788242934
88.97308921021528
108.36867263264838
90.60378078135297
110.96577834773029
125.45398732256268
97.32043088550833
102.029632710607
107.04158100444117
95.58803590970079
56.46886756152736
75.12452159344889
87.10315764170208
79.34084958337752
87.43255294379802
218.54828628044865
101.65934179240264
69.85634351598512
53.398745182322
189.61047308515114
95.63004595011465
87.90355700548075
89.83386497284016
86.28446842183614
115.2906424047423
124.15552987845946
89.12019371291649
109.87110438476641
109.47980984723284
80.33586028061896
66.67363910249851
85.36604886100953
46.28441253274608
62.27605386671986
111.60344097059756
96.44969504108587
101.19639113588785
86.8548040816316
82.75106441704615
86.72326723380249
82.09608955066693
100.49151959986042
86.8590750340295
128.69089881957498
86.14241825443504
83.95781850659145
76.20928881183666
100.54547754644571
102.59200952667034
69.61856822499514
84.12104050738664
68.45540420447969
91.38834181311019
66.51470394298914
125.7995180421836
69.59509803963851
70.80436773355027
110.490433728267
117.92030865098087
78.48562084171532
108.42218696358799
92.88636436872143
115.48157794522433
106.45916772431102
98.54454496902473
64.12763075503887
98.03659521428459
80.80696270729617
114.514860052167
78.7673533742995
123.91591993970268
91.012203167663
70.21357574467005
75.65947120845438
67.9991869716907
107.40932493225816
135.4671238023708
62.19404659264821
95.71395529487603
86.32532498161004
70.40286974842306
132.19402058165625
86.58407852795862
67.19688682674335
83.3275251901892
105.91493588650145
71.68026885588468
105.47823730743995
72.04932441028363
107.40879196297183
61.74738028367602
70.97512204588693
88.12148840109268
76.85208701031965
53.27845810687941
62.61669284308435
93.05201827630103
70.64633092359573
116.9966462021737
161.46544824917663
64.63278521085016
107.3624419319786
121.35344121104876
113.96927667688604
97.47281732384633
84.78213540346887
100.0647833048839
94.94077242908754
93.27499066358426
74.50689736363378
55.67738465110632
81.9711984953998
95.65373468708503
90.96361279710663
105.98492459561506
89.45514496503925
75.0172915675091
60.570406302018064
60.41717229513478
81.36358750823351
120.13427477947687
103.13951554216688
72.4903970630423
61.00945464221874
79.34325078487632
81.2370839459437
93.59047718771882
76.5889977534325
104.46650924534455
93.90080341908782
68.75720365026918
128.7095050669643
66.82962677554791
65.69329161766872
89.79887563358962
79.09951066785779
65.43691700915731
84.31881601467887
80.26805849603369
122.64621451149458
90.7175965277798
117.38432089218402
78.61752606092926
67.82912506741896
105.6339537080656
83.85338173925122
112.53961013522975
88.00031354408132
79.42321964793106
61.958163643817045
55.33187985090072
120.75945619991523
113.84729833750859
168.23281789305423
139.6524968156131
82.09662740432412
58.509193136223544
73.39388277732459
112.35365231394722
113.30833271115802
115.40889857473013
103.52651965474922
76.87868505149672
67.45333914610593
101.38234538975858
61.34047849756013
66.62755644149757
93.63919429688734
86.87134418283466
111.26702245180427
59.88185075308342
150.44632610343658
85.60281600979864
66.11978690254865
121.34720951500688
132.81990848005773
164.33210773920842
92.48271375513232
84.11507498791167
127.94401837485303
93.9385603745094
87.2092400815547
52.46655736341518
106.45203266953925
69.19097416078117
103.75058683400525
89.14201159933877
54.55316132483495
69.13718457220335
129.6846301206464
73.11172120430307
99.74012148773575
171.1283942591233
79.8490437633031
98.3687767929228
66.28865735758025
73.87894893909503
60.96490620940843
67.50628969522356
91.21494916364746
67.52965323721122
80.77013448488749
84.46459576128537
92.71689722293951
114.18647879080585
96.30695123889504
67.60275548990761
73.73412369698309
70.48010554887381
67.2971302476307
116.57819717445975
114.68947374593019
83.73139253847974
95.10826541687484
96.87888257593819
89.53637897392322
78.67884491559445
60.076596998974786
83.21448057870948
91.6518750533422
75.64327267223783
110.14149386082369
80.4782775987589
93.1465036866815
87.39463300370709
84.73910649987606
60.58235708600406
124.99423285627478
93.5921670726325
77.50585692064548
72.18234612782373
75.9965315070431
69.35954093162027
64.53721787591155
136.72575055116246
84.76696693920032
118.1351312554686
75.30602528708987
115.57605681360481
62.79864639559533
130.36488039247138
82.82140162942271
105.53369360563727
47.080983289297855
99.32506945175724
131.60633067250035
92.15587357088611
96.43026290593795
70.00615256138585
129.69032328377364
81.7242323110498
79.11485530760916
81.74012501349331
102.37280443063254
67.61772961625229
65.7853637353105
92.19868093939756
95.01434118007273
114.18016485272192
103.39588183638908
60.95329726167867
118.70183462453889
123.21569102411136
55.152943161359836
88.64198609833281
112.31079713898787
87.25674380804308
71.33248772903475
95.38717867755318
128.42411101036
81.16473527650751
140.4291660174368
78.1973451518196
100.50002994917224
99.30194255054512
72.24516847344395
118.4893803487773
91.0159013638753
154.83105146140093
103.35576084737114
82.37346775375295
94.15087053574624
94.71734484931484
79.34947095788887
71.69671723109172
89.91990546232644
76.84238750123622
67.28274366685692
78.11976481188708
78.89144685787277
119.09928467090589
100.50952185364244
75.50398360638351
126.48814006324255
94.58716914125903
61.271937380290666
118.97828295264199
129.27167754827303
68.64200222778551
75.47823275653103
88.01505226580433
33.703939733785234
93.9033202940828
74.34866548470463
132.63570059390474
92.05083722987996
99.54932843924507
98.91447933590624
74.6261105192972
109.69583277196058
104.45792976139272
151.74634774132815
106.44161977256728
90.10869917141888
104.08462073769947
104.4333815884685
73.10265692976365
169.34841466865194
69.68377956856673
94.2147905975078
96.98732814387422
79.73652808417279
141.76908864436146
117.3884083385509
103.2495558391632
108.98905991219637
121.57460376561224
72.77723173318373
95.28555615695855
85.53022393680642
144.18154986579623
111.16686125513327
90.29272686467485
93.64483090060651
97.7057729686155
74.18936671677493
61.288431130818445
105.94042783306361
92.08808162105385
62.71160483765088
72.06419749662554
97.10399934453346
141.7757506279852
120.25008857120143
93.96347315440713
75.13221042214371
72.06968780815181
64.0521233263938
141.83122411502143
131.91958455604734
86.63089322654666
87.52507969690284
83.01047598854502
83.05208935027272
76.22013164476128
85.45599975459476
72.18604311231512
80.1103880933059
56.37266857384379
66.43498315508202
121.45538708781048
63.32935746679252
56.73463995844779
93.75943701789906
76.38514414114161
93.23967086273733
89.93106162431998
131.49899202907523
118.45021096166573
129.0886462290909
89.61116887482127
115.86544420705663
77.24702378747445
84.77448062069077
89.23918869449467
129.11370402057653
92.1952059548029
131.16896492714295
119.84656502384459
110.08671506588878
69.98846617919034
57.84861585034751
68.74100930056574
78.29876691937537
126.59312971939033
88.12892116953842
69.91515164510895
44.40948116811513
47.12563727967049
70.59050618234532
111.52042929637376
107.66326543136469
92.4279041630297
108.19551163578183
73.02397809214214
96.85311747139733
152.95178505608695
103.1384864188773
107.65554248371971
74.82907155953093
109.06802354650253
81.92514264862429
82.70262772954372
74.16632980811674
49.389573628773434
92.38606014298476
91.52920665208468
103.84559665393292
81.06266286371266
106.39155637894177
82.18081098913116
124.20072004289602
90.26976799763158
98.90619784578729
69.2230089021796
83.03554758746752
77.6281004843452
50.56428062442841
118.13009046369585
120.7067775303738
78.78315107166885
121.56023862350513
140.21357292998414
104.10636695112665
56.20599465319337
91.99276991761164
64.98108446275943
96.3036961268058
79.56906404527203
99.84804701955117
84.95195512051251
81.87428710026494
82.41298695371559
72.19923504846206
116.91622373711017
47.5613940692564
71.98383468164742
127.004549491723
70.46419414465545
94.94270671389134
69.37855435424378
124.35187343755993
88.75756325815486
108.33149844721808
88.03194998512589
74.77795589200174
82.2217830047503
78.13335089285218
91.62373952301061
80.7489310033943
69.73143808186515
59.276393212308
62.10003580751805
125.16930371661923
137.57455878467994
105.19423150986044
69.70992898931138
90.36120611265271
113.53290208707901
140.17464548506825
82.93228687589026
118.60762820180663
97.48641623919902
115.26629169754602
89.8120819260014
115.986004956975
101.46204034840531
87.27090866495337
71.13701462337343
117.32499645207461
104.18137872520128
77.29962730405957
117.30319867549281
61.56503865142257
50.633878968277955
79.54948193963645
111.75266605068272
61.997489015838525
171.0244622130619
171.38878049830842
99.14871270059781
99.14617347265049
69.74924862948741
123.2883574852523
66.39113303234319
80.35818808720822
124.84667805865834
85.47803411931066
97.17984270400827
76.82026464822663
74.85958770196515
87.1641645633103
95.66331708351638
65.53413349623119
87.35934932107295
91.83964871060984
96.71605681141244
97.43564733649747
127.90027677566074
62.60917031400967
101.15087100489923
71.51526076498044
101.1848411414245
107.47332622281156
113.8832647206694
98.31875593698365
78.36464774398566
77.20210541021291
130.55189175799177
127.88909692939473
99.51703579975859
72.29925618740913
112.84597665258478
64.55181533425599
84.56563120081907
93.88326628159628
86.76487376114115
72.09296843667086
84.87895837332458
59.81952396307199
97.06570811612957
83.52713559377119
110.61312951289268
52.39169234250769
54.41688395388058
62.811857180594885
140.19276809484083
72.81793099173599
60.43348407696244
102.07598287162756
65.99791888488717
84.61878131328258
97.95723790060784
92.07357554019423
115.4597075094973
64.39643672479501
68.35986776690277
96.29403331754072
55.320676476772725
79.06113298549357
76.96152275550783
112.26077878662399
93.71449537503433
93.00903003342373
73.57190339859999
110.4955798095454
54.858012994930185
74.98981033636736
101.50502503018815
78.85417307886104
94.12678061205516
77.17749047376056
120.02859615593955
73.24316847488184
76.33527794529003
120.88736077195261
77.91815680516552
91.60432628660949
69.1513630987957
95.75489335237765
87.32343212609625
88.43509001591133
100.60341769107065
70.97998235999894
91.92764462209419
76.24314231146847
68.02738033390439
88.68540788037134
107.33889922605195
75.48120789992862
149.04611288348892
95.0998188867394
107.71809633321823
73.42331124468312
79.85487204479936
102.0123666431276
69.61632363434136
155.23333604781658
90.09104396927
81.67942223575699
112.84335676070079
81.82245338009349
88.35813212714649
95.53096428029437
134.06756077864088
82.6603846015059
77.32684382017285
84.0590217476486
155.25554384460403
148.48358440515705
75.56297406440714
75.97790795496765
96.54617656626073
77.27957497443258
85.2741186074731
64.96091454287699
74.76162890162695
113.36860792228455
81.11494278185866
109.31634594109494
168.6928435162928
92.37697191493028
100.89180945929921
62.791789270939844
97.93679154154144
104.17543975384989
92.05106104755006
63.452683670890295
70.8642615494183
84.82102755311351
94.47427363914895
84.4185630604157
108.11085286741277
106.70483537974664
106.282924078385
96.71049593779199
79.43308471926606
143.91417712123797
77.02563558971978
94.03572446885994
74.32144793676945
116.97936233231833
74.49190681968356
105.10198764870482
62.6134248562743
130.32281214049917
104.28292340948681
91.4526361153135
118.02335070789094
126.49156748242218
111.04506078973861
69.08307634942538
104.26668611634216
64.0857972799597
79.05173914849105
67.4098658741657
85.63298611760491
123.29775399058423
68.29134534352038
85.6704205848978
74.24311148884357
86.65455433950976
101.95823958393508
114.13130642688505
64.29372911234798
90.15432477693562
106.30049309038456
110.06284867100847
64.63579046358225
92.08138383487417
69.86844782610171
114.81607470894055
56.57674634609118
87.26053833906401
136.42602516110858
64.2627231348885
93.77179155345038
50.08845920339672
49.170695507122666
92.27071995699782
159.57129180634882
85.96804209205024
88.7413085977582
126.3735867105793
80.02703524410171
90.96989805626207
80.2662038533987
60.39930658604934
87.84157619669077
160.14672191811226
98.06506523614803
84.01899436125603
99.03833024252393
118.92830762663297
70.13614537831424
72.31768011195841
108.73239068834108
110.90901701566747
101.86494968388153
65.8216855414499
64.78897185796929
148.77021800861687
94.73965494944771
55.1576389657758
77.68162613603795
143.69580589328177
71.88796077286813
77.94537960699127
106.55679696444969
100.76342538487928
69.70392758017499
69.69566758020575
85.89741593520156
67.1420507164905
60.95434602733373
71.4276604624787
148.67827835450814
104.27340110383696
107.50135441263157
92.47949087550873
76.6382309365129
60.91647177347846
68.52478543724699
96.65000616517597
79.54329164894271
88.27822749244815
126.0141185844032
88.65965805369788
82.58924537588032
71.10411195755648
101.1262484186795
81.41079769206415
93.47566087221648
84.05949162041237
102.42434841531922
87.44881471621997
152.05699927312943
71.11917331767454
74.49350827440867
87.69722856070325
128.7510469662328
113.52054965000436
79.81311431680489
89.09003606154876
68.18414714589042
103.7468840267749
91.44994459378914
87.19315279120443
82.54226336569688
77.44170656585608
103.33620243975486
99.33549614635876
102.42022178165729
145.5978014013261
93.82375933496664
116.33350474840864
75.44980972984163
82.39417676982043
86.79174985211982
123.96780690705438
108.2090782582178
80.72760347489162
62.31739840966621
160.63118042791075
71.38239505035567
80.57992929859572
115.05106874608599
101.30346515504041
87.73682352897625
100.70663054280016
92.39834533692282
89.1431125789716
69.4173920428137
87.8761795737032
102.88361605760947
94.75865176012958
94.78728069611361
107.91442917478223
60.435500033932264
69.67014577804912
119.00719503384775
69.99081996970483
53.66648490981785
114.11074956983514
68.05119998843375
137.43167742202183
69.04423011294783
81.49125393511535
84.99345233005833
58.47407927497026
75.57717778240001
76.3587198913529
86.39549130995879
85.32896538378549
104.51820604188231
72.27154004395963
86.2281748924528
63.10928040942897
77.72040641280218
117.52282136738472
124.932364053581
71.98395592303325
107.17246229277906
98.45847712841976
153.79776533831844
146.53446655509862
95.80491680961546
102.15719133280655
97.42764639280593
115.70466642536113
87.27015847348532
103.1877220354517
69.66644406068035
144.58240848150598
85.66951455912206
71.95356281476133
92.43593292011998
82.92053017443767
99.25228875121506
83.54696001287934
63.94761824115226
118.61787217417168
74.79571705883414
75.71025169950119
99.48324677797255
69.6874794917429
45.30508551130708
143.5861674542047
68.32417171316892
105.34388095529741
83.14244905802708
81.7552795661158
66.9981493800324
106.82197989850917
80.04725201120462
82.0566898228278
53.870129690152794
109.15099535161752
73.11199564348246
93.27956596350838
134.61194881148276
49.90554337336282
131.1245988658035
72.41792831291079
155.22549964390336
94.54990714061412
115.60623846184433
101.23617779982257
74.897739928554
89.82500636017325
115.15222505528253
133.1161715766429
93.2002694136277
79.51943125185116
93.93849685018121
80.02641356008881
119.37253377580508
91.78348695976185
102.94357195182533
57.674097984387465
87.64812404265477
84.0487324485685
125.56101318066939
56.37559249109507
69.82842767845989
99.03273474050577
90.214907765284
63.758631447929574
68.07388946123994
86.16530336599715
84.19576300984812
115.93390132246194
98.28590264484781
53.784293777083306
70.12794926797486
107.48221996468341
110.1929415923113
102.04626223555356
75.51577776542999
81.03988961989525
65.30255072204616
100.6910871861558
71.75236822274074
91.61035111241496
80.56959125221853
77.57095508037058
85.71324290036965
157.63848570754084
69.83461140544266
55.054129334576885
129.5318995581118
64.29411308105276
80.20888130235244
115.82015466410405
176.70098587522995
95.74855112274702
90.8395462255156
75.0343168379977
89.25433593101002
76.14223506809384
118.13616349234925
135.85206915238044
67.04991233292648
123.7077329753944
48.19807072903522
125.29979577165587
83.72935748329905
133.3856324297003
128.85003949243915
92.02271387225998
82.26495159141078
75.75495848220532
84.29334579465447
95.80521496604446
91.24701104252112
96.09753258328351
108.3910298392318
99.05608046989556
68.39529313729217
70.74874372411087
115.4002928642992
104.99624097932407
100.41060591677169
84.24976533937351
78.31492856325386
85.98009953658384
87.69336223296726
99.52671037755316
85.63700547218708
92.4350921931177
88.62195569545969
122.76365306117656
63.58333358277379
118.2112196961467
61.98799221997958
147.69207110265233
119.46729801292626
97.27791579393399
64.03708071267421
89.78807487067864
81.53474556397377
89.07489982934067
91.08733332994447
91.92342293024808
102.7311143949149
103.02529803024369
61.67323116012804
65.3153906522231
80.37554408727406
108.76702482498979
61.84197120265043
102.75758508797924
72.43247445338608
84.87693497169121
90.88853551260321
94.06110476253608
73.8995089323224
76.63009618539331
105.95232292787114
99.1556683479326
85.50982317887828
105.3310140096758
108.68438590947156
123.82727353056953
75.8654356402456
74.11386486316512
83.49728625964993
80.31851295370964
82.22019577563903
60.34208050421146
71.35549570113315
66.68544754969854
97.60708201747134
128.85479823545612
110.78332363870582
127.43442133232894
110.51496287421467
108.89028408001276
65.03011413377192
86.9027222183708
77.0475953623648
118.91683504562907
85.16334738429659
73.17293909055958
167.5433293134752
64.18895683228313
78.99948457938552
75.6274301413583
127.26732522193022
74.54114296597777
95.71074212129274
109.03445489726786
70.95172326201377
77.8856262039186
146.05420743189853
130.35741835000104
83.67280510425579
80.33463516930186
78.35442649572462
90.86935463250279
85.36030377558201
113.16032686359104
72.61477669869247
67.19270732345491
70.91016906425546
80.70393985513476
92.2849169859044
178.6241369741808
77.35462669930834
69.96761733653807
56.357508234325024
122.65006467908499
80.69611089583026
111.38348221337526
141.3792631230723
55.759396223560856
145.32191738640233
62.963915094277176
82.87285423968548
142.44055655913638
128.0437762153896
69.7340597446991
72.99086975846612
90.97755174027931
69.87806507035776
95.27299459946762
49.415216911836524
127.2006612776738
66.89065181580389
144.20515543617083
94.30596294262365
124.22840209648136
77.70383342790691
156.3476898426006
67.69192449249823
84.93679319946635
94.12716663221451
69.1213145934746
81.29994170568803
101.17414888948764
67.31210552239271
73.67012888288406
107.18670095791845
67.90405733054344
76.30176311578644
104.04908954180875
79.9916638158829
113.25558317476148
54.57658493788623
69.06838579239685
102.86431253657835
70.27540803114765
139.10140296735605
115.14730971201365
93.4867201155685
71.24834450150533
134.28481452176433
98.95909122717613
75.31894543210034
84.72340338277107
118.96333732187662
109.25043091549615
76.62855531231423
89.86559486616275
113.04950821783575
47.40345684113853
87.39470848737652
106.19055837896711
108.43986880050468
90.07715183670834
82.02751186656107
68.43033995835273
70.83759425735443
69.51808638107852
73.95894944092463
90.22203968701741
107.13626226614782
92.43546314513166
85.51294416769014
95.98316130815962
78.83324739448105
160.07072013553503
75.19048714229612
130.85226976498686
77.21511908078604
69.36160769439795
93.05435221544155
108.81894801481376
145.58546454626637
57.00321296932766
77.90128203317744
113.6942714809447
89.43597115639857
81.84742434084245
85.53507223208359
69.69296127791883
72.89300339225791
129.24135513657706
139.58220588913147
78.46563355394883
76.42569041640968
82.35169509389183
93.0650557309702
107.88328537778943
133.99102840106707
89.81486256585646
99.88105627926417
86.02198027879398
121.90990857587028
98.09402638537613
71.84015090371975
79.37740781987695
97.14750721602363
84.85308341764008
91.50322191078175
86.10722327346947
89.79175757422897
88.05667645362793
53.87911685777651
107.0161131138248
70.74513468009069
73.60110859337989
89.48928454414771
103.12806832538138
105.80498706741895
99.32893154778802
115.75475216304405
64.8642415767185
75.841346750713
88.58408729618564
90.07805756952817
121.72859545472217
94.751088566833
97.54175940299241
105.53193227188662
91.70561238419104
87.01366654379098
125.19224686291143
90.56769424100382
174.18478093744062
81.67973886737528
84.23346957176217
82.81242545720312
83.2321260637305
87.10769811419418
76.0471685227072
105.54074532416793
66.97203497221305
82.65242862710275
81.6137890111634
60.48873837271644
63.042216972838816
80.636041638776
74.29914471655923
121.65010949264166
95.77577517540618
111.43986171122322
79.58300380130852
76.50669126195014
128.70819593429036
64.3723961315206
103.27719692948651
96.82370786010272
82.94118680014908
77.22493009375212
106.27322065374369
51.47788374200375
71.82789613783754
69.53400975338995
127.0327345820205
74.27873648408713
55.982067091706945
99.3241928113217
107.66922110884623
103.71639404905308
71.44586236614137
71.8479819029362
126.74546092011619
75.37693725862965
69.58668718939407
114.04439512962719
54.296025885845204
58.02045414794503
103.71311918594286
103.96442667925727
113.07544784817244
65.29247678060368
72.73876721534526
94.90959291987947
85.38044858780405
87.82529418372322
86.91258928097616
159.72021375435358
131.78697439009684
176.89203395285728
72.54441394190727
76.80076111022086
77.81150066629972
71.78705804298284
135.00422379823274
72.35215150149547
82.06969663701013
75.62907946816766
138.71355280217713
67.28916455048781
74.32108238987932
65.1629569845165
121.41602052240532
60.44756488922025
88.86814935330068
136.4155903499521
118.3043013290231
63.24106167896808
67.52565256340199
137.6960440560753
57.2065781101735
81.87566588758575
158.84729045188593
104.30491815595728
99.41303686882243
91.7178996804965
79.6719222168269
106.15441852622855
84.3648871550956
97.93386413518313
111.89044267621581
120.35184633129177
74.72614261129985
99.49767918701812
128.4437775072682
100.93849351615538
71.81992018237263
93.68607198544761
106.22217141139232
69.12474122248717
67.06018737378035
93.8877444593908
107.34094485815342
108.76460276362062
64.83118068084188
101.85428243364744
153.54233761381784
88.77804509322038
82.37497163820939
85.65955066368215
86.29443812904752
91.58139130347388
82.61596012338276
101.37252338274385
75.39308113810587
93.5502922519048
62.00755955816326
60.342443760956336
105.80257881688016
77.93339278329373
79.30671863718429
87.61468582758636
110.80918796222498
65.09229683960199
125.41006412273488
61.010148283114184
78.52176396817481
92.07725587196094
65.13550896859176
121.42775270719348
79.17699117424041
88.33265251453301
102.88759669683849
84.35014677169099
86.87125940536181
90.12020477472562
79.3669955913465
66.92442642369375
81.58929920765907
153.62028064844776
116.36149931465454
80.27356810707745
83.8584870587547
74.21181987105979
97.50406309162832
95.22257885513834
110.77318969888042
75.88999070905201
96.03209763744005
79.74314130246653
68.43309068867023
86.01131118285909
97.1351480898459
83.62247763632344
96.68549416512737
57.204651401980676
113.34156445750693
131.00929605434354
111.14777135529206
112.55131390581165
94.35156816619624
85.72269267189382
74.89553646780874
130.4174430112885
133.59915604706828
84.1134867580061
93.74915656185195
109.60653156370054
74.49546229296547
87.95312027328559
113.44970093686977
88.15147938971437
82.61683509225522
104.00712698933216
67.14101718411483
100.7142627591112
102.14613589709951
90.46436235401168
64.19258662834145
104.5850482084309
79.32163845574219
102.05181324545754
58.865125145620866
88.91763463611439
106.27935032593562
85.06360940469409
73.33721451009436
91.30587240998533
112.18688510398462
70.59835174928325
92.28662105747478
120.03363260820352
100.69538679989667
64.17961482763907
141.0712822874023
78.84863533455395
69.67375716784457
75.23642619564832
79.0028539349613
104.06914777510785
136.5352725771898
60.89495669749315
65.45798409725083
89.69729333587462
84.82121005378654
162.78143008162039
69.92459949251561
59.184922532064064
168.7697035924952
100.08928537110332
64.96791152544772
74.63801765559262
72.79737954666156
97.58286307041496
112.09672932869756
137.82567358283126
67.95455851556073
70.57077122661029
65.6932527363708
65.98960589117895
86.17641816268615
80.37374982567896
90.29375615827064
90.02081128919052
51.05820521295228
97.76338865674047
75.82208182862969
62.8004877564619
93.58646550943146
60.64405817067298
110.74565688744944
64.20332669106683
83.66574399874933
155.90846844776442
114.01961381953723
93.36736896141728
90.52395617799758
106.92588853477247
100.26742764688075
71.424758977091
63.97679466429316
84.0646128834426
73.8224045717334
151.32745393362256
73.17504222857875
78.71253136538836
88.85755360850096
62.10916066687114
68.7315811333287
131.37458961152964
118.25102277906983
83.08670535471845
83.99981319503826
89.37724558850473
66.7839555984056
95.98226150030786
72.86459581256544
154.01806178391567
100.18173849544189
77.50366489698027
84.78504381759888
70.27838301369869
87.17120095009629
79.73494835717794
131.08501005295187
110.4763389726898
43.606529480219315
138.72762656796905
90.77182577568362
82.86645411545437
73.20122845020457
74.89523610595803
134.20781874526125
97.4603809663036
75.5412237124601
99.01948422484669
56.35364752144502
124.30420040810803
100.98522606426847
103.93540801949183
68.29905395450623
72.000253143871
66.41546105043892
69.85221019562297
97.40731880717792
86.3761005704535
87.53533686224738
81.12744370293981
70.20339340936043
46.86059659342015
136.7422521230244
111.48115199679573
116.79095312110373
79.91294902047574
157.2820495248583
73.67844054708198
96.48109169069834
108.82791062030324
98.81605230321263
100.00521184515068
91.08235444561275
94.65823988640996
68.0489032947644
118.47842323580795
73.99836722068135
112.05107217432825
78.01633695113499
72.27122181570785
64.87206571915026
71.60131032429489
81.21322870128377
108.9811090338432
108.59043297764201
111.34988199118803
97.28653921605186
113.2635249505588
87.35808645958673
87.54411174329651
104.04255529740696
97.14679222359362
87.05956845769323
60.65496386688748
82.49332706371534
65.37306209544087
111.56030411405709
81.03635926968762
85.81999120696383
139.20652423449332
113.36878556619226
71.88469247638629
73.01031442989158
80.36575949785433
80.89913761295215
121.76341042681626
84.22957636738715
98.35521159964676
79.40137624768765
72.96203921553735
105.46365618827018
87.15270218297226
127.81709171719801
88.00071328194853
123.2207424761077
97.31683126495396
92.65223469087329
72.55891026743491
73.3127612975384
105.93543798034524
64.64746147874553
102.55507556045926
122.2762261119358
66.85818580421083
81.49407959119678
95.9457299068572
78.44992490511008
87.33545051764531
149.60506201256126
83.0989747920923
101.84656651873125
88.27447415051492
46.26439616870417
79.9740200590666
85.61581171930928
60.24405511313816
108.63402661630737
109.56844167813648
74.23949625258518
109.34621083672549
59.128510756982145
65.75179679465077
72.49074175596787
80.41897722069784
61.01224501990612
56.84462153284253
115.29063618563362
86.55976195203489
138.84281476120987
106.13068028856733
135.71242221882434
115.19363428545869
86.61606678901286
75.92380541174983
99.25577717475367
122.73499519576386
84.17817629105947
79.36675743242301
102.07726595600433
142.20876047850848
89.52391591118318
78.89833194983527
66.63983043899144
77.49723314383505
94.22383399306344
185.0068002997923
69.38341219074753
99.74388577181263
133.32947818890835
126.64622097179397
84.12491849387567
101.80845949729974
74.4269802315118
78.41051073910744
93.36732024198557
80.6283549788594
84.44977221625864
56.0367591357656
99.18752835317414
115.08319105291365
100.4995068005609
87.27535608935473
94.5323314625239
80.46741698521873
97.09606122353412
115.73357042772861
137.70752029130156
61.0340329789698
96.28131563290636
75.51545376557702
68.3271150467307
103.44606544764552
105.91771780673677
97.78620770979965
93.71804139295162
140.3679602134325
97.82284838879521
97.83512911071203
96.70569410098061
128.72590722295246
135.81210604147776
107.03422316904245
56.4467699106347
153.05337292043126
79.3846002763722
60.36019826783703
131.81969415446778
110.58963426867226
79.66511893297091
127.85741249135161
99.65203910607978
78.79689343352429
85.8356389679682
66.1554923239912
81.03996805763155
69.94954198871784
98.08418572247038
64.22131683080896
97.99898485777643
113.34249230324409
75.0757440160809
85.22233950894758
85.77784424963204
67.42199826705281
83.41543876329285
73.70909884327868
51.279607735123975
73.92867502939417
60.78321125785578
111.35363403144088
131.89742096227644
67.91907745613452
113.90881004485539
76.46816963616428
83.46202770447799
74.00295871941636
101.21569214367297
172.68238697790727
69.09167694501622
128.21729939807008
68.73620170497297
74.61430336543035
81.63860884128673
66.62734658521876
65.01835965286892
85.0927238552967
92.80764290673989
91.55056269316907
58.48726216339689
71.27854691822785
119.09855157336298
112.17110661458291
64.05979094636474
87.91436887317963
141.17813599284943
87.33892791830198
73.42525988751234
89.51487684271942
90.87977515266023
79.6540249991217
104.33305685095343
84.86696539556318
80.23072058182483
90.16435632215838
108.20007580200514
58.46150899511934
75.51057975676181
74.02486051837887
83.56626297123732
83.03825126802151
40.19845684799696
65.53043300926986
77.02191075844155
50.79142715267201
68.35645110768574
68.10841356989715
109.04927609597893
76.75732333751323
50.74513934650721
90.1416455968881
106.81392465250663
58.520912358658606
120.7120437340637
130.34914601222624
80.78106884649647
72.16095097580185
72.7076867242554
67.28595572992391
101.23435230074267
73.74995567348012
66.09816823900537
104.50136780531447
101.15435553296362
78.66101327697146
125.71057505868349
83.54526460610869
50.383804307096234
109.72241419551294
82.45613378105594
89.75779111623025
88.81854296119577
153.42844727118847
66.74635635747018
87.54601632471713
118.9702658589306
79.79553777165903
76.36852908803706
75.39301471053541
110.7783606317445
111.13277047412964
106.10862654045388
90.8869556060893
84.97573590020909
112.45091044312119
118.20965263227303
118.1021095595485
95.69290056045716
87.11042196158432
93.6392984606637
95.85982346008608
133.46038988024452
113.71010761685758
72.3893475100358
59.77510105155193
52.60867979909932
157.24333557888318
141.0207644251438
74.45305926634427
61.38382851963298
114.23040108961244
121.61402758648731
65.48058809590171
68.51722851878694
138.99806058646416
88.59653384355369
69.36954526757253
85.59407119172778
109.03189553051405
82.79526196320862
98.32671297221451
69.48696213664803
106.4230872745689
79.5071878924982
124.1679887458603
124.7674974708226
140.13991777516776
85.1671689299302
79.0008558714349
80.77456073971973
78.17594294706329
86.21648699624835
71.00798474941008
96.32292448620643
86.79717431088659
141.3728667785294
151.63710196224415
128.2409766495539
117.3358087565253
82.10126183877574
108.73348324352712
78.25285048867795
109.75214528988593
93.63045258302714
76.11601153883419
84.47406934518959
140.62008006378446
75.16750586659994
110.04270366136555
93.79651370516893
118.76321138077381
90.98190060959102
131.01568798481026
90.38294591042977
113.25519329689982
83.86465008453126
69.56555246052113
92.56287588781622
102.26817446698382
62.932200527376835
108.05561057279883
105.71480107561464
114.02479102993186
96.6154386329693
96.65080559091544
92.77148947704032
95.21648656094872
104.98754536906176
71.43696054776937
89.80911677686741
82.77094436789204
81.27763840509282
103.37296371042954
88.88572588627972
91.26649152662021
69.46904187826118
80.13452344184951
69.72101601633781
77.20975219881629
105.99277736643988
70.8001639619929
144.93966449766214
79.59052902756235
131.07385448561476
94.78124962009964
114.0351425824769
74.74996941861724
88.32400062260321
67.28170786455601
66.80222313424242
128.6647837043224
70.91796736807129
75.53927756197054
62.013764575987665
100.29820577087132
109.61753471916444
77.18771764108133
63.080720666297374
104.24345860332076
141.1960128161754
86.35131802434867
72.95319399101855
81.24801385838872
132.61529243929456
150.52380462284805
127.72542917025764
93.82611338581904
104.15734392910142
143.87646843575334
67.60896879231481
88.56100592637041
72.1326295886059
81.3987883619637
87.23859640289332
94.56550733426441
99.84622821859335
96.83040425566656
60.977427829733145
106.51518463410292
131.30271512870632
68.04961854989864
58.825389502897174
63.38846350977456
191.71594466144813
104.11145526497148
84.65925143451973
101.0813178304778
85.37849202774979
113.12229890566618
97.30495847923754
91.08908121682867
89.42717352014775
74.5251463574543
75.5523808096917
50.59928406626393
92.71337289770545
81.80985227486593
117.69977434754834
97.32104697104889
101.94837337142542
91.09440604819186
80.15504154779724
124.69703247622115
60.08249758749664
83.67374453846105
74.918847841207
84.48056307610187
94.679219556057
57.97237904883619
88.31015688527444
135.29962429680037
115.09277550483124
111.5269950987817
