402251.7220996151
288874.281138246
206148.33265734778
151691.63145262966
113974.36472520044
88416.75603766715
70496.64376400785
55961.78762048969
44578.246839956606
36160.47483126023
30409.749396606145
23873.17430103613
19719.22753057072
15905.773968869442
13047.923410838297
10025.57216531226
7479.152084575245
5834.920600016483
4327.585562052648
3037.4182354804143
2246.9688268341906
1313.8325996815213
783.0641624012144
508.79919588025604
210.66286319757833
182.90513876219245
76.34382516812602
67.28448507818105
86.33758331338984
198.45586063561885
291.6819774064888
417.6039618740848
570.7831464843565
665.6985084606918
784.7498773287731
805.6680873796167
1012.8565254240871
1083.9686486028374
1011.3077266251036
1046.1611020827233
1048.255872715085
999.444434854279
976.5207538334901
1067.8009796054826
921.4290940840838
826.5709696923241
802.7185893759438
816.126450989954
704.2233371564274
630.7345548861006
495.6697480735669
447.7766732918114
387.0161716527055
370.0506866644868
250.0973361051853
257.6209106128576
158.22359254096682
156.83469571719638
101.34359057037538
109.07711527061159
71.25776929852606
69.8077238013737
45.822603961973854
43.90116089521972
63.592278292394646
29.90108880758948
38.80882781686794
30.142721559701496
23.783471523101124
27.25317826748446
22.707039620950866
64.66441407457593
76.62644966128815
116.3754270078768
52.83814271035098
63.13884877167924
47.21136049079483
90.09651665805222
48.78695906419394
19.761728131637817
48.16865853251361
86.07088436002675
57.14884264878709
113.99894073600709
60.25460582683231
61.80080986029417
56.192453108957054
30.951386393088736
18.820259615637795
81.83444444301915
42.815175564912664
28.725380059782967
54.26628157962491
74.93479775797786
71.12885395943776
87.86375836310746
46.5422338456832
28.788783276422116
87.32097528457679
27.826003927380423
61.5071396909042
37.09183306035985
13.016504307308374
52.48082636827442
42.56296786416227
26.91447000320902
58.522017457531796
19.07166717892083
32.7283404964586
27.01761174583072
29.907043569543568
32.64848430275437
55.91947700613631
44.668657762423344
45.41954200054731
44.06110874572672
25.54102132110528
18.114813647700032
46.13476389910072
52.281328198362864
53.93224470773812
20.916995934269185
19.32818084342927
28.978141629092395
34.35111571761573
47.500895086916266
62.86869640867444
47.976837640114816
11.16601636724616
23.730738292307745
43.38078611931329
67.26421801494628
76.05609941729419
39.9612602689329
59.4828199721081
34.8371620306121
18.749488834041212
35.50291900284081
55.70718480560647
25.649769389713946
27.249509513296466
40.51813112009446
19.944744091840448
51.45632141564809
10.761175898990128
22.761938360305468
36.10162783302039
29.89115280634065
28.66374634404898
19.870280375142663
54.08258355838519
18.35214003630405
46.499754197242005
26.641460586695377
36.767163216118334
22.867307278062917
24.849952826980477
45.103471018782436
22.10260034572544
49.63193131372653
54.974284572081366
43.32719086193643
48.76270783232436
29.30624808023773
13.994209351845225
16.79981141078106
18.64393576154423
29.65176945499508
22.110370079131936
34.86110703251602
89.99016713675829
33.43151932034101
38.876305359994824
28.698123756484144
21.50449288799795
29.746222790969725
48.38650903386747
37.55424647362332
25.256335789883355
33.897681398979294
62.90084435840178
48.92861030217423
22.745595285591207
22.87578841423097
44.16356417014848
34.37763937769699
28.014983677239996
53.89895344655196
54.8959700489135
22.333783942274103
35.02680573626575
18.637837698573964
15.05947333190295
59.29900984043932
19.118767035553333
23.904202378228742
26.761432662783484
36.29695724881576
72.6783787422611
30.43345567411453
26.827923201027115
59.15769558588323
52.36568027440247
70.50776492694914
27.656272538882266
39.805569876167155
46.59069397895448
56.969517741153716
20.367698434631297
38.49333709581711
41.11232572784915
66.7780888170869
48.47583354430742
28.298397151740616
39.379884209794895
37.86037744498059
72.53014863243202
67.76659510919846
19.654158391167563
80.12203841506303
76.53568394544317
40.347494541399016
23.865651972024956
14.94817116318074
31.219361013070728
28.391512914439364
39.32993316843827
18.142007901632105
35.90780787230061
39.817603889702845
36.72146924931364
14.43624198692954
37.6619892422997
20.699683234963658
22.01039665954555
18.83662935168364
24.3037533324979
36.83509410632296
35.90063540263062
45.2943064680216
11.536012983647922
25.504526316835967
16.149713889446577
25.49114330302016
23.929548079884462
50.905325234425206
27.702304948761935
30.35319732420914
35.743099090348636
43.00755557252487
30.95753700921358
22.41135128637008
50.01670930756631
44.77110811591301
83.46781352765716
45.38925915643547
63.244555517140846
27.105979057249247
40.76384755125663
75.54164919938829
21.08410158467043
27.831816645265178
20.215491093177707
50.87363831664338
42.35048503872282
75.66929922290907
34.99575167694681
82.471281045057
15.9476009646294
37.686474857708376
48.894336019237265
42.31592242303344
20.85181522801906
17.503794871970022
61.35072809360762
35.754303570967
41.76522402936448
69.79267871151042
26.593942980160158
18.616916553180932
53.802137346731136
71.6913883140163
36.26119314663458
20.938648188707447
51.53959995100246
40.518230015439165
20.80322348199301
39.84955024346623
12.488619993591934
41.11055484843363
28.664336813149056
52.10730886118269
31.38924786132803
17.508722155251398
37.45173993548594
55.42943193282049
39.02914541715942
25.33526103985687
60.56160382631558
16.516271140124086
33.26572614865096
19.25574182922477
43.27608197490628
24.442053634408115
41.9333394278306
78.1154128195852
44.25785499482965
16.789031157098766
33.3201734672822
47.80907673117423
39.06406442113411
69.29984241768653
41.67456759315279
20.353969108697655
56.47004514484506
67.30485825154844
33.5905347818292
26.123969008457916
47.53779525315872
40.921368859423254
37.60886453872936
24.332019316271513
36.02624148191317
97.1300094563224
35.39072277596169
35.25512377604926
33.450748953371324
27.887584519280175
31.333658366876545
15.448939397935904
27.787794360143188
19.001084091161687
55.037857904681545
23.658128179506107
35.79432450467571
50.01493775658222
50.63325794597188
19.97639998243853
53.32198014210564
32.13624793444204
29.166849010695415
36.10639777615372
46.86836280421973
31.195572602810746
35.92671141993565
18.57318016554628
38.83841236190569
18.777863326619947
19.221639663408762
33.288787772121196
33.648667838855744
22.097834862895176
27.905550665552838
26.674558457856296
32.14457338276666
33.1769906784892
40.88908082357091
29.23915901208172
17.460531133359627
38.02995165225862
19.07617078035337
65.87962327000069
70.32846841371826
36.524405311198244
13.828489363690025
25.980794454380106
39.0702849196594
54.52963019573581
40.77896846489731
39.045814643055195
29.83089163251306
30.478995778785222
35.10470508700767
23.348024593810376
82.54492759623584
72.71215550370883
39.624418498601024
43.76755145435164
14.113884582408057
27.628613541905317
34.618250014922396
52.61049968832236
44.07024089120194
19.513548410776878
56.41920674256746
27.487215477825593
44.71614576039168
52.932213843858975
17.77119074062694
30.62333370876552
57.28826216333527
19.226716801867997
43.815657462012254
39.17893717678721
22.533442570745095
38.97500777649887
68.94888114838903
18.190368486537253
14.368561164617176
26.099633216564737
29.599822113075525
69.00838463346724
30.49102493373399
50.75846861888959
98.97205771124491
61.988297578254745
67.55757055277549
65.30510352767972
76.27726960255366
30.59982604140124
50.422332798146144
42.669221723757374
44.96068172844731
20.67535799913221
71.74486817658074
28.439300709207576
40.2073665574156
34.47260425098014
32.7137289893391
33.19683814004364
21.33772448017231
29.448609898473126
27.952659854678462
22.802177002982578
26.99963991538184
51.83800734013928
23.04734415213771
85.71747414231515
46.618070855858605
36.33546637210951
32.183884291664846
51.99798374999328
53.248685302365814
26.41289946191639
51.687002235734326
35.21285308596833
35.46915973197219
31.861179055981243
47.21317449345961
40.55366256896728
30.572201177950003
26.452731589909035
51.95018094962425
36.983029695369275
35.88523160580247
70.54780980731245
14.810106068000724
29.85070074219494
20.846361311073945
28.15348114194388
39.609212027661755
52.68118298052633
35.114982187144825
66.04227856253107
16.46426146737899
18.079945990072762
45.64809875731285
23.078604501280324
32.721584694708284
21.598432186134005
32.9863237774598
60.81124431490047
50.493133235342604
26.610363041585405
22.8753107125152
51.71838331441283
19.944378093852887
41.98324091091265
66.94405451737802
42.541654245402995
35.12506712241812
83.82071652865636
47.17883489149628
25.193578625131526
17.743173866919875
42.31675331062033
46.13081854378097
22.868128282156707
44.33488723325245
26.505868889059453
52.017167017067045
51.181167498386785
21.070919726813973
36.591116646188645
47.46016239813955
43.11812483547961
84.67708339262356
29.463442892284604
44.64096379621408
39.37864766245643
23.00732646047365
32.906680219308235
34.060614483466566
56.62262265392234
51.62410823633215
24.672472183200732
15.934004960158592
101.6054539269173
18.654636642927525
42.64590921359087
45.67315720499472
44.57495295234669
28.696417668398755
25.398470505847232
15.315834875241178
32.22440516371323
31.2962763866248
44.31580847074309
55.69396650982752
22.453653052377
39.27682075906915
18.519612423345976
38.15906019482323
40.05932036489463
18.63336393370402
33.55863726409567
47.446732024459806
50.65656473178628
33.82700337652892
49.112054964446166
45.40612170497013
20.128607374261613
54.59105822720625
20.202356402163
21.467722303069376
23.972942230415047
55.62899836390538
55.844474116172194
42.84172298007397
34.97815660249586
31.601809999813174
50.113961195431536
22.96312480708846
68.61201751026756
13.821530691009787
33.07963452347892
29.075610238893756
27.14350164308837
32.476740684672535
36.667486180006485
53.04617847993023
54.27904663484655
62.59721409723211
28.856063649691706
43.3056021863171
36.06663198621363
35.337509192874535
41.994131592158226
91.85060405375867
107.13849209238818
19.16043710723083
52.49023176165293
66.02291080780546
31.174408625226917
27.87080171113812
36.69345305583331
27.553460782223087
41.705780188309056
33.41383158879322
45.33956234486445
46.416696275594056
37.62996071974128
38.23934071992509
27.92761796997042
20.134205018810153
36.971458600971815
25.982993816326104
55.70955177105583
29.294760121032443
29.882085310685802
24.039222439622193
47.6975781332196
60.48792713968558
95.94275924966695
68.33969296119365
45.61395816751306
34.42804390295662
45.641041713802224
17.872994299419315
53.576502061902886
41.54102060041268
30.844988223024856
30.471618795366922
63.425874535259865
36.461583743244894
49.777404068343046
26.26591529619561
45.29957709418826
34.52504204820352
25.242556176210012
38.28974237028169
31.399748203111177
90.35540187211132
35.68653552421026
27.472617528014272
36.090847867951055
65.78667344587134
41.34636830318696
55.911191464853616
21.787554795430598
55.77960472985769
23.301302706623716
21.002226238243097
65.31808156913034
19.176757671954906
58.78433028077864
30.88900840715949
46.47149310285708
29.818706466272776
20.850224076916458
15.721269854554087
25.866938369127123
69.22461828900815
42.06879367155254
41.85503648254294
58.77608362957082
62.6102505077909
68.5790737668889
38.75457915904399
40.695351050400916
22.825077229700756
21.836079048844052
25.84484198143698
22.855774024322006
34.21125551325937
15.86599797727572
50.12290303379295
31.835638815955836
24.41400243895578
55.609256278206686
44.24012963952186
19.75190813615901
57.052335083804515
46.601207880206054
27.54495691674451
46.4104956901461
49.54783088749859
26.770827351397912
43.30175069479206
67.20503229292105
56.465971804506864
79.20258481307386
31.627202727941082
58.351530583588506
60.138820562368245
30.906134789370604
33.472819257413384
30.25692534015728
43.90147780852837
43.085248880344764
18.290169986672325
41.72548858621734
24.16843555693641
15.774377295226493
17.088576051145772
24.855771029552912
40.60979926824847
33.330207076101395
24.083784710088914
29.457672580886126
16.281762513627694
32.69484547806088
59.877498394182524
47.68198278245544
21.711698846411387
35.179494718668145
40.58813420573399
17.222027950349716
28.407175412177438
51.2741810886405
31.623207409386154
19.142961924705652
20.075912802264185
45.67036549162963
50.92393328374351
28.36986505192695
82.19994283765134
65.63856651191394
60.94127355901847
24.819632852061744
19.109188869344067
56.74351444017657
38.885210520017914
13.122865061476743
58.04153400239539
32.17930145219895
17.596756752656944
30.791036822973044
35.041400087538975
49.610644403560336
42.245765918401396
29.678178559618722
40.05643538331006
10.62121737312498
42.91135100695876
62.821630215463486
36.38924642427425
22.184360777730117
78.41889099705843
53.468986417009226
22.8235015179675
54.778859370109686
43.7403453808417
35.51522118471492
42.60712481281135
22.179918264885902
42.59834989123048
31.558907160420286
30.851227741903877
27.613912697012026
33.28424094234033
33.61168762354926
39.83066940112341
42.442706442582626
50.410055600181515
37.26648193847697
30.208950575615805
31.364303429656754
30.904255993764114
41.30207413905562
88.26229484952826
105.48260765531607
33.09140111590538
48.40657112476951
43.80890608439975
27.32825452350539
19.061519215267733
26.974324193166797
55.23145442845808
40.06048649704351
33.43322672507642
43.66259726916068
43.84986107028
68.59255470489404
22.14703770197447
34.55024541319379
26.199211602475884
22.087721364693895
27.470864314619618
51.858478543832454
66.11435554388714
13.433638461460543
15.404582089074035
68.11732407603257
29.729196742191593
36.93662497683611
15.824675290123075
17.630184018227723
31.666332645598715
52.17814977318569
34.84096597644416
9.729748998788887
20.601303548588078
27.286520521241446
23.379347437202096
72.23564227757636
26.20080538051664
53.59028067178322
35.225111453185846
45.90548627424316
18.12411523641401
27.459986932473562
50.77286165303079
18.40463943005661
28.755682637178744
32.293055580047245
53.96425498207636
43.229118568349804
42.98641639968457
36.802510054376256
62.87156447576774
34.92545668105873
80.97696202088443
42.87440124199636
47.81646868988131
25.193252782065056
42.71733407857543
34.54333292531361
25.72410134148196
32.2383263409866
16.589301099818513
47.69094489849376
16.662098229676985
23.542780496310716
17.29906716907223
20.64583281447692
41.84919700444533
49.12767628944279
53.215419039620805
76.24938044132892
33.53408335025382
19.079867756781017
47.584913287892924
52.59187257573076
55.23046568532538
54.99692369446786
24.61451502876965
47.95990133828729
34.20959099639836
37.04192599171681
45.37743919997652
23.061306633356942
30.01889490777159
31.266280153529745
46.28981587431017
12.219062191651986
44.570242633776125
60.80486014622868
60.329790265417834
35.112738244527534
49.590333852315496
36.48637692395075
28.305955731976134
46.62908095387957
16.933046679375984
52.73044019926281
32.31672875348796
56.370159835342946
29.195484278272144
42.797914070108064
36.913753865699746
44.7522265926952
52.40256483020536
70.9703392118389
42.65383752126199
34.46950870643343
24.81661760095853
28.942513963555648
16.238199008219542
13.69928643009771
29.95607515000823
36.03821571842388
48.21597200530602
38.51879828806479
27.96090923605509
33.088135989957934
22.84846785807678
44.29866965306466
47.48001734672364
32.35139627913482
32.278181876775754
55.890420065120914
62.10516206804218
53.91409496614988
36.3555613518319
34.00932076205931
27.97196707528218
42.99724458729764
65.79403983628693
23.02927162131011
23.56780637480365
27.974013958234956
18.288988617594608
21.245165520850705
43.67994369132474
47.602857794979656
15.427852705640897
16.236954730128748
25.979980459960938
31.40510415657379
29.4800421582677
31.63292273018229
54.799016344164684
21.896433616914592
32.39089666222033
31.483018463721663
38.48027678097107
23.571145304454618
67.99411194268905
29.510851332955774
17.711209691236096
17.279624336703414
42.16639970053009
34.039404533279125
45.76362246092816
18.945245507698417
13.28636690656963
29.706579829531215
18.827762104755838
34.920763629389334
79.52932753410481
28.01120427185637
56.93968469276114
36.49994816723538
37.62617214086821
27.81061586084187
31.133040884094743
48.22553856047062
52.2929556719979
80.41023933695752
21.561267266786214
35.69824237838111
49.483270227021706
83.3877657568562
42.45776074114357
50.50807093422611
31.81381328914813
24.427692846582413
41.700466240710234
55.223472647855544
15.784313780016346
17.35259142153039
16.76210525588631
59.79449648623111
40.03395422286115
8.79381263752263
36.865338212969704
10.58921798041957
50.660883882491895
51.9831349742436
55.269891990919774
23.83386216061328
30.10603540704887
37.78999883602542
58.013236161782686
12.307713999448874
46.21377384710581
16.785562929368876
25.297530316276678
59.655008323971174
46.41753433397696
30.459251330437215
28.890281253463097
41.215808966630455
35.058166117297574
50.09258062811496
49.63221452758423
66.88756050887757
52.644755345624695
21.979571116577485
21.32698417586095
72.56315660618426
55.407267920563406
40.68638395897193
45.97403344547615
52.23207966190076
31.453327899139705
27.930059381556337
72.90628079421292
44.319574802693865
16.003912868425175
80.12167921107427
46.23971867482561
18.998387321207712
41.96058064123505
62.82446926184652
42.11283718463808
52.71948501317218
53.29247305180539
49.75422942124028
21.47812396928287
41.305671481574635
25.85601292091636
39.298629692541695
28.242200223535857
62.26750235858079
42.44087146093616
33.765007206768885
58.10407770942773
21.94069497393468
50.25029381155889
38.270164438362706
51.65073196328272
36.93068763376928
29.72825684610239
47.62737308654171
40.259880047479854
18.734416672964688
56.37619005230125
15.145810146672753
24.095874577659906
63.94688565954052
100.6246953442008
38.62069911515269
59.38857895156613
39.27906111957944
24.461377380793373
41.92600576468421
25.22317063423697
45.608657837079555
33.6201726887421
22.797668552695956
33.696060392320106
43.11903128343804
15.257303542607131
17.198235754711526
53.243931352114885
46.40832079346735
16.33314642973746
46.00700584523072
17.41912639115679
42.74868809610036
24.181223179757968
57.52002938912067
28.950143056171296
32.81229025277062
54.963310402997756
33.28489676085016
25.701520261269508
70.71358604988805
47.336010336841696
37.0388477354357
48.02274756312917
33.58006849800502
49.918165520761576
30.03096026805666
70.7568784676169
32.20531556885074
32.49093181528458
22.5906804082912
31.383935958496252
37.05102473530701
20.4617201531874
17.412203904579414
68.44018964750305
19.659540439825204
35.3391380740649
45.05545766283145
32.507440919463534
16.99912037476443
35.1657418574885
24.94993642680527
32.08920206299561
42.875284571797174
49.52164683874565
54.44197557086036
15.812310411508976
35.76048692392832
29.35960578588382
48.80947166307663
35.845819668523106
13.141318806697594
35.33460898907788
22.788048078793288
20.577710947105256
17.396889059875203
37.015491713254335
44.93896283345506
46.3462630334989
42.551104821731776
45.10339700727797
15.125007935221912
43.67682118831506
12.812744159940333
19.312433292508146
52.64127192360403
40.32945573882707
42.03972397740811
58.163215806905896
69.57455284599354
41.75020538678987
40.29696013654602
30.546163493655655
27.509532216306233
52.4837518235312
44.1726055129148
31.787350345398707
34.2843045869423
25.217028167479917
51.930177536159675
39.748895812948874
63.94180995429999
34.42823417715539
55.224157331575306
45.94139358195834
53.464167544184214
42.14930564049526
36.424722265765986
26.371023988537
54.319320133970535
81.32964489761527
69.38489857213543
58.479548128401795
69.35174932752514
58.82702272917557
52.53312212083209
60.72377675535881
34.18327487331892
14.216570386636413
47.980008710395445
22.772727408742142
30.037545315406582
49.96772540760704
20.016129189517024
30.97949378413926
26.6237051286703
54.114550089917124
17.891216935294167
88.12156956083784
39.74916296415078
24.33850827197146
38.85529410736756
41.01991942073812
47.658857605188786
44.77626930933631
28.926620761298476
47.21764988328416
47.64829453800267
26.96795574637803
19.577137843133492
44.442490128427494
23.34765248237756
33.38958663239183
36.4898433055338
51.68756461774496
28.44730373040817
40.13845640791655
55.45090677584831
67.3829493028083
55.80246155242905
24.0390696311162
33.91605331251138
43.13952154847031
53.49139608656598
52.65011870941774
27.89966771197613
28.81438246512053
29.856340228866223
23.52946494753501
48.447475188495964
53.19837723230676
32.88136991559569
72.85054832436126
12.10211726461871
22.819660292501716
23.627386936021487
96.7698086833674
109.07359144531101
35.23306658075702
33.815293309105236
44.3309309367805
23.74370100668744
20.366279526284355
37.601353647924384
14.768738626132604
24.23197944001039
29.594502877484967
40.883145859403335
26.99699774609168
19.355526974499753
25.007473967365762
27.768676904921065
29.86916354249574
23.38420950186951
99.06665707768774
43.293507191314376
38.163208849511285
39.274607475534715
67.5793960977577
17.612951169115668
14.733211234838786
33.043971899051584
22.825633696739057
19.23988311685878
12.603816586815025
35.63407535639887
35.64099866829382
58.83636936795655
55.03531834719635
51.05785248878302
77.15946447726064
22.915620053225876
65.37122718085739
34.340340821537424
74.11117806396719
20.058918388714137
54.991375259845945
31.081440360617208
42.5367974749824
32.44407589633059
32.545144693968425
23.799994712305363
32.65505257073468
62.10711125426405
31.37608092903913
66.35456946258752
26.327569446585308
17.11024016503424
24.636379718874693
46.36839456211195
37.45758069424296
49.56500456303834
30.48908265967281
61.7400540991769
40.8500358233117
34.539831646110876
27.455611447938395
23.030897000880167
36.60612311785731
71.3315158360448
54.422009965483156
18.273219266304906
28.829925192639568
34.55642481510333
16.112750136752254
22.09348330056849
30.05457560267002
48.45248566309254
28.650027524206585
66.55521302684231
31.753992228102735
41.23576982592069
28.875833032667618
20.469730184203748
68.54556071893666
53.11488867153261
24.319817553137955
38.064748745907806
54.19719637547389
13.76925732539989
44.795254239026235
24.960634224712734
35.62245894959439
75.71755679788981
31.039371496643852
34.855138344840825
40.61609763560901
40.0661908842178
18.55020970436023
42.33253686829919
47.21541992818049
42.359539877815955
23.22877332955498
48.29201655621866
33.874196555983275
81.90882169666946
50.198085062744134
40.890140770751536
48.783148808713165
75.03959795533241
13.61752599283284
67.4685611016055
61.7515510355829
59.4587367317709
31.02091307398343
46.502722866817464
33.20587906774113
27.90946573875384
36.24541220603415
21.801633197207966
30.534413838194336
56.00640669396482
50.23831338731887
54.37860852626572
10.008647849920543
59.598283980173846
53.21994732267454
52.728649144896345
21.08997158916813
50.62959639536342
16.991995035052888
11.989840182027272
83.36456882263703
33.45363104920277
61.332010027656935
40.88810727045635
15.585858909074316
25.77311791474229
75.3931503728279
26.606602094253702
41.70325232368535
16.488225335517516
45.409421383666896
47.31395164065316
40.061945419838935
28.50001038234232
20.332316518247477
52.65045767259531
56.304958115085746
26.06964422132348
63.2473222336757
33.401694903555466
53.14513102902902
19.775837302938655
46.48835781230298
29.70459525830826
42.57891608675054
52.32155497044004
14.816307465406698
49.04015418045508
51.325520319289964
28.241279173869444
36.62760116796252
24.186317777687456
37.6222538554834
35.677656440582204
50.24886244632442
54.37390334169802
22.771896508532237
41.793051623740816
34.74569595171224
36.9339285930137
23.929125006005243
55.61456605466154
31.656045056240988
56.093757459548186
25.393421236042883
36.91550307934317
61.442469075368386
37.71293607825435
26.810495892585106
36.99220847375737
18.514990515782202
30.296543930522752
58.3955830554533
72.13037137976855
27.713534490467158
47.7593411110381
26.325817285096104
10.962735358163968
26.2989872750996
28.660104752994908
49.704656460867895
48.7642269538117
51.782756885183055
12.889665718680998
58.04254960881232
36.8608279078689
21.44894062157543
23.794255059198736
45.8044918394662
31.888288925550683
51.300781194488366
66.0771400657986
48.79716313917874
15.626698916862283
34.058434840805404
35.64038600314815
23.81286826664569
53.74630726020769
37.288194004087316
40.1536891523883
81.0637770697306
45.30285129827508
59.68184084191709
28.1003801895579
31.099726664474314
20.433225250741387
10.830655191602785
46.6005671984086
28.922302259637096
69.04165350883652
16.108464793005208
49.52467685016411
36.10670011946298
64.9763340210844
93.93325202144172
41.067920217955006
57.683195284494026
18.611763135771263
40.88588622160369
43.579134433957
38.16309991879771
48.50575649757662
48.5254177151941
30.424155164155366
35.96852371651463
56.57768013877019
94.31397423332425
38.54117996918263
29.62085894255269
39.202044076101174
73.48473502868315
26.48104020674875
44.939131249508264
28.111353952462586
36.5259465906118
14.610624399404873
19.642016936921383
67.07951662951297
40.04485477100846
25.696818853103476
31.89766298351487
27.619645010799626
54.27566201971911
44.95728972956876
43.328186840317926
46.02635420944144
36.351459470329154
29.735501465275
27.192650154227373
29.034886129375852
16.538134053000274
18.108089091395392
29.818094642351607
39.05378119319424
35.741199171545944
18.76653501324782
37.576410101905985
36.984682789348426
29.836489718175958
33.40611968115532
31.260390753786822
40.41017366238137
50.69551890791376
40.561983400288476
34.995165449503176
55.013071037546844
31.763671714042857
30.59933743384786
28.736879236281933
54.242577980587704
34.78616208003758
37.57541857141769
67.62420234321887
28.734589793096333
30.083769256736538
25.09815882504588
36.431988518834316
124.09706038011963
36.10048011215833
27.831951870547382
21.32401867802083
57.39819921266809
44.46131829469528
52.6636221948817
12.907239991417955
38.007488231058474
21.513125726373662
16.768415195768586
34.049185232517274
54.01690094706968
67.55576934892149
49.42629987510051
35.18446343281112
20.506387398862234
58.26443791771466
32.02971790386814
56.113238000182676
15.225469187493909
19.924263659729156
35.523185258155884
40.27031401952389
52.315440429504434
20.742374097908485
56.33650433245585
57.324945803602404
29.618575991148028
34.347234166395076
34.70094432581644
22.95815986042193
19.300681163732914
31.23021063027259
31.011044475176845
40.58357885389569
39.03145324366285
55.12648337092845
75.59570023561555
42.87214610327532
49.164216589415126
25.23390124270471
39.439095263645186
57.13128199648183
50.75708910137694
24.61548987149075
46.488100165380345
58.16776885959486
31.193756160525147
18.631259880800965
37.21999569067256
20.612865465507387
25.495714359275045
37.118225485502
60.357099058171606
42.44519636390929
18.57786030916398
28.636177631962696
21.18937559854543
57.49109565291429
69.05547060691556
59.04412334982041
17.03019740241168
35.193330253718855
15.786457214143137
69.97520913642373
27.510889953314603
41.36482550769803
23.852777595911785
40.824389760587025
34.272130441851964
50.11237114017116
60.283916130378834
74.62622823355454
24.731656930302663
29.26873199364501
23.273165710800075
27.745278891203068
26.700772530774348
15.689858088569618
31.156996938122422
81.77465803187445
34.33342933707486
39.065149255682414
35.26232218491909
32.5781096155859
49.86204346635732
15.137794914552764
18.559848478770835
16.106883094791275
12.483659188631693
53.08194903375728
40.407482605381
58.88366718328878
11.946835460366273
26.38995905200036
32.30972103040087
19.109511353809268
28.098129113332355
27.08538298711557
17.813625378302152
41.610228710616916
28.126371557478468
49.40918617783366
63.7216286266033
18.81132505013417
19.389069971585126
44.60488613119909
25.060571644622758
30.210807326264167
24.957744310018317
27.44048351661881
44.51787684665367
12.492513217562996
31.729673413458325
16.97275696774217
61.67080211156575
53.56270870668166
47.15475206616529
39.40321352983578
27.68943816566445
15.305297257593448
36.4709855780319
40.7744716319079
20.99351995346571
54.25590216058066
35.51199816462529
46.10161447584355
49.33601490905022
44.489035116054296
47.141040606783456
30.751567374045337
50.50609882710692
34.684445336650356
34.14660456441373
38.370935576485145
101.24912105702255
57.21456655942435
26.389056015570283
35.231001399404555
68.81277440069573
19.843459689158564
13.38820302810522
48.77836066848686
41.606982093527144
42.69628522445863
44.34562625502059
57.16197390873978
89.92906884868177
63.33604266945181
41.26281118249439
19.015306161820973
70.34010569616945
28.305033343059183
69.95402466074181
79.21243595274322
54.98244501207363
50.36123189462285
33.76963182704783
16.473587637270125
27.216364224944243
21.441304055789328
22.135640007159914
42.28191135402023
55.519711617405484
54.95213025015844
56.77248734698944
34.204656675230034
47.88070987388523
24.437717317045376
59.00729541453331
49.83840097395403
22.70711939679697
23.214791169277746
63.14688765169433
27.999056476979945
53.18601685120116
26.090915190128094
67.75660924051196
45.44984679983738
48.51288108917377
30.380271435219125
41.18171430902802
53.939478096601654
12.31250207565569
30.53274908128939
16.987958386074574
25.421588038559033
58.17301410603912
37.79799035328748
18.50478033551329
48.48458827087407
18.304414594218617
19.107423396264778
29.383488093121763
38.02435264622531
20.20158085031463
33.07130364980073
21.26153221475838
54.75125058732504
15.512574156821987
66.14414760628681
49.119479280812264
44.60131544927904
60.70499881878331
35.89080794104758
40.69407939608231
55.02505957360725
40.406601868935525
20.975058672148073
48.07242511556805
73.5338951233794
57.51220614019332
38.46554249528054
74.00019642925554
36.53258154294022
46.993473994680315
32.77292745454965
42.903809383320684
15.013483914408713
47.121114417955326
24.843922908528658
52.76171837659038
33.258452999906886
38.877705342036705
42.38140803584595
40.67371523452545
51.19153035164879
50.3842203773996
85.5610855639384
20.729462191089095
26.92868326954571
34.47488068567088
27.726256185842185
46.286106775568285
27.6242221601912
37.86896015200517
24.432733317659217
14.210900974543458
30.962925864221997
20.85396498602426
59.681691987603955
42.425542237660935
20.6421073327663
44.26256627005695
38.20037563897707
19.898100394425228
55.80943719377925
30.965966611463685
58.6329856306392
22.86943476176703
48.48912510663427
53.31173453724239
27.91782655720853
40.60115666674582
53.316657874740436
32.67195524825161
31.895643244502086
29.097951606943134
25.84927872637997
28.845913527874167
77.3506071384785
36.724725359950064
36.86268485606924
50.20041882044895
40.54376057101513
23.75134979724571
33.82839092702793
17.856907782410108
66.02738271146717
37.93048201391623
53.505256584017566
25.203111603305057
41.45774252097439
60.76037957317661
26.216419312712
45.165951470875946
49.7317181067814
55.07442172842182
33.48118508517725
41.85840633158388
31.587710987354896
71.84642315544257
