46530.53893800226
639.2853768409763
48.981757277393086
49.42452147946895
50.41654751341111
51.444424254151045
51.80435257589854
53.731131709351345
55.02574635167589
53.61638780396091
53.9822738584925
55.39697597063884
57.90315302960468
54.70085293655694
59.89744662769351
53.092169760283085
57.986201134391756
55.24481103884047
56.14619999690488
54.38905981587489
54.16004113545198
56.09627069114051
55.36738930209283
54.86784409337276
54.829710809894834
53.03314546897964
52.76072158807183
53.9436908954833
58.30703148232257
54.83219472135301
54.31370669231458
54.69641199702005
54.800639425133696
54.32981064133376
52.76440565676258
56.34761357263364
53.20016002340371
55.463862271722185
56.565010805286256
53.84930572650171
52.9903330685231
56.165535889155436
55.34001184535689
55.40736982116334
53.66833855208812
53.4282207942032
55.53082715794251
51.451463319759355
54.32747748237582
55.19540514887491
56.11084939332155
58.22084457669941
56.68656821239915
55.87500331018822
54.61364520336652
51.71421426680512
56.46782123559746
51.97785578436026
54.14123686448768
55.579757583297685
53.64203247459579
53.69611968509027
52.31056614706513
54.646674858940976
55.39310723972003
54.245678006183475
52.443466600293995
55.69625788841441
55.00904861582612
53.35906196284816
53.977302729782664
53.282812572603135
53.94513526945598
52.84847142287901
52.8304769480653
53.903463575827644
54.180933440477816
52.720385898379455
53.714696929127506
55.53924472949006
53.96410068046466
54.40439510968656
51.67359992526641
53.70445456634878
52.45704059690942
52.900911564904234
55.251385474460236
52.41291243060347
52.10764455978221
52.41770667877306
56.11435051230296
50.60100323116567
53.500132731824415
53.04919238576989
52.79333507714779
56.63047360734285
54.310718887236526
54.61665533827812
54.28899027982588
54.787292425651934
53.118051476800254
