3572.114437898338
3000.5874471187726
2550.448758391884
2604.4572259701217
2339.041973609819
1721.52188583595
1723.7102933591352
1385.0001720997082
1166.6354014721283
1309.6748442339037
857.0761730565727
659.8724943664974
526.4899956224854
406.852842022973
370.03856034011875
241.215718640707
223.1034957736368
205.7019588716868
136.0598255346427
100.14080144630178
79.86386307212949
94.8539830221955
126.96757374050935
147.91585447614162
142.18382251744725
203.7482189863587
213.11775040919744
227.94176724424116
201.88733588989342
244.26829592556126
159.65077815502963
210.52639021571804
192.15721088125898
151.7423448930062
145.59111679426283
111.15816296916698
136.86507909063107
93.97960925708541
109.83477148959622
85.68448655196845
81.57564481486834
81.72206724530811
76.02080135283997
81.88337172010897
80.91415389891205
80.40766366202632
143.33882372468386
46.371720543539915
70.80027555768524
75.15578722168544
121.45264375992579
149.7142424727824
75.11059063343852
79.28584589286714
94.76674232138976
125.8646445968137
87.19284211783224
82.8481946683461
142.90476449292714
88.7253143967775
104.8686222193622
79.74039344613111
116.53263089556249
58.655197602323064
100.88512260177251
136.7309927940034
121.57820465008189
98.79793298507832
81.08956315824183
66.9817670876535
109.04277820237205
88.27303216930937
77.62685144111164
127.22718043892026
113.28759841858009
86.98754525293185
125.54577176904166
100.42052636241789
135.52005736664447
144.3350968748278
106.13235404195602
103.45981278559486
80.09549332403023
69.87890920543755
110.62438766947757
87.91621843725171
83.25630203694217
93.41817149515289
91.02613034724023
96.42395396911631
78.39681490967243
78.63555033926363
118.13801224027105
80.85128380821813
77.25285290184748
67.56872672961161
60.97503080678616
82.28020262713436
91.95875340469892
146.33442743086377
75.82452464151092
70.52404021042025
86.73518015367733
98.35653707328301
70.39218104116829
77.27374958558214
76.52717115949615
101.11222431989526
64.64768759826522
112.61081376160385
101.65984915379586
116.62655202486813
104.991427307652
78.22731372616018
112.15056769764907
68.52937852655462
77.4210411332219
92.97150973540906
115.29673139137915
61.930969178664164
74.14577494606706
82.64712561947863
74.50415613426128
100.88305810294713
91.02965785743982
84.19767665009067
49.764167404046624
92.20380267609981
95.03245275549389
90.43649056001564
60.83503535694146
65.2969701611024
130.64621659182933
132.72004913304215
69.70738639976533
88.83056271250852
99.42889656115128
91.0670914308519
91.63776858486452
105.07207396474823
97.02771681416597
101.31610296116898
117.52248251589272
69.34179309929756
85.71244273334273
111.12668788968271
89.83332543415082
104.19495065880096
85.18289330353983
146.25540723269415
122.66140079053005
87.91257509234082
122.41025004155092
90.91776947866617
91.63364444285935
74.84708729248027
63.29862856829502
90.64421191464874
72.8263224935484
121.49302639370296
103.74280399624487
59.940479651234725
107.48407435336284
118.44895768262067
72.30320540093821
148.53685179509745
108.18322646713963
86.88943554564632
87.50468759164161
69.32314506025486
85.60884481020994
75.56006650389553
63.239222073165315
93.44465210098397
72.13639475293121
96.4088175347356
87.91780990408404
101.40639490516787
86.20090043669364
96.4270711870643
129.92520979543076
70.35855080317054
167.86895597412627
69.13214779144874
68.28434276711312
53.53293860252067
56.508873951266345
173.12845024354792
92.5973955413657
58.90105485978964
101.63051271250943
110.8795431610136
66.81462487068528
83.77685702418619
88.21588407806242
59.43776109444766
129.1123094305086
70.46757810614693
71.57557419416642
67.41555546486222
125.34361255212232
82.26934251818548
109.32892160849201
78.41907859156912
101.58480270354966
61.415783766698596
88.22454866781653
82.56129278309797
68.94093650296696
81.42069546203894
65.18525317193405
94.76303277217754
68.07147050136527
74.09784828880862
87.93205578868704
145.80876520168036
133.3343530349612
77.6604936201748
127.96368712192054
110.2613402545263
78.4560060071265
74.59632410776668
107.83226151006467
152.28734957761822
94.27130082544004
82.93937844085696
103.72764455987576
78.61538336242336
118.4322816893352
82.43984399927538
111.7804261942438
158.6187782869772
101.6856142049134
92.5012326297762
106.90401221858524
115.24064759187958
116.3168862336055
68.23284945710478
80.40042036665608
74.65004432941187
95.37985694009794
55.16293042272365
110.52910750281639
77.56122077814884
139.5905648053077
98.85288575850511
71.0333553431834
59.21014318277976
78.82488813941379
51.798943409196696
103.7372226868848
83.41947942469254
73.7572743197982
87.65683539857243
68.14322676682974
73.45988603633351
59.18444755457391
93.21878290423433
90.6770791646407
99.80696555059723
95.03150465202665
122.39146955101134
66.6794444628445
64.0115514680599
68.39761677392988
87.73939055257848
62.04267644391868
83.07835308923576
90.36559067839526
76.484755430264
77.1336865872806
102.6558894250732
82.0957363786967
81.14553452962541
80.43330563807466
94.33913858395438
76.64321274544388
81.42217474954533
93.7820087680646
71.89039208337317
62.16296676161204
58.577301103211724
127.61128987289877
99.13422449203932
75.75150132650482
86.13138618978984
92.06076366584536
99.70134919267433
93.34108025763591
83.20974116463353
86.25737606296364
104.22922215282891
84.6956053282507
92.35414300060027
84.47511588601527
87.79177802372358
75.86552929894746
85.56931518409931
75.57465974178524
85.08489916245603
78.01175974938923
109.43797257026591
69.21989719852725
92.22032012429668
120.888690261353
58.98547897713626
94.74137682727473
102.89162806763849
115.1005550072525
75.91853068436659
87.21226380401565
103.48760519936546
120.22263839851712
74.6230458408689
74.69351170926488
93.32081028901037
115.53844665866467
83.78624409088145
119.92961931249944
80.36290563761027
72.3181805486312
84.14886653528171
93.82623069461839
91.16780803999357
115.16524655130851
87.98281808205746
119.56339225111256
73.75918142747449
85.44791768847148
61.6709695051058
60.137180504100826
138.21345969731092
87.76801991726322
77.40181005415849
62.53514027842307
101.24052666372387
68.79004274622879
80.90197223396454
122.77916181713992
100.86311747878003
103.78018918569354
61.4354220749394
80.29545066492734
92.75657629620706
83.70757094921349
65.4128062098611
60.79499534092797
100.60526954333953
103.56327991029073
83.93512724068624
96.7868521947422
61.05419395239947
68.15783263925222
66.98027610836486
78.9249431528018
83.84831327714036
56.37947055061513
81.72817223532812
164.97553781191337
79.19762452442028
131.16378010420985
152.07549106083715
117.50657138213964
106.07507464862753
88.92601428971253
70.61403107925435
107.32814033340223
143.1975993686416
132.7877440641706
56.79185270911948
77.52046609933022
100.52785800393713
92.04016664029196
81.73996893891847
83.46319282483864
67.98894717270963
87.55325152491697
82.5963560084181
76.61694603903656
79.30296999109456
88.51430079912379
89.84797632052216
83.45113576925856
93.05274112882658
89.50491936266181
101.40760343057292
76.00428228517565
87.43145177641657
145.45921043452464
83.29649570501074
99.43974539424275
90.2310289319345
97.28411423794695
74.88852001794012
119.17413893269955
160.27088479470257
120.53219295467576
72.20155995752778
79.13282957793588
104.50873225538264
113.00027579187804
85.13175418832981
75.98220218166796
98.53351281610672
64.68110394045917
82.05503559407931
87.8557703909291
89.49413309354128
76.24327568725596
95.05726381848962
75.25876372649739
74.69813749746214
84.31785140868456
80.04691877068795
81.5484046373331
103.14410502510547
66.36149463512312
79.83641147313442
120.82935080181127
82.67371994207981
60.98964504077973
74.75834830060336
83.13771545263046
133.59388453699034
109.64274558128282
90.03497665197045
120.50415797493224
95.56754717248337
75.46187556496781
91.26843025407099
83.4509230049357
62.070606612426694
124.55852985710436
112.22429891003769
74.26760909124997
117.03695098568258
82.47237671260282
127.59471076562133
102.39903498789754
74.36462856473767
72.9884828376759
84.96593320186744
71.77614401218342
136.06569640024458
74.64612883720177
78.82268856703892
76.33525456401048
98.25890323329548
63.84385970560377
75.43074644940303
105.31085455046534
64.3786677935333
68.35672615420638
122.09934035742029
60.135492009801105
72.03840628508587
98.4750565404489
78.1739148905217
61.12606481479621
120.2697590669383
99.50727550337457
68.37118039751556
74.94600808361153
76.7956417348402
75.98619738882539
80.59914618258254
80.13948214439586
101.14533900271505
56.49607609637389
64.16640859150245
80.90766118276946
100.97774561166321
73.8948833285037
115.08773307991697
103.43830167706543
55.36817613267413
144.37678095957347
149.57575352636437
145.07048669330138
108.80305047326031
126.46024470819843
66.558012655777
88.71657342587496
88.45632919749195
113.92005622233765
71.25727982597834
88.142344809569
89.45239180296632
92.16420165919196
74.99026343136353
83.36123787249862
96.24347095676782
135.65908309452453
84.07939783191809
93.42917173165611
90.17848879981659
115.62128471766057
142.09210294670106
105.37202690646671
136.24038576255032
102.64405381283754
96.36160831510678
81.97917741884851
135.51188111909985
83.81254744537787
105.12028238419214
65.90914140721377
67.65264516610708
71.28740019020056
142.66376660123305
89.09649299003337
67.99080083724239
87.89244010887563
143.1067326496983
109.35395868048434
84.60701857577119
184.2821097275743
82.44490689946305
69.8156911594399
102.32844849445328
52.57026680922229
53.018355054964516
59.02353560476392
47.10759174562254
116.70769627003912
72.53872693297531
149.025114764659
74.78995745241848
83.87814421124475
99.26628369013999
116.30746667126498
84.25213664443984
102.59898634783133
47.738673673937534
83.77907353263265
133.9641352288885
93.37044047654534
81.31061044564551
92.66161677993698
99.28416873900136
100.77996803072975
79.67117315527682
84.79681273954344
103.32877381009926
85.7476175795863
124.39565615344901
69.89903158081624
105.83654358652474
103.81324574010495
67.31896299542257
101.87693829567097
84.39720118072414
66.50803274409681
77.137114046152
82.48665451692298
70.52201275030946
57.62165413599515
81.4945987779943
143.15218685092148
65.30512600590708
132.43980120481064
100.8987919041676
86.09552387117421
78.43321555847797
97.22381306342643
73.1149670027339
73.50289426661033
89.30432070219899
66.82516873331085
69.41519088025535
98.5975707881567
65.56884022803516
95.94669521920753
72.90975597807278
106.81548972695325
105.9286703622392
120.62214319650086
52.66374662085014
74.29086577196331
110.14070739051247
86.95024816282971
52.04726237403827
108.38084390071113
90.50128019571102
64.0294415706783
58.0285581845806
117.18167577363221
103.84151780321436
48.624332751268476
83.3446136721872
63.22505013985693
121.43903680466491
70.56012607353294
67.2025909640026
121.50021438532481
67.93391472169348
67.9980523801636
120.66093468937562
170.60808797299404
70.2524126497359
71.2019099729173
104.52795330616998
66.375848819964
106.85606155283148
63.67235316384949
93.04885158227614
60.717994445967285
92.95864778781493
85.87331255362548
79.49326664045324
88.1557234902362
78.20128624293014
107.09327058298466
98.28351105533632
67.26802263174933
95.0919420863507
97.97502151723259
57.75499891428715
90.75213231098962
109.62168906388867
87.22538552198498
96.82854658341243
65.31163185632413
118.8153607189253
99.65929135853582
96.58241221040959
194.78980944580863
110.62309896000085
73.12856163795463
114.13210553979236
86.56537672972743
77.70688327036589
84.88511208961064
85.07973105512002
127.82948347800385
71.51755197759827
66.72927961502285
52.737927258183646
154.38358530403477
176.6576709033201
105.28596258458307
124.38716401864053
76.80441147124924
75.3349354885057
94.30044244207843
129.5466543438423
80.22474579462947
116.38495286175655
67.79927842005019
87.47435919867705
92.83145656747266
93.6518458099056
113.06252071988634
107.60807000995392
88.26772947761272
152.01280504701194
73.27917868824794
57.64182679597572
68.02972239286197
61.63721402958421
81.3740693776195
148.82974093642162
101.14852885931268
106.34946622995936
164.61052131101926
102.80512986377698
113.01990311379649
56.26047563786337
93.41437434157052
72.9625463545433
106.25752408623836
83.01071154269775
79.51421151804894
78.90056960727293
93.76389919437403
90.08435911430321
46.96867331194809
70.85184017370155
118.45463576394111
79.49718968311585
66.29831516962784
77.97599279344337
67.19780032365418
127.57258327746439
80.99000605991115
78.8598759264558
130.19310172288644
67.29848281044826
65.5510670516861
69.92899452313222
116.23318323391491
59.81123457152584
105.49208698411681
87.92646185569217
84.73025573460447
98.08766810281291
121.27442370840062
71.36185143806843
96.36114142700835
88.65870251298008
124.0867616593311
56.68233302036811
121.25004798025894
94.83283589246791
135.81988937303095
80.19528254106277
112.31269677344788
85.7737100573201
118.5491109777506
69.7808997069773
87.07831157990154
138.94287500335466
68.72838806117592
72.02409420624733
90.32120457910828
115.4056267390738
66.95867553296986
107.1839775885431
112.32393071239444
78.37995063324523
64.11191473065736
89.36265812299105
85.4312740596466
74.63760887388769
108.64531773406921
110.78910715913517
58.29099367636239
70.8671496642146
45.25192038329898
90.11518068418401
127.43261344660954
94.24510671178936
118.73977745374735
65.84391692003987
83.26739120150248
118.06030651939363
105.71237303734777
81.22772710038687
64.7711154524184
63.659879749706306
86.70274532242267
98.57310949121101
82.8883920094875
90.41944156257826
106.32313938791924
80.0596918832013
99.62409207581922
96.63397424256766
74.80572133007145
105.9417291123399
67.37102997280265
123.35914718942283
80.21358345434503
100.33164120835426
68.02548088979361
105.37913514076529
123.24081620119853
79.38917683360934
86.15747728776388
110.59883655161107
72.48319022615469
76.60263798454491
67.11284499805747
125.39871785705702
93.49476439652271
105.23100613678507
103.23541153238207
88.00544981721052
108.4851044641975
116.77752595362223
87.71882650124826
91.37547601832361
64.41362796582311
66.91930313571964
99.57004461817634
83.22191783094782
66.72936292451176
79.14615181817172
85.34261612223965
99.35738515906324
101.8345573609418
110.34970427044478
101.8325605884124
102.62102687840435
72.60098819516492
102.95029300522125
90.4958313554663
104.93465767372952
74.78426201567657
117.28472039492128
79.72944151851065
54.46086639058642
100.41865629130334
83.4993213906655
93.27152149630875
78.2829234560735
123.55163398813424
70.47556904790119
77.55534136819384
73.47877660997413
108.68455604743923
79.80727317294804
81.52232858585901
84.63721925414963
180.681265160173
169.65774196747324
92.29053793290498
84.18726971560535
115.25327395576046
73.17202819428856
83.28558443318876
138.98439296776337
95.1432983546866
70.34635543028814
128.40168644475906
75.88750002055461
129.85325310496327
71.65341269133108
52.9573072226603
78.32755449935054
85.8153100288993
69.09501965906246
102.667479454867
179.13082143169174
75.560988805785
92.93203131325195
81.20921598408316
101.57739385755502
123.65370953341804
111.16261576620157
96.4118296069782
83.78212703743753
80.3909643450418
77.01571129498092
75.13878358812553
74.4086445759494
115.99115004544838
70.45088918956392
112.72058398633371
100.46059702194094
105.90903029962347
74.67562393782582
93.29815323086208
59.88868977964471
47.1117841454743
241.63053650179353
104.12981232013945
72.88563888487388
78.02859252776723
151.3040882340506
100.64178761546036
79.59445348132908
69.9371447693021
90.8987002290559
99.84706346193558
65.53339857048648
142.68595051485303
98.10320513146272
77.14671721233877
133.97338963760095
149.05694002834016
70.16646841252897
78.62620061839598
72.81700338748553
93.34800979744998
94.79278014624248
72.71386310300217
80.30857437300189
129.00694915050875
68.78083843905115
80.0816983308302
71.50493056588101
74.69355293563676
78.54702715132173
53.498092201335425
75.82014134066057
61.251736207826845
99.88434768933703
105.35148896618836
107.94967565218991
120.66887777370184
89.19190237010545
67.69392596525618
60.52181481954544
81.87239691225518
82.09336784698002
75.56253531197642
74.0018320188791
111.8063547672449
78.11049117620207
71.96860548352838
77.14458081759459
123.9753183241887
73.7257360925008
96.55384898056849
115.88743749956802
99.85018052208602
146.07515649385826
161.58830953135
89.73985472327361
120.24592124266607
88.13677109681777
90.47921818358648
90.21534257364469
98.8672514890999
79.67320560886556
81.88870562317767
119.99982865159515
106.38390837664262
94.14721359657901
92.53863146642539
93.01106432432252
96.37847317638453
105.43592921215723
66.86931367881897
71.4619000046958
100.65130324237572
82.02798331274558
71.29142376263586
109.22771868128196
139.8748699782101
68.21662407586643
107.60589286985336
71.41055730785057
99.90782475249769
70.54399254204422
116.41663165259553
94.5290251685618
63.166544343108775
65.26681505218154
88.59655187684871
93.9881203118771
54.07119304685366
81.04042493020137
78.66378147716576
81.23020628658011
97.72722935241435
51.564819714403335
48.15147053157762
91.83742513709024
102.62761909491044
126.84101515652708
133.7433167745137
100.80813712905613
95.41195092720908
104.01858952394232
50.54259090595761
122.77839058635709
109.96860510153354
110.37174821929263
123.3398560592639
105.34622343883275
92.82537538675491
124.69931019604216
79.81773351461744
103.7551769187486
66.99656315068057
92.55682095788465
67.52050457608895
85.00320284582857
90.71464539352706
82.32696565097415
98.91034877630376
78.15127720751572
53.987870218501335
106.08844241907182
72.55563881236878
88.15042997713253
70.03916169157304
60.562246977956356
79.32966435336249
106.69300590659645
68.07299715285245
52.53272854871127
74.30619778024177
85.47697477136373
94.05486709627527
78.08492678309355
72.3853064121187
99.67606421173386
83.61596303805617
66.22282847422224
80.58506211007544
88.2583899997823
128.50793659523143
103.25172152354745
198.30083699975447
101.8280425640366
88.96040696454251
127.99102196986057
142.468639231928
71.77003402504852
84.58421637713752
61.77629153996113
69.34474625726111
75.30732807261022
128.69156013991875
67.86585969036616
52.21307157914298
164.35244080605446
153.92775919377326
85.23552771157131
64.85289472866668
71.9809331486079
79.65646824709445
77.83927696202143
135.98187717588982
128.89511934072652
108.37687306132091
99.11906450748198
81.35366305221557
81.24389433252222
68.37865388802187
57.831414951703906
108.58253870178127
98.7155007086733
80.51583216385775
99.80854466890506
72.75371855759646
86.61684970768235
89.55275686799837
59.945074398705835
73.22290982636814
99.15406471461341
72.08949065544694
63.85895361040904
181.39888248945934
137.16512654722024
96.10142111759188
94.06444543802006
77.40178502479664
84.83522798664475
124.82720478272127
128.44795965804195
96.13496193017711
131.7819447850711
95.40579866807127
98.14233885462464
89.16205596670358
81.7851875104261
64.20491413478875
143.64730568026874
91.8647235453247
126.9959714004131
53.89384536779191
110.30636732639276
68.92026538204395
77.11396977635897
97.15603322253394
88.54232165794836
77.41925748964817
106.43178472205949
87.38944024888198
110.22892988183683
82.81386934058989
134.9844312890457
90.03193804501169
92.58151612080769
134.76437773724962
91.27303956515192
77.21537648113646
90.01924675281742
81.82821143260472
101.83664668761445
71.11351636621347
95.15521971025426
74.44385452596795
69.02632347032251
114.2851627840683
85.68368129465624
97.83152812912476
74.03443001522211
103.72273624187025
75.34678214885695
75.11172863064911
68.82305949735863
58.011659730056905
105.71561557191656
62.73367204957939
71.21090116697987
166.69448341858802
82.59304600226164
70.08622925497589
90.89479213915868
79.10168688387519
90.9617609430416
72.09085034833448
67.22808926622659
121.68331627188797
71.81444916830365
101.11788999457754
144.83133373025368
74.41963371575636
66.17355909365821
92.46859755776565
136.02675265112637
93.11811749762383
148.41694780487137
78.67044735528023
73.73053599848822
110.38638513956663
88.5439109245334
96.65967617777767
76.3701655348129
58.692998131852434
89.34911035052119
73.77479533493258
179.4398868317627
97.85443379269032
73.13252975358276
48.184331292870965
96.58258924317565
81.35036772722724
70.78503066154099
125.5780175278455
106.84381269316552
79.25268714511733
117.51696362955161
81.298219886406
102.32005836531519
64.671632624866
72.44533047254083
80.32411916579547
104.47557741603757
114.26699696226305
102.12174744360658
82.15294033994601
214.7345395508124
72.08760616040233
67.35960638551059
80.18830827889852
71.18678428595646
64.75558977297436
74.24898162410997
109.2004966287094
68.1156118387449
113.64515025165713
76.43704339604463
66.04420780766755
113.36887962421174
74.570279144779
46.03293788994201
67.24261281570953
103.90784386061598
97.27378048007503
130.00690972779353
105.78312076533625
106.32848864057843
115.15287442341678
83.90596675455345
67.39321069652172
79.71242724865745
86.44086621555154
94.47651322985963
87.62654681185053
136.54337938042724
117.28377142652077
140.53462534955935
97.08184611234358
103.17300731088173
92.7663638147387
67.34836013179316
64.06745865027547
66.89527096970389
159.06208771145353
65.43334994225395
80.29857861363038
58.418791933304334
51.53490407671766
140.7868370433415
62.18030745586851
97.24021154679147
56.40853510232725
109.53309003352973
54.420277468665525
79.90990477631618
78.19840722544856
62.056597644312504
76.18073898849205
57.262926563983655
75.98116026403471
91.00912552575683
79.75498237584236
68.02285841364983
61.872949495202015
133.97865558578616
79.74442727884407
122.58636185570934
77.77968453466549
85.02708202652843
149.35991401987047
70.21875943484112
86.0570129776662
67.56238315661994
101.62590201671502
71.27746577206094
105.82171019178305
62.834253257001016
59.17665095713103
66.93938685703806
88.51038915225585
61.272574984113945
113.53413207378517
73.24299721029213
94.4153642723564
165.38542169408112
71.31516082601118
103.72745860817112
103.53968424258868
87.9932991746358
127.7136263929455
118.21265882048371
106.48732975410256
95.23967290149437
96.46649341324907
90.11968474400459
68.04959152804477
87.75020872242048
78.41614845926051
98.24935947946749
84.61768538657407
97.97285578476257
84.61291142541397
75.26826169019478
63.50869518446135
98.75271855886122
86.05044686243458
143.4134208107325
93.03302808694252
82.15867671192703
91.06288866130025
94.96423778922653
72.96020910588025
102.43885217879185
106.49311530060565
89.22035384952946
126.33216449906912
123.90875305976373
91.9802037879597
92.82939222109864
112.43479761885186
62.24987407660676
125.96043113721174
66.9904260482047
56.09752163324243
84.27460911620086
94.27156660658433
127.73328695996761
104.30534404942236
63.81523656021183
82.15676354116287
95.07848003606101
82.41628696455449
99.96246883036883
68.89873917759016
120.8990949570419
187.7521388158493
108.58480630022012
87.3237539021579
79.08066987156518
109.25114504049927
94.04856799298102
97.01015273613146
114.25505316290608
76.39065029326187
137.63533019660406
82.07595928190551
75.7668685699311
155.11808300576268
70.76615687730893
135.79271370434444
78.42618789337055
142.6982089762304
79.23657672111408
106.99193248921179
86.10611403497101
85.75513746532762
71.15486408894026
90.03494153686268
81.5549485569507
69.70774037866275
87.57202535408793
91.2562384827346
65.39322267487671
73.25990033996976
172.98554308558454
91.61253195873962
85.9664455345165
124.4806564454778
73.53459289351898
76.19560933019788
78.73078058245898
104.70182093490152
137.66295220656085
138.51840740474
146.68927638468406
61.828531491367734
71.9918054327547
78.15412607721554
85.4077340812554
116.53230618600847
71.95836731458083
83.20265322222744
58.8440068334364
89.72043716191843
114.57173263746319
96.33634613149708
62.107488859153136
97.47618799958573
97.05817960553885
68.2920562504585
78.70337145631567
58.658830964340105
142.68131735564586
71.5776420947416
78.10065684466976
123.85142375454035
80.62241815595901
155.48893956916294
83.68055132914259
88.41879111718262
95.90473572885104
79.18718664148827
91.02878711230244
96.87300163187878
82.82580790643306
81.37147376078721
54.193072979151935
135.3367071258173
141.9259723909474
59.00926382077274
67.35207536170232
94.17005807284914
108.36812530410107
231.63978813669547
66.26024139015773
71.0827104742193
73.288871118672
102.06766915092247
109.840614862463
85.73694568669225
87.04826371000217
99.55270466980883
76.50267534082906
65.56989118529658
77.93286060653888
95.3035294662604
114.68592765496925
69.1399103808045
110.44261798620585
128.52225350711265
83.50395028987523
120.03761232362922
105.19007214632663
109.0212350570821
85.18189190935388
79.38949901232365
126.08928449750299
103.72232084637926
68.33167886665137
93.42061240895512
117.45058161480753
93.98074253747673
58.618677556140895
91.27986120352968
130.9505789957024
71.4140092308023
92.30220404315736
76.63024765822792
91.94065537641549
115.35748271058972
80.0768614222355
95.32148950935289
90.2722117051732
77.02258759339352
91.48390083874455
66.59386402022355
65.96127088746809
64.09757520473737
85.59594774841422
66.68495198756072
84.34606242920324
90.31544107812172
89.98346142965394
86.4436132998478
86.78557270804582
77.69380982134825
120.47882489423303
151.31290782271745
92.62790064758711
112.1976822047686
119.16408779932597
63.902012764252255
99.50971764289277
132.7370129150438
91.5749656441505
125.39218860822918
64.41006619843441
63.307195092636206
83.59836035116398
91.58009145365659
65.33446836981597
108.62732179609742
108.06208230365775
98.41509474817998
60.43167582057687
190.16588202862903
65.0220924672833
101.72506611979517
49.652349153489524
101.26906405363565
117.21823427692289
77.28090496911987
84.2236235259834
97.68828399150291
78.11558261088031
106.33533722409322
97.4669186060707
123.11094045444013
126.96977537420821
150.5002764188159
107.31754723191625
73.54470808916848
73.76903401765506
91.00802958375253
116.6240997964583
70.94605133807076
77.34767163166559
45.95646947503524
80.10045815194367
95.43954267741495
150.62931283404853
66.34744709600079
127.83852882462388
109.0239573582959
137.51155706357267
94.94439415737615
86.53909642370287
89.56834339117819
115.3998055700759
96.71334714868127
95.51140037272961
86.21170961468371
138.14021303955556
91.05586044872406
66.61284752375659
81.63273436678958
85.58133539947043
77.96884736655811
64.94735079812317
65.09359727165824
148.23572476179666
55.64473114057308
89.61785747619876
63.804124024127475
63.11719196626934
73.77770405297312
87.16058536144816
141.99214146033447
79.27777349127227
73.47093970609492
77.7962102190627
86.6704120471583
110.13262497147677
133.812636892046
106.0223848506555
85.4333802400157
87.42252242649212
73.66591342240727
95.68549508188237
67.32463984115495
125.40038049927314
60.17237470586551
78.5695737163453
87.598754947071
75.55037199275101
58.86612679124528
59.96178708127216
69.9673268821852
73.63602524311992
121.9539186853309
70.4021325127787
108.58168193830492
94.95623109503036
68.23437585082301
86.05166223059837
120.07857941739563
92.76126634752264
74.63477072907014
105.47481553358804
83.24579643961705
90.78529179156443
87.90735184115802
132.43697913402698
79.15904544890732
93.72754950904184
101.06498685642995
78.8827314001129
79.0165048628208
73.14642447259436
86.58783948767412
134.33971201509684
96.16422144919439
65.90584991552835
100.42821182864834
96.78815372939297
80.94071648694677
92.29609999651662
81.64303286868163
77.45222430391544
79.46293016419698
120.93943344882547
92.3137815904434
125.48636003957088
115.62102118935984
109.5912038690527
77.24020419489887
102.758631351628
144.1453260129439
86.38188797441177
79.70574394174692
69.9754107628116
115.40570486628174
77.1178415271969
71.33108538628996
72.37706219643634
70.58211165977865
104.5926014172065
88.04501686421979
143.28302538835774
72.47263341547236
87.94062574495956
93.06072627154597
78.85993258051275
71.18539856919125
80.0235309948895
83.1050705933746
104.22339855446859
142.79452314588823
98.59535021676425
71.2780552812702
102.22642674967919
78.49960422208032
125.21666831394877
66.12428218902436
85.18870275603908
121.32946709411392
73.86910604974608
81.73996189583599
58.88957612632911
90.82851396121808
105.14885174408106
63.77180177072136
138.84773474443838
73.0337370128957
111.78525968106894
116.24651303639801
57.024335421808416
81.15696890529904
79.66727664874705
87.66078643071445
77.58644372742256
81.56994544493313
61.94931579808767
162.29505290240405
127.85242287714024
109.14098292771612
65.92605675626153
84.97405434500463
89.97086510922728
116.69114412941846
94.49728943103078
89.01783808683835
71.98884042361378
105.26230295317116
92.44849480723882
98.48824000530426
98.17089983599048
118.7513876624523
70.20041065006825
81.88608572296502
77.34391916381098
98.22952611988978
84.07774048495118
86.3951088517998
88.33123054542779
83.38137996092526
90.94335916459927
73.31131402767852
80.37215313137284
92.31152173472805
71.15000281509953
103.61954587924778
82.48966889521182
76.04880121335657
90.01844556286724
77.86656744689712
174.6584537121944
165.71242167199506
130.4887529890112
86.80028218313055
78.92474278289437
83.25505719943845
134.46901431379726
107.26612795103827
81.69838330529974
70.05906335858548
90.44601904323677
76.59804649225508
113.17938181392482
63.83248686234374
59.375508524814336
89.2065641516548
165.5240834883963
88.50159949002297
121.11342608240405
95.65103619183087
116.72314082266455
146.76118721742094
78.99833958426426
131.78043452455336
83.72327757062747
103.62913419950874
70.75170564088472
69.94854074649425
68.8246571604664
87.09100856369992
102.40191508252326
110.5163134159364
142.42249827570328
118.95629865153525
98.5437061655955
81.58831529779768
61.33956901424128
85.09527401704857
118.23960870191775
81.19089573317883
77.79126121918743
71.89604361333211
86.68102970584108
76.64218332038097
93.67792050307688
123.51573282061594
98.90389531309303
80.23240621128855
114.39124220538642
53.038825260597555
88.41090102396151
85.74733518374681
112.09533656770137
62.288862671536805
51.042484093388296
74.71408071578841
97.26702721365183
87.67280853830512
90.63488767602524
63.4937586038087
108.81318662587789
80.93155374194268
81.69338909888752
43.169745989523776
116.82653179309565
143.1472252770745
63.798927521263536
91.82463949650325
115.43989941940079
86.63435165201444
88.34769701697259
103.47824787377648
101.72575107032765
89.2345251917523
93.54060007309839
106.0471480776854
101.78850730088462
63.44794204908776
73.57609689146297
90.13341412190006
66.69116937259773
76.19621512812466
63.843026002575364
105.07292267445472
71.57069551940155
81.23580360623667
98.36124635569918
64.60144084642029
71.94275107877938
56.86117824257334
79.36957602385216
154.362237757762
91.55900118694635
113.72839653416096
72.6308511483903
