9965.214035980891
7359.090247707551
7223.6736589204465
6190.871567102015
5517.058906554484
4661.833350846138
4571.532743416999
3743.3495117334955
3341.4423425174805
2739.12667985915
2992.091198396539
2435.8718602106405
2258.81170397471
2256.246148277256
1899.254581849554
1956.8543676495153
1557.4438083756932
1505.3132773187886
1560.6716527425576
1406.528468328063
1489.5021191227054
1017.0029100216276
947.802724254354
814.5568591684417
939.1624956411353
1023.5747775245228
824.048037872386
522.0525007495879
619.0462829817792
531.6781049570357
594.5068864481655
472.2376757634925
453.05316763412014
482.77458372740824
558.5788436781477
288.7108333358525
355.65291596905024
326.7958085876299
406.23473875596517
267.076018454707
308.94071813864565
225.5684355127774
245.62020478662993
150.40462677028498
283.38148301762664
86.2895399958378
104.82123140803074
137.1898096420672
165.98071188399854
75.32619346581677
121.0431001463339
150.60371432734016
93.90695436035017
100.1479414241188
125.1697100859782
96.38696308257147
141.00019592136582
81.72332144666711
91.47707863267463
87.40465954061344
69.38365045721004
91.8846240182105
97.19918135763606
117.8196679227805
119.65688031023714
95.91535788052566
148.3618156064508
105.10999904765788
114.25819654899712
83.01324967025282
112.14226608899938
78.76823847305238
93.5198249519844
210.81668359211037
74.45576211025585
56.43513688084374
63.40992861239606
60.45152049956499
94.4232624839785
104.03406257767374
72.88942208882074
107.00953582869181
69.97902072045423
104.09046208849205
107.33087545545636
100.6468433193413
94.24666116802771
81.57088446564158
78.81302003695878
112.99869071959165
83.5622415641914
110.13665887227033
100.4492542195466
91.7380400665076
84.71081923620719
73.58785401104835
75.800296329699
93.67045643069413
71.38685161514042
90.97474944992754
71.22527151307942
87.49877493656267
53.77720956482821
105.9411856143456
77.18587556697007
56.88714059817518
94.42453965496506
62.56236709975597
134.35956444658626
70.95138681183221
121.13028542970032
85.89338419723826
127.52873389354045
101.15657815100376
82.25857196222324
96.21145337376505
105.58285845726762
84.17476509712264
104.51797163256624
87.92646244761035
92.10786586261581
71.68592073732381
79.05228203163688
52.484400791165385
89.30125132523615
117.42583185594113
73.58816369410208
90.06696314085958
73.13967775653876
96.79071385402011
97.40516086484647
76.52370645896902
104.47241121272226
138.97359796155752
67.283082770956
72.60898159900857
58.62457823993411
116.6560356265109
65.89161590283454
74.97704604700381
92.89584054783899
112.12443645363275
95.84082246921749
98.18970438013538
76.5689295746129
83.08927996737131
68.91360856520271
68.62881083144362
134.88374391739265
95.24801760373354
53.53924322221667
65.1601743859349
117.38002711676094
72.75987916047822
69.58674015402299
127.28226097022852
87.43372879500907
80.57505981225664
96.86103800294742
92.29788335741318
104.2065882028267
83.702189471648
106.96102003801124
79.48252485983205
104.28573467995817
93.1180022316547
71.44587969675688
73.48180412376577
67.04140533002683
111.6473142401609
59.19979010339587
82.0015747494699
54.04185341034624
154.8274932730194
79.13196611451004
73.59810140673754
72.60799194899371
72.93825925763451
67.44885601527547
80.56263339225494
193.72666663878832
56.17169085595422
132.7484068689238
63.04420177374098
88.20767910850141
72.97066751046549
91.21060245235257
73.75023367986351
84.4063320042024
126.78496268725232
90.34329712278878
101.91164654869145
94.21683901186665
75.38709301154444
61.55695634635452
104.86155317088053
101.35951847609323
73.92773918482311
93.12086328178397
129.93409822383214
90.05798151897277
64.36447445272556
76.84456380081905
87.5780248120816
100.3099331852408
83.4082150358458
73.73449889961365
70.60589904274211
79.72204654227764
134.37922871040462
60.57462905090885
126.0866938709673
108.99429654343203
82.35706480300409
93.67119533182104
71.05436198710413
117.89582338542563
93.86652936164998
100.85563489236068
70.87410987149441
117.70331292892476
136.84456605323612
77.77582734723701
134.29202334690257
52.36239054918501
90.2885977269781
92.32431290899181
101.27841984178467
74.51103696944504
85.15244751004185
101.2275593292329
100.76543777542366
81.44864041872559
77.9422510702403
69.2481085775921
90.63292149973503
117.13834244675499
105.16792285346142
92.8928801555402
87.83706253251374
72.50195346474624
65.19421796801323
112.25946863542137
96.36956190123743
65.96101136894875
96.03229293909948
97.48477576714566
69.482231256646
108.14438250994962
70.20445580106588
75.41075353956103
75.87372538876872
107.55908075929494
72.9969803622135
78.61070857561565
79.86882392079147
74.53649855300549
89.42455829130273
68.15791916121445
123.56925201974957
81.91794524674634
80.14173683332682
94.00733694764693
59.40831703769879
74.88651311316035
67.14810578643635
115.43949166303129
115.15637495860487
125.55639413687989
88.1228081887185
74.1745566593694
85.74310891582843
82.929772488783
110.23441033275556
61.33080116382895
115.86630487619925
96.09376447755096
85.91524302402634
107.62758165281703
102.16145406721802
178.4644566407652
113.33182017012263
82.61365146960735
71.50205474464185
73.01291123160942
82.41066131714567
72.28061122363262
105.95796625089989
194.90716774930647
72.36738687065647
75.97315388264259
149.85555666332638
55.38398062353554
141.42813978879704
124.3948893921833
127.14311496684245
135.45863434580977
90.24423987883571
89.05759303061721
65.81855779020152
80.61307214581456
114.24282004293096
64.01630246611413
106.33245164788816
102.01384367093485
72.4250083781893
110.33937916024435
129.061372605048
57.517490698097475
80.04617166986165
95.51995021291934
80.49792061291373
69.8087164737641
92.74645938042717
118.75868870062823
95.14673827433624
83.46523231576224
90.37246918038169
85.38873904287148
62.163771860333085
117.18103483044867
88.16343251050435
122.99579419475188
82.58263372521309
96.09506473036731
91.37157181732739
63.04760771765089
73.67067433550862
90.93185588022935
57.557849209595865
42.77227616823425
80.10304569266692
70.64500403475304
100.28056606697488
137.36051317356848
59.35998303012738
60.73067643370601
49.674983228733964
115.78559744916713
67.24533274089106
85.23323182498402
99.60069274244908
88.24222637025886
89.51575341113883
109.43077318492156
88.34597923848486
63.53377414210618
85.76225291225029
62.983195810392466
119.25561830204249
56.199018118059264
64.09457730970811
82.46844060734324
118.54263992005889
113.02680868174735
57.21454954330526
165.11214413257085
136.4940306202685
64.96390528561618
59.85595415288476
123.78134547304637
111.29494326854157
106.86722939692193
107.77389831952568
91.90158326303053
62.967309795013236
83.44692366950932
84.74270726754008
72.10446598733206
72.58232359488251
136.88297553175988
89.32603555915811
81.6574756913684
64.37604048963136
72.34407364372699
75.3919533839625
112.55451337709876
69.34488259333594
69.54549263511224
116.90635561984284
77.50074436712907
67.61226993463512
76.8764034110297
71.15368571243955
85.76879679056229
74.07154688870047
99.91953280874544
78.32078357464106
125.9285408798541
110.93708483205155
72.81012461991887
110.16861449089876
92.80054295996256
143.68171078047789
58.13609645775304
133.34294252699402
76.21947007565477
80.35511813691618
81.45227725100304
87.57296888423923
70.83306265009044
150.36326404866162
67.29740309139619
89.45157517075427
71.12312240402103
73.24302601992433
93.2382223438393
92.08104387601949
82.69626962610126
67.79421817275293
55.28081497097076
84.51075426795455
51.56324018615056
101.90008927704798
90.6979056345
148.71915475915537
88.9308750933865
57.170981694198
79.55018850711333
60.045893063759614
137.3933177858506
68.06749554863552
54.46040560024065
62.82803819146733
100.28205771949368
84.60090239181423
60.72017451638959
110.12646643294488
85.59291036968048
78.6760062254658
92.85254222374402
94.86817305888228
75.72017693984965
86.76055871724094
90.53654572483842
113.62589496414736
91.03543086733488
67.82357091592738
100.39615463296889
68.19410090575828
136.130862467159
110.87413546827094
72.87405973718492
78.47258959997828
111.9215687648229
126.27628443265246
75.26182854823706
137.92355949850466
73.62096711076714
72.36751992623142
126.58047988645664
75.29664430630359
73.82077434847947
78.21760347743064
72.61255240028807
105.57451635814874
83.01244042401859
107.96533837148287
93.3326028755881
104.86716727524102
88.00252095754031
96.90852626271241
136.36978158103133
75.19297075311188
67.90435092398688
98.18844015711106
64.95309203692615
59.84748663759498
96.95397587702045
140.32672311947678
84.79324680201155
70.23608119881534
63.632976663177
89.56988149398202
94.92096375037936
85.7699216385436
65.95374643251655
107.60675320855493
156.69528879415034
106.95561486099234
74.62708009070863
76.99205763417574
71.28432331263981
69.20591939449463
136.54173701969506
89.38288442199888
76.43744984367432
146.24324634517035
69.40650180566618
88.65888607076899
143.41051385383196
86.79509904092268
77.8924125663943
96.16661975604178
86.45198006609208
94.88047943630767
79.94115784945765
103.22738697205769
59.06521948726421
70.5352081582486
95.12054774357594
140.60367717257265
71.99368878779457
64.91901805332968
106.64044937242518
63.634190052979
100.63439951369708
73.87806196149063
115.08193512182059
86.49454663782078
134.34815920725345
72.64502856850365
82.30135623394561
71.75405935821057
104.26080493970855
77.41013585238261
102.3377914061681
83.04195241055852
132.16665824988746
82.47084888635045
67.78499072235992
61.792811383584876
71.80214031231536
123.50064976944117
105.9518693363279
114.19835383021339
58.98234497413428
89.43942074793205
66.52162762653343
104.85246723431784
55.84451177869422
116.54341297667625
96.02250689132606
75.90759241245883
194.21717151623162
78.96418111379461
69.66520051380274
75.19033484608194
59.476377181780215
94.93504440046205
99.33046760931066
142.25723672788615
73.9313216010281
117.51071351174002
75.78358549884092
161.86338952652696
113.14727772632092
122.36359704649134
116.70550589616664
105.42010329687999
102.47554309151228
58.28134795236248
69.36955490459462
99.81029325324872
98.7342688750908
119.72633356023113
80.46901186030904
87.2238218226256
107.37508890055744
80.41277036798071
107.93541043467252
102.68313950074561
95.17618743494916
47.52669410865737
100.79166292844195
84.54838193471392
108.9299885114736
58.37134376540719
108.86847750092372
55.342816637539286
81.07905017967671
84.88769642735816
80.302777300608
75.21092894047932
73.28955926737174
110.6160435825299
112.47653665041382
48.094795143670396
86.70905652493632
126.09582139626045
58.308685643068436
106.02997433748136
72.58226483955707
93.07592637663757
87.71818092899753
59.4955009391895
73.98787372699731
94.78043954046241
80.71899744848497
159.29823471627705
90.78343096283909
133.6965354238437
63.38921232146909
135.8382680357626
75.70103245302033
84.48832326388876
89.48042188799474
66.5442162322825
73.3192135775782
73.33032389441844
92.73343033520028
104.19179817442709
80.20818297787015
103.6087215543127
99.60991721107209
147.16594481296275
87.45328353135065
81.66085390007267
90.36757959561496
84.44110010953098
51.542340418537215
156.9627785533663
83.2957472976662
106.69340341490118
78.7196889744274
81.76250418666706
130.8223291038011
59.84131543934599
115.31845911828398
86.06235697274913
73.61702036850369
135.85026624825508
69.80661490534096
140.6103154120806
75.71380726159418
99.84483057726585
92.08000226078848
120.39583790583225
79.72069453489041
71.62842573143729
115.0636207536202
69.33338257762192
97.34493401603471
111.10199454404174
108.1672966245488
62.37904695888999
85.26237791442239
130.58199032059676
91.38454748074446
124.05162668793808
125.56105169964411
81.83014285623551
106.53434594872513
86.46490030284862
94.36230665292503
111.48416649179083
110.72389981958783
110.33090593594754
82.89774897470436
76.42935144739737
68.01071150394462
76.11524347554641
60.82734363069967
61.36220565631418
81.31232579435202
111.5509464553317
92.67587877233943
67.9488181205915
105.47598060210721
164.24232521642793
74.32852030308842
116.31246862058691
85.52772421131792
152.2704558265045
83.22218995358038
95.3876936070733
85.35792851854428
118.61870769829682
67.27780475149837
79.72480837778728
110.40537952325838
62.86553994764779
71.95133589372263
148.25473897822113
75.37793633206316
93.62395689959358
109.39737138167519
83.29941728823555
115.86637335565217
104.93656492528712
60.096751210633606
69.09854527416148
60.64289712365392
110.69600313109179
87.71546103630735
55.63718201475156
84.54376787568889
166.88295548568607
94.52649760592064
98.9222800739009
91.9543005989332
115.42682829311104
123.62493090413642
97.1189822639911
94.30610199026239
76.02016254391992
80.92707251253131
94.37158104734031
74.04223677788305
71.22515089038198
87.19178882220008
74.18495293911393
85.0767211130678
85.44569916206116
91.44968812826092
126.04504653497469
103.64899125043084
87.43108331514595
108.54720970250344
77.57052963303387
105.09930914254942
125.76778060209779
103.84970342963851
122.4836455269107
122.83348389943578
105.44954142803763
54.913516049486
62.36209249988052
101.81312180576766
61.6404652850402
105.53747250342423
79.39049820390002
87.3581406687383
80.08275057144928
84.66756188980068
80.9155409023833
71.60792132310723
109.12774846462929
69.76758455780725
86.53601487834611
59.93546918679877
78.746827259698
143.50222857741747
53.215648643374166
138.31218986006246
61.88626971700438
103.97991608192439
102.95192035924117
71.70918118540112
54.88502752529493
99.86338972275601
80.73135132449578
116.32969588478662
102.6831413422582
79.9146096391919
152.89446960401776
72.49845503372153
80.20943726092257
68.20800403187668
97.99622132820869
79.13034679302598
139.9185582627202
78.05973530588109
94.1307441552144
77.43673102046188
85.35632260355318
85.15179503033497
100.67898224333437
74.0412517673491
109.44062807566348
92.26002016622581
92.74696953438838
67.75636328013643
117.55235956474147
73.17159119176432
123.71203666324276
94.09086217807385
58.6809789410006
119.7161047282517
79.19756467526112
68.7127346093618
63.36734171733406
69.55993899075614
180.43434043412498
124.96615988012579
155.75393159895313
80.81522252714508
66.42622625428044
64.54002416615431
91.90953032505888
104.00201793454376
73.0276504092354
98.27299594849754
65.06035502396603
101.02823027888242
109.21287176859227
78.7903521761066
59.028227806418776
80.86714443424017
100.8589495758768
61.067178938986025
81.18641592846491
76.70888889783821
69.76610116656074
100.48624916923634
72.20474382972671
75.34997952141241
64.36331662126692
100.54457103410415
72.92533263939004
70.11345745528868
76.4158328354513
102.53156374039523
106.6515180217654
99.59624933546526
52.6868814257822
78.25106534167175
99.01972097353669
95.81690160909986
64.02951999618311
98.30590284150702
104.56983735149909
81.64438391598773
62.077843745126515
114.7618666078459
86.80712634164671
107.970136605047
92.54058668364883
74.20485810795311
99.2827924882652
88.6033604387386
69.69663407332327
76.92571218570457
72.37404420602786
98.87438367341761
73.13067949130881
90.18009287337159
83.14698127908197
88.69798430466884
64.94437827561124
106.13350960173229
65.8519933518513
59.96102218397442
113.93423860776677
101.32958941818211
64.67056836538113
94.39582205459433
131.0520267139836
87.73408047665698
150.7291852154545
80.67339951052477
50.179637874996516
96.49853303252492
101.25959068454358
77.85842658174958
76.26697904389991
62.86631514060972
50.23848509018517
73.12140496216051
104.53366311037836
86.74830704222957
100.26538517610865
78.05995509528346
66.92697598587154
128.29072988552056
100.00986903806069
103.45834842090893
104.24636770842754
123.26322844196326
45.412374635125076
103.3980159721425
74.04755231242063
84.24714542053594
133.43709827022354
54.8147304060277
91.14817155752684
60.69962406382759
70.06753653842624
77.05812068508283
97.21803579211209
150.36564265675008
83.36975615404496
86.4871475308141
74.55903004925892
97.60344806905896
104.5960348966815
100.78998677949158
78.63320000222112
79.83882008908921
85.52646333696985
64.6598332024012
80.96236958493799
70.19422521168998
122.38655121455204
118.24663159636006
117.75024932109741
87.41800145466571
99.15857064682241
105.29400849107505
137.9701525726479
94.74159334940833
75.73957554906234
110.06565325547693
75.20200899319674
84.50008953603043
98.13347857667928
69.59098702122262
70.84442406476748
99.80987298062398
109.94467459011818
77.86203630555646
78.17607463667967
97.33397249812032
109.49499306187289
76.7319518480194
99.38023055465837
78.77105212812033
102.84891121849573
72.60704772060845
83.72086213195904
119.39964516442988
89.6320039348288
111.19969406681649
96.1434260606297
99.86636689355666
72.89659385279231
106.1075897017905
131.37812930927234
86.432272188339
72.0279949967617
71.7923769595761
77.42198867751074
78.44681176126791
71.25840540630159
55.15450687420105
85.46581613933937
77.00988314557951
85.1413113917987
65.53537225773518
79.59711771059158
69.62363551764912
111.14168264132174
76.66521917958757
94.06808220616767
120.14531461098133
76.66480542381979
81.18011676785223
104.791532099725
81.98767130210119
70.40393125966932
105.52014623939223
93.18830659746045
100.6569124214304
78.9079527147448
67.64829741410942
73.63075444653273
86.9776552546018
62.741160299896805
72.02911478494192
133.10526738862026
89.13407030997227
118.31068592985731
96.87467991818197
106.02224829786468
122.90475284694304
71.20657803076438
77.68766096259529
92.47122407537464
71.52276541768113
74.75404981086159
102.04013987482776
64.87024741317201
110.1870802818144
102.202310490124
62.41213174355682
102.05001403174889
86.19415302166226
67.1855243289684
66.98998882460312
55.666002538102234
80.67460506631325
113.28103249806223
91.71196343362494
69.31538139101377
119.97805420779576
91.5433952591428
95.31869064624745
83.46565668241266
92.2380873693251
97.14910351728334
85.9233125799174
70.25574634558589
77.30461729449704
85.83561736383977
70.49840115561291
107.64428890480922
91.84858872751794
69.06808955827553
77.73235889929677
74.78675673559263
85.06919099935192
68.89672197690787
60.45724378774597
80.33402171704026
103.84633440132174
106.78021900072952
69.93855612123762
129.24153503627682
68.01021061746754
113.73981628302478
82.6009672509974
109.26668067170036
143.6072158481808
75.06378143523285
68.48325978684629
82.20429805933371
80.32954355790208
150.4322191058099
53.71370618733869
90.54257402934748
60.47922889573745
95.11458610983755
133.90849478796542
88.22351557015354
159.56367663405976
71.84623034880471
102.48668787432631
71.10024041350887
68.1179865764422
46.97257872626354
79.7066653940345
82.93256534525109
96.90368003264437
81.46461019963589
174.11215706092543
94.1656900290233
102.38324822372012
174.98095348470784
69.52076668499228
77.8493547906238
129.27758215959645
79.83903600761039
99.96158995936668
155.60922420319824
99.59042303918496
148.19091280605016
82.83084334280885
65.83053260175055
101.28582092641145
119.75989360685115
100.64122943669607
93.67524615379152
99.95041584337744
79.49838058749951
69.16462757084322
127.0708883671284
95.86873797448561
65.98800321028479
85.18533897919347
112.18374245403866
153.5000978896506
80.9123904228663
85.20441849341547
59.88295634251355
83.85003350769242
111.01287391478836
145.71972017133794
86.196532325989
111.6401989056846
124.6383593203192
77.98008817761595
76.65690626632858
84.99810661429447
84.31089034014991
114.69461282210833
78.86047006155087
107.6011181184796
84.55338844714383
81.06984342773086
86.32083561217861
71.07095465110794
90.36695485939315
130.83667292030998
78.6987618800899
60.520340285245545
155.0169512960236
64.64177389503276
70.36622979838911
59.9798690974137
120.25360289262225
114.16255745423756
117.48850540952358
111.92274458653786
134.7973844467711
83.17081180027593
67.22374786927936
64.58931422492176
115.6950990229648
80.63137133486345
82.74618326975867
89.13048635183641
72.05650389622056
86.09816705783656
93.61495836980215
100.52176698239165
81.68843484864281
81.65956678230157
65.04909943264467
113.04974256631972
94.48042298340859
65.60714926206403
76.03659628635052
93.05477344600583
74.03142892301192
82.85980675654352
78.45931941017955
100.56862178169351
136.6808150925577
104.7659345943196
142.70387135684268
64.68090234729928
114.1895469012767
96.36631026430975
92.65781894623177
104.10276123182337
84.52298139302098
92.29160727153224
72.45883813785365
70.24901218954511
179.30814404592496
68.8180046071871
73.00876706428447
105.70367115428914
54.411538406385795
87.55335164477074
61.6859574273838
65.58537285890573
77.8650910448894
111.93809904854541
99.69294908755798
115.00461170950675
77.50866226049197
64.47090975051951
67.36872582803825
130.76151143632066
100.36886778070266
62.931663395285966
78.48829839162434
99.88821769214415
81.5752270479927
78.8032666390734
75.31463024486177
92.89245574490933
88.06200255983416
103.1229563362709
72.29189179794871
152.32360128219904
78.0682716002589
74.63482317334021
104.18668246325613
93.44834748330173
123.3737927826664
97.51664714478007
119.76602469357276
103.59130643689087
67.44276119667629
79.0953007233385
68.54729690988155
79.36284776821356
115.59516496442458
84.13487483047683
124.18195304027635
80.55042232947021
77.19663989543723
108.12798902096942
72.21366710116726
81.20878439087346
62.624989593914414
70.46510707431105
76.96186187139945
79.22111802491881
126.71045346213265
119.74525904712279
53.821438156890686
74.35462035112361
75.5100538064509
155.03409052700698
90.18429969092607
99.5538606093449
126.77575094364586
78.38031262024008
77.85464489135052
86.34930533708118
70.97786856150974
71.1526495200181
65.08819590156227
101.65259494532546
64.99311661915004
81.88687280050065
78.26109903861771
117.7715995714163
127.74829218136597
56.49489501124849
124.43208453085057
117.3723986037412
84.11485498629979
80.17127116400766
93.83356442143436
113.47661189519454
62.96725274074496
75.69823954126214
85.55856968272637
86.2924926804912
61.90103485814825
120.70708638588721
78.08211801437018
85.67646774225176
65.09376290732732
56.14055876388424
110.63107785486368
64.4865995000744
70.15790419123816
71.0345707405685
210.64893671690942
112.62743668432564
102.90562823085563
83.16575939776388
69.76796876376498
121.17928502852344
69.94596322342868
98.31750933347074
114.52543660341988
77.37985953761513
125.31065290675332
106.85264087189603
63.03482559404926
76.86007440927493
81.53141022165778
77.0292633496206
70.12040692241301
99.18945100210782
90.53236988226367
113.45858958376485
68.75679262810081
103.9521718394043
100.25215098586919
72.29968832068042
65.06778447221124
95.78396908505373
51.59768047769313
97.49172161478737
110.34272792092241
89.06864655776118
107.26892230649983
105.46963374504752
101.90486225449138
73.08693305313325
101.99736403481504
105.42959722016158
112.84248088630713
82.72964262997053
108.95422317156316
73.01002791469182
80.63052984662032
59.43034762060376
66.20282590692923
69.63802613049951
74.39147727810878
70.87470039002821
70.76781375568561
77.40628981653143
82.84072147044324
75.97985191882579
104.2348553128641
91.89125287660367
81.66368274796059
147.38946953113728
69.3975033199105
124.63087138016242
94.229402282447
97.95469699181442
58.370524344001865
74.19784348923093
114.8557368056869
106.11202873771093
83.98306430596175
74.5069212701106
102.00542641323496
98.63300618014001
107.1990478849007
52.08617329672366
106.57980249701795
77.03958650709602
106.09186934715018
102.79412807275614
118.56910025207885
109.07271761566035
101.92952664913895
72.10979703897308
96.71181983687977
86.40917230190917
75.50104199227796
133.98240027302975
74.2559364871912
81.95111389718613
96.6179301625903
74.58178478779521
114.83786943922358
69.80238391031102
100.18797814267428
73.98375098650688
58.613558515797074
68.585105983631
100.87487590300239
88.98444229827717
62.87522507595138
129.6219296969013
93.35303450968462
86.53263335310108
54.34987954337957
187.38707322895308
83.4301496866222
93.21003083121148
88.22928451263553
78.26706821374253
106.27741695998382
103.83253309177533
102.00855451192024
98.97146566698437
104.36387299119001
95.8979046762806
131.9616160037691
143.43112715838902
107.58326364206488
89.05496442267307
90.74239596695836
86.91155212396616
61.334799430667495
78.10360984170211
98.27612573595613
87.06118677764364
68.84750094610096
137.35501376273214
62.80960352426016
111.89291590050601
76.37534733357589
94.77170577736945
157.25873351388157
129.5385112618161
61.58959182561867
82.89735446752616
170.83050903646878
129.0819358222005
143.84972645459135
101.76353192832279
101.86526550925812
68.62605079371292
75.38635083407002
81.33688244872876
72.54006817026382
84.93708529707327
75.58085245161467
66.15381277248737
75.57065742010636
135.70780738596156
115.5632779004682
66.94925626122732
80.81865854876227
83.06370840317058
75.73545526902015
70.16351287739843
101.63594764688442
115.23033755420617
71.70188563031377
116.08087998973653
55.00058402819812
93.58790357502879
75.4369028645342
50.70917731976462
80.96542509828325
75.00097439412488
103.80434988813892
91.56194658312764
63.52228421803814
48.875671092246634
95.3866005802585
57.417998351017864
108.3091151374393
88.96655274171744
157.3974822067492
107.50240759653265
89.03084628517334
90.04037811864364
107.23359228619218
96.87032502021789
66.64907861051664
94.56725917414988
77.12354177806463
128.02440697564708
113.66248856920969
98.91056044095038
68.35366981300129
112.80083473105209
97.41878766968718
86.21109511955962
53.37620116376613
128.14502344394384
92.58786993237813
60.69361111704603
98.05006566368931
86.09737525543302
76.6753430995956
105.77460792057369
122.4609366526781
101.41330290545206
81.77189137266461
103.52185485268737
60.26520812555912
66.8642614616518
111.33613784947975
73.95976560503499
87.79506549274974
101.05175978930131
62.940153440172466
84.91538252206936
78.22693410889137
72.49482338548447
83.05702799255681
65.0964517055346
80.08352183596183
111.89012447293764
69.32759511612971
91.7398843640027
86.58885433173523
55.404477540377684
58.64284338477247
89.8789218984447
83.52338871050047
108.79408339701844
147.0517226431184
93.4176893858844
91.14751695381938
99.61451487386454
79.66614869266728
95.7613283161656
115.88724050734199
106.64483703752965
76.10657390014623
110.0662971046494
81.41707855725403
115.21033178115945
98.92494456712424
86.32357480072056
89.81193230171125
69.87582266949892
112.39337238065346
95.17794082557309
87.3369457541221
80.94479711920157
79.70782625083285
68.60215720580514
75.68686867711203
99.57430697050691
80.44505496130408
57.69766434786297
134.67092974697513
63.82824442867335
71.19048067935353
45.676651443831354
95.16357140036453
83.81892551626514
137.61492820587978
81.24707868499563
91.15747297042896
67.87738117023397
77.25753446258027
78.35442654615466
68.99808889924172
60.114439785350434
56.520936726577595
82.0262078431969
88.3254592348777
86.50172302814838
81.97487261369577
82.92988077282153
80.42956541960167
116.7249275232698
66.55002252221952
86.43318059639974
138.86702390135625
63.24580714605741
90.72222723047506
75.59148685073869
82.4968623391818
114.03486202909995
116.07691861209261
104.48249206335984
70.35751644764697
84.85918657612612
100.95585594625408
102.8351300109526
97.91687355112666
60.4854627551117
113.17555892213169
151.50399930364557
108.33042464822185
76.99514355552853
92.43378718862066
197.92509471346412
93.94406424739437
77.26147915260786
91.17371979578492
135.58714041045948
84.9372875745243
71.47690618628569
82.46755403906614
74.50026781967576
62.90259306290895
105.09380318691449
133.8205362912613
78.76367390547128
77.77404161477315
73.30307272789723
71.82576394635616
108.15709581507171
137.76450429306988
87.64152485212443
49.353611877392886
87.8148260843586
71.32855591939898
80.86272400651228
80.0950326116059
97.34574122057971
114.53762148917703
90.77830973631086
82.84208160698448
103.9419488602257
67.86807146134645
73.67996833883058
111.38256579322639
118.17401867749618
91.565861796651
79.48241075938238
87.08958236036662
77.81580154546641
135.00473602293914
81.9828773360437
94.05699139421756
115.46948906057575
115.5224614277073
75.66379859210423
115.76916843780181
67.71283132452096
92.64278799831102
83.24813180286445
73.71202352037956
136.2898284649094
126.39021378942377
85.35609228225078
51.652850171201635
83.64029514501851
106.64720004503874
132.7340641980295
138.13244077198465
122.59608525522201
143.511714158266
118.66981451694598
115.72663837467445
132.52454178306016
100.67497887639693
82.31300742632551
123.86142151029864
104.96679839579075
120.11072939347352
108.01638927378463
116.77275368314368
74.57064928068546
113.1492337021337
70.30919274495172
65.5260853382164
69.4005773971276
72.6359436899741
68.46041070388888
81.3594031634964
84.24234735457897
85.6864081164915
66.5671749625517
107.35916018353953
67.08568573857066
59.67475219632491
94.94043150710792
149.7466661371995
107.46467618021545
58.78435103967779
76.57772895343126
102.30725486724114
100.25580517912489
108.20077800681649
60.478482449181094
70.729407269363
94.32472979191434
82.1549933585718
83.517759725214
108.92560061082925
72.78732052879526
84.93250167930483
57.53956149717088
119.63521357506981
62.41054898830376
114.64866194385608
91.21360753304839
61.8066386282905
61.77492766063734
153.5145569755761
59.78703380290051
116.91400289793049
76.91624329540777
73.62200382953536
82.31667569160767
151.35232009446418
101.39788619521354
90.93357859199
85.1465885883485
82.20467353586362
103.81990717214438
82.51851532766393
75.64405870035134
124.56274985763133
58.77694287723523
85.62464701973809
90.0693186127284
82.12457665122774
80.26270794416313
123.12820266932711
103.41915374259882
69.84980510590958
82.1732947049258
79.08504576348138
185.93119879972315
86.28268113369238
95.84403917616906
59.303473025974526
81.33990239386203
117.22638931110264
89.8571563370678
100.21510758006306
90.456049590445
88.67604664253551
67.05877348207136
72.52145621883056
80.145460299029
73.2578397957663
75.29236947980283
104.10970624302713
72.21330670241399
60.02163038729877
97.54257460604607
90.48414656206295
92.20702673006424
81.21540915931122
112.32354334283696
70.487964693904
58.66681059657498
130.51697509848884
137.61682184856147
63.4376819440892
99.52162574369957
128.05072780561542
104.89587594755866
104.87999615928992
72.78592003874029
98.5559206874432
67.25187703116721
63.41390339498831
77.19868069448295
113.02445944483541
103.10006091081372
100.37524500386598
76.99021762548213
97.87713317961335
101.19119475035477
85.99946398574163
61.7780670832485
97.97260109413848
70.37683375881625
76.14068459167416
130.38312594258355
71.27471799356134
72.12025654443832
98.98150430464226
95.63557894418999
115.02038341860671
68.78559238340094
126.88357233548395
111.33809121995715
81.04990975851477
95.63985594400928
83.98791033190282
84.67306871925028
78.96066703916817
142.6916100277793
128.29194980324
