313680.1152343402
230518.71871979683
169446.76071132257
133426.6738017213
109468.60838761891
91875.04007962476
78748.70587657325
69412.5305322182
59411.36913274669
52473.56947545349
45835.15753127593
39295.20770451858
34042.42341237973
28876.790669019738
24692.423444857137
21210.499582996064
17495.56967089366
14542.264312336803
12399.108358296911
9801.790983255525
7457.400639016494
6008.265859292963
4630.040765625217
3665.7919574751086
2533.1676875178796
1700.4106848658187
1226.7767205353653
782.6454364749723
423.4495574124322
185.39865512368442
81.40935630779943
64.92095951791845
42.44845671875268
162.16103673394272
110.2828347677937
330.31124742091305
407.89239344728685
582.9924154552574
533.1709649624623
676.5927425914199
837.5007178698306
915.3729091238949
941.3064943799434
839.4986109217901
943.5214427299554
878.1419647637674
905.9856596304568
811.1715533574527
864.8028063815686
846.0259409285223
816.110644456807
687.03096816969
754.1675947878274
596.1238812828884
474.9664140340119
424.93620942373207
333.4052906012155
324.6990826182961
281.2324846212288
135.75542709987033
195.90624880972933
137.34144648759386
152.49787713531268
77.17907879881191
63.64164298047379
52.97964161445128
41.93580164806088
76.24681365795031
26.362695393589576
22.11341134570389
37.83735319837539
54.625674925901166
46.377515902620964
54.13740022303683
87.75595504585786
62.538930900315556
57.79703474436716
61.939406849598235
67.35587861910311
74.10678906310324
63.029371046176976
63.35832845273073
87.1734358339067
81.10826216574111
73.2013224517074
71.48067017493057
58.81154851070367
49.0616485366231
54.728731707185275
25.858402233663035
61.86565197909667
41.59175692693029
65.6654044297706
31.880386683784597
27.15139294297646
37.04110574664342
54.32566029199164
40.624731218632945
46.21945255126404
26.134720846794806
23.190279434302553
37.45310433696046
29.14538211603745
45.47932630337281
90.97238229990288
36.933894012285926
28.94836471001141
47.88479743787947
33.8661283207788
58.23717804509849
24.792246468060878
28.645337894816553
20.411005343711604
15.048672670035035
20.554143749211192
72.8853014828457
56.336988737691954
19.09627502506607
25.962257600617068
45.30892374456551
23.97289660810825
29.68926842090529
38.42300020184911
28.136847632854018
30.5567235027515
35.135028866953164
45.379145972201485
11.31807698778093
31.807622373425204
47.0532611479
43.51725238569525
28.936009010262776
62.069797126639926
30.885727326407515
29.072661163844575
55.26723937623191
49.073554685225496
21.05711784421223
43.35988623974363
20.828315093798675
16.205119463469554
35.524755375694006
25.461755426111882
14.559090939999846
18.02913901023136
41.604795272568985
29.873839132957762
50.33587406235088
43.3946981409891
39.78127115567438
41.16613036915475
22.56883906362194
38.51974689431813
75.26321063701782
50.87187140856766
60.271355875598346
41.85350884450202
47.44668970729731
46.558883624806455
31.505134315281325
58.98261410557828
32.88915217528006
26.194738926711945
24.68411394742479
17.20384333038073
38.58766631657578
36.828849235303416
16.446255893057184
44.36406988859776
34.614932453846095
30.804570780223045
104.00793889024189
24.69703608983159
56.05818695742023
32.99049480221475
60.492961484896504
26.991080317166393
24.789230403644392
42.41059739830945
57.21398035506227
18.45261624594658
42.326417982189035
32.490260146515126
28.717482782622245
26.249971324973426
14.447949994967116
18.267099708105267
32.0047051275897
58.30979641104273
40.090339568798164
35.586201750360885
31.061131874542667
64.76973097664256
32.447600288409376
30.043866033551087
21.937773620352726
80.88394881369202
29.96850083941976
36.875995340481154
8.337320376366078
30.992180587421274
33.99051274130597
34.903036451096995
34.773964772200344
33.4088583228199
25.632165060078364
33.56313876131922
29.523840676643225
69.32474806952222
43.25400607043224
39.34714796626888
28.421860077837717
40.339812452345186
29.920955841264284
25.32043312918043
39.540075335292244
59.372274170441585
57.33610312892383
49.93480525695204
40.28357108594419
19.886734097525757
38.36036684746207
47.98625613943584
41.731558713322
16.950204487645493
15.958254139237582
32.836956130049614
55.48399010300322
37.21964844502148
13.55296725422195
30.802768319623535
41.49343106817983
58.84551307302467
43.73455642905489
37.01014815615103
40.448619814812105
30.314090910083408
55.69359222651953
82.1873761691229
86.22345184617825
59.040356177898424
20.5267987542375
22.411764678820575
26.807245450222606
18.887410428959992
56.50169981438544
66.30083701056108
46.729008595635634
45.440178463321246
30.96834567720294
62.44685639307554
37.117583012855505
45.032690706110806
50.26820314201921
23.776978925836644
15.168259415858593
51.71570033918663
36.841252736448496
47.16572197044706
33.105128544280056
30.461562467928793
37.90181675816455
19.472955802934123
21.68460724718585
39.33818123048494
15.392833546352652
30.6710026538321
38.43672261537736
23.699032540326755
29.26226319781227
32.828158037659136
86.17708197525009
35.080027427685955
26.966681387742202
53.954596190189676
69.08965995133737
25.267144635115514
25.725754180709437
17.79750009509092
39.723910654461676
34.311786835973855
42.425425177267485
40.69981470361274
37.33036277103937
20.04266341370844
17.848791365991854
13.814561534392967
49.94369267795689
36.12671559712099
73.10879564716075
39.898687296776416
66.84779597577035
26.45810093611342
16.342681421074726
70.30439853997046
25.4734341606006
46.22082852319448
24.679921273035042
10.200337640521184
24.33573598087905
39.25691287422703
29.87444415604028
39.12019059322139
68.51196196830334
42.51124476351529
15.165730762364937
13.201838236612687
27.20021470812737
33.493911173603856
52.08561114855047
58.79832957540311
28.82113642829077
42.99209061122709
35.643741166054234
35.81037525939308
67.32756754828678
38.39582162772972
14.300192915051221
61.477791423972704
51.0872092141161
27.43948919263436
63.13560139217471
41.14103749728997
18.334328144971064
53.775672321266676
24.944624468990426
30.9015228961075
36.90074169164204
27.46722541271285
83.75074417281661
39.18670946397183
32.31490819387831
37.06406997847336
27.19291247944737
54.851228317029474
28.74043435622796
63.59925004294136
46.09994680959589
44.33099019789541
41.4778411282599
48.58133433732177
23.243525991519615
26.897920334170234
38.71829683518433
41.61183900635613
34.209757314344294
79.97925601876155
24.429234593828408
27.798021778703124
34.99938895984769
28.63231093934578
26.508214952149174
40.32242949002351
44.608069393456994
63.3699544086132
39.363396631718466
25.573338159181763
67.82718863078097
56.379957414171386
44.48221441236198
66.72926027376202
30.670736060375308
37.276159439192696
35.53356444294033
31.22849327910928
18.37138422407057
48.854184682447226
29.798583885826197
24.32325339938525
49.687005480196866
39.51346743009065
31.95834708584678
31.956126812972528
14.072637051008016
55.917243802392115
42.25017687274499
10.579382691429743
50.15417987872647
17.886020582251355
17.58918398142642
13.108972069660869
18.834068831450942
21.19782498373527
24.47140237092601
54.55855938445663
33.27034948104234
58.5138329717463
53.995829064622434
24.457339928864148
26.741043047710704
62.25053863636107
58.00061987063828
40.78396150783933
25.258740153615612
32.2097182419511
16.81799465273054
32.512529645416095
68.47457109151364
22.20143995237443
39.93320564543519
27.584084929008117
11.183838911527078
17.96466282004744
38.613341188194674
43.28414692921025
37.8467251473131
48.804635859638566
17.624361669080628
26.81561338232002
18.612608421062777
42.21137059887023
34.54569233921342
27.653402097412506
31.816953566205054
44.58682601833264
32.567530714605375
29.046933788653334
28.487673026854004
68.55613662142527
20.21856528936755
22.054715304391813
72.98825609099109
45.91662177198415
56.59574468525561
57.96188874066755
33.284221611574885
45.10818404752911
70.76923863519305
23.398987173841324
37.14424409319134
13.20909205111758
36.63813744900569
14.453612777748898
54.3543060598914
53.654264390569494
49.48340098591948
43.406563079626096
39.05513041938802
74.73983718556777
55.426291409832864
21.62958026426944
52.58732608003511
34.69868339927966
49.17543793938861
37.68695366851521
23.25896765581486
12.778188934086401
29.337776622018634
30.484314708571176
22.68184316950867
34.639368315170046
39.656561368697346
48.54067172380713
33.658369083410896
31.81450842062719
65.63637971734586
40.47523381424274
14.80167451542029
14.456125538808992
24.176716361805706
73.59243634235474
31.79283323783694
23.62374571712798
23.198929869975572
28.668070656479316
34.08735449075414
53.65336068568007
39.92414630718862
35.003195077763166
54.05265574706767
44.860999009517215
74.52809883680155
40.3232439086507
43.71379069420783
42.97563838406509
17.828064477843043
17.49838466823028
47.27480363689329
21.392594289631496
14.45768036518991
29.331348944920656
95.11444883674216
41.05993840438112
29.32194856411849
69.02522394191799
24.609433281469247
13.02360412996126
50.89780860553178
34.2870653032807
67.36033604196207
44.910139710299276
41.16277485243404
82.68861373307182
67.59658013411072
29.089457198836076
35.563337269329345
60.84629796747992
42.59845443405463
41.10796677829814
18.685093083061773
36.698827676803695
42.23121442867884
21.953012265652283
48.512568108718455
45.94012032261408
35.06173439539842
32.61991603501482
38.09928503157943
58.82091594167528
18.763527128791974
28.312098169445854
20.77619395545875
56.88611267613726
39.50576917736233
46.477396468358116
27.561425949148866
27.077570798275886
24.968998321234398
52.39485151305183
45.2083786330378
19.353143543744007
46.56994229758236
65.25744962050604
58.50216307767941
35.42494867380254
29.52004874101276
38.9950548374507
33.48734182269808
24.799892128751125
62.66598858128538
85.5395033998966
32.9571382742493
38.239163288857746
85.39667884860087
32.94260523677067
42.062599608406806
45.79150257767188
38.4255932068896
51.97758265513793
19.09399511173341
36.526364488318194
31.210832080976616
20.72264866277516
49.10765253033899
13.533694366000198
47.910184266913745
43.33619538841749
41.9308858926772
29.189495181407576
22.21996957511272
73.2832416796532
38.90186129109542
21.636784033880932
40.01926029839252
54.983879986697474
52.63011276751042
65.33426096048956
33.26402489719466
32.13483791873191
27.686532116095158
71.39192932375089
26.935237617704853
68.89988054214396
16.15047808564793
13.316386203409456
70.21537361639055
38.56766979445382
61.51164396521446
18.12384094746646
28.493845210263448
51.6588869682966
38.319431209824664
18.236688677188987
45.13227917670354
50.068557802659505
79.03730660894479
50.66728947353104
24.053931253270115
49.03633967132458
33.1622105208325
50.574138090223165
64.3488495755764
30.01480141496359
17.575066622941385
31.046273785269108
32.72270676704324
14.765889328821002
31.266204900241153
14.422370359938895
50.12556465918211
11.303526138943498
53.25846686215574
31.624621834603133
19.157086361614432
41.30152364701674
37.65045196847253
37.94299954681322
17.11458851190422
34.015788796157395
22.47950966106679
31.712987815912992
40.27137722784816
38.67313181144861
40.33308891780546
39.10545262622803
66.5124151840476
58.13960053288356
81.53996932460896
16.947926819832237
27.092528531088856
22.361869184878262
19.470009542200113
79.93113078206383
44.12192439944628
30.66184463635801
19.635419830605276
46.40679637948957
12.654505271987858
63.44935510357931
74.0911000570931
42.652083919567225
51.95859743709256
77.86546618548681
45.65499961151996
59.34532939938711
45.46261339415968
21.582644695940324
30.634731049609996
51.83568692243827
25.37619731154146
41.26683042087816
25.292390240719286
20.94659943081836
48.44388717022603
47.00870994817225
28.70345586589235
54.12077815308089
43.42858728032329
21.37897125093643
21.76443128688973
58.25857917829478
63.86317803577873
62.06499387482482
56.26320977962729
27.80823360286213
27.535936268415117
24.20483392675161
44.934961009137524
36.26323443006268
73.61905411754141
28.50759653440253
58.14777137396232
21.7382139068389
13.169251950055392
33.598186943281405
26.394761454062017
29.846428660931906
29.004877693180077
26.57712124322913
45.80674185179404
58.77461801147729
29.617178879554345
23.21828718433262
58.53461499811089
48.75075624595834
19.032242710060512
30.241832132604806
81.34252860326883
20.261856255853957
30.414918034832862
20.50428710005075
41.47636488000614
74.48974503482943
11.502297172871007
24.427056858285198
17.202174585585848
40.077935466871914
37.62217570186665
92.9231797438965
43.31417625854939
38.68163215766675
31.979071064583774
25.82535007951173
47.352666398085375
60.34041029462669
16.642910237461262
34.253092695843115
21.830177022253846
18.20579360773525
24.357036087397034
25.768445438694638
80.99079384397585
34.72549794384111
46.84437996257114
43.93185326916876
31.227675752920963
41.24027874046626
35.53085528213445
44.866439665279316
21.99352471277198
18.316301348199534
22.682570833435253
37.19872896540969
36.98460817760692
15.529548201470092
40.71354105307344
30.197873341444204
23.517175660516003
52.305990422182106
26.321642581119047
30.77303405372602
13.041363207464334
57.57812278399585
27.84256867231604
28.46525056122744
30.32363013378674
59.634220642562255
47.66358607062665
42.975481932488435
38.327911274989205
32.10537103183571
35.86448502145468
23.975565361804797
48.37094997870731
17.940578637724787
32.75564830828837
39.12864938338278
40.80663449135195
20.93496181845586
36.339865017891995
29.02147286662237
7.729183581816248
108.93432911112339
29.581088876479672
60.27975927436928
24.897160177012285
52.73732151860905
32.77840404493852
54.820811999629214
38.435252714704596
63.11455685807895
24.086172131655445
54.81772570113007
33.25518281504666
28.02124816052119
37.68018030639263
36.481018931412244
74.35194678929471
51.37262951981379
22.719047701436224
39.057272824269276
26.56230725990675
64.92767129051381
74.56427692296309
74.71534833891278
21.31960283917136
16.430581403976333
37.807145281500624
50.753966668262784
22.591699959777394
26.384986596664927
28.63228222878973
41.49719076573648
78.4911580755322
31.832617573157524
17.873198877805713
30.124862324048824
71.08210986431997
30.499044799037794
43.224755749790795
29.163646963929413
45.374072039618554
46.33376764146301
42.39677966279682
44.54622699633269
42.820368094542914
42.765677800678006
74.34581300105361
67.52493658763437
64.00995432345033
63.871144987941065
51.91105084827397
29.42498824024279
16.151125958926606
37.49089705383535
31.246483131457182
20.928481516546434
78.45415696253451
28.479246806441193
30.409584681941197
31.450420912919206
12.61979678655739
20.560439191237485
20.835066942091917
56.11046285686048
21.068731711931186
33.79335094281261
12.45945561054825
45.814054030644016
58.852449340457305
19.949376737514672
50.34330806370848
33.72233939134277
27.423947347828193
26.97381830053619
36.901522547826666
22.63286808453236
36.51795783989495
76.50949292997197
44.96410761687935
20.193301493260797
44.82700895983721
36.84661336350642
20.820196928806915
31.709287819825693
35.71416981226066
30.28161404098306
73.75862108159313
36.41434808317207
95.30220541021394
28.84847496088849
44.1214596445646
20.332185045765808
43.83836065659939
31.105147746820272
62.737541106854856
66.60983204705634
63.54210625253196
54.113212911930276
43.55563194584533
32.36147049710769
27.50469270100947
75.03017196479136
52.28749491134164
20.638943107122913
45.314198116027455
41.10682041011226
25.15529348737151
17.367860569456674
17.889404340332344
22.414943859502458
47.96663037883054
25.935735202328857
42.13819747471968
27.198163392830388
14.088367555060238
44.712566941304054
27.46935660347954
15.490447070079533
29.573340715248126
18.815232478831593
68.78604018550108
57.80236941993808
33.130405106152786
27.81475728110165
39.86346721535013
40.852696541794316
37.54265123865585
55.00278733962295
45.07953902271554
28.1522096393902
29.46684011578557
30.99029348764667
54.709798695575415
35.90647742421698
47.47626084270551
18.097447178344066
45.44180220971191
48.00693184742576
37.52821043043223
46.839943653624786
39.99946248711426
39.0511854614524
53.067929284884706
56.10263034997792
29.940577872218775
31.139344928895586
25.932777719802953
34.826160279823384
42.224259911386675
11.468620135614001
49.09402051800873
31.925199769922724
31.131540905310352
58.19232203214548
18.191173046523048
56.17232928988757
16.220990086751076
14.472156265807529
45.0801375759581
21.88116453864786
38.43188239717046
45.63818528439031
19.677099354291084
14.948688915564965
39.73551076255301
19.724260468819672
31.805096997420584
27.099206378705702
39.189406095101006
16.800069351324847
47.83569845384291
44.838511654140504
31.94050053122728
43.419046459386095
63.38154435992793
17.769099459830088
14.396018853923998
33.42630721945139
39.64696236823366
32.767774293519544
31.450541910526873
15.215909745591619
13.285913449236816
15.850358777532994
40.09762719994311
34.55961859391911
20.745238828211157
25.56762749528077
36.863117915128015
44.67986760812394
62.02771874412464
34.8792914818566
17.875524601673153
47.39519865489988
38.8269891182957
30.382327484030142
37.431740907710974
17.03691808557216
48.94391791253038
41.2552200201802
32.78000880379154
75.22955268201643
36.865003402735006
53.020146769372666
37.11631813795289
65.08344458579496
27.055769209312352
55.196509044385486
18.028764421404354
73.5042474317107
62.10310459079197
36.549345430286344
36.37016130623422
37.853197583672696
31.171672431576063
55.15549197306685
41.66109705210903
62.425916512250645
41.296327311706264
56.22854267702198
70.89498653751939
37.48795953204175
71.84653969688053
26.355763613417405
78.11716775214153
42.45786982277123
15.933533738643277
20.842762751736903
35.028320875839796
20.135850011056164
49.84725248119148
68.38686175582805
50.888522406270674
16.238855941904678
43.89438291566547
22.386706405729644
32.35162579059995
64.35463776272464
65.44202923015384
53.34450408824311
43.14374668229558
42.736792298973945
69.37640134874472
37.23590128562941
51.62809571568149
27.2950082071509
36.078146686194955
39.42883165734353
16.595823720639054
28.636075540905676
36.01480281423844
36.405764240715996
14.377224827512192
79.61902615124905
50.119054903021585
58.55706179962461
44.095724692577434
26.486279607716785
55.97268815737373
38.498938916421736
38.4782917560592
18.715338639347564
66.22830366065983
19.121793517287987
48.1343106945404
28.808672217714776
33.08255035440346
78.00179199275952
34.0716185481731
20.235603270278098
72.88937362428686
28.11538508194783
52.91243894569752
45.17674807779391
41.517430624064765
52.93836375824101
28.471940550559587
20.264368743898846
36.87761717945982
25.100110836629856
28.927422475214115
34.8067262156118
32.06989093623307
38.705564954040774
41.98111533856385
15.221430328777878
37.914126080016175
31.701863342959268
45.32012203003776
59.03746263444975
27.744145573042793
27.915239835608652
80.18693531743509
17.23322794837215
25.18041913704704
20.121750951702666
38.51844314112778
52.26036099831376
66.15580418576269
26.693315132960056
60.940988682733085
76.31417321857121
39.20361460623851
21.664754813895275
21.331131492083514
47.21309568862041
40.29143370847562
37.251459856931476
44.783867538005644
74.80524103172502
55.878413699786556
37.98556993821238
55.71436162440931
33.6886278786948
28.745657507908213
70.9910915632514
33.26226740011852
14.171355307044415
50.97725131604247
63.24464491419497
40.37210677949839
34.566698261293595
30.056166227082574
33.64088398465558
28.02586336631352
15.065156983043082
54.16878165101598
43.8104718193616
49.55399697496301
80.05490988134643
18.801089664045
18.503692232873846
35.71761399065366
13.47786116451492
58.748884534966585
36.33990512503286
18.15320834295427
57.73534532060866
22.29925512698131
14.268016229191796
31.864083175003742
52.23998651813305
23.2387695167265
53.34425696691637
30.615397944206755
51.282264690917586
21.78125547144574
43.65807693689215
31.562207771210982
19.312048636111463
38.854786643293664
34.386565965478034
91.19369986798806
61.895177425077506
24.90521140436802
39.23396804423383
45.57215589357897
36.4908904197079
19.01797720843917
40.74551055490379
50.93005358997649
58.144906014768814
37.61153461077819
25.806929547792013
15.168159885125565
34.730510172274606
38.542685787974904
50.63868191684043
22.131259162421678
27.82533159142512
56.32670082458671
43.57333440010812
27.050471919320223
19.732258554994083
25.74372042173788
23.981643495491177
21.52650907080841
43.024977272588835
55.1670397909503
58.93025215447749
22.667971454813998
47.134813524188445
19.89838027079083
42.557136657934294
59.92942665648806
52.82930648068037
32.53812710139335
27.20248836380197
62.75722950286659
35.010946720620005
40.77302686254881
41.900288263011774
38.42142749436634
27.854967576195744
25.65333119829523
52.89587175611874
9.525092092182122
20.913123984395483
36.915041785500655
36.89001065007534
41.25693025335404
55.075139010840026
43.540731131156996
34.64386578830423
49.779297544860924
82.20758235078539
43.5981942647085
33.44872953939965
18.76402852466166
58.970464100218564
22.007186770038153
42.36534847321455
35.8928727482292
40.93432561212385
57.07003247454413
17.51950532063801
17.810157229638442
12.07536079075922
13.955062935597654
41.360168329217174
16.56665173589851
28.205160596667074
9.3886174264979
50.20949822986404
37.34210084010569
41.7053166663532
57.028726208203274
64.37986946912967
28.123653160266432
18.586015956773064
70.33703759773981
53.70321155232991
34.7772288598534
23.930243719291553
33.31993350519434
38.394344449886084
29.40986953481104
51.66387287168674
51.41708864922815
28.833922914568056
32.19316825306839
13.312046075193242
51.30236489993691
30.226368465936527
32.87622618226707
16.314749382231916
30.162704489730974
20.166668137439483
56.88668350710196
77.4425213766959
46.861080818105016
44.564055440921564
61.038744152610704
17.702006515828835
29.11001063316774
19.065599943076727
43.357188876564116
20.172220556380946
22.58933122576419
58.30961677868536
34.409841114952584
10.523507491898936
23.02496944728002
34.516326775433804
26.64290036725413
35.58531625992546
30.017958068123747
42.411735789287356
43.58084147318769
26.10017032761051
31.709939973907392
48.9542374098977
50.782922002406714
44.063138805674576
50.291799605769896
36.594101229205606
41.050236070151
31.992633414322942
32.217746262650266
41.857275423724055
63.755084415913
60.504018496735355
31.56954812309917
21.857755727872807
46.10014836748567
33.51411382958205
81.95260444040302
16.29253895790155
42.49593287639308
26.462223712705637
18.103992697016803
39.01665584575128
53.10388039918805
38.600822316724944
18.27432949734111
22.0300965119616
43.256084365753345
50.16407758352247
46.80725852560412
49.23875198506067
46.21082835564368
21.80629366580144
34.98199875524076
33.54014763990932
20.22536855559568
26.40836435002298
62.97117871877147
69.68375611162556
68.82283138929843
19.854209442498792
40.619426275156215
27.69894850666069
32.837104839377965
28.785554529391565
48.13724446662335
45.48816640899724
64.8656783947718
19.566036596138012
46.438876964074474
51.97116326480431
44.823400064298454
30.98172672350108
49.97454089582618
40.94308763385153
33.923647397467136
30.271983132159175
42.02052578401278
20.76416201508531
56.20940269200203
46.095702832443614
16.556343196639936
69.99508961018634
33.29527175974283
32.0459559945519
36.35055421752288
32.337629847616675
32.84756590771891
48.869410844847486
64.44748700772655
55.174207847385595
15.043552606961669
35.118151523215765
23.49272556277909
65.43472027736043
47.68237369251325
54.02324386685472
37.35539293948856
29.76412742314569
65.382235494333
40.723740445654435
39.846142803899994
65.01252477315099
20.731895043814827
41.11166959791815
35.59928646941647
26.033641317206047
31.993401874077914
39.37104514945764
17.550070516407626
90.46404066634346
26.940546412307658
48.10142323182556
33.37054679162127
44.24940581231478
75.08269889332175
37.97509073367556
29.663695163307942
52.92964280782385
38.30852023218655
49.294668208439965
25.348161410538523
29.8423047198966
22.829789699188012
10.161006129466722
42.17075628606807
43.04380394416965
23.617106543862867
36.00336430461774
55.58986481064603
40.21600323388277
28.978009927629895
46.073692124117166
45.6135003342906
20.40010210541613
28.130801723845522
57.04604158875954
44.99274929056711
23.000913990683753
47.88014146934986
35.909679308637784
73.94701954898645
39.24733891152364
15.744886441428541
32.19443342775397
38.475227589885094
71.71599468320322
27.53018566018269
38.72882560964187
43.829804917297565
33.86826692549143
42.88895991422961
21.798699172599594
24.519612822687748
39.27498490880725
50.93536102850792
62.8313344592787
42.850837366384795
36.510471907001474
53.20742133396135
24.55371942568936
46.46257619242623
63.56393290292712
67.75899076262137
31.46456325169526
68.78250452419323
45.9631403491986
49.120991406277405
49.223339090161105
77.89410310895227
96.19924918584097
32.22233541534082
29.421199588584233
48.72949361014393
28.705293483859727
53.32930565363434
22.213924037943166
41.167512397746094
36.85372606755877
23.983428246605545
57.06130588253693
88.89669930749669
50.95103713024426
22.6355077027003
21.322355617080056
49.397569700484
20.099444792190603
14.937441211133823
17.707353605010915
12.61500846933913
39.72863004223795
45.61960182391772
35.892927334835555
15.309972564620672
17.95744359576673
55.8110397510843
32.4989667759155
69.33019247454291
39.05059302018443
46.59536539026501
19.803590530232164
27.26279914759056
29.30115968581699
23.11310088113358
30.29017015849042
26.881604464085886
50.400882470455535
30.05896502249577
49.2611239792399
42.28336541923802
23.569561356174162
33.093442514003755
32.94542250138716
62.48123142884769
26.183595722687024
13.622746167058594
21.16116005386426
31.442418128636756
61.948478388024434
42.68559017369117
22.541676453909425
25.17765416638324
35.204961753789135
74.82607636724619
48.08043125988535
47.42805428198671
34.68637319647837
41.12481145328346
21.54775420476362
48.40349788276719
15.77682391486529
22.562933345070462
43.57664427431682
15.638905298050506
34.52124515058665
9.383556510131209
44.61672135927767
14.518115362769656
93.42859620744625
20.426603409347475
64.57618923331529
39.89470674542399
23.98040058969633
56.643663574018014
15.035079690339398
44.52111521822737
29.919065130242632
25.341365399210613
37.44157341111698
78.35502453516877
46.589547069456984
16.849199612454115
27.409380950102214
46.46350300635908
32.95903249134719
35.334668174141356
35.57268127115875
76.5694921954144
16.09143141962912
31.851566463927703
22.871010359870503
41.47435964810796
69.69218554421647
25.830962040123435
46.76677871669509
18.424398151648667
28.70555008285875
44.896799836513914
57.7552410261588
33.71498916718615
20.00443798125266
20.648162680995185
45.46125849634128
23.007526638823023
62.49312310431701
44.26848289188596
62.69003622376268
72.60576481884122
45.63299637719875
14.43126587775427
29.94194972121445
40.03841395461399
91.65235785583198
41.70170468816469
19.03310970161855
27.272255724509215
17.45459817873007
55.22295887089431
38.02937480802831
32.875107827354505
28.554365087111222
40.35032854299274
28.509680363310032
43.057659300281976
33.23135108807732
24.70739380407386
39.5394534958347
27.614658098992038
51.15956075216125
24.602288118908824
22.36651036983352
46.64031891543304
20.865989204225126
24.377527230191653
88.82724493230894
41.3372365603187
51.567854734310245
41.44021548075707
43.766794949735655
50.04068161650582
43.798316395116174
73.08183892083309
33.19667908568499
73.49608949434409
49.0963187243128
37.41414059453596
22.34313185019248
28.963176031403297
46.88547550970719
39.612637168808774
27.725193195922465
27.958573511207113
46.13748862338434
27.101932654447747
16.885069546386
58.04345549161714
56.41000044481904
49.46814202303134
19.81756096930308
38.02794383544983
20.05533828623557
34.9384653121524
72.67207541319767
21.20925694583411
44.79556792658595
34.4643953367017
16.755368118245286
37.110109666205275
82.39239801278842
27.713107934131752
15.247777930243355
32.17083194446088
41.05694027228696
14.239401372938426
26.490774723413956
50.566620544103024
40.44999891375842
38.444913547213844
25.11771774366865
39.7266105498546
47.211426450529295
37.28745932251824
37.39298756045529
25.974074087435866
56.68198683541779
26.074669740952327
50.64185946739778
64.72520923347736
45.97937405767548
42.35615030381175
41.48122685327461
73.8767590922781
40.12561365522298
25.78979990114312
31.874685558532196
54.1938957993901
80.19772715453708
86.54758453295702
34.64465938358746
22.271149870101766
21.683703029044608
38.29705336657642
38.06126767017231
34.60746241218683
25.722356388340135
32.35655402963958
42.408994865353485
30.03927510484168
22.66468673784083
17.397742833000464
25.945443489243647
81.35275520978803
58.42507477356747
36.94969295098664
37.93071373976177
28.119059746983567
31.85169497279477
33.982399922600166
29.021875493207418
68.96934207079383
59.52698293377263
20.078184963077835
63.7166763844234
29.014938199609713
31.11137970420711
22.780431544440845
21.248253865356148
56.68540144772609
11.702613509051243
65.46265578190254
56.68128439713417
19.944575415882323
76.65960987421644
58.772947704257994
54.44191520097693
38.30861578152209
33.2379151117781
35.30883068385946
44.283971624619106
29.079806133236662
11.764007004984327
52.82831776839865
82.24504911527725
50.514592431826
31.30427908270891
35.563069299305496
33.54188089227348
57.90406047792843
20.297981632147618
64.02165324786282
39.20716901295215
45.99836139701212
33.79969206482858
26.18110013259128
37.13091916984857
38.34172843862925
85.49964434622221
55.968585127765905
49.67649320814745
36.324275791092866
43.58744944015971
67.19559887148995
24.3105452818711
29.356986111682204
26.99894754645903
21.059979833845702
34.54124754553703
19.65212606436408
50.81292120707073
22.37056497566867
33.775920229791474
18.17334989392059
21.086449743962778
30.071426824236312
49.215959981109435
51.12058505604298
25.360902696637822
25.323449675059866
64.32336355382368
27.893030924644517
72.94978474314894
76.18255663911391
21.112071717357654
47.53799106051274
73.50902531469455
35.65857988342754
36.74698659160828
53.333965665498994
40.55786418553692
13.917383306280644
38.47575099562499
36.88088859866405
25.20342962930145
33.43958577579642
36.70245314108435
18.6491850125723
102.22074959967568
73.41809119602156
42.90492831664007
25.90223725265128
49.25270524559491
58.39450934910849
20.94444287948839
19.831840933115174
50.54400938927035
21.92010317386185
14.854409934246213
43.74137407610256
19.08238348972707
47.20895099354426
42.60186676920858
27.258252538300688
41.27317294454043
45.087893763884864
38.42337935084356
17.322991188986883
48.22328125368795
46.432076234438014
17.288327430654856
36.25368967237026
66.17603711707135
49.95970846330207
35.648253847589714
28.917994334995274
19.17309750162568
53.95865464450335
54.43984946277995
39.24248966438062
43.37042538324304
21.867006879594538
22.26133880427775
66.44471036973314
42.32929558605604
17.649484378893302
16.33787135653158
46.6141045811889
64.23069983745066
21.730691933663145
25.201289434452654
20.54668807435195
18.26148438148354
12.510829996082034
