128056.5129855001
87493.41250387605
54177.092285280945
30562.45283794184
15154.901595515897
6680.292915545213
1808.9209261250317
142.34168541821055
548.3326244793072
2177.316248437859
4373.82563444104
6308.346567541516
8219.713237504793
9072.072889626488
9453.077049150965
9236.20375213797
8020.047761999751
7129.019743100281
5287.456071256951
3859.0496242927998
2555.6525235682734
1614.0486010367042
682.4386741182919
227.02146896606652
40.63127265643393
70.15009477659527
380.865917611546
942.7843644467818
1257.890674450684
1498.4472429907103
1948.4126318192707
1747.750349836992
1781.7253782795015
1530.7392137449951
1310.1619377862282
948.0291593024359
674.4675999363322
411.5850018311563
238.3325485414974
112.60453542798308
68.06797469122853
88.80659758436857
118.3762749937772
189.94786677082453
252.96715932777468
323.9579270650025
430.2538926003393
432.32643060637156
383.0585435018174
347.9825930389475
342.870598190456
247.87306027916443
135.7705111379836
79.41473088004226
75.11061148747143
76.17239951460864
20.006209901053694
48.79210037357329
48.85810937459704
77.98410484442907
118.18650933680675
130.98826556060908
142.97497439972665
72.75119294965062
96.68254083050353
42.59333086489181
87.52079355721266
95.18306746841061
24.978229629027222
37.191599122251624
38.12390381624899
39.65285177305115
37.89707077777348
59.36890758373126
48.13542572076066
59.39121097335296
62.72196829913413
48.018725084092395
65.83348593284352
73.5550952539389
68.76522972813713
43.822635173750015
87.87459586866326
25.934452761174114
13.912847431468933
109.42578529617593
76.2131341121549
77.19675431392679
64.35373436763516
88.59022825669432
64.53674019027696
56.72306156273731
39.674776417398505
41.163404270818035
25.267523027654633
24.473337631559886
33.34117733911786
25.146576083912343
21.91398409068455
43.2981699100318
14.362473339988027
44.038499610123004
49.57341955272888
41.10205171326837
67.17946729444435
61.804312875527955
21.921300308121626
43.474260038671886
27.300712802646476
104.29377220617954
79.97400771091529
43.94575359162642
49.112204089707454
19.620367472366752
40.86330380418281
60.56616082274059
71.91596746660564
42.765386348982645
57.780407895739025
27.655349854490087
36.64698676210711
37.905713770490365
57.10075593139995
16.716059951629983
65.99424206624317
69.67836316598847
25.969134880288543
45.50570351648101
87.03909349694517
57.67290319753372
38.20460402635762
31.051391319849518
42.06024077799336
50.22783512371216
68.38004288446663
44.94301670609283
53.32720365453775
34.88535263616373
33.67530823279476
57.91741602139733
94.91073792129929
47.38189984704492
37.30554353645053
38.785862791483936
46.401666046470055
55.50880840773915
60.729764866974314
40.2511823460101
41.966009836592114
35.576814690772515
98.52193121977561
36.76423170419515
67.04155936809408
34.77771539292532
45.5605376682007
38.444934115217364
38.82405154617667
42.91964173599765
16.17893990314586
41.027437102859636
43.358035971982986
29.97934270360702
50.69259856378166
44.306549877875945
31.776268446535504
18.072581528407657
19.556336105468926
91.44912807798715
63.15500509189585
28.991275208174507
23.165228484611735
85.3501341994004
70.15243401841134
13.427558841077447
59.63081579145755
26.112395967502778
21.562184840417515
66.55844357152728
23.256148259083982
40.674554974031054
53.14945214728859
78.94053961412754
26.687002301919687
53.234985792681236
22.760042181315487
35.87543331192217
46.45758751041819
64.58983078600465
26.957828273464372
20.959646835987282
23.458866770933497
50.56131169743321
62.354832757745626
113.8283700509201
62.414386554857295
18.54055799946511
43.84480449821225
46.32420609976265
21.118726399699646
61.295891698420235
81.33658220517162
66.8706899243936
30.723640675242237
48.74600111453594
64.0316354065258
33.115344586781724
58.175135140422974
42.71220236311869
60.013967379588905
30.128272172370448
48.445405881320596
67.32629989005521
56.64965625795602
56.95408925972213
44.18072141172652
14.613554683132667
43.88662365435182
56.3973357922716
58.53251578665854
40.621275091671805
80.41448858904793
44.75618918713228
40.04503498081424
27.081686427131807
34.00042176030401
73.02777416506599
69.16079247265884
49.05009467182492
36.83115820472635
24.66893115154169
40.603315138731375
83.61976919402731
48.631919025586924
54.22099774747543
42.943663807688495
15.070426118002883
44.99940692348857
31.37122282788346
47.835715830232985
50.927426509088114
51.474691389830085
34.00613003040625
31.833270631897875
29.619906744061254
32.95092453099559
57.93022986343903
66.58568440498148
44.999029511108006
61.36539497254281
64.06106362497
38.23795948598682
57.43579690053466
38.77695139781775
49.923721273848884
23.153745346829187
34.05082067813906
39.34346391553012
19.699454555112297
35.11981453181203
45.7671086586162
47.409346743141356
60.98329558689643
63.185693639463466
35.50150412288839
35.29246963486091
40.65649612297251
41.45184620050838
64.38605449223523
44.804072414151754
83.32376819198842
39.94292334030967
61.38527866926058
73.92780651504799
61.1507445102048
92.99267144006774
40.96963790559642
43.60414750776015
88.87876212405217
84.53281904144862
16.742097057036162
17.792858120883306
43.002395584471806
57.282511249267095
43.1413051018806
41.87393305240271
51.999898597155195
37.93301847329883
47.84289183598804
65.71138147925139
86.45402668050488
92.95313244475768
44.02578198339665
45.901221368319625
35.2392960701925
66.20769794166176
62.80457304818597
78.1671961267427
63.96537062372345
25.165328135848153
57.8900911155934
71.4249041795754
57.378901224632784
30.72877947857578
80.1944217296943
33.04981788691673
38.25532279113778
30.97585254037129
25.769114328301836
28.78630530445165
53.43889844986661
77.46500325851422
84.4137488373788
66.97186278751886
57.37985406225474
69.74826603498607
12.267938208658423
42.76621360996979
44.36560146072829
34.076882189490966
56.055369152312416
27.220556490065746
57.76118320801484
23.48766769395184
41.30594650263662
50.003028242818424
26.075342285643572
16.274237700435435
40.4278226270044
30.375202698469796
32.706539613890804
50.15100373635105
26.120682764366915
36.96965899424434
25.595206847668102
38.97199543890413
37.136029128666976
46.119503522065436
56.3009716256506
34.10262552679418
21.995232793887222
45.844632512396444
64.17354700985346
48.83387105343181
45.079900110562996
71.73030079631259
60.14841984193853
25.644679205885666
31.488175685324638
44.33768719880621
65.23947541718879
30.098849962007492
48.379386772355
54.25855559427476
33.384402169261016
39.488367760338825
55.00488632228302
38.00573795312073
57.03198813223692
46.19999929347781
54.34924958336621
44.612709394293454
43.09332364510754
37.6025403256519
30.867114027210196
28.056298679609476
92.85629311205923
43.95981415031406
34.99275386516573
45.93638039771086
58.546562052814444
74.47944027350653
66.9874658593841
16.145343998098532
35.52921612369242
16.518817331233965
36.47550355930199
59.63485329741778
47.509318294783725
50.387524301900875
45.11646051691216
39.04588133107963
74.52914392070922
49.232886379501274
31.772154088468206
11.776419806515976
61.337422857914234
68.37308686484857
43.5843070271409
18.17619513440438
46.022158512080594
26.194016488291826
56.342973126984894
56.35909334897124
65.06734193487495
64.87551417191831
94.73016227642277
31.693098388311913
38.62916085539986
57.02741885413809
52.3655899439378
53.31393151946875
73.79896430203003
40.9818913441007
55.74973179745339
37.39506502771782
30.281046322429074
71.57939561122048
75.76604852361446
26.08777148860712
26.864015908246163
37.23475439095298
73.46577120192843
17.987493370240326
53.863094735149545
37.78522559742337
53.79410838653709
18.522647767282777
64.07769804258416
24.99289016537325
44.463981218592686
61.074359142162514
110.25944298488434
45.23113639966152
100.52496292106008
56.37988975331333
55.64989306226943
67.14120563180177
35.62854330039783
23.487590136240925
45.72649465566076
38.69002727634044
17.5350850562549
29.991877038819432
68.73398077758127
116.02902136346076
55.5905392388511
26.381308975387324
23.35695551878673
70.0864749945596
21.15847376553986
36.434492479885954
31.983208099606514
66.10586285266255
20.6604289232659
68.44492737231931
69.50383583108054
37.87918927176708
53.555996215237855
29.752357497243604
35.04776737314384
53.0509772511764
35.51563293879248
79.24102433781626
23.15405137865939
20.371357039965968
44.94108897210928
43.29667277242596
36.215840603717886
31.054773848542272
19.650461908240537
25.634753664404446
31.877051962924675
29.59912871666484
34.63882329100839
43.98611047955908
97.221910744387
76.54022409991424
114.1477920796553
16.058444577969517
73.37721179683521
72.60017162361419
43.60494968141098
51.769495936936984
35.68559119060913
60.96670606521879
91.15918753412295
19.41180657237515
39.02572546568873
59.967553615018375
76.4522136120045
34.74176104211777
37.95169647834448
41.57778381856726
34.25657322434247
42.47063531942077
59.76192088411296
74.29958481095244
20.793572153830645
42.7797769771486
40.84603133725469
22.150149220864897
28.14916925283476
22.11086864159692
21.518950819514984
38.46591503212703
19.573935722815815
36.653662380129134
44.55031855267104
32.2860327482158
81.69998256681143
26.428107955181424
20.34855581672913
109.7841302452241
48.46792408757988
34.892000290200656
41.894650319407404
37.343213062175344
19.142265989860427
29.054105586041867
25.877243690644303
67.71796501208154
44.59051006088423
58.5123009057652
42.20898235932182
38.93096564473912
45.23137096152266
38.19607939485759
61.5887921092798
58.929453043330874
80.16055672905537
36.89978807762779
28.387028921552503
48.14593898162082
53.5609336338773
133.90374097029638
73.10431844812769
30.475807244676428
42.792201385517906
43.89934786106771
27.385182849240188
53.40251162367649
31.75708715489607
25.660030092198294
15.824217977150118
21.855567466885905
87.90508270441423
17.54593016068827
44.81369484439849
74.3557327376809
62.93052060300188
39.66037466284948
36.61346419347134
36.29769352127463
40.679208139065395
36.81672828320578
45.996550343859845
42.45422529157653
62.29366455560478
53.694538161461224
14.495813232338218
33.53984918574278
34.001875884918555
57.76206342914192
84.19121731468422
42.29314799798842
32.96338388412764
62.39497303619419
42.26323642014523
51.77099107732447
25.520303873611816
93.52627983669085
61.04880395206408
22.10475165846689
27.471341836119706
54.78098813547084
36.99542072678172
35.20269933662625
41.10648592058949
16.631947431285724
44.91682930082065
37.13231067981741
45.659636126371225
41.661793030215826
39.77640819279879
37.40973957393153
31.41862098877016
27.746748967180157
41.475243585470764
20.172164166289534
29.31080840339074
33.59591259436095
16.613539410745826
65.7091853906701
54.00707160999918
43.73779596464323
37.93840748416557
16.190833740800983
28.442460201365584
34.69696917568869
32.79861486717231
28.262057148997833
64.57072486563764
40.05887420290222
66.2308290461103
78.93509539384846
39.582314603850755
20.171692748470036
35.01454442142334
37.18913318351621
42.5761287385244
43.753853551816015
28.257130347729998
47.56374307989216
62.51451854149474
53.25394633469009
52.43322581682784
26.32089636399144
48.503312630208995
39.82478926607536
54.622377613624295
34.59167828909989
38.10531201335998
70.28224204994609
71.88209256987409
36.08829569822884
106.28286524667871
29.09013383979204
36.87331721537371
54.85912028835014
19.658164966933033
54.625695193616764
67.63607898057366
18.203757336165523
14.977742203648525
58.87275848077322
47.20203367320342
29.974776847743524
19.92728630763876
30.466553365508382
38.50503963460675
42.93945914230088
14.69326308323455
52.947549433405406
35.26234177107231
58.43683130541012
19.33464326825019
47.347952562234255
44.98707229025366
65.96795161332173
45.12306449182943
43.21072943318324
29.709713997667663
31.544114328422474
18.188551980758312
32.41153543466487
34.622236908387755
20.08606089710641
34.34161739056803
32.2681343488659
16.194414363677595
20.38320477832733
55.42844301486275
56.98537291336018
76.36520886868252
35.01218776448157
43.165160326365054
23.99824217968949
39.14045433898481
61.16214597757662
52.27311785046705
37.06590683675836
9.932635653001718
24.236193854491912
82.90483449278967
74.11184098911143
90.77164864652615
34.888082619429724
44.13894923027129
22.452416135407283
43.93538577789956
68.1359914724214
66.82362268978828
23.397809418786615
41.46695999687943
45.683317846154935
14.305213989297533
37.55059201005713
22.62973296283598
68.41186749381698
44.9989186533994
30.66475817550975
33.0957121104623
44.55790663040716
22.32346558423498
52.93027986871828
58.31173440012333
52.197130566950044
25.219565123390613
30.174936746061544
60.223306525350196
62.885896747406164
47.842948050816744
42.95977589853969
52.84757408400864
19.208196297232906
27.65402960715746
35.25718679154153
44.24278768683052
43.015218845633825
47.534955518962946
23.955445195864442
31.664665827828177
18.98487353306075
36.279922413860604
44.86464741317995
39.41872387883355
68.57792107374203
13.808115751748737
35.233098811207384
90.75577417223894
30.389014345115157
24.598124921428774
65.66696818354546
34.781786258128285
39.31376065641678
62.18917785339205
56.00931455768291
29.50390230867065
11.56926444759371
102.8135656375974
22.62240191229348
15.931905693779106
26.957574140621244
83.54371361059528
56.47867369337164
31.09437237535653
64.98515079474693
42.630619243085
43.974663498630655
50.87955818236035
33.00674582703302
17.772264396111616
15.49295831649136
40.79776706054183
102.98107021110677
70.46231719790744
78.69476945541052
39.14089796921929
61.840419209649724
46.40398971806245
109.64747123224983
63.83450832123874
65.77046005305041
43.827503937503835
23.7374785657239
52.865978378868164
34.78946551992681
37.72159221746014
49.3492150387618
28.85856457525373
64.28087429775222
27.735542346326845
37.39259928588522
19.999473362276326
20.53463938333572
23.379411907367693
27.80090781301614
31.641130631683794
64.96070634980067
48.92507250964873
26.13910660562919
40.11214530920498
102.45300124165892
43.43138783155594
39.18241771430242
90.83451455562978
71.80420847218161
60.41896383042541
38.747971129138534
39.94407940631653
49.49537585375545
48.4925275041292
32.87052691144915
42.05398550460013
69.20138083759718
77.35653272489796
13.303020363854175
43.48097301655417
14.002127816327917
22.732192918699695
56.4782632458513
48.12029673257274
40.082935948517004
70.54209901326276
70.05345135201401
15.066406804556848
27.112334526608418
47.341177647076755
60.27320676430939
52.72103369034548
40.17075683017801
60.46708198813282
27.89125641648191
40.3484030372816
70.28462300295769
30.849987137028506
21.340695965416458
50.935547565221874
26.795430365868206
21.00856337271507
57.417393458069256
40.14893046860738
17.78523973544268
40.09338768033427
27.576116618911207
20.935270985025
33.75850521525118
33.047250258916435
27.826241332331534
50.71285240582488
58.99154030800771
45.80070263547838
59.54123233470594
59.01143739059032
30.060764490571856
21.035139118599812
15.484775104336906
11.27783319348959
77.25935458991714
31.034197233922285
26.664379341733618
51.010355773106774
27.985468124336904
21.310876317234452
12.689291896151362
39.99891658029594
14.062289234677493
30.717818517100177
24.93500908648682
36.38970268363962
70.58249270033488
77.2675291989139
78.63567229157607
49.67028382170909
30.872912795488304
48.678747437055854
27.17356990489257
53.535841623479016
64.35433439571557
47.55104300143629
24.814200495788565
80.1318323542668
62.950081867921526
35.827810027909166
25.25488325308432
9.55561056644463
61.76380091409462
28.808139802756074
41.315025174571744
34.875349433790774
48.044625423495
47.13911798464168
40.660534733831135
48.108602367070134
68.16538201544051
53.40473328742672
10.879441632633524
16.13799490213675
43.03507739814644
15.490530090127194
26.58417313474924
84.41289176850712
10.038475799047056
23.959872815153112
58.54093498665303
43.14954259063033
22.050352358583872
33.75235767776837
45.41708011716518
19.406016349271876
45.31635741564857
25.356751502540973
45.570920332643155
65.58749292997273
40.33073660605321
41.40350687916044
37.30655794220269
48.970960672375995
34.40002654454607
20.08319465261089
28.08737855286965
30.28929163047525
26.47055383589591
40.61867872044966
45.629382667896316
26.641031597911603
51.67153590936691
24.580135675238317
39.534697215829
14.616075793434069
45.22001476035911
48.3758540672322
18.82322583984453
8.037565252496927
45.05990862389277
61.47787520825085
24.83927151400623
8.432429021460367
48.20803028882639
51.827159318282604
37.845247029890835
26.116991201111116
23.693699754038555
21.965178012106463
20.325743839492695
33.28782404886616
33.335575004365644
23.273890548225282
36.52296821724635
23.384625377394087
12.003295295281143
10.222261090724185
10.387101457360355
25.126638781554128
41.95158534696915
27.8194256181052
26.798492470649077
6.7803334291725
41.41297450147819
58.448555041127634
51.346475809930716
38.64226715978703
37.55581270608006
33.521844169605224
16.27212832050243
39.725655611418446
9.235073777258517
25.666967227871456
41.03446318418874
50.44541749658495
37.87713769133309
16.914213908543623
24.618573338575402
10.576983760788458
38.79878968887209
17.866445537544827
29.2624388828211
16.29490269157404
8.698817626368314
27.834865902646094
5.236392542176879
29.609671272191484
7.073562402271598
37.17453708118445
33.886662998371925
22.363372617652413
40.12749246630592
33.84421600358161
24.69212287744694
26.486397030499063
36.090812718928035
35.273650780939995
25.315756658777943
32.85151127549432
8.993196155899644
16.59345472162861
29.27197104363499
6.7140583745130975
16.219376803868425
40.598290818257695
17.073328377618974
38.341642960507976
40.89197984941432
20.151008508069882
24.23218058419254
33.25969017751901
9.00903683973259
31.34151474701104
33.219596589261734
23.39072474215914
15.671310152557142
66.83301750743252
9.984408169594671
36.509918676842105
47.16613509356999
26.90488433457944
18.08588310255709
19.00673056472768
40.451088772161974
13.52361177968364
60.06318845812557
15.951228820941626
31.076423954180278
26.51492993692376
21.74684420535931
33.823628870678576
10.33721987578199
18.71774657096486
35.45054972971657
16.525020774541304
29.581437573641377
22.129801418077808
6.535293693129304
35.73656092893863
38.59252236897973
18.732487036826033
27.336104496514114
33.44147768000077
21.650061012049335
29.654863154664756
43.037395718406785
36.588838859119086
26.96888553384592
12.416960793597735
28.93301548362829
63.88807322053685
30.26937636177587
40.83165332632191
19.962582753492665
7.268053324201482
25.84501713984758
6.791364185977752
19.141941689438752
24.22431542301635
13.01804927241132
26.306071361713162
27.660769554253527
28.18657909476333
31.504795784838258
8.513762906411262
16.66960772562357
7.270087349460969
34.19422107802927
16.593378619836805
48.06947411284871
54.90758456840194
5.7248309031558176
15.576270141897448
15.641836681708385
20.148610329414822
6.117511312611762
50.67996754304147
24.231620367146345
33.4874722583055
12.2993182824542
8.199216180119953
21.373969633252564
16.91370992506755
36.563484893069784
17.837214064814447
25.720049237396005
26.873487917330824
7.092286551089525
26.884746931135023
36.58900812785281
30.634491401474794
42.24885877984772
13.670702175574695
25.822447631302907
29.332468408215682
26.94830260232531
6.581576366189267
19.270524725089114
3.9195727952636394
24.144677504238835
16.35020874181071
4.049495578174467
68.72123467105166
13.768996461573405
7.353078582829513
24.86028968224951
19.312950394799604
18.34384542325186
6.417787158570292
14.652303334306522
23.383202765662222
34.25513175075937
18.132395678538302
4.901324430398978
42.68189448539116
20.041207789915717
34.462815213665635
10.854337838737365
6.732226735288223
5.499979636850745
42.419424996305914
19.60133247695464
31.471735818537255
15.090026966150432
35.83137436392319
5.198564702155408
25.385117812032227
19.128327064064425
44.77508928385892
16.868603468253333
6.076265431404906
26.78417544050426
12.079916267121508
1.2164214829607283
1.923557078060672
26.784899400703154
2.4549773660000214
2.3834017629132864
34.94063202437487
31.342254242682767
22.772071548285847
36.65810663764972
19.09366917953463
26.73634924446975
33.57700249931239
4.2139919044136
54.52643545545843
31.032788152093428
16.598941460763186
27.49920592497644
13.013238990190027
26.966568102353243
26.420780859291526
17.605767879896373
26.31077505320938
6.814157232844423
2.9195783244613622
17.710660161211198
16.663071673776
12.438760551448652
2.601501355316822
14.565977412692641
2.0703684234440756
26.242014881340232
38.82970740518387
9.406047411335653
6.939514112393039
12.124304563019304
18.809463621497333
21.354782556214253
11.127932791772125
26.509997993430378
42.055472003137446
12.42990105524857
31.117645714061563
25.54084621721225
25.977749998808253
16.27622406287361
25.37719661263054
3.269317096355063
46.977158433105096
10.255831787848722
23.215624561075124
26.338656088661434
2.9706105825223443
3.8190166909877865
21.39764750975543
7.529265733350446
7.808543608812486
2.821547580866453
21.285334175299056
28.74719560465508
11.439920452411604
3.1191687463108564
7.675411255915156
14.650998058147424
14.853051001528927
8.182207832972164
11.979038617938635
3.1854995078848924
37.66636809241445
9.744497216852334
18.94694755118815
21.890559536889274
22.324330660432416
27.293738632966612
10.170962142594654
4.548146252099153
3.9770603773779576
26.785350623449634
0.7808200459048824
19.62641323042543
16.402523827649603
1.4597100599370507
20.891480628290353
19.428762630533676
17.879518977997066
20.809620342900914
11.382657199950193
49.45163860877943
25.950126829941382
15.618104550679716
28.352196659001898
24.35805140203674
9.540838129495043
6.114602250208542
23.867971285478404
17.5735702277407
17.799834604305335
23.865870921908304
22.17590500117347
22.729192005136458
12.774372803010476
22.019945738784624
17.807559857841973
12.59496731069881
16.59959788042834
11.038959064323798
9.885282226851173
15.45336882335214
2.1531742581110094
32.88710840531462
12.479718011036033
4.203850764665369
15.408858740945899
2.864630291534076
9.299058861557112
44.185291393360174
11.802283871672296
26.593283942431217
22.13470957073928
17.59697899160656
9.778120646565982
22.39593529727382
3.5511936183652915
1.0704956760673583
9.09098370799574
21.336207836715207
4.360674955996647
16.862653282931156
20.201657798356084
22.938146212968235
13.452510705651074
15.646191880085745
10.342136486618289
16.88349626547541
34.14753374223161
15.789227803919111
1.2427362895535154
10.139895585438866
8.325714230287819
9.651796908705174
23.777464133608074
16.770440532926678
8.705804251585368
7.369340611032436
11.092779451584388
2.176118973307908
6.008765865901048
9.193616846750729
7.322031607029773
0.936508051236384
18.689072206366415
18.558320252350924
16.022458767653216
3.9542418372723223
5.761571524744147
7.1165298475155225
2.1642288927983797
1.291149387906795
13.585874952396203
5.551647666348971
1.150043532385366
13.79888863985917
0.9107540785311714
1.2973190930152942
2.260929532938095
12.584655926107827
7.37383042960101
8.373909885310816
13.183380770245535
4.398871584649716
0.8889422273463679
1.6081107119920963
4.436026287443405
0.3819827327067669
1.3212800916208995
0.5862376874967651
0.9472494348737368
8.336940476036347
9.951336734391225
21.606478924008567
7.4939582429152924
10.40250375783332
10.263331810250943
9.598076340990259
3.8537772028086428
4.103243600848725
8.639841133861909
3.189371641065439
9.997148375836172
4.9615955456055385
12.43247602787552
14.732745495067531
6.501072948821357
5.392033504974933
5.393516070992935
2.4205350827283634
7.151754064235319
8.608024949812064
8.079731284094958
0.9951880388049369
13.867026772189336
6.661478264218515
12.88829356267723
4.171920303727247
9.711056525476376
1.6243254302362236
4.956198338790087
13.311381359088298
11.789077405148252
16.650550587662487
7.153242174680072
1.2566758257101454
17.51253605826319
1.9207520889223773
1.6590705297044626
10.047472926323737
5.164120238593163
7.618686299006407
14.869943776218495
7.106325663655627
5.113237081439957
6.8518801039265425
5.837059083065468
1.2297343596584611
3.586136777411425
5.075030346042107
7.982041318264561
5.177783412917298
0.7864562559755398
5.151125276493837
2.304209444306453
0.9861980997216996
3.424374845870954
7.049022641502406
0.7059052048775012
12.030825493553534
3.208782782081411
3.056856433812808
4.341348597616705
10.640989828502045
1.2798614947099876
5.267816653764972
6.783375567769092
3.234216382064845
2.874122565401163
4.455166457000294
7.024622672384003
12.50417756525885
9.570825191770538
6.5334595622935465
5.967579558367271
2.6942797050794187
1.0285455614590806
4.707283690026209
0.5246792983096279
1.2794859299897254
5.634653044288382
8.487457518743277
2.5633708499016867
4.6644288167973045
2.6320801141075285
1.1177616541765145
0.8412754583535138
1.815052272243546
3.1619687363224833
2.552121192881974
5.955778446474111
9.928071288974047
10.511024382436194
7.784227429546004
9.427924137604508
2.7321012371160345
2.1263662131888217
4.873460839815878
13.798898432827844
1.8347643336370574
5.066465790724137
5.757227255094401
7.043620096136227
3.948599692780747
1.4940054865480492
2.1359970580611916
2.395747333019427
0.34926121021839407
0.5489702352374225
4.725867467814007
0.8656548846659387
1.2316635486306529
0.3285741949395526
17.946096935044363
1.8628946098632722
1.3247219868718514
8.861946957191984
1.9957114426783003
1.051132545515637
9.612735966945042
2.9122751926355255
0.5083011954400694
2.588134888538668
7.016028198263749
1.2282137221715186
2.9126801326821954
1.4337848921967984
9.67900750366328
0.9734183850227415
2.7560718888139277
2.491732806641563
6.80561939849083
5.800490630933979
1.3225096504189773
4.072220695056818
2.8742583908079555
1.1337968284063047
2.6521908317373315
0.4920494477679506
0.3583970406470136
1.8003641984054926
9.652157906871286
0.27598938951890717
2.270963006785828
2.2684021927495768
2.293759181497867
0.9856853858348164
0.6739157106604632
3.1799819652553816
0.7145151652675189
3.424537238318299
0.6025462365728056
0.6551422031751384
3.4620113261046908
2.1198671556540276
2.8750390630631597
4.751401804003882
5.694817180523327
0.7732001087137473
2.6693295987121344
5.924365589793038
1.1177642132595182
0.6195091686627319
2.1606009688548857
0.2680931077702234
1.395486576775746
4.196013654886931
1.3648183014575095
1.9752898248316535
6.801198841517619
2.1005288693477038
1.2408913407781523
0.45578317594351336
0.27873971659611846
0.30378598522865985
5.030951328902536
2.1211148444354384
1.118097688630464
1.7622790991420025
2.575215734203036
2.867154965911195
1.0768375859034058
1.0966733483235191
5.283694582438669
2.4610015240136063
2.1011290296179435
1.50039454353054
2.6441218129745327
2.8127650553957535
6.005115829190224
0.5189168487476769
3.648320426229717
5.011645450976579
4.164175373443105
0.3260732195217189
0.2530082768017776
0.27293586494009126
5.790264475016051
2.680253821917474
2.944779082443203
0.6205843114269942
1.0890398878129985
0.8654048081804689
2.1574348753908867
0.26541100423081054
2.458302771194457
0.8848096572511394
5.11381336196124
0.20667695640179726
3.94933174513584
2.5915674260021446
2.262814682957887
0.981087839596055
0.9706816227554417
0.24491973484084434
1.796829127036095
1.2880461841958644
0.15349592204666737
2.6955787095105483
0.19517608756045388
1.9038199702578071
0.3525292321694362
0.48989623271198796
0.8101148695738963
2.377271417490335
2.4229960523798013
0.185346596310679
0.1757436324860527
0.9500097719453396
0.29498178174392553
0.21838864235307506
0.7067835244193489
1.0809267289818734
2.696492181497766
0.2077486558166602
2.2425965849854403
0.23697536351065637
0.27905826072369416
0.08633682479662866
1.7531205580248819
1.532390281053562
0.07810728410222721
0.2812121872859476
0.8204145412962124
2.962465214910522
0.42029602351270057
0.5587832102697585
2.164989434683796
0.23919471620905156
0.11846137414218474
0.6360815567916349
0.6482821408015097
0.08319466045287292
0.13637778239509846
0.06715958384134488
0.7945750317483692
1.1332984654593512
0.41503586687232996
1.419543140188715
2.3717730676261746
0.11299680452061937
0.1504908524454748
2.7983547018996564
1.8515775139534845
0.16959333264567109
0.4790481884430684
2.7584379238706425
1.2666889625705804
0.9255981214988208
0.03793063597101049
1.9632661592920522
0.32053978401548994
1.949359026403481
5.140036161801561
1.0807834292240142
1.8300648117856895
0.6289028119144197
0.23365421735450898
0.8168217519880028
1.6458502045043633
4.975103426221391
0.5471971531455824
0.8426473740812499
0.24496316376659016
0.41822985530656487
0.11781161965868116
0.9642982149862004
0.13089750364014735
0.8224051545263003
1.4612072962846625
0.07488392605494104
0.8849547807933017
0.641946209272285
0.5344059405806934
0.0424935302672311
0.403277449816026
0.04885625358091064
0.3722705502135341
0.044553994728308254
0.4013414205893229
0.23776326775599285
0.0680838225839013
0.545829221231637
0.04840453837588933
0.6548629145531081
0.418966568231468
0.3535790152761954
1.5771555530328634
0.07423374620259286
0.43490100807313664
1.2487282775543058
0.9086896887400858
0.10764902820138227
0.270553695254778
0.11259431247744814
0.11360158500205546
2.155971411860168
0.5891330382966863
1.1739489005901775
0.6737454222900534
0.04154208064010985
1.9962183746583615
0.5063527964849591
1.3775241542130217
1.6485152366596498
0.5236860370597886
1.0334465685251955
0.12169022098202947
1.2941544497215427
0.7023076752769465
1.4546134212601203
0.05872639850362056
0.045060198968803686
0.16812367815707135
1.5967372456987574
0.1935724448234214
0.5081705321983664
0.05730726019167937
0.07902171977524831
0.8442550089573296
0.15240856601039476
1.268471102023059
1.0275814282362519
0.2289033845748468
0.04550454080864841
0.0458929532169086
0.1799423809093765
1.4062336501967654
0.09787159410508055
0.10128429398082181
1.6719317432254133
0.1304627781311168
1.441217088361388
0.9174462981026997
0.9469145002327415
0.07995713395906554
0.02265027099578984
0.17684079099999683
0.07889706268750768
0.37013743126254794
0.07554183864442006
0.04531791874149916
1.8864563461853754
0.6735153992418581
0.23860772751673667
0.6475563315791837
0.9730795508996817
0.060986887084925126
0.2043269049383378
0.4266297824697905
0.11651458431171356
0.028619635945028216
0.30773793542176364
0.9354394272130253
1.2657317011813207
0.6904011783198638
0.21499457455219426
0.06549447379272078
0.06941842960981408
0.020603604233317804
0.26902185331766193
0.03046618135229176
0.4641739778206815
0.12602114908592496
0.4919099961557541
0.5659920065665952
0.05992897680249817
0.03989822264076269
1.4584384066990987
0.04552142392219032
0.05800107175377366
0.08048571883444419
0.6687303245411643
0.4339954558205462
0.846714650444105
0.04037862974360422
0.038141098845052124
1.8089301462786005
1.2992254585431007
0.29172974245619615
0.149978692019843
1.3827852740609337
0.04012607843864545
0.05190360702511858
0.029602289906752274
0.09684877662538922
0.9315898430827828
0.049697694049396654
2.4582714424942282
0.6795378967493907
0.24900575006755526
0.18369717832354013
0.23194212715650533
0.7227717018313804
0.726748340812268
1.0328351695873974
0.08511445344282048
0.7743156956141429
0.2093694921678736
0.3991234630374015
0.023095076025376325
0.3467483466602951
0.4999695477714601
1.6942587658677406
1.8158795447525922
0.02374449983097806
0.03864632641802166
0.04484714893130212
1.3843311026235328
0.8806472037207868
0.4391347622060967
0.22994857884580605
0.049142869001016706
0.05933544273966553
1.4886545674637124
0.4582266889482889
0.03784089738808451
0.4531643015821992
0.3438469553898096
0.2263550192869459
0.08491933743349742
0.06949580748281406
0.02377168460910795
0.20982668081397401
1.447833617596181
0.21632351672654257
0.02025194020032463
0.0410961033419802
0.6387833813534461
2.3823717188239777
0.04663070785008337
0.357001937460235
1.3642526514871596
1.948304258633984
0.21202119668310698
1.364182196761388
0.14720128632445348
0.12010816992442984
0.5164446982182309
0.1822645549655413
0.6498974726596752
0.09450892799637871
0.0429074372858004
0.09137966299620057
2.4252181861598965
2.0790924637785806
0.5360176927919031
0.18962884942758038
0.44631759737346344
0.06439188041022016
0.06328469963671396
0.21015700434375995
0.055159695594341515
0.727039530285921
0.0911448368325336
0.5068868971940172
0.04389361347876187
0.28289109277652114
0.06633718892795594
0.3798069029556522
0.294915116175279
0.04437702596590637
0.03120831439058509
0.6490033379250073
0.2830627246857435
0.12025103598715901
0.7031662396437878
0.2563600984403583
0.9296194406896857
0.137635221445211
0.4918591209130478
0.7520858097740714
0.046199983062494246
0.4080128386558823
1.8779089745633581
0.03554903089620735
0.13132566729714884
0.05367621455262206
0.08466809406175703
0.5879861670654835
0.020479741417953605
0.06586781816175236
2.197750630756191
0.21061502709857463
0.1583293710579533
0.17370381448696218
1.6475692190338385
0.7968526036670797
1.6157999079709398
1.715520306687922
0.07329854127969843
0.031148218958358793
0.16188167887243793
1.1941263464093703
1.7416390778800372
0.04957437254296747
0.03356170945687822
0.8535696528207121
0.08688133341499196
0.1711319488747182
0.12702403259388387
0.055335938102833104
0.2465104813287503
1.2315340265897106
0.06376182889804628
1.1692264078196384
0.35706974398012503
2.5530401471315645
0.03964036042924477
0.15401732232943016
0.7008497809282447
0.19791779762555806
0.786218286917177
0.18743219639267325
0.12252740139147514
0.08735264603831049
0.06229897413767996
1.0948501793790195
0.7703316882137772
0.05055500206601374
0.015302602186037092
1.127991402927943
0.1950388073626356
1.8929775320996396
0.0686574685173257
0.43231002750123493
0.6384903115323453
1.7485982154871613
0.31866585739978887
0.8523582645257325
0.06276497314797988
0.9661839105858275
0.6803930746114544
0.4087262150170457
0.3811325944941986
0.8838136701422565
0.3162546750198693
1.6310818338191053
1.3338440639820344
0.21828190059676839
0.18844161055373151
2.862848880822325
0.1448547028214881
0.2865895547365876
0.26284458240813596
0.6955050317546901
0.12773505438343416
0.7039084738921954
0.6289358011371469
0.3145399190868969
1.329015769168177
0.03837212481981078
0.25279144638652984
1.655435102628363
0.15569752970160014
0.9150685278188988
0.6376927291043576
0.4731803774635888
0.6519401631739294
0.10229282355943856
0.48423295091278157
0.03498316958714644
0.8873461460096601
0.28363829451372385
0.3641478163828921
0.9966633936220329
0.6043696502740974
0.4269506873701802
0.9263902191474114
0.0518818668473716
0.18491567638142178
0.06417470337932396
0.19331573718773334
0.02853712915907326
0.1820840584648846
0.6529605357683863
0.3245376704616327
1.39996979754688
0.2887367675510344
1.0067820107960126
0.91561340531052
0.0263424234985592
0.0666143677717913
0.26943137121148686
0.9274625858887624
0.5081970358271161
0.08058541139298311
0.028000899980836283
0.03239222104293033
0.03944974192090664
1.4952452624564398
0.8773916630099611
0.5404057221714206
0.8858053115883885
0.15759070710488626
0.09285146457867545
0.8704702445924741
0.4872763028057569
0.04617953364512073
0.03815141444540237
1.2740779798150053
0.07402329502363976
0.20612575989527437
0.03500103037592653
0.3101817883453275
1.0226401940438172
0.5894721455995344
0.6862631515567371
0.1353143305558005
0.9833762449632617
0.014606493877144312
0.02917407770286619
0.08752931853433099
0.07413043082226277
0.7747060218749001
0.04904135079592517
0.17828966376152883
0.63404163358684
0.03962887664167334
0.48788159268417974
1.595453643526314
1.2760083173622894
0.08239549420084594
0.19771870330904617
0.13500337845343643
0.1344085780341285
0.13229389490106042
1.924022817006412
0.15844250231879298
0.8686761571401055
0.4782614092434339
0.06246055640403766
0.09310079954173163
1.1356310592647296
0.03188837016940809
0.4279924048267485
0.040592612441879394
0.046358081810998396
1.0446233695166731
0.44993149842912533
0.31810691740721847
1.0164145718284632
0.01334624426566166
1.023084186415763
0.1581051638695308
0.5267689252668268
0.26913569241478225
0.896588492198502
0.6042578097698912
0.34272003556672415
1.0260100287252316
0.022710990251598676
0.07851346789136864
0.24048826479258772
0.5362569367391653
0.04699123192753114
0.8775800125766046
0.5300015211337595
0.07229574172829076
0.024379892954537782
0.2326898283310854
0.5763355245416404
0.5728089425206756
0.048563677238812504
0.505556813747469
0.18921805056828
1.831001667161235
0.4799257457425003
1.7117344674396566
0.02986889490028099
0.031163662960663665
0.10205835475657073
0.2519570690311527
1.2450295601206802
0.20565104112013113
0.049511409521063705
0.9212090160874908
0.03455351947040986
0.058317547870970037
0.2708895186319648
0.01906695272323653
0.47432146203257136
0.7353853475234197
0.2706400457291238
0.6810521605789546
0.18049874030975088
0.08995116060150289
1.1707204453806503
0.13278310231162166
0.06726863935366502
0.02313564327694311
0.9378152234174082
0.05427407150753531
0.020830483118519066
0.03262040568839371
0.7176151143574485
0.16979887756196133
0.4999142398223794
0.23660556436681754
0.30064619509614837
0.6602664424079475
0.08656282644265324
0.08394596336943386
1.0714779328884039
0.03506456340097212
1.3302801413196916
0.0889580840225979
0.2920386279356713
0.017201131915151657
0.2182855246475037
0.03434273419686641
1.4540711808041231
0.14048929777665922
0.8406986975434109
0.061004157938128065
0.11952614781716951
0.5670445360010559
0.2851813545515629
0.9540728114417476
0.41035081736191925
1.0241815357964106
0.28393459823852896
0.052556301445185284
0.8982048294155087
0.23619365985070837
0.17706133972687152
0.09318227257277328
0.04777112065915247
0.15984850794477898
0.5246254939946164
0.06884540583512361
0.4058516715764161
0.20516434594598315
0.2802245416310867
0.6316510458364821
0.039706004933396266
0.5914508809144762
0.17350672311222937
1.0085852336750571
0.20807950860141505
0.20150620820031384
0.06058569292678509
0.11193815013195926
0.061962903806599426
1.1628490376889857
0.20397860165770548
0.1278488129090679
0.16626898829843578
0.1273239229786767
0.27683634096824217
0.500384785823258
0.9487024532145493
0.5877269519340824
0.15713006572177796
0.2435157108504576
0.8768419187328867
0.585705469409602
0.10709802706668156
0.03622197675676248
1.056776636533129
0.9194944857770886
0.7705507937364706
1.0531652019028033
0.22239160115522313
0.09950167712000466
0.6433733681297483
0.037073424110932
0.03783086942244693
0.9134515219270709
0.22042154353834298
0.5794685074186199
0.05801063842218071
1.2804628313798243
0.057830792622221766
0.05593577217802543
0.9885066724537224
0.025813495313705075
1.4587855585153304
0.9584718446252989
0.5428959800879015
0.037944747117762134
0.03362573357625005
0.44444749253695875
0.11909761342064622
0.3280287771219477
0.04545246705839619
0.07937108899628158
0.7352247938973941
0.31105777145802405
0.42820855556139875
0.2641241814452512
0.3527090915825175
0.5833009508681186
0.13030963100836637
0.04358703848985955
0.049848830531518507
1.3802753094243563
1.3002167783527714
0.09365406808648924
0.4159665604392941
0.18597754001688482
0.3135781677230756
1.9713387045243989
0.02182966165966384
0.31294401851899806
0.27899618790093916
0.6367207259302687
0.15572325194860118
0.4034549234656579
0.09325198394943365
0.02916821544441706
0.028020386768898987
0.43334106748368895
0.10217252572826237
1.196903683710076
0.32693704412976005
0.01858604216651365
0.05782334219986873
0.851930917061586
0.035255568690462015
0.5980398731509134
0.01987446045738267
0.05726734585300659
0.4327570259378156
0.03128817464472456
1.025946560601511
0.04289552441101728
0.22143031593560963
1.2550901432944628
0.12603910279674904
0.3656632735054461
0.06742806440152017
0.8762633484984551
0.4693687071572557
0.6659899851286379
1.1533321029947414
0.34862328337664494
0.3967103086644016
0.5482047835935827
0.8311115203949923
0.29485955134681857
0.36559593473756286
0.036622134051542875
0.1222326444989013
0.32647823124547837
1.4599587670948688
0.03246472953843743
1.1875597662078785
0.31925615980882094
0.11819858620593224
0.04279664412133755
0.5600472106336156
0.3696093496850404
0.06608404762248021
0.691179856985976
0.21186987906855184
0.23287055852249067
0.09329626520792277
0.5028492034258359
0.18271850941485973
1.7663571233877093
0.2497479629835292
0.37490642554259884
0.16226101015738167
0.6672260130622331
0.296628376801386
0.052483088502763973
0.3507362653938713
0.5134049434411079
0.5030865982223618
0.8445537864504592
0.8158655041773683
0.04916439549903391
0.4779197950578886
0.3579660063711075
0.9367862098302208
1.2605643775700661
0.06396820904355026
0.771990886816334
0.3343111349692928
0.6144095617769558
0.14926157028365858
0.05381221495359973
0.4942516790307471
0.9597669700393708
2.195391705428475
0.5174929658362382
0.17970437503532471
0.103036251734265
0.3677648140839657
0.0861557560790828
0.0358799611565495
0.9047856018680479
0.06024152124286768
0.07413866088431917
0.42719908206875723
0.2857258059999458
0.17302614691074486
0.9734621326345609
0.15607721121808213
1.3953627550811125
0.35739153692126197
0.43673375129067776
0.26483022274675744
1.031467208127328
0.026716157846553908
1.4633139667322186
0.7581299853013144
0.33581112367519633
0.04311093022130329
0.7967100629205199
1.8318940155973524
0.8091874809469388
0.058218669634453525
0.20887679259166056
0.0798448313189195
0.06879180585812117
1.6080355786441045
0.3631541256155234
0.03423446914909213
0.6664555092692935
0.6880336218057131
1.637793527206614
0.03905886511214796
0.038760901051042254
0.35817296954922195
0.639232284436601
0.04200679668123129
0.039105087080343715
0.7115726164415317
0.05266251786858984
0.6700035745103843
0.10517548338737055
0.026416781745702618
0.17458818414001318
0.018075631250268027
0.3159760965152843
0.04419390649778316
0.052944952761060315
0.06058397133847221
0.14282041890346686
0.27013834098715267
0.9414688553091222
0.10771836400796056
0.027503638471143274
0.234899270883892
0.5142704380666134
1.2200380203949763
0.13473163214892178
0.03153015622509262
0.07747081992115507
0.46865121975727786
0.6967050691857987
0.04558677442057538
0.12589670135977662
0.6348559455751384
0.2755368187238325
0.7991011653030242
0.5473586848107432
0.0993322702329621
0.25284582665987804
0.09070896665404732
0.13103190086182043
0.7001254157174246
0.3104842399792047
0.41820003526242794
0.8414038319922261
0.1889004435729679
0.8109162189547122
0.0850576801229067
0.36193031560603256
0.2564678899689317
0.11468638075097935
0.028401588567202173
0.47118150032559203
0.36390153143015364
0.22109980126638318
0.06892063803273667
0.5297632917757464
0.8981470767220939
0.7355570974072342
0.279705626762177
0.6866302483054431
0.44751789110955764
0.24294645925180455
0.03481460792983279
0.2773948804728469
0.10030465650873398
0.14477762762442437
0.026065042503528774
0.0261572643337388
0.35628985318017964
0.0624147371427281
0.034379702655523044
0.6132218485638936
0.06955493138525431
0.19023870661147183
0.3152847740933661
0.22662796454689196
0.07777229450483097
0.042764513623163754
0.6089140853637613
0.11368229668646018
0.09588088815608589
0.046064695624613045
0.3100494604103981
0.05044582541057625
1.4844421534286605
0.30546254087579006
0.24302615352754658
0.05614788803279807
0.2009466653393602
0.03976491172973715
0.02604346661404618
0.8667583573147403
0.011987920401475926
0.11219809460498034
0.017474859990402162
0.027593394311829153
0.1026797496699189
0.2680056821506699
0.2792284494926309
0.21544680758629708
1.1412653397656136
0.20243071305032145
0.7088736006366477
0.06910592370882285
0.8380311850356928
0.6464618014454576
0.15828853997889514
0.15556130059419024
1.1538316231934296
0.023746274044199624
0.16232593354880157
0.6331772209577174
0.4678966195860313
0.17198651402177093
0.04065351879228612
0.6050328717963391
0.020558913639095372
0.04880920366121655
0.5677701285456224
0.028897414864040565
0.37776591749079974
0.08310168666375481
0.020451210963740314
0.6378302308806946
0.1737987931322292
0.5132729454267503
1.94119076177194
0.3472678462086121
0.20756344207402141
0.7424155394631499
0.021392072264844974
0.15991636547696
0.48145105910492714
0.8069416315844087
0.5536019307224577
0.4384217055460419
0.3915828716493575
0.22934170105933768
1.4846059177693585
0.630448667425878
0.19016215700921482
0.09299682131818511
0.3036534477623604
0.08156476401387464
0.23306799126461752
0.11513543037461388
0.23552047163983703
0.15111707988169204
0.10542631333993065
0.37598859164943255
0.4386494494553704
0.1985380419533036
0.48610065778996703
0.5381331106361967
0.03608385836387453
0.04908609840272968
0.04184377145236358
0.03843289274607098
0.10822563848038094
0.01733067434740702
0.03222713809012419
0.030624789215450976
0.483477560374108
1.0729676171329057
0.07103411312167962
0.4924594978945733
0.4542943823188496
0.022974067165807445
0.031099723259561528
0.02080086027946545
0.3695972558831618
0.7113661576434238
0.12448082083860808
0.047010184537572455
0.1284781291667863
0.6767153382019397
0.03742019299345843
0.023971155948340234
0.4078139244776715
0.031959644010921905
0.3141388730276111
0.30702925886319843
0.3353118993603177
0.08585013067235829
0.015364815466386636
0.023642195584032622
0.35463862385979267
0.03533087416248564
0.2606482214077495
0.027580438073343
0.015806431406253478
0.11291019010808986
0.06509701502225002
0.06012061313538188
0.02792111107004008
0.14897929452506173
0.5864980307594961
0.2871951062691138
0.3711495628100471
0.3720463427689057
0.9103427481006421
0.31012013088494755
0.46059475205076655
0.10390993460973084
0.03313955921726216
0.01967852232627768
0.0525375692710609
0.03941964969889417
0.09176017258034452
0.8831244748243183
0.029164324706033473
0.7358129933571863
0.13360636241728396
1.5587051650758548
0.053069963480194354
0.5601470457372881
0.042320050756986506
1.5179373958585995
0.726715028537121
0.16212630423944666
0.024021473667400726
0.28578394560756354
0.26621245987454445
0.6985809684155018
0.028423233535122404
0.41395390412604616
0.12714328437889386
0.1648939878923836
0.6143767369197053
0.22385273823555238
0.9995061619233669
0.3543112393303398
0.2525909442658512
0.20329602526462845
0.022986092385361034
0.10659572650914867
0.13884200074984146
0.1308514534428512
0.22603879631300636
0.04643373538286425
0.9633548601405978
0.0560871808943191
0.029680657038512952
0.04055817355080743
0.2759770923976607
0.7956992893824497
0.4395783793894031
1.1314651355909098
0.12921318845992763
0.042923139011367316
0.17823597151458395
0.06003227962562899
0.6450794995116378
1.3601714840071941
0.10287905380859741
0.26130630819012113
0.06814052140214256
0.09091882250400792
0.4559106024331323
0.2077097440607835
0.041993519196411755
0.8379565057742282
0.9768252083391562
0.9490475887258043
0.10930391814400914
0.5210716673748835
0.14853601487662008
0.20222074712266525
0.2823559063995622
0.15428365629577842
0.7023231873942039
0.57088298540431
0.055372774499196795
0.615457334205459
0.11947480942679813
0.3508626774342874
0.46579397831735736
1.1704417066036812
0.11797464489822025
0.662217914620878
0.16092269417493557
0.14509738419418686
0.35543471102082164
0.024380242556239697
1.1881143502345646
0.41448524070275644
0.2932228121060556
0.5300409068617009
0.524019638766772
0.04041761720286084
0.03961535629953369
0.2679734922841621
0.07606127459400475
0.508894262526399
0.293695901354759
0.03330048895551153
0.42127433621077653
0.746884064211614
0.28048408294434485
0.5760563547742822
0.6128863947256559
0.9329535290085819
0.024334767894116722
0.035577517961481224
0.051753173907008974
0.2458630269047168
0.10812765887985218
0.8684495296866981
0.34635753951330744
0.04986661861404881
0.07412435838636156
0.029161040946693945
0.42697049183715535
0.11358095838655928
0.4365714911548636
0.055812341511774076
0.14476361010981526
0.42816789748266404
0.09060595931944662
0.3179849924756059
1.1062401288228079
0.04106104227615876
0.16154207519352057
0.8430015238163342
0.7393421733807619
0.03068453725911453
0.055282323945244315
0.040081278671008205
1.830372923454974
0.6894748785048647
0.05780597623990093
0.05118808407856905
0.03180250806207129
0.24752054016985753
0.521172471482767
0.05278776602703867
0.04246827887378238
0.26501056063561385
0.06797306156594164
0.3346228262177129
0.3575634701445772
0.9878081764606587
0.04835789683997368
0.369452670268995
0.4018583397738978
0.10298719592457528
1.230378423960723
0.2714222325362322
0.1488980915430129
0.7560297032354111
0.7523919411574281
0.19394427260377706
0.03974402585296506
0.13483899266401017
0.1982371027599104
0.4877671058017768
0.42336864355283205
0.13010414497806433
0.05269301078479535
0.08510299535577012
0.11718433871005124
0.11779026306482693
1.177523425702052
0.19533573354151929
0.13353235306635852
1.0762635812653318
0.5908846558792379
0.5380033889753193
0.09371479878142523
0.165123893407565
0.1661390391997067
0.14059222324344367
0.41276579657049284
0.29268846390862024
0.04092181640324325
0.399323352460469
0.02960272101800543
0.12211436065725856
0.08418955277993269
0.24741843846214825
0.23263118627347418
0.034628765554743215
0.02304114210325874
0.8754498529161964
0.3452362672156311
0.20230835932412003
0.6485417804274477
0.178257537190394
0.09567156005315229
0.017302791867817285
0.06563681716426045
0.1101049798016563
0.25414646827756415
0.06729992927618521
0.04347565609795471
0.08479276753245671
0.06702216746451581
0.5184041497731803
0.04102583049678392
0.021870390691519043
0.041882257102366226
0.033425883999180304
0.3338826149190254
0.7731332452718626
0.1603098194243372
0.2124168681841255
0.0425495627264787
0.2934241461116259
1.0784385448293314
0.1544555252476426
0.27443407860147273
0.11430865155410877
0.30654747377972374
0.10340197918048596
0.5579542978088625
0.1094619400918713
0.2402450586390031
0.0772394218244524
0.11487969106809466
0.045780116730072
0.1109249043007354
0.12371052308687303
0.06320434663404517
0.10311488464454835
0.3901610650178281
0.035680334180586394
0.036832219719835774
0.2089392671510605
0.24035149367079992
0.3872904086123491
0.09321292756203307
0.14354447830290798
0.7543742079512589
0.5691427351132967
0.0323146722823396
0.027144843353224757
0.17443573123493641
0.269229441888215
0.09316766968976305
0.19996736830103895
0.02934072979316046
0.21830510846514686
0.046080943201870186
0.026082860926905725
0.1976749821194932
0.5121038936472133
0.3286382928159914
0.23438122027883626
0.033654831961330754
0.25326667039252704
0.15945510822604833
0.0333884344075616
0.4317367779955951
0.2540560727680202
0.8591770878569444
0.057583568671376574
0.07149656763253276
0.1751356707309115
0.1015476010460579
0.217320708973968
0.5516087345880908
0.8700400700840547
0.03804518303790379
0.3011908109632486
0.26694656465978545
0.061158253933278194
0.6583077389330533
0.3837949077260817
0.08392148936745114
0.4116451114138201
0.2715189200926763
0.10390691006860449
0.06278550156084514
0.17513078062888368
0.26734718086361725
0.18108954542687672
0.14563012584883184
0.12600667049062217
0.1095062654176133
0.05731522507430854
1.2559423681995356
0.03761128302211623
0.29081741989764454
0.23782985408884405
0.259824163803312
0.05540487431810787
0.22533742909557428
0.7429200238821921
0.2590622865711624
0.04035368987159714
0.045478558854597576
0.06899948362979308
0.27609784068257454
0.05662387198180132
0.19863450790963832
0.043319321576585315
0.6282428608256084
0.12249024237011913
0.06913305901010426
0.17724830447892925
0.09540369781989927
0.0854627476297253
0.049597770342420494
0.5290251438746909
0.13710540464180596
0.2292769169725661
0.37769095033408445
0.10136308005473922
0.15721087253599028
0.08557799025361992
0.12894059157118873
0.18849926064693995
0.14100968955268234
0.4585312540420921
0.11700455881544997
0.12309828485090081
0.06365856524456456
0.9549965615796402
1.2242907793657158
0.23110057178768023
0.48210884922478653
0.4630466638695137
0.48360548633704004
0.069936717011567
0.06827789151233601
0.27391667667787817
0.2451778940852
0.04447502186405034
0.11628126619530141
0.08272677046106083
0.05300054021186598
0.5187245340271999
0.2874174028091321
0.27979763214606834
0.37714324320848785
0.8548628539568406
0.23521708960406465
0.1448501123904989
0.2879560894691415
0.3088589725148332
1.1172865855364884
0.13099762577951188
0.1803845055467607
0.390889214437386
0.18827478666347428
0.36260982269745473
0.6582424843224851
0.09452001266242271
0.30817442953513324
0.14352396433437714
0.5194110696158388
0.5171080800994545
0.49008151393492266
0.05628856319625593
0.24246620751345915
0.268787264730686
0.8258313789667135
0.12257863646274411
0.05847562041223625
0.35197470295129507
0.28575684573825055
0.1678491069851771
0.41802044823414775
0.05253567237968222
0.12372102972111015
1.2289312087702584
0.03477292954536473
0.07304006880523775
0.02931298256904059
0.324386843071787
0.10939554687443978
0.09875449419448022
0.23013140329342774
0.1266486694127886
0.4064647876841504
0.03619338372348049
0.24076333704421785
0.2160947180907852
0.11535839477179906
0.04401811433975092
0.03817131997796444
0.223348721492545
0.24437119027552698
0.45776492096248217
0.07832933497392877
0.12857849342200095
0.25791206455794147
0.04076199127630212
0.4221142458953265
0.5053194683721951
0.04146374661335716
0.8864280977894299
0.13258235197979326
0.15269794051497176
0.15951515528370047
0.04377698004169981
0.17231661659875555
0.27167634602712515
0.3130729719648313
0.4512941284513399
0.2520784693227936
0.47992294082918
0.06429487434059951
0.042959945288976925
0.24332233842120687
0.5061195773480105
0.04165880393177333
0.46804222813217855
0.022875440825847738
0.24666016498239737
0.0833291832736436
0.11726889660700268
0.2608079078047073
0.11017072531505313
0.5420478554617527
0.05214287410020645
0.5855536391318655
1.0552718548934976
0.47647571009662687
0.07616873990205787
0.2330896272482979
0.20166109595714793
0.7057923285607732
0.08720413872431357
0.20509389858492716
0.08766060841976278
0.5216904775404704
0.28617616735697177
0.10825852390085831
0.2912428392526511
0.05427224878089989
0.08648910396643669
0.14387732404202203
0.040688015190673665
0.07315583120170192
0.14812032644989737
0.23017121506296412
0.39003317014181854
0.045518811987368055
0.12573134805861813
0.04981784453973074
0.16348935028756864
0.2092172229322986
0.04896148189658686
0.07971189577909733
0.061361576145564936
0.024763612642017745
0.1227174347057335
0.044432088520476004
0.0646657400728706
0.01720434620252567
0.31065725970511077
0.05056137876289376
0.04721899426643986
0.41484221675013466
0.4336819077590315
0.12629621233315677
0.15666853482546603
0.10283230162851406
0.08194877789964108
0.10543412819226869
0.10491535797664504
0.45931561700284573
0.7687491361439943
0.027059918520003928
0.3382046877101774
0.03702344855571804
0.20870861233744054
0.05410222240722094
0.04626901377716261
0.3474899127359972
0.041596030814710375
0.048566305536598395
0.18896927067253116
0.024720961936426096
0.0270160257645124
0.26662245220896147
0.0736908062798118
0.06399391854386802
0.08024700213195021
0.11330173569584447
0.4560113092754068
0.14395282908053916
0.28484310780078914
0.04837740953664149
0.0573704670525523
0.3969184560772671
0.02132643834109118
0.06130741641948482
0.09248876986271802
0.4715023548783308
0.04528834020223649
0.12519664715997755
0.11221395076227848
0.11807036388316221
0.48593205795717953
0.13835116340595494
0.2503275147031738
0.26629036624589647
0.29239199112013775
0.11169997610348686
0.20374159300029568
0.39221162168634766
0.04087444461152494
0.16766583115672362
0.06436278135307884
0.03356411840414314
0.17860402456171737
0.30398872710448493
0.07074679018993356
0.05217091016767947
0.06552308077626925
0.03216502155673289
0.11104639955053176
0.09371178769548157
0.08874637058512537
0.22426599844880601
0.19636326655302533
0.10070280099564466
0.252132370079707
0.1535539058226027
0.7050483283176437
0.03513572964247069
0.07036245833233298
0.04127023057430591
0.02770021268693646
0.2650256417469913
0.045236753922893905
0.040083667118298597
0.11055618564569535
0.05173904724112163
0.23430082733615856
0.07878017997462815
0.21311743572259145
0.2337578245218614
0.5655308292631059
0.08350194389375498
0.06720285846260472
0.1804312346251678
0.3820900189579827
0.11518201316010959
0.03533016575493738
0.1414321584758854
0.03449012631148176
0.21186441957665872
0.0646053973672009
0.5002529881828673
0.038532681424626486
1.1635470677898458
0.4426985314276659
0.1830829856266102
0.100998186533499
0.4799259671277737
0.3097246920196823
0.44070829530338657
0.16777741943282007
0.14531189220377763
0.15046032401080534
0.14141862084903756
0.12793579346008158
0.05340461777941982
0.40980328992593795
0.37256500045735774
0.4389409631530259
0.7137275556327866
0.7509374304488443
0.0648607260816854
0.15320301475487294
0.6001986182698215
0.1393939518484207
0.47794931881378994
0.22538865427684796
0.14985024690718898
0.32338765400438135
0.426548565099543
0.12721187199699904
0.05669222948523198
0.12286732521141493
0.09050680847223146
0.44513590972765316
0.31631209243478725
0.029451137833797516
0.25973004417631257
0.0712582847307752
0.047761454664571636
0.5666613726868761
0.21689349461687524
0.14948401579636225
0.3713762146005462
0.14965687565512964
0.05312343155241225
0.03982298916496444
0.10644912065564907
0.05874103477798742
0.09038186207083349
0.15629666485347243
0.08470373634299426
0.038168767343412686
0.1307784074866883
0.22068074298273013
0.07500904403689691
0.33603721803171355
0.4203050229570942
0.0201922375808749
0.16318030064491199
0.5007769303615063
0.4830537803540324
0.1131845856128763
0.3183828031610743
0.3733386421657622
0.1615043033505312
0.09299722132842694
0.12719983498434775
0.1798608640724448
0.08511556761277336
0.4006257496742498
0.03789912643311775
0.0766209123978996
0.07075901139688781
0.038393310242552825
0.046117366923979546
0.0699865360455892
0.3652429302130592
0.19399375707216165
0.04772826619275135
0.07848098232926086
0.03294973216489726
0.19031499586593412
0.088338397246745
0.019252023922513867
0.12161920577995035
0.2618471466142621
0.5139568494762705
0.12212779235783111
0.030572017179151558
0.2174530114185981
0.06811388369115887
0.05947022320229915
0.1776195827106946
0.06568321014373132
0.0540542430818023
0.024392939375909122
0.060479401569813275
0.11624495784932272
0.22679566524535008
0.21941148781417183
0.12387843722608313
0.11192781305195794
0.052447413100534905
0.03219407805391138
0.037812095404622714
0.20790138759383694
0.032154407073934584
0.2599254704781714
0.12425044454537398
0.026759644722289023
0.06703124674182723
0.0642346531943855
0.03081578402121235
0.2384852656721957
0.045205991190815885
0.10740712118812626
0.03971668590428014
0.08245728831328494
0.17043167805206522
0.02234239679958699
0.47207020105143516
0.05906606236905905
0.09050434637454523
0.07815141688700397
0.18907330969672834
0.29605743618984875
0.06506786170983989
0.1970540428635865
0.16466326154277397
0.41251717178991426
0.13841320498496976
0.030010493458299235
0.3710469228662621
0.0744111340132166
0.17903782752956682
0.07193465672041985
0.08935808735656549
0.05648808620221553
0.06382062122484349
0.39273702442127667
0.08233953165030652
0.21718273079625708
0.07486590036737356
0.10370875479726795
0.5172338216640464
0.1598331691684811
0.39052931057074763
0.15381551450605505
0.47655168131187287
0.1260216193763849
0.05954256523245197
0.1832247099298557
0.248012586552534
0.4308194484746841
0.05241027876450748
0.023699451584579624
0.9052975303545426
0.6532352907312714
0.20077830505073183
0.058948880185424206
0.11407569106529278
0.24463686748800823
0.05222791768373978
0.30211332280065284
0.07586776219171637
0.06329830974345019
0.14290323625370518
0.09503814747516244
0.34709643949866376
0.41206086790378427
0.1455448378342609
0.15790876682200222
0.20720929158398776
0.040669897087762745
0.3766268801366982
0.0976151739018373
0.5746321690497096
0.1830426444710879
0.05611587786928042
0.07696959520538463
0.3494801301670235
0.14516831156531487
0.09114265676313175
0.2522472833197746
0.13439868720504874
0.041903882120575685
0.09364519849037944
0.17963243427314637
0.05689859161849039
0.11779780054658423
0.06687729739646985
0.1601076287977381
0.0554683019448304
0.478449732621186
0.4179865679378914
0.4229633318557983
0.16082754006954184
0.04039035906541571
0.11448252709366309
0.032705932453925356
0.04379876390739347
0.0284940062152943
0.17933122322864825
0.052473105329
0.13180115459661274
0.06859510632905524
0.07557403238748749
0.08553808965555237
0.26970925392015505
0.040215292351985614
0.15746718550631217
0.04521611775736262
0.12694756830980003
0.2714463092096967
0.07822742039480492
0.12183881545984998
0.16667226685005196
0.1280305961136218
0.13479443043997033
0.05396900599693768
0.12853220805204454
0.22195987320872418
0.05239674176135109
0.48097961959180413
0.13591164697939165
0.07251267086052349
0.2599870493694656
0.21715150401804775
0.7095584516369869
0.06998126906704899
0.36503857293031794
0.1064051871163308
0.18869664436501285
0.08283741751385693
0.02493481991002906
0.174406249719265
0.27757130046136197
0.09244045103813424
0.2526451014043554
0.1011863328129826
0.3671940893255616
0.06829944117672782
0.04066685682163127
0.19369639226175156
0.10181426716463397
0.056818690672594166
0.05566785900482765
0.2336769527580373
0.13330638721808374
0.042639195755612265
0.05982316290974144
0.2243420177306899
0.22841092166462118
0.1290778003736513
0.05667995964064367
0.28891209938215606
0.11384865176891319
0.2156667291265347
0.09636337741741147
0.10950188880099411
0.09084647530692731
0.033223848130452496
0.6862555566822465
0.2653034552252575
0.029797120446851986
0.27243614016619394
0.2710937837615497
0.06274852444073167
0.40360325742097036
0.05370730718629971
0.09791863954731568
0.10060656951439721
0.20377826406984284
0.1350883216061936
0.47068974219489346
0.31691476203909685
0.04216524579175392
0.17245817000288308
0.2200907615106005
0.06081498641814443
0.13581110496677232
0.028492705093317455
0.04397003868362082
0.07414284403121923
0.02316878130947496
0.0553237464990662
0.04720795982814735
0.13637220845639567
0.12089400052610835
0.046819376330517075
0.29657488557604317
0.06293325209284664
0.08556701465223962
0.38605535339646324
0.0928630529851386
0.02742866502037623
0.0783810473929003
0.0368436420099718
0.4052103129163361
0.10494082799463514
0.09771096938293249
0.14435513617193602
0.05155429549270099
0.06388135104815472
0.06095119462510155
0.2842238359254142
0.018147170864645942
0.034760059756848344
0.03561227275698161
0.08565367664804714
0.1494701410865861
0.052635625902578524
0.12926817179287647
0.02665719738186818
0.09584773771294264
0.15345033679795084
0.03132937255000193
0.182181712477041
0.09487470261865821
0.21267146500478243
0.052755855623708874
0.3336161508151696
0.07523560560326531
0.06930631351808159
0.04845693191938444
0.20056509885274112
0.03168579665876606
0.18917229343628006
0.060770172895271146
0.033521432237916385
0.13938265430688213
0.03414031284480669
0.08626715602683756
0.06553190946147901
0.03380580733950637
0.0364641772159974
0.03592148938055629
0.06946567304927036
0.12907202859327613
0.04692469204002617
0.04645769291787864
0.12546316287374146
0.5738538937026101
0.04794207534743982
0.10236279387419406
0.12666175598839402
0.1634242089210246
0.05310034568202988
0.0899742306375508
0.06773593604508929
0.029844776444474624
0.10821036140200568
0.21114769753853577
0.04855315234861104
0.0598026345189792
0.08121358136236737
0.08728654783774822
0.1391522835576817
0.06264767750099774
0.06154183227143633
0.07222665227424956
0.05873490747124831
0.13551668082539664
0.031969036345793886
0.14683186107896282
0.14885308235110548
0.038184183291153875
0.0977976890393407
0.04088313853523895
0.07175236174258424
0.15331435868515186
0.025442139691412284
0.12042946389005538
0.07368793381432895
0.14369807254151387
0.1115266911747908
0.21959104188066242
0.12076675345607045
0.1063675713916059
0.04217141060385271
0.05423771056801349
0.11897904803629034
0.03512200569483053
0.07991286753766917
0.04728808895229571
0.04612713102073871
0.06236104750622784
0.01909345891551606
0.06017984702456158
0.028543677909111873
0.03719468245870483
0.0588717254311902
0.1821680072823263
0.10992193458739816
0.14536373325810956
0.22648193981204578
0.046819496176913
0.027400894485924955
0.03868462040513628
0.03919357549442808
0.023107117534391083
0.08840190723083226
0.09632145964400621
0.0666763973916867
0.03488544538438083
0.36448086501444366
0.14074501800787712
0.08821354179768104
0.12691590628983224
0.06825438177541306
0.04918507250578465
0.17795859193335156
0.08583476107948643
0.09938697751507905
0.1947650173011707
0.11563514403696554
0.01552921556127615
0.11709121141329401
0.11419118331394183
0.11910427320033617
0.07779824034752122
0.11396284319101925
0.2133254655577086
0.11734591452259352
0.06080878791185211
0.10383591186732335
0.17593936538066263
0.09847980024744694
0.11750215497775499
0.02465507466230591
0.06014953133343489
0.04177907021947322
0.03034708677796756
0.07412597105317308
0.025757470822546844
0.023190631861678416
0.3568971470735876
0.033173250226395376
0.07185652857381898
0.02480844218199321
0.02060435087262648
0.08124512844832896
0.056344022743345185
0.03862600200699175
0.07898057288474802
0.24348879400028423
0.08735256903544009
0.047761818644497994
0.05505066393375867
0.1319779833906689
0.23014899800078023
0.05427708762887121
0.04372521536284979
0.09373469185057472
0.03204248028616017
0.1655224457356643
0.06977539642963668
0.05075528146096042
0.3029907280188102
0.09537870689130978
0.014087222265921807
0.05632682713421517
0.04481074705988787
0.15025670157690027
0.10083859201811914
0.22358663965323894
0.09785934344701888
0.16285737900415428
0.05800170755780776
0.04056666203935061
0.2450022811789031
0.04354096015013322
0.06190141007825315
0.04900197578038975
0.06581890814995676
0.057284458001398156
0.03586423724381903
0.01988683378361259
0.03498535562783883
0.07634693660142267
0.03568277095926715
0.07796302682708085
0.051449833352184865
0.029992416046862914
0.03779841114471614
0.03728683706168598
0.04255287913089093
0.28107156505065356
0.025730987565843823
0.124584746581055
0.03563400249759572
0.06489110495076268
0.09439271507349559
0.11069558586973298
0.06517032218244301
0.12464887545405219
0.1165163897281459
0.14909910176754926
0.08029013447006512
0.10280883818467462
0.06625148993650011
0.46385522156870035
0.036485850568003825
0.020088907091624527
0.09443367611423868
0.08445657928243261
0.07847514475180543
0.3270423733439159
0.07303832501850072
0.01663899175912924
0.11762414478946727
0.057345926982909766
0.4491031481836087
0.12668101036630808
0.06348574733264935
0.2330826447597652
0.043946006152431244
0.03212237956111579
0.03993366580971648
0.07034144122678217
0.03681362346563092
0.0618094082825045
0.4283836271497624
0.050723673462556816
0.1013190369828114
0.04954225395382796
0.058819030028678575
0.11598200817289561
0.09479921402788326
0.06444719517182146
0.1114379643839835
0.08397871209785097
0.13548390144293374
0.31749149132282206
0.32740610793314884
0.05925670920806921
0.03264435630406707
0.12640074442806662
0.10917835348657981
0.15927007546646332
0.11038596465688821
0.14284750221494588
0.1555308924459581
0.25631927190147
0.07790233503734222
0.055780635965901076
0.07621068291295285
0.10514939750046993
0.21777702566955423
0.08555801593964146
0.12424315366816013
0.08070859032607045
0.10389497541281141
0.05096314054956322
0.08924805271370015
0.0554465539117633
0.046599137935749976
0.025865781621829953
0.02922940422366522
0.09731930804756325
0.045691214691917066
0.03831874045715935
0.05446970817090335
0.037404530429410984
0.020339636073924413
0.030052194209641742
0.03337957828622212
0.024131572451147353
0.02666078591851247
0.1679345647190157
0.20444465479081364
0.047571089044732784
0.03250624793440752
0.037900206241876434
0.05908180960487367
0.030126159160353074
0.17115344148166295
0.021652169128105532
0.09063284485764111
0.057491536578961264
0.04476036511755746
0.10166843566578249
0.08680790610684373
0.11114234992104506
0.03670943188844545
0.04064121876820334
0.2615663719292805
0.02078915487567908
0.0631360616551909
0.054562196896172754
0.10067711980873287
0.06932940851551338
0.1133048262331689
0.07054892021458475
0.12727308990515943
0.11744606337967174
0.1193320893203194
0.0514153926514812
0.09766108445679245
0.17209798749095762
0.02487926604381945
0.18964397913600062
0.07302209612072003
0.029220067426824016
0.18165332155290453
0.30168727252095257
0.12478930673257278
0.15679229364480482
0.026484093332040146
0.15667109970741697
0.0918174777960285
0.04932827466062879
0.0482392240783592
0.03606930025607519
0.03603945448030209
0.1619341206526382
0.11911469738528509
0.06353806731795063
0.06696727332642329
0.13081607161974615
0.04885692176070716
0.06649708626885294
0.09446467163233148
0.11863579660345468
0.033694845078552665
0.08186193549345464
0.11410080312739344
0.021433143871040276
0.0435964989778219
0.0643301896325523
0.12589222841322817
0.07451883529489761
0.05106844480430896
0.1606833041911355
0.038410957014148206
0.0413481881372481
0.11177198427734442
0.048198138535054245
0.1748768909426109
0.047235557929441785
0.08546778799649304
0.06581642193504858
0.057781887599506414
0.04022401479775338
0.03820329878592166
0.013818381387540268
0.1800540776141279
0.11644502886432742
0.035475422867740566
0.02534694803670824
0.025833905256277788
0.038182471996956506
0.03304207208536596
0.07186003377086587
0.041659208362179755
0.0648153541398592
0.13130681243296669
0.06249047865030826
0.0670533170073667
0.13941108738004912
0.2859087304479871
0.03896441793812679
0.0627411903556484
0.024730383777824546
0.057528038724903745
0.05972671342999948
0.03624125550368331
0.04739025183972112
0.08043088241557825
0.05077952026074974
0.058150541966955266
0.17359495904747943
0.08705632279222342
0.11488970880855787
0.03189209108451769
0.043402901318885405
0.14845234555117592
0.054566725698479965
0.19381428518094773
0.09060774961807638
0.21284839092353072
0.143940385211303
0.05631015251866122
0.09522372541273788
0.03897273990896608
0.039969218511013746
0.5247050502160132
0.06638405259286309
0.20042428755774597
0.05866395225902135
0.15115555079895204
0.049019868048241474
0.16331944927450864
0.11347110040108067
0.03991120555991899
0.3359074420280193
0.037214263885241045
0.22926330461025662
0.12156416791286727
0.07686562256262701
0.21043351297880455
0.07022052363841644
0.15593164105774768
0.07567686353029399
0.04208376684196311
0.05621902684559138
0.17043733748797774
0.19303050479533437
0.07174344413697117
0.1455007052257752
0.03733519532192282
0.08560677772690406
0.047381826693201054
0.23043823792126072
0.12215705401549869
0.07039670334833206
0.08626579009736497
0.031617335108739396
0.10238459692893463
0.1805510747720281
0.0770805282071428
0.18157399120758436
0.04408046415552452
0.14398104684987378
0.20724553702780088
0.046875897218126544
0.14381101474454863
0.09246919237114949
0.09252450802702329
0.07607060385845014
0.03545824023244158
0.09551471102543595
0.08701988342499349
0.060076920331652454
0.04846521104116037
0.06915621495534029
0.23493929025358742
0.25854851643117027
0.051069313529184056
0.047623070474921494
0.030839144639714412
0.170689564229279
0.13064929599438252
0.102137378244388
0.10261550326322315
0.13272054727193672
0.13276095509365166
0.08201565767838973
0.2220100783797288
0.09219417692699132
0.02849837527181321
0.08974504660304629
0.06588664423710133
0.15540226079414812
0.060675268898085125
0.03186780716271448
0.17439535115182805
0.03843621378590274
0.023335962580451692
0.0319090705189294
0.05302906539567867
0.028286627539706236
0.18464054725112752
0.10549659639580927
0.13696651173249805
0.037233599198703546
0.05791834471375795
0.04926204699151754
0.0661988171928488
0.15306287606143545
0.07296647957601805
0.07151346153191787
0.06433812591926397
0.09895870173015713
0.21422078505990105
0.035550459935377796
0.2799372104531489
0.04352014191300679
0.11886108907686672
0.2212080090036954
0.03571900580985364
0.10739336939074164
0.07375361039560129
0.09679806170103622
0.061378397592342836
0.09079381063735466
0.05662730071763676
0.043599212410254794
0.06405121737551343
0.03708275396069007
0.08949751180912173
0.05186616818629872
0.05813962119529641
0.12742073330443757
0.04928479368014009
0.12206130984929542
0.035634390802542285
0.1236052457175974
0.0613883400505928
0.0701869848523558
0.10910922863694199
0.036123763661601895
0.061496456529440836
0.04781704340142743
0.07193308632398912
0.07116798064203983
0.10735961773262065
0.09907498225274129
0.0487506103771059
0.056981759866850876
0.12547250495906997
0.04145105381625869
0.08186665928970185
0.0570781370885823
0.17128197981232032
0.05956220618624278
0.16431454184441194
0.051407285851119686
0.0938157550191649
0.04695689106742118
0.03840720003053236
0.028175788373381166
0.07409092816877218
0.036494073599701124
0.08083811672286115
0.051112793979404665
0.10122230571055488
0.04000629453636148
0.06970633741618126
0.05938203039710633
0.09975521875211663
0.028789335946426037
0.029274169856200648
0.027960967679535143
0.06262232266637281
0.05106409834936824
0.09445531266212846
0.03732384729305691
0.1853198365087363
0.03940480450579964
0.09916549433290052
0.16647009446936256
0.1320977271223806
0.23222133637705186
0.05486458716195888
0.1377419586218883
0.03338329805360522
0.13486608152842453
0.14243595236537843
0.061607974642615033
0.0769421813104383
0.05786275586800023
0.044134906137437264
0.0650994596114859
0.06523204535934146
0.03315323806043204
0.035592965432537094
0.03637913633722099
0.05793016953447834
0.021252797791459062
0.06775204097284185
0.031793255071334715
0.021873290249619332
0.11709148959786046
0.02830300430589554
0.04033980224214765
0.10521775089913266
0.048773130228742974
0.10944413913074648
0.028205907950713673
0.05205093806490819
0.038512276714048777
0.3344323195320742
0.10970041477489187
0.046170712301351176
0.057306279548117185
0.028413494903262202
0.08550278342753809
0.06725518997708735
0.04174695301596711
0.04223147330096597
0.11650775162516269
0.10358819846067889
0.0895516010285674
0.2700829819964394
0.04073897576017001
0.029734859193804947
0.0233833252347594
0.0573700991392285
0.08382607266496252
0.09011817516709382
0.04345232811815219
0.05104486377706378
0.05430589670116284
0.06192752765867639
0.20711397431056652
0.09761170451759596
0.031529683132930746
0.033391709810801765
0.03774163337437839
0.027126318998472693
0.08436725204315754
0.030807247417299222
0.022937779210823274
0.04827199019980195
0.05853839092648076
0.050342816507125875
0.017229108366718506
0.017685592447906785
0.02746901701717002
0.0651257486459025
0.057362763820051364
0.06295310001707236
0.14372007690109503
0.05255126981702968
0.04156584737850328
0.025681675508717427
0.06372774478494571
0.05574827599440706
0.04588042024137217
0.03559893528669089
0.04400394910873614
0.04102053734224778
0.03799260127378348
0.013611786196017744
0.050500432192396784
0.05420017999907352
0.0248105249808082
0.06672761066557209
0.10840901447896927
0.014324714710706838
0.09362725315201023
0.03293102470282755
0.015932430491355416
0.011831006891769113
0.045684423542643356
0.04907030228916898
0.04729310596221973
0.03985547881743941
0.018706717606070636
0.05136031950642882
0.03063338377742502
0.059795413115402866
0.04684736978169783
0.027378118885631294
0.04335135829683619
0.019662087690800616
0.022786015764848913
0.03966758311703979
0.03785013778273663
0.025750788024802327
0.04947397411962838
0.016211970834988213
0.13243359638769955
0.07116180214088022
0.04969755813431546
0.04011040396424052
0.15334720004413804
0.12807672401307502
0.08617452395015829
0.04369481014700567
0.16035144889051742
0.05828637003129387
0.14367766980482283
0.04510134508079455
0.12924009787232013
0.15308108097970177
0.13147845367701194
0.1276754995095114
0.20825220840669398
0.14521041938078993
0.11874170346257355
0.10757361460719192
0.11202216736714253
0.0603296221451301
0.06372937665475585
0.07543050749269822
0.05583381226610208
0.06024409258592227
0.09021959883306864
0.07961399448993746
0.039076265943915806
0.14511677653855892
0.05227945785554148
0.0222461478109708
0.037638846550000264
0.040719331070510484
0.04183129673509564
0.049001604446233714
0.031671167387483566
0.02136012260636919
0.04716331720455023
0.11732022366040015
0.08736133504286057
0.12894909133533772
0.025702035730337608
0.11905864652476313
0.06016648691443472
0.09501021442651321
0.06308710735130466
0.05876805718906394
0.07122471242605141
0.08049747667120521
0.04321497006166929
0.04825442385902454
0.061193043258027165
0.08724934227147932
0.16621039605051063
0.11939542251538551
0.04278585046844532
0.19324733452884885
0.048738007978121944
0.09378361302398168
0.06676942720190925
0.13689566901422548
0.1105851098626339
0.024744526861346774
0.07288392565086112
0.05728410257228023
0.04484047869487636
0.03961184352002129
0.05093813911583924
0.053014829809035637
0.15284252847780036
0.05062408706255393
0.03880212283172077
0.03848446841388209
0.03827271187545596
0.05515809422604894
0.08784649388470615
0.2124857937557117
0.1327283259525741
0.09310933005936727
0.039660473569341555
0.12263352583331444
0.03164378608127924
0.14404354962836002
0.03222023316434699
0.07520165560691842
0.24182727136699603
0.045098872554478545
0.06275847938643199
0.050187406725276294
0.09343031135576878
0.1578042817059132
0.06262015353486189
0.025172823956109352
0.07953920463723924
0.0452446172600672
0.03631565270901931
0.062412064972622555
0.02113330621388065
0.0812096420276401
0.03511194382019594
0.06513571485676015
0.03437672287886541
0.2813887447656659
0.034933741079459346
0.07309737637300455
0.035286057082083384
0.06967450987422931
0.04149360422690378
0.11091413854688068
0.03830582055985563
0.07148097857112015
0.04433041355066716
0.036099189069418856
0.027591918129720668
0.02134654740358049
0.03730972091575344
0.06284760084436274
0.026040475374967474
0.034299868243253734
0.05559441815860964
0.14854629588565849
0.036236957114553554
0.04870836143779661
0.04868025375584721
0.03732954306123073
0.3060244885139593
0.15412693948785353
0.1020974114369891
0.12613776518560638
0.12869324906840093
0.040285321378890786
0.12002367329111835
0.07961642264860543
0.10335842849222437
0.025690698575522402
0.04800799418711039
0.06861948525761268
0.07422974419228194
0.06912169289876043
0.07389745002863375
0.15194724552899241
0.05028329349199637
0.07373266216236465
0.03393326841954507
0.09807171291107462
0.0980672649170973
0.04412867993250192
0.06557019329437433
0.0698667244500605
0.06781514934011919
0.05334494348867555
0.03561594494944222
0.05971555269923036
0.08079237191743058
0.037547281365772685
0.08317847411114514
0.051597966299659175
0.15335463343314282
0.09048591778153738
0.09843441431359881
0.04088561270623372
0.02847084980225141
0.028581703286912875
0.023030256369447836
0.048171838949444434
0.02758015314931778
0.06984761325181009
0.07969211325273669
0.04190676982842294
0.037038461149797086
0.03260904528588477
0.03299332109472742
0.030416530459343123
0.06868760816662431
0.030509808246156168
0.09618492409988004
0.04759815125682678
0.0792093281352121
0.08962412662317135
0.10298909810057756
0.0741814277032592
0.09657808078179131
0.0930702345828975
0.07538342510889873
0.16579785940984182
0.11944896818324072
0.17295893384702846
0.05802819867318675
0.1373146837541561
0.036095987742416916
0.1017303831042916
0.03368697351211314
0.08932396630834087
0.03219205448825054
0.06573421055307471
0.044437311220401114
0.07591655697647594
0.06787213188174208
0.07801554781360688
0.06425633055161067
0.062450657686057585
0.03547329439008366
0.044136680523118824
0.07635980811760314
0.06589148255193149
0.07068272430563428
0.08807137727310736
0.055633867980981064
0.024651535353340512
0.0451861394314405
0.03137781896251993
0.0695706125778064
0.04587685206913532
0.04015155382481676
0.07330703131419455
0.04891657019716272
0.04742118444634831
0.017434468901488247
0.030635248374522733
0.15234986985590124
0.02682611675211325
0.03371255411259289
0.06729401057857379
0.05421861053934053
0.06194105792594741
0.030919333936230184
0.033259618629338544
0.031864180460374314
0.03693475070843122
0.03264015992040696
0.043005140304890443
0.0897348964504691
0.016086470039907506
0.031052825330231643
0.02540477007087325
0.04041334413341056
0.03768100939532037
0.02115225281679719
0.03149591198306258
0.04470504267677333
0.014535524279076405
0.02445921592030237
0.025891893962997504
0.02861697663308062
0.02313745267431386
0.03741516459361921
0.058380406522715145
0.024657812838260053
0.08285198122208606
0.05417991605418819
0.08372639051101873
0.05104922351594561
0.046379003297202626
0.10899349420705828
0.04516906378756397
0.07814798627758351
0.11428435521968114
0.05533957907811535
0.02376237956485463
0.02998789663921905
0.026073433012779444
0.04096315394981098
0.03375228809967666
0.12088656853739808
0.04210538110831148
0.03286610642453887
0.07521181540623968
0.02016955295240742
0.03018330935912793
0.03923139840193247
0.04598693795901588
0.022987346832873404
0.052188484507555255
0.02965003402112787
0.05562713838895185
0.018111205321195725
0.02888937206388136
0.031358320274149795
0.02876307222213541
0.014512696469860168
0.015813489778135428
0.06451311450900478
0.03534509042212537
0.053458807139976076
0.04620843485973369
0.07288955918665314
0.054356346382605995
0.02942543101316737
0.05458949886358484
0.14167871827494274
0.023451772441464347
0.04583121314851791
0.02043948140868156
0.03877985075328431
0.032467374036749944
0.07411061788115735
0.026560695174099556
0.01983753309779638
0.02387151784541907
0.020321626224569855
0.04559029611202629
0.022271318278118925
0.032463677466824756
0.040310701905698756
0.03810907240821374
0.027635652456998235
0.024621079204233457
0.009347987988806808
0.027592484849722446
0.03542125263025551
0.06267953303697352
0.014754678186213429
0.04511678543482643
0.046482009738305456
0.06825749609622765
0.022910420436886212
0.09897276136399162
0.03666033762290238
0.07503864227704594
0.01909828974457754
0.04830127052504261
0.039674400431451075
0.03559575339194224
0.015492898107420357
0.10492171349604192
0.060288761326599306
0.0791446114514384
0.05942283859180268
0.030574946723724256
0.033645831790011786
0.0410001517801224
0.049028181133070926
0.13610427046869747
0.038215632632080415
0.0311753818939954
0.022714384642172552
0.04606790652960231
0.04821831870673139
0.08172686221204375
0.035668194811972184
0.030114767556782135
0.030067030720618265
0.0619763618134106
0.06361545563700335
0.07693585598360662
0.11849465445027657
0.04641194827858364
0.03702601988922574
0.0718520673929817
0.043464528210760016
0.10904458281214464
0.07034309068666439
0.05636266789246796
0.06946113408276249
0.07144116034038649
0.04898531937780514
0.03335714865521076
0.08195273589879151
0.03972231791225041
0.0730489476937814
0.03852446274513499
0.11550141291431172
0.030113357760461614
0.025804667119894945
0.048917098274601264
0.07746545466204253
0.021256699648061247
0.021793472962656022
0.027182686766807657
0.024467294667562173
0.04688631457608201
0.028638458353942277
0.02068361836350954
0.041253162755598115
0.10277132719098664
0.04292999749110381
0.050225401511572586
0.029034616344056314
0.036551310010978395
0.04303153510433253
0.02548921342351052
0.05992466614523079
0.015324653853262602
0.02536123149735404
0.019329478269801074
0.045476596552219445
0.01880364499664683
0.02739762761945051
0.07046435772594654
0.0736280343796878
0.026418827974766405
0.021203893425645774
0.012517187090684724
0.07619369280023458
0.24633914025111786
0.021807067638827782
0.018220193017341443
0.0675075843655381
0.015285605716669516
0.0947190721538947
0.02665252146716994
0.09764713359629709
0.1056949570894997
0.1543907600407493
0.08687538148164455
0.08981013619933151
0.057083129898006534
0.11336935174547386
0.058932364744992895
0.06814247227962661
0.10096869473019622
0.09323721148405673
0.022304371028833873
0.09047130260880332
0.032992625738647
0.10561774135339602
0.023175963169246003
0.09461109250945351
0.09211885671113411
0.15070121926887775
0.05635857523754252
0.08036222904632967
0.08707764883714955
0.1508421910524966
0.049042046233270506
0.06364774636037085
0.10467711875380521
0.08920412200161137
0.0733357880278111
0.09496026487703359
0.056493576545209645
0.07796061352169967
0.030199315725918448
0.058196729673359135
0.03820264308265717
0.05571904492991138
0.034324385271588605
0.033475716130212434
0.07795128927497712
0.0547302243048778
0.25991318430932236
0.0334746379003975
0.11737543067533286
0.06857482034263473
0.0761377161172912
0.05340897386945197
0.07378943531879652
0.07760807682216764
0.05048155829026572
0.04934404317230307
0.10032965756989899
0.06028878073480336
0.051464129565590655
0.09516225240995743
0.1202481814270748
0.05712614606375852
0.05086942599992297
0.03840459938898959
0.05743035494806566
0.08342549988201775
0.1360655955320282
0.04054970337300172
0.12565352927451498
0.03150365699636453
0.1111315183099497
0.04297802477149349
0.1258559990644048
0.035258562824499726
0.10058308480357411
0.04366394009293127
0.09568199212018134
0.08939792933976673
0.10593299742974388
0.11254811899002587
0.12101646001239386
0.15546839191738968
0.10522145152834786
0.14979595759219844
0.060098383381458675
0.12979153215158573
0.07726190780733257
0.14168159790709334
0.04631536783826369
0.07910997101873898
0.04710370023117459
0.08189129096989495
0.03230719176429129
0.09748756710523478
0.05332060328967771
0.12370922726705566
0.04327767883312695
0.12211542644483919
0.04360022736975008
0.07998167425462142
0.0552281862927457
0.08915600078478876
0.04752148048871122
0.053324316647477304
0.04990869560591879
0.07029387295697732
0.11477689342600593
0.06406810217867151
0.12291507145639784
0.040413916972588844
0.12295616245414626
0.06996248305429316
0.12959969721562198
0.05567944658346547
0.10956919577644407
0.06729677036128243
0.08626549088711714
0.06440258867478205
0.08134016783934434
0.08894817260861396
0.10069150511593536
0.10069956009928635
0.06030444297577717
0.07987098942038341
0.11770434697579363
0.11430118037169948
0.08285701126352923
0.02481640593329397
0.17559145675566115
0.08039585851553599
0.08562828623425467
0.05096742642544429
0.19043321104117278
0.18490900379960054
0.09820021028959583
0.16658610902536639
0.0758889117379958
0.15461381620748654
0.1144433280433321
0.13616974384678462
0.05373238949650527
0.11549039856324414
0.07756352883918044
0.15367282324908585
0.05670128324143768
0.07727464699174581
0.1105739581764026
0.34990819910746956
0.05152989621224266
0.14332054856194543
0.047699955422550164
0.1009325239016575
0.0813577452377789
0.056457696300554076
0.05580043718401888
0.04329133038736171
0.06751371403166131
0.05446203404731608
0.04815531599157949
0.11852320961365026
0.10475050318200065
0.07001700844135349
0.10230694051670136
0.0566267276229664
0.06944557934467743
0.10233413345034285
0.23389919935790385
0.08382826033179146
0.14736106773028
0.08985390927591466
0.14423335074261417
0.12297795265053466
0.14025681526196485
0.10537891767378421
0.29922967714025595
0.2500270956658332
0.06914793198396064
0.13519574364036446
0.12440062925587952
0.19913153139640072
0.09707183215627116
0.23221873315669603
0.06335756549417927
0.14515330367038537
0.06006204882058579
0.06336731944284626
0.10527145367155097
0.058356565727470514
0.09790850277343688
0.09760522364899583
0.06248380963801273
0.09356236551283341
0.10403631687815264
0.04581313662018443
0.06303903512450697
0.036058971851046596
0.06245883251485857
0.053815406182071264
0.049449256933486334
0.05105785959029618
0.04482217184143524
0.07168695630932775
0.03730881639439835
0.06471129380555199
0.03293455314789769
0.08416703703017017
0.10400795894796805
0.021778780210399907
0.046295677911614805
0.061822352224614595
0.027337381326955422
0.04370367723524376
0.059838469166656486
0.07976540595934865
0.04260999312425415
0.07165485792249049
0.054112883985685874
0.04212611486118684
0.03604188400507002
0.04540848662178493
0.03688601555209808
0.02959788518652734
0.017252986359697922
0.0405629439038924
0.031842429242092324
0.039003933244251617
0.035365788278177046
0.0399604294569638
0.0405515745036866
0.019853528290600168
0.04053276959568149
0.043005037739020854
0.027957892929717485
0.04350200716477628
0.015205428229030695
0.02139970636725337
0.15823946123504612
0.024300393020042402
0.020807997858997094
0.02479722087819587
0.0298315294509836
0.023589101411598652
0.018405302436688926
0.0386140986738699
0.02959457424281055
0.039894305604408944
0.0399147866484502
0.06886179678135473
0.029154497162459034
0.05816388783947189
0.04606234242191048
0.03095256606819088
0.018328989689182652
0.02065720774282591
0.02682576180080278
0.027927694339033284
0.013951771380636609
0.01871289359156595
0.0312778643334635
0.022561713066017435
0.02281913493797463
0.04794351836585847
0.027382485231918663
0.032261559445327354
0.03903102309097759
0.02475549911056536
0.0467831196831931
0.020526227267232813
0.05628056004134502
0.09319851722696731
0.14445673035521975
0.011527778807434969
0.04865683695382289
0.022078294145039284
0.06091839910686209
0.048525331415572394
0.14285724701041277
0.048868374340052
0.09369522245252411
0.08786387231029309
0.043080232710482974
0.06486706045881234
0.07048869529394293
0.04027728959509288
0.12800031236703072
0.10941338695221402
0.0339044276076104
0.06652288880096677
0.05143232851080803
0.02037204721898964
0.031155842584874447
0.059621403616107495
0.04380320965319243
0.09098627297407026
0.07241169466636731
0.08628019793733875
0.032508369983573954
0.09057925842271312
0.036384752718781985
0.11118898361663813
0.0519134372013522
0.11426851829828026
0.12789549465575728
0.025931179466364675
0.059139074043295
0.02543487146065255
0.04625053356690531
0.030999643054457703
0.04233015549226477
0.0352085907694801
0.05414086358799208
0.04695261884284098
0.08388715534163269
0.050842796363987024
0.038255149564191016
0.1548849277931197
0.050449783080540475
0.11149669535908738
0.07318049635535868
0.04060920761953143
0.0903615158043974
0.04057905361368837
0.10893227653371622
0.048864901099159724
0.20731228535750484
0.06887465766373814
0.1091457099255038
0.1171910245541265
0.03992289685786746
0.07888466579533887
0.0770961204883008
0.12856031149009708
0.04680333528409115
0.14418984578426697
0.045676758257293094
0.1433428927294525
0.061662676560968924
0.10397002664552833
0.07921619220685032
0.0708196022812207
0.06931790042870344
0.1399411301060295
0.078458895715536
0.14847489387173315
0.20869299105752853
0.043050007116351534
0.13301454687461736
0.038442217671796855
0.17586843753237774
0.09460011558403418
0.1337226544373818
0.18898014373828853
0.0557084258899585
0.10044533432793988
0.08064531516964919
0.2606065336579717
0.08592304582737369
0.3128902466672378
0.14018689999431364
0.1712844737769283
0.17159600870045996
0.11622959761935542
0.11012008558737259
0.08175306056175334
0.20788447356098147
0.10101094120653009
0.0866036898967146
0.10418699151279194
0.22155968647739402
0.1468183748635627
0.1126699142061378
0.18075766567780968
0.08839480533876398
0.08295331852723059
0.04341217678673236
0.14962655360186403
0.14739999314818475
0.09708520694703578
0.243641904297536
0.21653058672129105
0.10230196657917497
0.16921905082665198
0.09725959067595702
0.1486030570227834
0.138903517279589
0.0817021931799736
0.055974021334692745
0.08207036691450906
0.05606194977907664
0.08361298893808487
0.061563988458657626
0.101734138010116
0.06709096213392286
0.1467064385562705
0.13543217333242713
0.05613457326271354
0.09459903498151738
0.06805623219642619
0.08756747667615175
0.04253073665997519
0.20773016216102336
0.11684842303345162
0.11029830574975316
0.22746968826276318
0.030824304264064795
0.17874184567178822
0.14685041532838353
0.07712540073228782
0.18409649827019775
0.08196497632049257
0.1616063892301025
0.07458397992124222
0.2164518458679068
0.0950246112577088
0.14869124675719314
0.09692969030772436
0.05705048836741089
0.08700801151717838
0.05317423444923151
0.06254504938419364
0.07960387095008087
0.05623953901924101
0.11036649271748539
0.09635240820936845
0.03357770820895129
0.06342237809462796
0.0674072883083416
0.04917257961794156
0.022874439815249475
0.029136078624707608
0.04007489279447608
0.07287971253571716
0.07178260525879251
0.09821824366144517
0.023096599270176578
0.02565923840829542
0.04023350290131802
0.04193661313454545
0.06617251209301951
0.03680000939030049
0.02976638750911525
0.03142580999038777
0.09406823674218981
0.04150667637649907
0.0819693112862856
0.04445878290080714
0.053052107605370886
0.033408016552358505
0.05313731344021246
0.1079293123214892
0.03979446513416643
0.02768748816847838
0.026317817668809067
0.02972073255130482
0.04046768027303304
0.029897506444957464
0.06645303798974628
0.11741412485785475
0.10160985093121368
0.03799735515290836
0.074576149716856
0.0348103750393619
0.08367279550127615
0.0726350546597755
0.06359682535723798
0.06459649689938773
0.03049481628996097
0.1215962975802102
0.07407026230523706
0.053382152695253905
0.097242143286184
0.03205372749077752
0.07156820071224004
0.05091856396529456
0.0881377554924121
0.04236068287197151
0.04803683017675055
0.10482739563353527
0.05336377022086915
0.06840931496220479
0.13984727640455683
0.07130128121428914
0.06834758342631253
0.07157712461953791
0.18237347225455738
0.09173928002685892
0.06260453814458408
0.07270780931876097
0.04462378960527302
0.07480350934132612
0.05571338652461787
0.03689411318526631
0.058978203185314056
0.0359475892362865
0.0518008752594712
0.07424086940936075
0.03532859809958522
0.06865563010920066
0.047859302280544455
0.05051710483696311
0.1159862132062366
0.10823480207445749
0.04947270131440857
0.12262056687280143
0.05213391085625188
0.12964390943669174
0.09718116419836247
0.027902235744291626
0.14148157147781715
0.03456703692294651
0.18237609799305163
0.25756016602310783
0.06478813001464644
0.07659057993484701
0.023980962565382933
0.07737819587384413
0.058360001645492196
0.04562585962068795
0.06128844028771569
0.07054543021682412
0.05185380503377329
0.039657300337953665
0.07515827406287832
0.06762935837224993
0.06637068285841653
0.07972037517667489
0.05902937768202602
0.051713673615721434
0.045965028340870566
0.050530059322604466
0.05203314899013545
0.09967335510797061
0.03539199752957396
0.11275178721277616
0.05096827979239828
0.10431452138049088
0.13006572169231365
0.08686288420481718
0.2056548065687809
0.05016233506869103
0.1767087028447095
0.0946005898038041
0.08209335503821212
0.095433615008958
0.04809108492155232
0.09223710729976392
0.05312651451093556
0.04953350751980462
0.04655100542925322
0.1034917553967805
0.06143319667178672
0.05684669310193984
0.09383805424382127
0.06252289103698705
0.08049341876789587
0.09888987325869102
0.04082484055245471
0.09626870351944897
0.10807532386895602
0.12096756859323525
0.03196074964470628
0.05764149374357976
0.09340249769442843
0.0970399435912644
0.0832168289782803
0.10313404649687141
0.06230284468672961
0.09977972908842674
0.09019707091407157
0.11616248007730008
0.1878947646082131
0.061101172293546134
0.3862304146213311
0.25139072446434646
0.20478926347794404
0.47343842478410764
0.10741085664394145
0.285198665068665
0.2902888936993845
0.059386904141058384
0.31391007248382063
0.20133891206901197
0.1340104092040816
0.15485252102159797
0.43128929660500515
0.13787735624949574
0.4894297307292424
0.5746173141064053
0.11671573109257899
0.5127382505344995
0.328014617572261
0.24934577514913175
0.6601705247151248
0.1654181895662571
0.44340966117169117
0.5655613089455906
0.23182147955677054
0.22619935945150968
0.2202502394879005
0.3679326843953302
0.13679101849256656
0.340353947736661
0.29680770042010896
0.15536032789587562
0.14875956548786243
0.17348235838940743
0.14805001092597617
0.1901696255178424
0.2244930256484696
0.16151212183466682
0.18249170393797542
0.3381820723458558
0.1826290523173686
0.23290818848377637
0.2562482749618377
0.15449978510465545
0.530424436968574
0.2520210695404843
0.25987070023694353
0.477052081465427
0.12227171614875704
0.4777724426485383
0.4374158947821725
0.16069178596349962
0.4040053475336783
0.27271289461457454
0.16923657526905544
0.39255542101972574
0.25470622051391595
0.35442496675913976
0.23563752631286183
0.5232840793868658
0.6641284538717422
0.2390019991073356
0.7588412856836192
0.13381663528741014
0.44517594382931525
0.26364696878062127
0.8197506876040246
0.6492558550052852
0.548800930351812
1.5143400597899703
0.6860192658814013
0.3339870423661766
0.3975031212001689
0.9245492960968912
0.5997573600496383
0.3372000739331359
0.3500912927071632
1.074320394067612
1.019793743681462
0.678824790289721
0.392593164724665
0.5098454187062178
0.26504813219949586
0.6746464232290909
0.5082755035006938
0.7054881599212537
0.7895539318298223
0.2411170637727186
0.5489338245959656
0.560940729342999
0.5574463198682142
1.6791539662935544
0.9542634249525996
0.5806252289913381
1.2905147725934238
0.5369819993632844
1.5189187905027741
0.5122472850869831
1.8580754444461918
0.5511790798227336
2.4663253642181906
2.686250393572717
1.6975289646141538
4.78968906862728
1.6807622066797856
1.995343675947942
4.146427233208215
0.842959419217058
5.070333094427526
3.927420959835498
1.44339290165901
4.391186595524239
2.772898145940884
1.9742118046933252
1.3328859696709228
1.4430235327922167
2.9907341219632433
1.2224339242649174
0.7940395908445295
1.0343005723836673
0.8443687776324961
0.7378046517212363
0.9017796116799377
1.4721559138519191
0.8817012673542606
2.0861992256318564
2.339693858435983
0.6157148320821857
1.230488455107036
0.7126407882417829
1.0792973747766206
1.0455639557042096
0.817571095759282
0.7037998847492005
0.7434933723008013
0.5803576152704966
0.5506036357376691
0.6745409596910885
0.935302527839554
0.8689325829531731
0.3714447502984196
0.8071944604799945
0.8469750512025062
0.46692237763770217
0.6197437844783836
1.497197170866673
0.5821406641555368
0.42538386598100686
1.0733914878855864
0.4331808252616528
0.8954964870952589
0.7367757120747047
0.4733879261440815
0.7987521074453512
0.5660621491275071
0.42131243181018646
0.3775417085756567
0.5449531304681421
0.3707882462155686
0.2869745562757642
0.3802607558731816
0.5065001568064592
0.3035966748832441
0.9072673559907944
0.6657250469871708
0.24978554877773798
0.6190704033457892
0.19167095092019198
0.6442539471042028
0.7021381939244719
0.21519576059287907
0.4728296748448611
0.18255967816760982
0.6309661647382061
0.5440761506019253
0.29970883644349816
1.694198425393617
0.9793311161139918
0.6001508160897157
1.8922621247740306
0.2813721930989864
0.9049446699201623
1.2029893415094048
0.39803413796856363
0.8185847552185627
0.5666487147600031
1.1344902078077135
1.5273071265917073
0.40230195821823
2.6794238632915306
3.064109790101032
0.3325655623609699
1.9940073858590885
1.5205877548445113
0.41044673403918513
1.033812578344076
1.1377728033370849
0.39663509726302876
0.9774691564610074
1.174952824816486
0.5080594991380571
0.8638539808661586
0.7233405203642668
0.975559746136114
