3495.40538381064
124.35721913177183
1812.313860522478
1784.3262851563902
679.3564891981663
82.79754548687207
281.8745918317774
688.8973103796471
763.9363048698935
456.5235147494301
274.7450576145336
50.24607944723035
116.5411172890991
381.44888222555005
418.5795188127467
336.25427858048863
227.015250338768
92.27926618875429
64.94052152002577
112.64218499731224
146.7478197973739
216.58188229482528
205.78043734075928
102.64319735266945
62.558834944533835
61.87984226882909
83.0467615508814
195.08534060758535
201.34127912638579
105.78605914451724
51.745361707266156
42.81111071576264
20.20063256019088
84.71145381665099
112.34880267736582
140.07127755288462
156.61716003620572
103.46108397453762
21.434554112132023
59.4791262928684
98.64473549307156
92.72995961667293
93.61828992856032
56.445731887357084
17.845258206278423
65.85240882451068
69.89945606526554
173.80007530877043
37.8368151829378
64.89665350422206
28.813381371431014
60.92150418856773
45.91649062003011
78.64766944424433
67.00596992082
48.098535226161296
42.06799009249942
119.74721106059086
71.09776139642344
61.03367256438972
60.146243577855095
39.90840757383201
21.71218082592959
81.4992092360915
45.33686571571269
59.08789527666036
55.89371719216031
25.283937443453254
33.64109042788217
44.44956896925959
61.11133456265097
34.756214999013025
21.354830697826092
27.002134087522883
46.52609481778606
45.630662369402614
59.09749327490263
48.216285392926
53.76456542946714
37.856721257789644
64.9534124610964
98.47573922150488
13.426303751743449
37.86034060187913
54.04422654382772
30.88330999972212
74.76083415438765
16.761996953518715
42.88456705285714
76.14432644464418
26.062721946562295
55.52408872862894
28.23856585512633
19.95815571394145
28.211800648706202
35.452323950415796
37.52898007884996
79.18521785678068
32.26622314018546
91.25660595428997
37.61687618562246
60.96595107235652
33.89953161623909
58.32686399459035
80.35305827432269
15.449868014826077
42.04487187105571
34.71607473600726
27.589256330304913
13.883140408823394
36.00205307845426
47.85653577160421
47.912151476663844
52.41921855931908
28.571768598503276
29.89527990341451
37.098217940440065
22.762256479512015
44.49774739204332
18.45673826733375
27.753927123025434
8.57404875744591
28.87504536145714
27.62673419075929
14.332326642081386
35.66818278522191
25.76078146059091
14.083501932387943
31.694176654217856
14.412205588983992
21.835917267505028
2.6271928640418474
11.847174154341538
1.8469966707464696
12.845198778892655
43.06359931004967
7.2475027147188005
16.535281075686882
17.520758933499355
9.071118287157828
2.2683802737845165
2.0263311858414585
4.029114319967837
19.044001842424045
2.9932053400070364
8.24981137840442
12.216676236447627
11.47210816913054
11.972112355680533
8.054155202484505
4.941690978868209
22.84746153618807
11.77802504908817
4.819770656767604
5.622326946273548
9.06011655105498
7.960934867390194
4.53058118502183
6.334205789605926
7.171235282614987
4.809570341055157
6.598931282881069
9.149628638451665
7.286880135849795
4.169193260621611
5.566636534059606
4.107594852706758
4.456368011826289
6.02298341720269
2.894789536278972
7.578189738273634
5.299782371826503
3.5424354018875372
5.364286820661878
5.320652554040546
2.7562941037976185
2.5761767840649705
3.567927398225624
2.496233862004222
4.448169820605676
1.996442172367907
2.3750521105377795
4.0700474836668725
2.2116072541014837
2.745116816155408
3.3547055377431545
1.402828780953846
1.9805245318430171
2.5164590077648565
2.548979954327981
0.7667813182527878
2.3988431112889232
2.2818299305326306
2.5621923674895712
0.9751576233923342
1.3482737814128631
1.292655660577302
1.1535967234261686
1.0577645407763536
1.1229448186694098
4.060121898357644
1.9108589426168716
1.3133736212696643
2.352254434447534
2.33482989346267
2.189415651614702
0.9033232147211271
2.4784242830983096
1.517206985554155
1.873319840558841
1.0421497966139772
0.8551826233757223
3.358574971478323
1.7140602961816513
1.2734967111305464
2.5202312478050404
2.6996379916004543
1.4411482242171763
1.6350238200671368
0.7911283054155696
2.5456247279618194
3.4191154651439244
0.6591921035892974
1.0908343247468837
1.0290587646501381
1.9758626479008046
1.1607224744905567
2.4493209891645518
3.316388299653445
3.3367215482130237
2.7031134014812928
3.05802560492701
2.802553181479179
1.6056646659872036
2.8231005644722837
4.258708987760886
1.7272098053936407
1.8699206597743778
6.305732008250038
1.6095111306814096
2.2389929262108375
4.102642929510328
1.650043716320885
2.8502498915002774
4.090141007319441
2.0794777864469043
2.5010207508000337
3.046669675820572
1.2070443660267316
0.869860331729105
2.3285722635610604
2.01985203435459
1.7123718561784567
2.9935725982515424
3.849078404407844
0.5558229988515957
2.4918727431871988
2.7307871762616034
1.3379608552174975
1.5666505586586321
1.717904379733672
0.9535825454806532
0.7564304080345412
1.3670144776629274
2.6751561904950405
1.0511495681479368
1.9176913236944575
1.5773443177667177
0.9082541478586902
2.1399018229743465
1.9796896880339154
0.761583136170225
0.8107387998222899
1.8846839688272257
1.0612445303176363
1.619057852923756
1.7810179899843546
1.7322656290127216
0.9181313074776003
0.4295586227336601
0.9516577259193124
1.174972064239269
1.0949618932076701
0.8434795056597357
0.4225180915947
3.3101449425057896
1.4606496394517563
0.794307924172599
1.541955391098581
0.645043090042106
0.987234766040479
2.517370899040547
0.7251800615161952
1.0765102331368883
0.7957915667864283
0.7201409069815052
0.5918559874067073
0.9229084428594035
0.9746576018916988
0.6485019118506165
1.0242097746177592
0.39058704903960856
1.4759803711888067
0.5286213417481032
0.832331252387132
0.45835591195764114
1.2407457270956315
0.4255025825792626
1.0369069997571347
1.1441957988545663
1.231882090876944
1.1551494315554043
0.8359429644334664
0.3674124622701155
0.21891214520403623
0.2257735227406141
0.6004816658886845
0.512083874269232
0.473269789138437
0.47571662264033215
1.4313533528475384
0.5123662849810506
1.0523521110587983
0.912303463365653
0.21632550833737205
0.21626662503860414
0.8522364247031521
0.6542591848555388
1.4394038745230535
0.7414139331108776
0.5228812555149244
0.4782182682717721
0.40393045767567454
0.2966801950024876
1.70686656970513
0.3088097876702408
0.1151530146313887
0.6990244678452692
0.5006543739953702
0.3795123039457594
0.4221350037788655
0.5158943680583139
1.6198053586055983
0.8526267735374642
1.4731650823567313
0.5200494282905628
0.4800846835948661
0.44257436791657595
0.394998835900749
0.5582909826949567
1.1735478495374283
0.7747113044088894
0.440809839406608
0.7825908473864652
0.3473428622889194
1.5821689783094193
0.19948444043651906
0.5178476296711452
0.7415868525851832
0.5642012751322956
0.8330115698205532
0.34264009921794997
0.5789019205703287
0.5489064153066479
0.4542456243614137
0.3316577319305122
0.45778236916695775
0.35378215914641453
0.7226853389103217
0.6826988404234192
0.41178901588634736
0.1833367210321867
0.27717870511441667
1.3166071576169127
1.0402441475389674
1.4703874971000546
0.4121256559095741
0.6837241480650333
0.3688970579993401
0.6353530237283213
0.9597274736923133
0.4306289396348414
0.8346653100559697
0.5507733737284886
0.43804931578869466
0.4887617882047407
0.5842524924762164
0.41119524777859684
0.21134379545249804
1.025455027069978
0.3755434531652358
0.34359588040743666
0.5492789355167546
0.3668535856712829
0.4183900397293451
0.36945292626241616
0.4462894173835395
0.9784919209445537
0.3663457699136466
1.1593021710729297
0.08224749781665693
0.3704377372394388
0.9030823879300697
0.5234187975266977
0.91671507949321
0.25474992813083397
0.45862406319199134
0.19279346297158792
0.3623278108140519
0.5531054798030173
0.7351363594139275
0.3648519955970172
0.3223672233763499
0.4031883939139414
0.35574798880862546
0.1034312302857371
0.32865584495412387
0.1478215009930506
0.3312599086863364
0.11536218818277956
0.08367939820414072
0.23196537577230542
0.23450062088217352
0.14691726234175348
0.4377485220596158
0.08370122697068834
0.3455294686601379
0.24031911472154704
0.08257673439755595
0.32533983543640366
0.1160942451216886
0.25547157118562197
0.10291861112032948
0.19387521376012004
0.2139089975553176
0.5713337686965894
1.0253667785335654
0.21743602506832574
0.3841013319713106
0.13805374396358544
0.5674192834772388
0.4965152961961163
0.3319847865349457
0.23052115752567148
0.11918237213786764
0.5434540744020712
0.4501254662664657
0.22512782641314616
0.1706548733381964
0.363905764995561
0.3723902308090775
0.14549623535168077
0.10380280863199676
0.22137982057082234
0.11509673303962999
0.06892042192370852
0.17974543215892333
0.055363912354763394
0.3416807803171172
0.09503073696392962
0.9457294448544835
0.10685820244816545
0.11769808373470513
0.20487196044821684
0.11265777812511037
0.11847625298662262
0.3928706827772194
0.20278667135898285
0.38390197345324145
0.06335863654758304
0.2697526052430656
0.40050721195694705
0.21285586326350636
0.12761546049264733
0.22029071439634834
0.1196216944624102
0.19354559518433573
0.15617381173064437
0.03748332846749314
0.6064400280233468
0.20117673739270944
0.0997867252223811
0.1427918674625466
0.06635675866992438
0.10866125108953816
0.06958354689523992
0.21035954637488563
0.0528131807008504
0.2417209587067154
0.1069927258373132
0.2116854145289676
0.040136071557670974
0.1895346773619687
0.11959322337511695
0.15321554028155981
0.12150747442328459
0.10605263129840536
0.16353381763081737
0.0728022832586954
0.09540259460582771
0.05241110590086827
0.12422285310643344
0.05235806997065237
0.07376920619326717
0.1073114560101978
0.2408348020287597
0.19755657826581496
0.2030400607022898
0.05774854154496921
0.09194088082285672
0.09177467374693472
0.05800231396137851
0.04775101179721519
0.0885813941900135
0.03172428530963098
0.3651044389666294
0.08957972426436919
0.19524438964255192
0.157834798654418
0.04672197139313009
0.0847974590285969
0.04690273629689054
0.08008681819198721
0.06893259878903561
0.15324289829345916
0.10757635314120667
0.08110230950738186
0.1263548000589398
0.6015222326458002
0.16784033443025978
0.05777628906738127
0.22213055550292454
0.2510164473862144
0.14812152986024152
0.061303216218199064
0.2617205285231208
0.06659903297058911
0.6302301109308109
0.1189205306286862
0.13548782672765178
0.2402865721813242
0.11949434010509394
0.13056292233741187
0.1468532837105931
0.06702075096963613
0.09821938224543417
0.6390244169817536
0.09659812656158481
0.06760609392507431
0.16059949558774114
0.15051713913498757
0.09365753412678837
0.0933740391886786
0.29297340342352474
0.13144889767119902
0.21570151415667627
0.10316111165936687
0.17866962671433792
0.06524581468397399
0.2277736830441201
0.132956079539453
0.12232653669900033
0.19933467744004113
0.1564969307094574
0.09400252009980029
0.1486376208811519
0.10500354928754037
0.06951150978498771
0.09179413973644256
0.07481409080450022
0.1894717761474503
0.10544549218019321
0.06296201749724004
0.20022284804282775
0.05702418439429951
0.3507542909827767
0.04517333614251537
0.10621947819615496
0.15598147932515935
0.05119975904337304
0.08139889674123695
0.08442545047588873
0.09123194623798872
0.04177982252624264
0.06224385357413418
0.22732620117529395
0.17137432441529646
0.02740344367257671
0.027923005011714453
0.05585011575159825
0.04838050187666772
0.0666003149921737
0.0715706462817833
0.09490225188170802
0.06208071828593205
0.06430197822149024
0.05129100127171534
0.12388486493491362
0.10244061676786811
0.07265038787213547
0.06545572081449266
0.0480210767645401
0.17661695186896897
0.032140318204408574
0.03831421088859468
0.025164360437721765
0.05413579643458376
0.14932389320734762
0.08769669630140994
0.044556543550113605
0.026006166232454563
0.031404283641250155
0.04545413332151337
0.0598599522169287
0.09527131656530556
0.06661240487739688
0.08426469193883392
0.03896310720147481
0.06182048375166616
0.06368071041526799
0.05736314159961384
0.02913359387128511
0.02321091980466426
0.029681514336251054
0.01920174533630722
0.018145573722413072
0.24872410770828907
0.015945729221769324
0.03490600791378162
0.07759663762876855
0.06113576571362396
0.044471105848927
0.143203837682648
0.04538582944167111
0.07526524737478768
0.3307316393323695
0.14970945500331498
0.025739012843814302
0.049122746089565045
0.03743272179862436
0.1543794812505895
0.12053542422126005
0.14409789360934677
0.11677855260780726
0.0549057717894364
0.08841969337763472
0.033583714749465074
0.08295942048132163
0.025610466595332386
0.029013709272968265
0.020081705229967804
0.08912829833232412
0.0402846425451346
0.07800614925985447
0.04793512398714781
0.06511516617551752
0.05494412333166394
0.16223467023006688
0.12640216999185325
0.05303107707811874
0.21259036489047833
0.0747833144775582
0.057152376538761415
0.12387707932758807
0.0907035275463277
0.048516082732394265
0.0728666093218839
0.03989133466828426
0.06819232065302283
0.10917157363342722
0.057413315894693014
0.06047804407393958
0.02505574144381239
0.12093977489569745
0.0244517058828425
0.1794748029636942
0.05772244083842454
0.09523622753181428
0.17468743571600007
0.03299536551501098
0.05181310168391198
0.08186573029997106
0.43091467979037756
0.1352074143190237
0.10422646166502222
0.1202607304757633
0.04964261457637846
0.03383992739481893
0.08028611020324895
0.14598718634906283
0.13708173676920918
0.18176461336963445
0.03823698720350591
0.17465973469346
0.13214150622398615
0.06433742392114392
0.09034277810605534
0.11167022993904484
0.17798972174093886
0.08875012697363671
0.16216397850137634
0.08169613858680366
0.19264690581926783
0.06917351179124012
0.05335852584034499
0.05510640934657682
0.03654899380170247
0.11201689011135828
0.05115618923711148
0.09697431485181297
0.03343863488594778
0.038947003457487105
0.04585107521241263
0.034102282435483605
0.05307242652430031
0.0428509462267714
0.04290454808238412
0.12217420623738127
0.03857674806482138
0.2377677338006821
0.07231056761332805
0.04130399386855671
0.10390061823501001
0.07088381354756959
0.0745480777273515
0.06493508247109206
0.07051878333340607
0.04092431821766138
0.07960695631634596
0.02649632232773648
0.04980008093928452
0.032228495598843616
0.031240705320762157
0.09534346907486316
0.035654697620112995
0.0806163245442519
0.03316241567511158
0.05033368541542143
0.08984271939233233
0.016575055287871336
0.0837117190475495
0.027757576677754338
0.1251294771664789
0.09312375807233823
0.028021684259744568
0.37173844880748763
0.1392834105027197
0.07621922952691064
0.04911255243676198
0.10534450007157453
0.05405858858347596
0.15902939260219776
0.045885398456207295
0.2779206866158293
0.07563975473880857
0.06534668946425115
0.0929074622351322
0.04776797205169979
0.14966909345731208
0.03519710270190346
0.12923567776627887
0.024128993700635978
0.1174450597431994
0.02756770479755695
0.09779455437553303
0.033418932524564564
0.0723687169388923
0.05457010493811733
0.14550476137015522
0.13731335300886005
0.1361382958347546
0.23740888676744248
0.049665066148166195
0.20549327911891924
0.06787337969089094
0.11688558195299198
0.07008194320962309
0.06401525819041351
0.05838959891220464
0.033349756391327576
0.04878963251343577
0.03052626987892244
0.04621667828450675
0.05683612987027528
0.05745571627319712
0.05502248258709157
0.11584937978310891
0.0404274234605825
0.15613615179800788
0.07046810883586489
0.05712180574839706
0.07740756888809434
0.14778502735342075
0.04945495814079068
0.023315919804717547
0.07787676482107196
0.04521506376770415
0.025133726635423567
0.07878920276496036
0.047707373984795305
0.024332365780101603
0.04238431009934103
0.04747722536982506
0.03878288884491363
0.0535580134893966
0.02665137115785571
0.40705767139417914
0.02356548676427965
0.09999498629344038
0.1106143968520448
0.05619154152127101
0.04112898270018798
0.023006324371637323
0.03363226691277281
0.02395714746061764
0.03243406742410936
0.16643738240151779
0.07697682961317401
0.14691459542386748
0.0830258662213788
0.018305691528357978
0.057595118123215855
0.06589193690395422
0.05110478291310772
0.22304843186489925
0.033670898523891706
0.025727397219200476
0.028538527290677483
0.13997348725202882
0.04387566377983693
0.13529471181429706
0.0729907658235563
0.027424631526083158
0.01559878893344872
0.048321230147212534
0.08808028894185926
0.1398005390069203
0.04553032633986001
0.10648793755788726
0.11140701629251387
0.021980498713201683
0.06872473648905153
0.10585779963425898
0.0631223426777922
0.157968438428273
0.07484390712408624
0.04808811160336171
0.04855756212209987
0.1057140002489341
0.07536056021625506
0.04680337145015631
0.10048827090281685
0.06742263172165693
0.09452944702132017
0.10129840010804018
0.05446697599237136
0.1092265362577616
0.12276285685977027
0.040891990499610814
0.08060638648646204
0.050829034345817606
0.04433531564626864
0.06934318718454655
0.0539494185419838
0.09255168543830788
0.04305244253671593
0.09062842244732874
0.10103047266953472
0.038907330047393524
0.1315588209848912
0.04638413474006439
0.08587550817962301
0.060144346791836056
0.08530595310681323
0.14267458734066876
0.08851002084090728
0.12183846009944407
0.04768688717659228
0.14657141932763387
0.3924564036597416
0.15828036881262234
0.06887646211307609
0.2484503064052934
0.03492775315089855
0.049455055004377295
0.05742465241285266
0.1845514275278418
0.17662185818228224
0.04194166408048297
0.10716553062725873
0.049156771609056994
0.10739249863072955
0.07897970124467066
0.03820633839928465
0.0750423872796239
0.04551543418134678
0.07787845058096178
0.05163610019044394
0.0448077160889385
0.08204392941827965
0.08691864474589547
0.03179350860110672
0.05470873202430509
0.06466361250207465
0.20995721381213947
0.05460339964200808
0.1399695735000361
0.09067413881788661
0.2308500630587529
0.23446625901474955
0.06376552225887483
0.043564778942250845
0.08110623637762122
0.06325449346200633
0.043863506199657724
0.049187898141547025
0.0496067174537568
0.03654222131909964
0.10764428694979185
0.09107619098732671
0.055405877094700046
0.1355487173486194
0.11078895965948596
0.15594320224268166
0.2889762931430341
0.09837531508542158
0.11372879589329242
0.1703005676534565
0.11001383291228597
0.21343537918911762
0.32138470518236745
0.09811756553401156
0.07712285206828236
0.3323129057061991
0.18583950732196192
0.049815112243347816
0.2447111451132908
0.0979847519630846
0.11114956422754899
0.060413902553369266
0.07011470518801531
0.09147571197205415
0.08861731039201143
0.1175207676163734
0.0697557008378988
0.05676340432137086
0.09068302399400847
0.039030646979707005
0.09271984776346719
0.03093506624952472
0.14012436812934448
0.08196190181912588
0.06021824788915205
0.11275122840732132
0.07910195575853522
0.1658751647185416
0.03515789611483027
0.16818728925684268
0.09176064662119744
0.03972297230856209
0.10402090809264972
0.11441175987919386
0.05073007475082092
0.05195149892448564
0.038148331338173185
0.03739115850235242
0.07290760773366883
0.19425803781202247
0.0655072343710046
0.06418391186405811
0.08952489501280744
0.025806523485545976
0.04916827529044533
0.22822001008328735
0.03336570746598115
0.13093050666155506
0.07184703139112858
0.09522909703865459
0.0782307603314882
0.2381985851821157
0.06173013132409808
0.025770161086380545
0.03517848189352157
0.01626830475176799
0.04157363258332517
0.06941141494622147
0.1683012526658448
0.07807551257415796
0.06104749916488712
0.03814998093633214
0.024660662335764992
0.051620612165533604
0.11232844067861575
0.05668956184009559
0.12317791945753266
0.08098082172269036
0.05567741533142579
0.03285331479966541
0.07078828839902025
0.10146864667046059
0.16360103301730705
0.06257336050846402
0.15544756817030883
0.1632269167699417
0.028629615566259356
0.10278072511268291
0.04517449225669478
0.10743312061342965
0.1689993107832244
0.07070030646275469
0.27691078772128636
0.3081556449889182
0.15834026844063126
0.07429280050121827
0.041376546400155464
0.0326460901335051
0.08565249631760401
0.08713099651678033
0.050522345599384996
0.05653350701467398
0.04339213031727314
0.0904239038813148
0.07828724598503176
0.0639104884742965
0.030009090380236005
0.08438246815744399
0.12314718326976896
0.048996478962600856
0.04376014763429104
0.038128058454874235
0.01801719259701587
0.023992030411792025
0.030599174667216737
0.02060894457920707
0.06703978472879746
0.20684936743298513
0.13513795526331734
0.049396025291603175
0.13217979226022952
0.06351148562935717
0.05915360319575596
0.16424560258711493
0.0697280474621919
0.10811192066750751
0.16773113439342963
0.1549115525487549
0.08116344624093841
0.04620405202992138
0.08262829881657283
0.06267815551767157
0.07368652615166676
0.20824997368054848
0.1413664500663086
0.02352752814176161
0.11398077454864469
0.08193954527166485
0.07780947782977989
0.09253744902835843
0.033887503798686366
0.0506037047997476
0.07668002503618354
0.09243624455640227
0.06336804792671619
0.034447184235804916
0.08462837115598167
0.14044285526254788
0.029289032744417076
0.04499720081215974
0.10100206985351858
0.0647051112207086
0.03690139691476556
0.10944795043659425
0.045469197220344114
0.07103529886491938
0.1345883763546531
0.04536766502882014
0.06216769347815992
0.1532131148922686
0.06030815200245987
0.1797072553071074
0.35097079741199205
0.15441431656586815
0.09724783844224087
0.24917217352410037
0.07393418082298865
0.0690786766136822
0.2797267724764683
0.19206568944056962
0.05503995062151462
0.5699042165034867
1.2400521262545598
0.41021346438151257
0.4544487919322604
2.2825332633119406
1.1771460998579653
0.390799631212688
2.1864802025288723
1.6300387483610062
0.7963452416086956
1.589358351987542
2.5978707001773897
0.7721744574683603
0.36561514192501593
0.7821171768061189
0.873631726882417
0.6772885391286337
2.0416762677840916
0.87102674613897
0.267391760312784
1.0395232674300545
0.540002371470004
0.41890870735361896
0.8412408440717954
0.3111047486567142
0.6570549362018767
0.37857362445199344
1.2201413426522736
2.1368288205760395
1.5645187775623182
0.3546996154873465
0.8000530089806887
0.7103656431252482
0.34100502053823406
0.920118391413188
0.4924316762528195
0.38117845107665704
0.5438843280793139
0.3158073091763716
0.9926724746272205
1.0083742204500095
0.4343364006848734
0.5475095416003858
0.6293098159617272
0.2940298732595554
0.8228337931008707
0.6715093644688417
0.230742900290095
0.4624632841315206
0.5890316357862536
0.24258285424120177
0.28730213852503195
0.20732912699386943
0.29623617059690704
0.19848436621751664
0.6643239443778035
0.3778075342855626
0.24622639674600041
0.7872292182693136
0.40034560996619634
0.2816255863143396
0.6933545717561129
0.19980800339638802
0.25041833125238167
0.5338164058490253
0.19380299741658205
0.1785010788310134
0.14102871932531946
0.18122538033535324
0.518824644422449
0.43764464796046937
0.4792182318007905
0.1937456943028338
0.5131126190268177
0.3558434805949819
0.36412227779232503
0.5134888610510218
0.23331008970346487
0.8378730963932286
0.7683446794332255
0.07670953711155085
0.8244825322063183
0.49559154813393835
0.18352803181370883
0.7484890521169499
0.2867478814155132
0.24857684192321322
0.4831538146453193
0.1562842608519826
0.3688310152065261
0.5634402216259375
0.15689017611240258
0.4754259854328879
0.07857526606045154
1.0643028247225756
0.804186501951773
0.17452755820612495
1.2612618947413041
0.6542076911990803
0.5797809697331474
2.1273220672352045
0.9867052522726159
1.316210887509658
2.9626476085376274
0.4700600314756065
0.9099288844177248
1.1495321829194405
0.2704840836861083
1.0171035818323944
0.8738737505879923
0.2776509622549904
0.6936799688840385
0.3414677602432162
0.5127901481916503
0.4079558603630437
0.48455222801952913
0.8039279768972044
0.2787990811357515
0.8653839504219375
0.5557903465092673
0.6397772222526164
1.6516286377555403
0.32921760993939414
0.72127107041539
0.9346203746730213
0.35094275575712386
1.5467472134034936
0.5843670474087259
1.2203269321447865
2.0169048595458325
0.37545030055764594
2.1456896570667103
0.8572790633134714
1.7579406056193796
3.8968417328562843
0.6958173075254239
1.6432257410801696
2.6874873122266227
0.3489923320001415
1.9167707613912108
1.0690413681867608
0.5952439629098671
2.432816364973615
1.618364106737365
0.3073434493724834
0.8895962487615566
0.5051956784989345
0.8334663412315844
0.5187791956410363
0.4639726738395997
0.523000614093744
0.3968659024517255
1.3003198918087069
0.7606917774554715
0.620203477502321
0.19112840113650398
0.23818303166133376
0.26669483802809413
0.24099325809505281
0.3317370989507392
0.21501822736854329
0.5056542527850079
0.4618933120602555
0.6762875441813663
0.4454849047303229
0.2484535723337123
0.27303142808198916
0.12673599135169641
0.37179251883914805
0.22177116520274576
0.2545984950021182
0.13276319059328606
0.29017390588263897
0.26437693810216956
0.3678527160441723
0.5417649318668595
0.1724192397765832
0.7053444433718052
0.1724459179606459
0.29425494469858565
0.14551192128626592
0.6108830805403751
0.7063305704195605
0.09319072247286514
0.485400816685741
0.23061930042792025
0.30703201297415966
0.4159450686709475
0.11433215713737936
0.1554997266074434
0.1510700742334195
0.11938690629272833
0.4719709109714679
0.16956727462344037
0.14152045310216
0.10036353691130614
0.12394073847009184
0.06858792088685607
0.16979069275078998
0.15885141466346397
0.22022572177836153
0.5192487447338372
0.7298443927508891
0.04289411643046668
0.33948634385677373
0.2116606654353543
0.15257327264716256
0.3256083724742584
0.11333714579632012
0.276365417040306
0.3927295159928816
0.0780703122620089
0.2409154544398323
0.49115833521658386
0.13997233250770372
0.28639329113726253
0.21781372070597285
0.4257061224586526
1.3377456804318633
0.610050599917994
0.37144713908546023
1.3407260193543256
0.22972507498491165
0.7490559435725819
1.166594920869425
0.06386313762689584
1.633429749753859
1.0967712047908598
0.3633191168152893
1.6656634880407095
0.2631226954963771
1.4084557060853327
1.4480234881786875
0.18230103981442744
0.9083377037536261
0.22696661386604214
0.5485865600717869
0.6561224162646181
0.37806049927019936
1.720701662593816
0.6721690652548581
0.2038277414211726
0.725829552751617
0.16037094354811526
0.20001623889058986
0.3097268117435247
0.233338498483383
0.2128815766209874
0.16203220184880124
0.13367465810431084
0.2774850752746138
0.1965985030341579
0.2562604017207192
0.3766386612659355
0.14740854815638316
0.14174106623902782
0.2279954247083134
0.11778279977599114
0.10010495403861089
0.11911528967048587
0.04327931888393786
0.22888982213957598
0.172895935150308
0.1534447178973827
0.12729486481666075
0.12507760127415493
0.22056273299396653
0.1701042600487435
0.08729252014545998
0.2951126162071896
0.23705134219700938
0.4121586439383162
0.5368908141001034
0.12986040766985596
0.8337467815720657
0.8781017129929107
0.15499139205997475
0.5709643202588369
0.24843814856421015
0.07092007632055122
0.25548135652743964
0.10158520604826636
0.1975407949131895
0.14986705054551724
0.09824954525019686
0.07507895787696045
0.10545869695068467
0.13859373818606088
0.18064248426568277
0.25252712777586866
0.1661319622261515
0.055220770077128126
0.3613339358931018
0.3056570285664566
0.08740078082149785
0.14906942340820292
0.12735118563657183
0.17296162475295404
0.4859662911459669
0.2127722278523164
0.08149568944884293
0.3398189943044826
0.16974894347318137
0.21490137895350098
0.39532513782379386
0.17154116254354718
0.1745785768873314
0.3074524680354513
0.1194774824294458
0.07800575330370195
0.024446403571511784
0.1066324066462158
0.17169963591690712
0.07218537124289356
0.18442880045994597
0.29056530741649156
0.09828530118609403
0.1868590346182483
0.20127823031840525
0.08892144498458042
0.19959764941866603
0.1864817288270694
0.12173809782264162
0.35361962270708297
0.09091003380427685
0.2203648372180122
0.3534181114269949
0.10143228897747125
0.13063971365345825
0.33857497652551194
0.05592764802051962
0.10144796058431911
0.16814522450153466
0.26834224179003413
0.049801985186027256
0.04261981512387921
0.2807489498657704
0.2625590942473837
0.17872803057305675
0.055888169941743546
0.21907951008734378
0.2790658296495497
0.07088331965656523
0.2812975055250103
0.44784621132751373
0.17229789810166388
0.5756672249165735
0.7597645320533548
0.05116335399268243
0.8131777308371271
0.8179206757075939
0.021745382041656724
0.8087869961068133
0.7132906702670581
0.05900776308881843
0.6144666937721577
0.5548488341948868
0.15381277118289682
1.0122852472070252
0.6231763648533392
0.15298930487657728
1.0514262722429384
0.29526950456389095
0.46189884096340644
1.0015112629909932
0.1735231960203208
1.5263526658618487
1.5475845947493005
0.17863086206328213
1.2416250936304196
1.0071689399282917
0.21459211599261122
1.2264576345608162
0.498516142401176
0.8763726966848944
1.4595881598688736
0.33645522692818053
0.9914937017392721
1.4488416912693158
0.15756389946316804
1.79105031045572
1.1452435899671436
0.30377823538375065
3.1178940747969524
2.530392744284332
0.31628178278402647
2.6157537093929193
1.2064828268284213
0.7744709306859592
2.3779462766430948
0.5068229320362068
0.9480626061170598
1.2496881174973675
0.3174689789615225
1.9182424794950828
0.8078052938433167
0.8650146988324571
2.554168585700158
0.7757820702733745
0.622939224798312
1.0900586861430461
0.3048042393228832
2.0972569467357847
1.5129952401224478
0.2451497973208614
0.9737107113015122
0.41337724675735676
0.4191343490674879
0.7767910602712105
0.34187049750446574
0.1869248307287155
0.36774735688488286
0.25957425510352694
0.3982637824432251
0.20995968645761426
0.34197440527552847
0.43230445633644754
0.2540708840912486
0.5298646440677911
0.39138011114890575
0.17348551375900306
0.3084342206285469
0.34995785139428315
0.1404348231593431
0.14701035489364925
0.2990055517837355
0.2128304470538167
0.0706660601385349
0.11762338271556845
0.10894906711245919
0.17370010479420517
0.11286529155611934
0.2680537835321781
0.22505652176118876
0.1661648949996815
0.12300298028869115
0.1583584820024776
0.15404812377289057
0.14458694422405294
0.111830401565004
0.06772401746849716
0.06927040130709743
0.07109587757034098
0.0726961089282837
0.07765871003998812
0.12305828211261363
0.24169789738758657
0.11827944075587993
0.06319079858038407
0.13554409187389524
0.07578347204041655
0.05137466944883343
0.1125850698314215
0.028405808559421375
0.06505217555131643
0.059577775820833824
0.19376247430706928
0.20378003762431218
0.03694298032560949
0.13116493508267793
0.2946851787425178
0.06466301274100693
0.0866907214408412
0.21591522942838665
0.02905742733079024
0.2012378428208972
0.06792856544912369
0.06250104574610911
0.20754669103442439
0.02922974416591389
0.0999154186635148
0.1388150841009346
0.04197125776394584
0.04419389605733189
0.027618195191590495
0.24228898873952248
0.0223926386464319
0.03302572487709129
0.02937394417208428
0.06369320432265595
0.07691509790890279
0.02095799340387071
0.03184009804222766
0.06838332119721492
0.023423195818681627
0.06809016514635748
0.16661575885109195
0.14817052889730759
0.03974775876660388
0.1442520698544493
0.14710176130980396
0.10359451573086118
0.03108958254139222
0.050633646184323026
0.04359023827091505
0.060899775004969785
0.045048474225188935
0.06223268817661541
0.016470917258989155
0.03730441599701878
0.08758084607413343
0.022139376947177786
0.08432288179115903
0.047620574759575526
0.019520822548085844
0.05216961310358557
0.05624372040681317
0.013211426474753015
0.0385586670986628
0.039138145048404446
0.01898033606853545
0.02198726975136602
0.0382391922750078
0.0320146756207361
0.015989222279475867
0.03526930923219336
0.10415000772933061
0.0716397870124423
0.01136765016085926
0.06752253387302357
0.057022840942454286
0.026023438917602906
0.15309777347707476
0.14765128419476292
0.04412890359840272
0.08617110121521263
0.18755984431132103
0.1224998904008895
0.030132383036948963
0.06296162940856911
0.4441751946482435
0.0693750697691648
0.016439859933966103
0.02251750827024844
0.0327933357625307
0.057460436765228454
0.04858781254324846
0.11078290164169939
0.030600541264928033
0.03569018828985961
0.05283673131911669
0.027958693785887404
0.037359687070205996
0.06144681696687189
0.03121207950276961
0.10921300621588512
0.15688891154139137
0.08241220221484813
0.05315496009780147
0.2586410478424287
0.19263215550016913
0.01965740460633124
0.3490551918592504
0.032390249510786395
0.04947202948360192
0.07629443863662204
0.09508190505887838
0.1134435681079979
0.13568362690987626
0.06383658047078515
0.22253683426366042
0.25215010933821885
0.06287981605671104
0.07108650397879002
0.13246816886599452
0.04302271550703341
0.09306556023413834
0.2510253083949064
0.1766242937396546
0.020673544136447265
0.2644212694937213
0.3496665798175609
0.05481667307473211
0.22375814463941449
0.4184386970137785
0.10524228276484815
0.0957461341147326
0.4203068550204382
0.22106273822976277
0.04557575329422423
0.3162726624247976
0.2774991158201644
0.07804233226991528
0.3570678011292539
0.40743204705677866
0.03863912485926259
0.4875314097028665
0.6664657114300973
0.12732179595528614
0.18325897939188912
0.6834002163348589
0.42938201088251454
0.08057090429585949
0.5605713386308993
0.5471773691316345
0.13624692049991086
0.11119188646101524
0.3862812207343813
0.3742373884098311
0.17625387739088644
0.0720368695601923
0.48269145240131633
0.7731604605930589
