925.6059351107613
605.4186681781964
605.597136595974
495.5408746191525
549.2247971541126
486.1700604358008
489.34877876939964
469.4690033081539
448.89689431700026
422.32376244875024
426.7910716179838
385.12194311609653
350.7027975438918
352.9754773742483
341.8946134605487
293.1205006575067
333.6713497635761
322.8491852437372
274.2130113663004
252.76648257132712
249.8568710138213
276.3249845409697
240.22651092704845
204.73646487554927
191.92651534393315
179.9335269555835
169.8486460053259
225.68694969955718
217.8461218210285
217.19938149586565
167.75139521862272
160.30534010852088
158.5846656321525
172.98141248596917
174.48079038484005
140.96850986915203
132.42286886898137
130.44768943286635
104.83483905874415
155.90930029655527
114.42158558650128
110.78936238733333
52.51777722277967
91.35273456037784
112.8004419070372
67.82896620472536
78.51681040094287
53.82797306784607
82.80898498471781
56.73553847135883
80.90736156791878
56.86883131680517
43.03912850104963
76.32715881980077
49.97811063187889
44.85251250630696
46.53511355295048
58.01904030251844
65.81562712168804
28.22658042139732
39.14942925729959
41.96128001918354
48.78366713283794
37.67559505313944
42.83961853205069
29.614946386842277
23.50094068418472
22.20035379716029
20.81885921260932
38.34589178228571
35.64633393768745
32.98016702323684
36.182871611960024
32.13541023488216
21.29650714923014
25.453742105608928
29.22417712509876
29.59790727424884
35.107579183240354
28.140959538984266
30.825191566118715
49.04666200317334
30.02948967237294
19.306611001201933
22.312848488776496
40.009006967938255
28.557379177434434
20.684478159462945
22.98067737039923
21.635528981872774
27.960124107038393
25.54003637800693
13.384697740812376
27.485307309769645
33.84218808187293
20.62571247458303
29.07752145463801
35.75640198117878
19.925951591734652
33.768106837802435
32.188547486121536
24.221487964421772
33.092827383112116
25.466174495378997
28.716774502586638
27.14561629293461
27.683857235543417
22.868580279640927
21.721915921196814
24.819036990871393
39.589656687791305
26.402157836645546
23.14673470743508
27.413301644291682
42.6036904868763
28.01692136330735
21.94283728912305
28.619112793110357
24.233992986750803
21.489107753425547
42.138207539295905
20.904362503233674
26.926827493982486
35.09651884055572
18.758754856885528
30.738364064129986
24.53853690131133
34.744500568327254
19.643828537189794
25.269298872648676
31.905844826019347
40.295900597749174
24.321343128039704
25.914253243942852
24.798464134853223
29.51011005063748
13.901634587643564
21.563895946874815
22.495421762761108
20.620843805852463
28.317117330056284
21.937657209021847
27.343479539998345
27.945577620936803
16.311221258657735
31.209095588413327
32.97226384991439
32.25583632983768
37.7219281818674
25.57488958282172
21.052764506936313
23.141496138310316
21.10446093134949
17.268269927157544
32.51987427223832
25.741279119762027
37.130961615786894
24.837551513743804
28.131597321482765
18.34153992808768
32.06526962405653
30.722891454741536
28.91175666309276
24.02181624935378
18.60031096979035
23.877441303387553
28.36326411398826
17.56457802837403
17.353514612029258
22.576686303890263
18.024259827925775
21.312106519607422
18.0699837399671
19.49435415624869
29.85171663238414
22.396443348334756
26.56300865083101
25.75725853875241
25.998908817993755
24.453520960902104
20.24543696164399
29.925905853086572
21.176065156385576
36.9614930304847
16.842421083177868
30.09853142638282
23.16695646133608
17.89341401804486
25.235301547228833
26.95822042784221
35.538522994788124
36.11844588279067
25.546511004815258
21.76573161052284
29.068350422726656
25.804564273154096
37.618860804065044
29.06085923567852
27.55528389192781
28.990006872313177
39.78214048454002
38.410100879125004
22.959308963306903
18.714065469443916
38.6034766851034
26.70646189684583
32.39963092940701
20.847503815245823
25.831868291589632
26.924957718561327
24.75125799183974
27.18631858640692
45.41068103591985
17.419767384341103
29.68471756913792
18.055369143333767
24.502676482093573
27.051417953106853
23.953292154354124
21.944517450075267
28.59247504412117
27.892566731321395
26.11484950122603
32.44736939009136
24.457040043571173
20.770265508995426
22.94044497136367
28.683503916981017
20.449967270606024
21.625387938836198
25.164245191299084
26.37184326280918
23.699985748198383
34.044681441902924
36.53165934832429
24.960884813788393
25.586196128702017
38.03110500207033
14.466635694945973
29.158121663783092
22.445911732109046
22.170770978018105
25.599236474020685
39.785554043077646
24.202814062454685
41.998578578220254
30.448535478159194
28.31115489288726
22.324400133036622
32.4150456017233
31.350152126320896
28.797505291992685
38.13822444769869
25.17502462906642
25.059252333432397
29.378277398378366
20.06242332218064
26.638099195210913
32.94125993683352
25.43011233617306
22.924009354266982
23.160311567817697
34.074434085800355
21.42857128999386
19.872061281529103
28.343664350040743
38.23293276847356
23.897770033859587
25.213516942110004
12.340070505919414
23.213476385900243
15.895549960093758
21.889890172639408
18.6763497144382
39.100488853771544
26.283676582128162
22.400229355776023
32.44788081823381
20.455792724588907
19.633344380685667
20.082258633073742
34.169731557521665
21.794789628077076
40.41210761253065
35.143831773621095
34.702227545662716
26.849500886446677
23.396134840216046
23.59432982269234
22.209083613550867
28.727599141493293
32.43738145070395
21.132460049366813
24.09779309938456
26.344146525253066
37.48757960511581
33.022098394956025
28.579371332213725
33.11063808458844
16.84897687078147
23.02425318895662
29.01079976372972
28.105924829867686
31.057266478029184
25.086542344279945
25.743029397817775
27.363762031546283
28.80876794437292
27.421891325017135
18.08878353185263
19.911621543575652
32.97054331395586
27.34951196798434
15.42855122762965
21.348886168276728
24.657347734608226
23.523207575035972
38.20517697922567
29.546111946570264
25.08759043789154
35.28327237371304
19.36818746959753
17.680748642114295
28.617093277748566
25.063992430705884
17.58467009548204
24.620152228668434
24.14296293820646
25.605025169912878
44.83214412272204
26.21087102781078
30.853645332031505
34.76757198306824
26.57186491942125
25.139498655417285
25.534451408140725
25.962716235562848
33.748830779169275
37.41853819329558
28.858075354900652
29.81775074160427
30.038421743172584
24.005384971626746
24.1091912520495
23.14461382864486
30.300634568166874
15.175307732474469
33.842871767346196
21.58085446704679
24.49111076870905
30.888296873088667
30.847996674007096
24.342561190442698
30.478813913400437
31.264856656214697
20.035529829998243
23.166588819266316
27.385310581495006
21.8787505259176
19.56935184038237
18.919691244476265
34.915633960769135
32.90765435185168
20.653507855763344
27.05230402104741
26.3936731032251
40.981795683855815
34.661675247136955
25.917135278875353
19.39320244431062
32.715457569727505
31.360345542746597
24.875324797918214
30.81205205169166
17.644481118822892
28.66662852949554
28.81952242167679
19.93524662350385
29.627555131380124
19.84296733093678
25.771465039821955
16.35821697342914
25.591039224687922
23.811509212272817
24.595880261140042
19.733053647466587
22.476420593216815
28.282896206975366
19.906641053948185
31.833634256513182
36.45797422584403
24.225845422239694
14.04678001254559
34.700960591729604
20.819395710382096
22.965466034307276
25.363783666731816
26.792599491898727
24.45570472218086
33.3761720907149
20.44497911296407
26.06461426678669
10.85757931398735
26.55153560475179
26.65025424257635
34.64659953495827
20.48280412820156
27.653476584661778
22.722093299633297
24.492843355458675
29.603040534870424
27.930818112494382
29.66430397095149
25.699568131618765
22.61896102030364
35.53705230158714
17.3123973379632
14.165638004607048
26.720075780036918
20.7460559802889
26.808744079132353
27.02875609279525
20.78041482198847
17.920581361158412
23.2461227170847
29.995510110321
26.710802103880443
21.612324697427198
30.65897730180706
18.99939793201418
33.79759517636515
26.444480913674774
34.28953765499348
18.50012963040749
29.803114952522037
25.582300363135367
23.34905804915815
23.890704754594196
26.362912934081734
27.39947291401438
27.455828102593564
34.76639456767225
30.20375778716132
24.00730962284442
20.996040728493416
22.29052697469471
27.564283814780165
24.09125773424726
23.300998752632413
14.514055892732847
20.16430933040638
36.3608259403896
25.75168782258922
39.06373051181878
18.118172394428072
34.18950764383577
30.174915871312656
30.529834261873802
24.857093907090334
32.57155218279491
28.817136809003486
23.89664317216365
19.706492127932453
23.552499903675027
25.412041249983908
34.0897945584153
23.452566628272635
30.982505245680425
15.408604024620317
18.109184981327722
21.04952249586654
24.579542052294155
17.641653738656952
18.525332003495134
27.59270329267537
30.64880361221631
13.208473620502714
25.837973593175807
28.194816524017916
33.50745213649639
22.542420203255105
29.338313402074125
24.867725938999378
21.286388258747564
27.18022687567514
23.499224664207933
23.85966500104637
31.31135018006559
35.472997240836094
23.455063575755524
25.4728775664751
26.855906905312814
27.726621847656023
44.77537545998141
31.95310596946717
21.5621423322635
17.9672002530185
23.005802329459318
36.34234310176961
22.649661337380262
21.800877861448047
41.49362850257794
23.008358936271136
23.77999512184759
32.06634907050188
23.63734759606593
36.736300173185136
20.22832099798525
34.380247659287214
31.420440380471643
18.259341079680897
27.314476482306926
28.34839945474348
25.198547674777576
17.91381714451994
13.753701790762232
24.76542507999369
20.35515940485422
17.656669746672115
30.670447980100583
20.871564808404692
20.243168959612625
32.25968814876152
26.20446936116555
19.042925834510505
33.4963322321572
27.014230179189358
36.17772183770966
28.206918897548327
27.078522990095532
16.57222539181286
27.82546049782072
19.767663331207444
22.503464611928553
19.592897115932622
28.265699529150762
22.407714262155036
31.61642851685945
34.24179413073514
27.208694639735707
26.6511207248477
38.14461154131437
33.73989002223484
28.462080791067905
20.299753513407857
33.953601352165904
29.651528185696364
17.82273377053319
15.756714382702746
26.601029039916774
30.39795454040361
41.259312858464284
24.651947056976255
26.48458990483543
39.65776794052282
27.13378392551341
26.67257022083224
34.00928405709776
22.406152981372955
28.96852020690422
30.434605226130955
34.59959678545272
30.176746976150802
32.24812028978802
33.35941767648687
24.660008944363188
29.09175428669076
39.624938258158124
24.10422289738869
34.82031705304682
30.886480249818472
23.31647175725969
40.012829182925834
17.535203116793614
24.656096747724746
31.095346938845818
31.805127830485493
29.518157552118534
26.768612517796935
30.567981491077845
28.52055050415127
32.90439511788879
26.471894244847192
29.70707625346492
26.573142676734424
27.39020618080164
23.639079955506055
19.21982897800705
23.794845858542217
24.974470989535526
22.250407222784258
29.788564293770424
25.60099987138585
27.849469053319154
23.294328602641407
24.059621387042267
29.471872751174267
23.522777450183284
29.947857610048967
32.77074724518029
25.82035058476092
42.15104684990632
26.03278074396394
26.33493459721341
19.445481192364603
36.13179030038068
22.962167879359402
16.237553256280716
20.593140029287362
30.047718224402313
26.979269444633502
23.29769176195035
19.235110573774616
22.632855269089664
19.671321436934953
25.000570979094427
38.475242428136745
22.254321217256702
30.739792423989204
33.898517170239714
28.3090887772935
20.68654145745602
22.471579184529293
21.0035641775706
32.105939454789116
27.676239012951754
22.80154118006284
18.50438029313441
37.5624346282842
21.326822997659708
25.194042520627114
38.96418108666065
21.276382848933455
23.399658925331153
17.917507954082705
21.380769218975413
22.48517021200793
35.778298425980644
12.84123107491128
28.868741778242967
15.978961943437339
19.441819002391313
26.20098267281318
30.553163083856887
39.51335331773178
24.5330176405803
24.341654827007115
25.620585873684725
38.490596448861254
31.050325802927926
29.126401511438775
28.32912152747073
23.453183785299306
31.783154401096265
23.617591961425095
24.89187848561091
20.163190808699348
25.060001677346023
30.928349390737964
25.416465758536074
24.456368951085214
26.97251191017594
27.966122494789715
33.52010204705665
23.472480183190626
27.172052946946785
24.52016354170441
19.77638681735736
30.956747048174527
32.43491503062529
29.91679882937342
26.476603388815
18.147336792568012
24.435873268563792
27.41276677207217
29.298855374181947
23.86774177332397
27.09575178953162
18.32819938382555
20.084749155532315
36.71552893416718
46.813938336278504
26.407129401773084
32.36276824952723
29.538575486778885
16.524445340665157
32.52035840487699
23.504129504189937
29.640780844002624
33.35950476209665
23.738498401358736
22.753118094744554
30.80675002439684
18.16627103860922
20.464419218305878
30.962125998571555
23.28189803575487
19.922884533091924
24.3960467045544
32.2870203744391
23.43274168470689
30.673880904816443
40.40515882001612
37.30895780312233
22.736975245717314
33.661267478821316
17.86722335580853
20.012813815866565
26.01995383771523
25.82845721590558
28.95503872639202
28.418539606607112
32.140221913193116
29.419682645872197
29.034457457435202
26.626711007554004
28.261064528203043
25.336466603517366
23.87030364649543
20.803582041362418
31.051122174400774
33.680085511443146
19.690480004972226
25.17585519907098
30.921384989520952
22.79145664815015
24.18407730847371
14.139746527492969
23.337125228882538
28.619757970635046
34.31767107658513
18.032109856280474
22.87910305129151
29.551449324945338
37.17915554069726
21.311161928608197
34.27764260186555
27.437199708607334
29.23571105660288
22.591595793520177
14.59472981089811
31.335996962800618
16.980054770569993
18.921331174073018
31.199240820873147
36.28366971881169
27.167184113593525
39.27934140047402
20.945929856072425
25.479898580272785
18.817288500428084
19.92621787560539
25.64514174077071
20.555710607440762
24.34024437611791
28.834951872292937
26.08342357629937
15.05123015704892
18.681656030384783
12.30092125016922
17.265331342722693
17.77855408613407
26.776333859084673
23.248988449416466
28.680709382562892
28.664791975559474
20.97429956617363
13.752463145486917
33.329832576919
23.12152381470885
18.960331083179476
18.864988890723875
29.69330156669536
45.07656592354337
29.452864960057372
33.070571774022966
30.883437498858896
30.6912086502206
26.006108103007247
21.747811109440427
29.85125249854602
30.42433732184889
29.92929698856016
35.5372599533487
25.632566787057247
25.39937432792309
16.14097932515427
23.851317834210338
25.87100436541902
25.446934154111833
31.722335630307423
25.620010828440677
24.248906152157858
20.617193863391794
20.5153708981207
10.862277717866037
22.857021746194537
37.676028273899234
21.939573260442664
36.132290795679
32.02104842076022
28.208657218874144
29.4745031894851
28.295652492005825
19.877664778755175
20.41296865182534
23.139175319457976
20.82904108421257
34.78369943297046
26.29790083633974
24.22234672296184
21.61523617986716
33.650243206625916
23.26901843792761
36.14893154550096
21.548189054030146
23.491123604613744
33.73141774575464
28.895736540809413
31.042907365642115
23.303033888798137
15.322575782055537
28.915233366066808
21.378869414871698
27.175447636316065
27.45489730444301
19.690114498591026
19.84430857300626
27.873341973400912
20.554432153552188
42.83597612389134
27.720171328323286
28.85317670276264
22.961795433184257
40.986299383383006
28.92616195307115
15.689895047121368
23.49635443824126
27.19730451750295
21.118996644206565
21.297776571943672
26.09414615739406
19.693867698514556
42.26377170098809
34.47425276672102
28.798224476639312
31.76905892426963
15.957896861235277
25.64882623622564
32.517513560062724
24.2731483704207
18.88269852144228
24.478838040973244
27.51585911950711
38.2249582190645
26.014549331995028
24.604574040687528
26.366706713164028
24.541255991699426
32.729084491948925
27.534462314422758
25.188137454416303
23.0894116714434
25.76406787233154
24.50114870102903
28.0962891519694
30.645809966006272
21.255456510966315
22.416385698585838
16.78562218450585
23.720831974167307
22.130226920437472
22.49286917383408
24.971427170005608
23.95302557187463
26.620055227111493
30.896556810516472
32.30214430304073
29.899914026184295
28.782081039256486
24.431774468974453
23.200017748678583
20.313427781991507
26.828327679310693
25.64841335566424
30.020650508324785
23.755057803346453
30.837188171385936
21.1333003217566
26.340215102295712
20.073412107214732
23.20228882002249
26.93212647398553
27.499390535640007
20.852582180844966
36.673445518462124
23.712702703272548
17.383676235279882
22.16632753733485
26.263825791386374
22.822617498220044
23.087478955499485
28.363722070495534
17.746787758037232
23.53192876039428
37.29363608747332
31.500369657969678
27.008104215607244
16.280414917935207
23.30269673899346
31.837308181273166
26.608788896000867
19.14374922365246
25.881245954410037
35.6770948297384
20.056658037564834
25.69658696259964
20.562717532066188
47.86286459045325
14.905737556417472
15.377264825654107
29.005593711725215
27.54827498018017
22.403507907119526
37.4094967975979
27.813366934640754
24.01832092899437
26.499994271660654
25.059806745981028
33.93714318856673
38.82584653184659
17.151142228204538
33.549917406886195
33.11224834164264
23.1832196489714
29.892544184834236
20.25500017591067
29.45803646966932
31.9211720403687
29.332296215719033
22.043580324729785
19.380942529348296
36.191428181767854
27.09111658379263
30.908361377068683
28.248292955704592
16.300578647181318
27.523948773401397
21.879495817575584
28.424642992544356
32.268558001088174
31.836723633958297
25.35362381948435
25.71913690160622
15.217077542573087
19.053445795457336
22.234025331330557
20.41666584465054
25.743310405101212
28.977588161162256
28.581181603631467
22.699385468234944
26.11520235387424
19.507754398126565
17.690480673279872
17.52590498194747
25.751894811467125
20.33535665574837
28.230870528934553
29.402548025398627
24.161871052035792
28.956701286645252
31.585887286427045
35.51830382397435
30.790623069813876
36.894702132725584
24.591372645625277
16.94070805652178
21.04213242058708
29.031268183755177
21.415104290350484
35.75667114057774
15.0478289532099
42.84860574197889
25.208277562434155
34.09550573035801
21.190022726459006
33.985686631678455
28.925936947239766
28.70898422664404
15.420961458570028
22.678673078013937
22.759324485389456
19.694092358438475
22.337375677028806
21.139632386899336
24.139930464478862
25.421654717128096
25.70532763859232
20.968221881244517
19.258071821968244
31.26478856685604
36.10309763873085
26.202770716603546
31.798641279887896
19.165344155393537
34.26971487435609
26.16709369657514
25.924381219045156
25.006552629324965
28.69152814826635
23.072116532018146
25.62160122392283
25.11922015372905
15.94789465588856
18.89413708003168
23.08661708300725
36.91128904941774
34.81820238023396
32.67159147924251
29.068415739805037
27.017216035226983
37.98907219726089
28.683759128499286
23.123671089889726
25.25458977956158
31.209776180291872
22.345591233229488
28.59706904503328
22.062678090125807
24.561239012323192
21.704170882826542
32.48921247301892
36.970353018093114
18.703070323512893
19.906792958911375
31.980032054888234
26.605901136104237
36.387908577137075
17.87702164194849
31.307752491766607
21.516707626697272
33.88283103954576
24.69151912698241
18.83068866295862
29.108429823774816
26.099987494409245
20.797285923674675
23.30646927052234
49.83367337589639
31.190549051048254
25.03139243495963
35.654473714963494
19.207171254002436
16.091754673952355
27.765275837526872
26.15061633470238
23.061358287661324
25.54144935943046
21.27198732762243
32.230440410495895
26.469486351395588
26.27379147509325
32.002356602856096
16.269111800440978
25.35864262425056
24.263821047707957
30.187775063344667
19.937078404953226
15.406555841235377
36.423936415793804
30.18771882478809
26.761416764483105
34.6853530159137
45.0445654068537
25.104267956363653
24.049670213066403
28.720468327499145
31.189150001917927
29.67060754517895
30.397526916189328
32.35829459106566
26.06686987767012
33.29311709545283
29.656868897834254
28.278531385674494
23.16599663279681
24.23899756253017
23.347519819001246
24.605171465429958
26.89172258665276
18.545835165464208
27.731820617230785
26.104487540530513
28.831805117795366
25.064951454192787
25.01764438895015
26.970646920479176
25.09826300999281
29.939799819996953
29.03996412678604
28.772614714028677
26.91404360506844
31.041901124678184
21.70342476797239
27.1768807808378
19.429499708680815
26.443325634843283
22.325930911237666
28.82016956361576
23.395089090299138
37.99106091879115
22.40843614061791
29.198922056911286
23.06878853135677
25.139644315156772
22.712447118172697
33.57003350715088
23.137339114132498
18.94488230059128
28.06188889055469
37.97158965778341
28.156338918688427
21.795763531340295
34.530273250738134
32.343169314670426
34.517203987011406
27.39706977010996
22.27624525818018
21.18614671903301
33.50645089114067
30.830186698038283
31.340227486732353
26.025637026358854
24.41583995705526
16.954754758231072
24.343966437978256
23.544398260959316
27.443169399004624
22.722742539839718
21.009135531402702
23.71642773119123
22.606047863971643
24.095310161826276
31.72805124846984
30.113219373810825
39.5482005666096
25.702174496930542
17.7996070014809
16.543087230110743
20.627451769357222
14.80524114216027
28.173368412362304
24.614432288638724
20.278730781784997
23.845921289956895
20.654084637496744
28.996413232135392
34.874973656680005
28.671005570042684
22.660930182507315
28.60105354324258
31.378271464592572
25.07627572244146
35.88199220539261
20.1450352127288
25.23400499852168
31.299010914257092
25.211077262949992
29.450443102354335
28.380423355346224
21.405889863963772
28.11238576658292
32.92387912611615
21.45213240516788
27.40732513441475
26.931142599394462
27.241604268048313
27.31042509125232
32.915715287607874
22.942293712304327
24.249615405176726
24.147375848776395
30.073046480899183
24.222090898524854
23.121644644731663
19.876282148658788
26.454751753615056
22.500097680401467
22.97014426080732
32.54959951664678
20.050972745941188
27.191665772151975
21.71050067985255
19.569644846040795
23.814094820468444
29.86991487879039
25.185754268412207
15.373379657496661
25.573014753033235
25.94444294226413
31.60075373918112
27.56470748681466
27.785870720336614
30.383355762029296
21.83271177262672
28.491891104831474
29.447732034643888
21.979522728611318
30.161598115078654
28.37795783514424
23.337746707464103
22.050473141445487
26.752884525902772
31.933017211835924
26.28147488186941
39.739465392549384
25.10979054450498
25.51198577440854
21.509454333490588
20.948751856666227
28.09069461484004
30.96204597592896
18.153541051860884
20.2185683832483
23.403100472072353
30.961652216458273
25.825761797674367
24.690638974256178
28.2617577010639
22.417806667370503
19.239184821798833
28.003900020517285
25.617044425256193
27.351836177068613
25.178765998606895
37.964309490654216
33.316093422553884
22.135888500324416
28.013049233583985
30.586848666630534
34.15248695855654
21.420261998658262
30.04549130546914
34.663548555161235
35.7440135358344
32.67264743996063
28.727113770226527
24.862875737362863
28.02738256472741
26.392380489896528
26.210673522857853
18.658435736936603
33.26902648869306
17.771244169678496
34.82819682106805
24.097466094730578
29.217951773471434
15.378758392468702
36.436685829812454
20.843476231201
28.70666612310145
30.466823283165734
18.355145081935984
19.870209460502277
30.158869632527512
42.71416202015189
23.523359626658692
31.76580792467247
28.360936132097358
29.70217322248686
30.456320466540078
27.055379026818173
26.020249959723802
28.45316058655071
38.89211288589253
19.203788661182887
27.42529088490459
31.54402123978247
20.71485711376264
23.232910761735464
22.36990482148162
24.223812974066462
29.965492570448138
30.95650411312365
28.04058861866416
22.60143521014385
16.04418389717297
29.18483723606544
27.586608298464867
24.762307435343605
30.072346232208318
22.48020451985108
22.205022183908046
33.936794611294694
26.987264583087445
24.123298310077757
20.37678177628164
24.443104312406906
34.22860264387522
28.56036105172698
25.150524033934023
23.087028212204924
30.624782747265982
27.888069049362898
20.930956413959755
18.42584043784406
26.2322879414298
30.17340497887095
32.958803299329034
22.926633866364423
22.562486644055888
27.831926583085703
21.757434789502696
30.6451735022999
20.826930991360314
16.478199319590594
31.064841643774965
31.97136917461907
24.501928643752116
29.686469865103547
20.879130548868385
31.714191978568746
24.787991253031695
23.56891694513281
21.27825549947945
33.27887327736917
37.73820606492096
22.1168671248861
29.844386245093023
20.255731048848933
37.5106069573015
25.37538199622994
29.820938104145494
26.50078042844913
31.269795174822935
36.169424266361666
24.38748096493073
20.852140961082473
31.77870341382667
29.4428249806374
30.04229632349239
26.154126393012717
32.5620138939772
22.010311566264768
24.043661634532185
26.32922977486476
25.205717897469892
29.58730049270889
37.45944701608937
25.628378550818326
32.136610827565846
22.336747378826136
26.617603865512578
26.64199645766951
30.398881421044067
36.5587243143422
28.719372693813845
24.17719356757954
20.25228447716643
29.795831118676734
23.236014881035903
21.632567424802343
24.927136634891863
18.301106102777958
43.004311747660104
28.98806306776845
31.672688169534364
31.896179693531302
16.075324632729355
17.091206351759123
34.11254792618795
29.58382681081418
23.135853964805662
26.055491696703637
18.49992955604587
27.84909627817352
31.119211838613136
19.65526265878542
31.831175159453522
25.962364723819466
24.148933828473698
27.281764310906837
26.850352732324616
18.587400122963977
19.481167579674022
33.3878281274985
27.81339896127153
22.3345939433007
20.751071817169585
23.415085967738182
25.52645402121177
31.86000395870273
34.29373276893741
25.980833262396235
27.517006136906797
23.623356976573366
30.629096457924348
24.338031197282696
28.20197251373281
17.256617495364992
18.401297729009087
27.53972880384647
25.59989385620854
16.370711032757953
33.368146906368054
24.562189863098137
25.111948569998567
30.06015570454657
39.93547610148775
26.07769392781465
26.52861720058914
22.19140581479771
21.596568324743593
26.66767210325024
29.435845970152318
19.662816264401116
27.232668198232908
28.49748712208334
20.653263901863735
28.97714229517414
23.35285524912346
21.632049045939
18.755686197791974
24.912117048131655
24.19514750501948
31.086522315458677
25.238954592754126
13.910140791760853
40.57351539141032
25.0433105294522
25.577404903557955
29.658818582543184
16.00796933061894
21.18257366518882
26.26626127348932
20.20049570513852
18.745920514693463
32.93816337716022
27.209548773948132
20.515501974478774
24.99633443295829
22.23272357321575
16.812268370716037
21.562270419815558
22.954506180013997
21.396029849961238
24.431874050280474
34.75688690075786
28.217781116681795
35.268730665267825
19.664996030745076
31.033758868194113
30.646107113554283
16.813741401584423
21.285616927209787
35.62988056773465
21.657327661326054
27.718380437988237
21.567417230229456
27.16877632389928
26.284486778876936
22.209511083317548
20.02871283488859
22.483698523327604
23.445920404852355
16.278021060880825
20.142227043671912
24.78881663731923
22.726958725206046
40.81043759636957
27.304537425998042
28.275237370030105
37.7988421223162
34.22617258315677
20.738322602218464
27.62872133373042
26.631398982504255
21.730203814407187
25.896844196674568
22.29217855145936
16.37411364193625
35.697209145895926
27.109415784500072
26.358005283499047
24.977817184733205
18.502273654871818
27.132583750645534
27.782386002325378
17.703220101328814
26.350210515730666
30.416999093643522
31.964760050919228
31.294462184643358
20.626897760105066
19.942559659275787
24.875018530372127
28.684677387630952
26.5523642573741
25.78680793531286
18.058804676694702
30.91226800026287
12.701054955351553
27.581220983153347
31.468232626897063
22.02031556479824
34.61320674843578
35.922043351170416
24.128928468484126
23.806026940656576
27.148533563357347
22.82322600465731
27.61813336431666
39.60258652626058
36.090813931846746
30.099314427982556
21.85348255262192
29.086399365779414
24.284245477715316
23.80800686687455
25.094580528424487
28.911153128732874
30.043004108603366
34.359344532288944
45.12016743598381
27.461551955374524
15.073778304146279
26.358377713253176
28.297954825076353
25.052956115439045
28.916030807330145
31.224278955722536
27.66505841174698
19.355961613670917
37.585114777524595
32.986891121557356
28.364833077835783
25.02177701490096
15.54684531753895
32.37516211801221
18.691995831172896
16.992075280648933
32.28434790270494
35.301062388209345
41.19019872700406
29.461245446116667
27.27495238364625
19.289375222004683
26.600221598942447
21.06754514516117
29.88089372224007
16.78326868092042
21.585260390872104
15.251586652130511
31.439009053864492
31.789457712090442
27.107673380848794
29.263533626838534
22.139544993841998
28.343296623573107
26.666895815959762
26.8263415485597
20.497140653187905
25.729177610590735
32.1478968253909
22.833324505960547
27.108955304161814
29.31196707097452
21.331580007885936
17.83119520645917
25.81877550225087
34.59731193936291
22.206523619662814
30.912101599407254
25.369576094517
24.182043778273773
28.92782862735352
32.268456629616814
32.28621703519439
30.14081155530095
26.798420084688868
32.95771048082309
21.088590292768284
35.264771212693404
24.396438837442
23.174544720665896
37.52582934831891
21.34235366623553
27.657133843274345
20.200390170031515
24.241149867555144
44.59365143841052
21.703092539124913
20.517574628222363
22.353360988904154
35.089481036797935
24.92191180995312
30.45309969683417
28.829409072784756
27.449333321626824
30.54672726804835
28.078383292406727
23.304419304693308
22.962596547020063
36.8373167661418
20.702977894691898
36.33115370874831
22.054228036788096
21.638786615495658
26.447333516213632
24.234261626342242
26.04309826267296
28.11954044798203
23.258947460112495
24.5037930104474
26.713470536507522
25.502975925420472
19.71097276515463
31.88747526356719
32.994313330318626
28.091769423555245
17.053761047779677
23.404480231829453
40.81967076265515
20.51737192515402
41.467521071258254
20.889508192799536
20.371342559495293
23.673969191612336
20.650240220996047
27.829059176655196
23.055538393196393
33.09618701652536
22.136166829654165
18.507169346407178
30.749456336033504
25.998938433218825
28.927483837826813
27.236671608692724
39.68977650850641
20.40784687217562
25.286765007516898
32.307569386892624
20.371634812158078
29.79968785882665
26.33737234458445
24.014086370209288
29.744121129676387
25.2145087995175
47.66327621394839
24.090482329618244
23.779494072577748
22.252556871346584
21.820897874012914
15.49122280977463
23.886550922424803
23.858908618981115
16.411594999385784
30.50782947615091
25.892482817249977
20.12816957382234
29.238181613001647
27.839043591459404
22.07879266333134
24.27053085581246
38.59326836097697
26.82753515312328
28.473279033801525
18.551535437361363
26.157654926067607
30.825834120797097
23.837636581709376
26.993452660787337
37.887081011087794
22.574390049799177
26.43758239479879
28.973661443603028
25.74534403345871
18.5477294578508
29.068478277833616
44.52254427896255
23.60198434355327
26.171035588478063
29.635982496423168
21.168188637275918
38.69597839288341
37.49337912249037
35.332707839209746
36.863812713862956
18.212269016356025
25.0782133943577
25.091647250118882
