4.636294118670985
5.452988738507542
3.9756944295200247
2.779572488974679
2.1539349041826537
1.6982132356981958
1.2485869404870051
1.1844086828925537
1.0767201584277064
1.0493028184241138
1.259998736441994
0.9596239548681441
0.9272005937701547
0.9052387203849344
1.259533339496134
0.8810579155573858
1.0979860172898543
1.1887111965308073
1.0602494529955553
0.9427263532978144
0.9737045482825487
1.0938340120911583
1.173539845167153
1.2314990082942903
0.9352034458769588
1.2304853424001048
1.0737093431686873
0.9573292534197313
0.8704145870861291
0.7783411241019607
1.0214251306880657
1.0443319051873599
0.8380784629313218
0.9382637834814629
0.9811421216271151
1.0588217378388873
0.8418910431016583
0.8811019877659042
0.9900982535615527
1.0534409402163765
0.8327775277098944
0.9439419471256175
0.9571083225589647
0.89707702137639
0.7879119711093243
1.0204762975439972
0.7008032677147809
0.9439482491051101
0.6811217376662793
0.846686670163891
0.8280177827832218
0.8081023830583791
0.6231353948465825
0.6617419162186401
0.7640517262288318
0.5882212834184206
0.5664995622624478
0.6151454856795617
0.5756606972465376
0.5200573615083827
0.623024052665132
0.4320484258394276
0.5552188018351201
0.46239795359423885
0.49559870210667495
0.4502279366597629
0.40671439770255813
0.4730659051244578
0.45472007865879527
0.45020189839778335
0.7579132777439939
0.39446657283287734
0.5589719094754925
0.4380788434491278
0.6175766809054417
0.603922798391472
0.4215571765229398
0.5672756578136744
0.37293751412087045
0.6572283370220648
0.3434817802479909
0.49550110187972807
0.5096026057901181
0.5397068634388474
0.44395587636457157
0.4372293978987494
0.6456469015580347
0.5219338061458657
0.5029445303314937
0.4635051590863323
0.3660413680241005
0.6269439711101581
0.5639605271404559
0.43050690559011295
0.40388957594500774
0.5094545442218157
0.4801426967543485
0.5558857620774688
0.5692288291528034
0.3836787802686383
0.5247079548902782
0.44681016951006686
0.486660657913436
0.6142666777906401
0.4158006770006363
0.4804662846588698
0.49629530986597475
0.7076856010727751
0.6308004997695025
0.5837236493056175
0.35734762099558326
0.4249448036259845
0.4794123056796374
0.37103872388373577
0.4223290789823138
0.478995348616232
0.3739532959417529
0.44705996595275166
0.3423351890138575
0.4365111683002943
0.4435681214556475
0.5257619750927587
0.39875076921186675
0.375559025433105
0.5623048910977596
0.40115598587825707
0.30879027816857973
0.4226942906821084
0.4761151749903506
0.38402870833206193
0.36479242108097665
0.4111690287481982
0.3840193906776453
0.49011344437880805
0.31010436386252893
0.43577015481301423
0.40556353649982585
0.695459676918418
0.3888815980764516
0.6400102179943201
0.5515743899184052
0.3627126136118557
0.5768212020950801
0.3645509847509364
0.30317277684398286
0.5055965613531941
0.5031289368813612
0.47434293969545266
0.5458211858138302
0.41384779585391696
0.3975348929969368
0.7573856970250173
0.43829294004368397
0.7021913569861395
0.508922908520076
0.46991413407805016
0.6460915065798558
0.6110624921856079
0.3982486878833946
0.6199538350438244
0.7115062028200787
0.5432722567861072
0.2815498819731161
0.5570979137320019
0.40555117015821257
0.440554543615675
0.482171584562399
0.39293859161335365
0.29213612870008415
0.41000360332040003
0.5947848649540086
0.6236973591440227
0.4070861921399796
0.4234618408049136
0.5505266826562951
0.48685991635166304
0.43454946618594026
0.5820086455526639
0.28331037171771295
0.35273472320329724
0.2960291498145609
0.4844499734682197
0.4150867288514697
0.49987361482226184
0.3607319712388865
0.28672956926898024
0.41089869358019526
0.42162678185863933
0.4898609213263044
0.3621911442564535
0.45030808564573754
0.45417181992559813
0.5767832913323553
0.403739375844431
0.6523053161680249
0.3932029002091897
0.4087326442058897
0.5009266712479123
0.31052850132884285
0.38201939151291275
0.39815510966570145
0.36400414917435053
0.36229405965891387
0.31831314769685104
0.38308318277502157
0.413086217469292
0.45837715766989495
0.3728702453282267
0.4003797530884551
0.3306518669958154
0.308703838158592
0.4238857359020208
0.5332366809132899
0.49116763833998117
0.49095272362345177
0.34710522309248304
0.527050791124675
0.41485020642273907
0.5519350517009932
0.498269577168767
0.35311026393482586
0.46358943872702496
0.4763311597146127
0.568762439812614
0.3620896167632009
0.27606935540966987
0.4759490482337733
0.34009317974156517
0.29277351442289806
0.47945139718032614
0.7050470538638121
0.508336140897011
0.4424067831019342
0.40826654673810864
0.5066170191790053
0.38276171810369397
0.4062803432380339
0.4391809494795957
0.46155160835383174
0.5587328745445193
0.4003556663242779
0.4276758468535058
0.3268117377864966
0.42219779248588774
0.44733377445266176
0.5917296633654009
0.4688615489950951
0.3863933497340805
0.4309917123426229
0.7868307819915943
0.43056364939435315
0.42525489709249414
0.40321000633184756
0.4478624750300145
0.4497771074646894
0.4352843744125163
0.44614019701312774
0.49101136857838
0.4832948781636711
0.46529688626028537
0.49887623656419516
0.4825544982458363
0.34413356541708323
0.4200476569238082
0.33109441806331497
0.3996035736129139
0.3137993870091711
0.3387452898639668
0.4557389783301762
0.35687307734598633
0.399584240767402
0.40299925209224247
0.3262252744043059
0.35899171248907435
0.48470654703062666
0.41350624449634243
0.4830673737312258
0.46199097890262564
0.4517769732821875
0.5350074581275166
0.4939014922987834
0.4672624734647098
0.39659582049891895
0.522346694649877
0.5969871619031183
0.3852602276638349
0.32405534972668354
0.45593892751895343
0.46723232531952985
0.2910513936949155
0.7859341853216607
0.5811182914742662
0.3846383744729677
0.5036934225508232
0.46724930294683265
0.4328407983985088
0.43519050967712786
0.4711711410270676
0.49861866831202195
0.40987540754388846
0.4516118806304713
0.5832944575943622
0.392834883769237
0.5466416753702814
0.4040131784089956
0.2359012462164008
0.49535896976153476
0.44348559941227916
0.5432508433858266
0.40360463431566673
0.38807774769880293
0.4960057321938208
0.36839724297969223
0.47099999445427737
0.504659959351401
0.4477946875845436
0.6674511486625527
0.32770714649129834
0.455006457695316
0.4894636010925941
0.4539209013982223
0.4596690955312843
0.5121673025063255
0.34753329900383884
0.39894514547139037
0.37328908733879124
0.5855109518353886
0.45833196150675903
0.3864864972473094
0.5322254067457239
0.41955804185378165
0.3592224550251475
0.4491253916249188
0.4279617374340702
0.552042219682404
0.541345525493737
0.5901885643900591
0.43920501845107307
0.40067720325925626
0.322308885075746
0.42127858812749885
0.4630008625931196
0.3632031554677884
0.43886958434835477
0.5325100134963756
0.5418535449436951
0.5065717350325669
0.4884893243781645
0.5684626022470567
0.4035321035335131
0.2891598203769904
0.43149881458831557
0.31929064855319983
0.5969479129828468
0.5369394942758385
0.3002823547215831
0.5558974570605929
0.2759051279390609
0.23611024712044149
0.4499368155636118
0.40449352073201067
0.4467367465618489
0.46711070799699905
0.28287600734762236
0.4898441535545813
0.42461647871908814
0.37523040687734854
0.4949373208499395
0.5554283740032123
0.4974343987078296
0.38557515694807815
0.2817569138913677
0.5504849163554705
0.3842276528328778
0.4610095934968942
0.3043196931598414
0.3356457864019075
0.6479990220303405
0.43646090795970566
0.5322568032592543
0.33861022832638876
0.44645884556746096
0.43450590671031863
0.4944818126985896
0.4196769969320401
0.4905674237048259
0.37599511376383726
0.2955037267000648
0.46826157715364447
0.4640843545296137
0.30795033719918735
0.352251707373966
0.34359136374459387
0.36682257081671504
0.5376538985293672
0.5615776389444388
0.3131950131048747
0.24037927646633558
0.2986971274764023
0.3644005188863933
0.3383968130235978
0.42666748640984936
0.470039559739103
0.5004419673331532
0.6239647119453411
0.39856984433352594
0.41312683849754256
0.3005320001834361
0.4100590680544037
0.4963912554676851
0.3989763494491859
0.4941918207487402
0.5554757825362203
0.4162725000702047
0.5713460208702139
0.791749955569408
0.3778884686268202
0.2698005352874748
0.35995953475313036
0.5150113892613103
0.5071513102829845
0.46606681987351173
0.6528763124243245
0.514566165958269
0.38118336853265367
0.45304594729280245
0.5369222108183582
0.6479912022642271
0.3494943724126703
0.41555093067306476
0.5924463212797508
0.3903996360664891
0.31550806285127314
0.5250604860689747
0.36436929449728006
0.33981577401569746
0.3928932161047522
0.5401593737478084
0.36779913445127727
0.42101419154576974
0.6626590985899403
0.48696799356458226
0.4308547633934754
0.6391038363422563
0.5287797587897011
0.45453593328251757
0.5769059719402044
0.3455120448395844
0.580054817646838
0.4686550691976706
0.5685755127613592
0.4576818587614568
0.529592536071152
0.4541863438680237
0.3686810317660321
0.39519233133551734
0.4622127909032547
0.39240333061949845
0.3577374406016767
0.5232035990427676
0.5964848365947039
0.6238609371362646
0.34890201422216915
0.5332171345183684
0.4458700947033654
0.42265901621694324
0.35251786804046104
0.4187064232333144
0.3830885790671158
0.384783570772346
0.3337253561697421
0.4241268452156853
0.23514287540368642
0.48426011392753426
0.45208870427586534
0.6154564177148368
0.5476867895588551
0.4440391926677219
0.4147304625872406
0.3215812960821821
0.34776723772072043
0.4993583858919179
0.4549815982695154
0.4009955883412649
0.4073014108423215
0.559574731767998
0.46745012137935965
0.5071276680769887
0.622439315139291
0.38110223019179257
0.6371423397419892
0.3687763628699207
0.39296870560140906
0.509633463578022
0.5364193053906089
0.31540569024635073
0.5015651062762911
0.3458136581702595
0.3556377885853779
0.6414589903695779
0.41426577742222365
0.458758757496734
0.6543429691219612
0.3430774765815258
0.265308771135607
0.3863408067908613
0.46040216939839834
0.3133781617107562
0.4996253546056476
0.4083985882470732
0.4608311934464668
0.5138513566211536
0.33747651046693944
0.4360513295860648
0.4662991066993571
0.36848976887781043
0.344236202362144
0.5776098399405294
0.3993097751680286
0.599327525347301
0.49350036235767186
0.43398409090597806
0.33649652429531446
0.33716820918230056
0.4176439850092661
0.3580724653097237
0.357161582191955
0.5562590655121556
0.38748509495511524
0.42467467667623693
0.40056201956553805
0.3670387766305323
0.3122968935627067
0.3417733534512994
0.4459610825458058
0.321363577079244
0.37404516103410596
0.4473646563068349
0.43271591278847815
0.5181025745323099
0.4288040848034277
0.6300594156165559
0.37166063130151106
0.40465919915934984
0.41119859572459794
0.37856143018839566
0.4104673121130443
0.43517595548574733
0.39418717408152604
0.550412951230354
0.3411592471611001
0.247336288776713
0.46479343541824786
0.4585067281974645
0.36664512367950725
0.5465917631122699
0.4280251837586923
0.47040359836234663
0.3889171182663712
0.3984134910828147
0.550713932230923
0.5020351601421752
0.5734891403737781
0.5015029374295734
0.5167924955670712
0.41673367823494406
0.35628941829003546
0.5321595177672367
0.5286103234839613
0.6422607576891497
0.4359004215681351
0.4942497411098805
0.3314735518697194
0.6210569064573879
0.3897950027226488
0.3179445040010363
0.6153603213929199
0.30468653079346153
0.44697885614898064
0.3156985381618749
0.4518451452081901
0.36748717152528343
0.5148715313674626
0.5867264914287482
0.507922398238815
0.5808400685111856
0.5800635650214004
0.4009691855854019
0.5068161992865525
0.3726136762892575
0.41028129918687056
0.40811976374614467
0.47385931526650626
0.45229505155464444
0.4271649062262378
0.49018088164052703
0.34317258141046003
0.3119298063151123
0.3031477211172793
0.5670958515151185
0.4978235112545585
0.4576735807344648
0.3976595639723398
0.36917010049385596
0.542693260174846
0.49049543451882455
0.44187758782416703
0.37818402503374143
0.3245256087792202
0.4432095357918864
0.4287241438180497
0.42816554075323654
0.4494963457466918
0.26927381997066
0.4586099778897066
0.3795884666596189
0.7857594387080334
0.5811617913310233
0.515080949570932
0.30620524901929635
0.5445420497636273
0.5420378255910416
0.37323326234891346
0.33988769804077434
0.484185599048553
0.5884724447457458
0.48912361034682017
0.4982381852914563
0.40668775103535665
0.3617636740364428
0.4836767180778575
0.43954126843495983
0.5179955779551128
0.46552415834891503
0.3166253758825758
0.4251837547694312
0.5164324748774815
0.48041472201369884
0.5279344454231113
0.6219648270412902
0.37967014632659535
0.5424114336501192
0.5262368610712256
0.354240313931625
0.7337074837194519
0.47075178403124884
0.5082101760428681
0.39104726819579516
0.6343455432251942
0.5821288384516973
0.4667158658116153
0.45772649042913927
0.43673533288356275
0.30880625076464835
0.4676812938064983
0.3572350114153674
0.5112112437215235
0.39229960967923627
0.49124939622971725
0.4647699738449466
0.36640176232980576
0.38502250956314865
0.40910705031522143
0.4450898039869595
0.37079480130837505
0.3977936629069175
0.5540847013053248
0.4612620508563777
0.3726420733323922
0.43854650047158755
0.38044719688472134
0.3886712164085096
0.4273004099218496
0.3300567647795303
0.35485828596606317
0.5466387435860849
0.3872108014979961
0.29942135962941835
0.4518013951959435
0.41363374359599975
0.2894698967523972
0.3517073813393596
0.37733278085231653
0.5430769377243418
0.42796379612872265
0.4035796194903854
0.35540321824100496
0.49151161390738257
0.3295733332836607
0.47096552303554184
0.4622218407040845
0.4992127461942702
0.35538273228769807
0.3613081440824879
0.5276766799280844
0.42531237331912813
0.38896997559543434
0.4600512350208009
0.3412965978175574
0.40222274263397656
0.41956902218749204
0.4193512742222516
0.4884171218068407
0.47290936007952994
0.44739895068475083
0.4319445369909073
0.3104207310219988
0.47149792289032877
0.39226326650227555
0.4326127778286819
0.315755809173361
0.4308022712930397
0.5538993918068952
0.5816306050732469
0.3268559127899203
0.5945675150868767
0.4786148930526475
0.4573523629040668
0.45593530210149846
0.7535311500547178
0.514775536797844
0.3736456472920862
0.4447849651279528
0.37774913682747674
0.4844494090343312
0.34301607130510653
0.2822907173242089
0.35778489797617635
0.25708301496507124
0.40266858701437613
0.4469487323274909
0.4813620755756099
0.3229753723513277
0.24424138686530952
0.4153839883749838
0.49651182777488023
0.3763820481347001
0.4220341144347541
0.3843041527343928
0.4015836539782804
0.4095823670083447
0.42554778439632945
0.3752283927402449
0.4125820660062963
0.3588406211913558
0.48837475551309073
0.5056361267933319
0.5193566285464327
0.34294174711584946
0.40575948740339984
0.31886073404578574
0.633622911848403
0.43410354488805475
0.42380721269707755
0.5909552700818055
0.29211988254233423
0.41948517473459446
0.4624384402945918
0.3874452085139043
0.5508550195547985
0.5697499473765518
0.345167522589019
0.5700368407723072
0.35550951180413587
0.3905123093363388
0.5582415717306783
0.45430888060907265
0.47429328159112133
0.5012848332366571
0.6231875021165475
0.4740843072067802
0.370199939692767
0.44818084653543966
0.5185358401038603
0.5856945838856669
0.4837445296604736
0.423270753138486
0.6240423600841591
0.4927401576928583
0.3463465537060972
0.5339589462650187
0.4009309704781957
0.45114564212164276
0.526046587431551
0.39040584906737014
0.4402981822628244
0.47662802648567604
0.4866783608266136
0.815835166060701
0.4148491966948245
0.684714146799646
0.5997387571215846
0.4466488896465716
0.5488721583852323
0.49524267260583665
0.43187865564720473
0.45019592661190067
0.3583061883451218
0.6035344884025774
0.26793063977599374
0.4266661727964045
0.46576088261608684
0.6029959785550374
0.3172390710267418
0.4822510864373298
0.5035347959286686
0.4803740100027961
0.3891471149563079
0.4507993585226616
0.4312361200764654
0.5144601788471106
0.5300124931124506
0.5146600947636385
0.5775782040497005
0.4674541186802563
0.46177289247812947
0.5596996659173568
0.6572710198079582
0.5719030538006413
0.37046192527771316
0.4145107050610157
0.4449780366804399
0.5519393121242842
0.3204304882083868
0.48456665759430345
0.36555301211072133
0.3432494848581519
0.42175823761931475
0.33239524972734513
0.6343609399285224
0.3412460010918498
0.30207711344833554
0.614728818585836
0.4066222663999638
0.36036532561644213
0.4741391138239174
0.361664456716084
0.5301507484649677
0.5598524563703579
0.6690835463970018
0.42456931652501345
0.47755899801592744
0.3609223766818664
0.3634734726211238
0.5735942321906109
0.30767172383799496
0.43153014242917453
0.6245666347377133
0.5482155825227566
0.3556441889879097
0.5988874575986396
0.5010774232488245
0.346502160254251
0.6276098454539707
0.3335366372621519
0.4486501546741195
0.6223173102919763
0.4812933540163755
0.5467430244123875
0.37077177205971373
0.48118181602865806
0.38912642587007007
0.4080112037613404
0.48532985947229973
0.32062106154857817
0.4276468968901937
0.5298278357672254
0.44510128544318783
0.5544907626814726
0.43179405518587965
0.3228337677536033
0.3087166915438652
0.43655537642322756
0.5083570606582924
0.4406245183412002
0.3328984339331708
0.5343637809280968
0.3909304312263643
0.47036812007668666
0.2832543661047906
0.36507413029976765
0.42980049743291737
0.4509318183759656
0.3614053929992586
0.48752330317110715
0.4384883418698858
0.5905357475467268
0.5246608622597723
0.3715670935630586
0.4880411640723509
0.46745621173497803
0.39596908367527034
0.49770496712985723
0.49566816490717275
0.37247822292615274
0.3891272324387614
0.43255212213803884
0.41210076632103615
0.4344325149621226
0.3113333817966315
0.5724059747761571
0.6132578454212042
0.47637091099777584
0.5795968762785814
0.548416540295975
0.3772456837657631
0.34863441394145045
0.351219848706529
0.4555141254780988
0.5308066333547113
0.5230050811852337
0.510565405447369
0.47737018319433533
0.6028029830154498
0.6471433400893797
0.4103685808426879
0.4538202769087792
0.3870012227893179
0.5041713292006398
0.4250343753403848
0.49194794347272897
0.41776790849351947
0.46106434582959976
0.4933426214260543
0.5864061503470261
0.42064780331015644
0.5677726839999399
0.494673377495283
0.3882487098195724
0.4176199258952506
0.3827744429550898
0.5145496136776221
0.46352629727621614
0.5130597354032576
0.30172907601404053
0.4563058014604503
0.3888756431369236
0.46401390215808114
0.4046491451835878
0.5265531313466075
0.4123911714340485
0.4463428935930129
0.44922311828099437
0.617267367712562
0.47158764515185625
0.46097279763685084
0.46313292188599786
0.6311232722480923
0.44973968656932434
0.4174361451691423
0.4523354332608388
0.39171435296422674
0.5128010763665982
0.4367025845970092
0.6007038379157137
0.5167455638966094
0.4039189850113399
0.46625476423660145
0.36790790289927106
0.4529805990665873
0.38428576585948243
0.4244554352268633
0.381385802429421
0.4128700862569714
0.3458898636139478
0.4161613299914899
0.4543615825041986
0.43467647410427496
0.4121335133384376
0.3483006173947112
0.42502249466098
0.6476307032262024
0.44449952428398415
0.4411720698177566
0.49639345319938083
0.4833705981424343
0.4459650936482782
0.4376647561975457
0.3655019861613306
0.4911246156763437
0.383175526908688
0.37215338855585506
0.4123478415398509
0.5040335909238515
0.5053808463241131
0.4219802863693489
0.48901665544759043
0.4340802611467877
0.5148409235454838
0.5274101118289976
0.5048942078020311
0.406165776146746
0.3488043154857797
0.3809263694080945
0.5591505899453402
0.3148309759081939
0.3600795662501403
0.37327198887487456
0.4545476393384
0.648922993581999
0.4310640895772895
0.40053208524093625
0.5782467250037266
0.5893941499574836
0.4813964128939131
0.5436954727037119
0.42593144119331294
0.40243316257552386
0.6279073309507375
0.4079006873961252
0.4356772514895518
0.40576309540077266
0.359880800186322
0.5046385991853576
0.3287344856454583
0.3671523701828196
0.4145403439150627
0.3217914926089239
0.41231480630878214
0.4097569769958846
0.31688412675442673
0.6079114180048413
0.41738236782399435
0.48516086235281475
0.3711631923731975
0.4422738506518358
0.3360184806101919
0.376173414626999
0.3298934163728407
0.36037395425152613
0.3308998270423027
0.4430840550644809
0.5747269186123068
0.6206197250279644
0.5641144149183801
0.6551972698269886
0.5130424406473717
0.25546490229177826
0.3005383830873111
0.41252017920870837
0.41778391278488974
0.47501542427285137
0.47300120813588015
0.4157624680811207
0.4399006653999221
0.4047992359564117
0.46068108206745656
0.4864362175242255
0.49982510016113463
0.6133445831264892
0.6427996224167737
0.45699551007509376
0.5221571623368797
0.40193703672009623
0.6432928633729417
0.4679755830350035
0.5112921295549235
0.36760635049064716
0.4105658135845572
0.5493515961928968
0.4869302287190743
0.4080336722820831
0.4969444976696748
0.5351580405065791
0.3921679098482549
0.4414315139337116
0.426013480499589
0.4321591338356156
0.27892763532600434
0.3437902613704538
0.4429391542507549
0.33585587404498995
0.5404484698392947
0.4613227887387631
0.32892064693965356
0.41558569710978266
0.3031301181389866
0.3296742726201827
0.4046812859225084
0.6172791839656677
0.4161576227010733
0.43139592320559783
0.4193337109427848
0.3622284936742837
0.2876784068841134
0.6496345467633233
0.3806832195986903
0.36011086597280856
0.31109870110948873
0.3371404950008708
0.3690874677686142
0.32919390371831453
0.4908994023453216
0.43044627808358293
0.46817667386782097
0.39671651526745455
0.440928471483148
0.3916949517407174
0.45347456846753015
0.48485307706943803
0.3982351721637034
0.5863072006600387
0.7702317358624102
0.5095171602236477
0.5714243527910746
0.5098601435383954
0.438470503281267
0.42892219778184776
0.4072592104342293
0.3819754917068077
0.44534962067214856
0.45344176830961114
0.41604760369288746
0.40554773844594655
0.40080183806784997
0.4003113384585283
0.5314021603517574
0.4258199389107365
0.5035232883672878
0.3275646633972367
0.42186259616586985
0.37992376306818104
0.40170053083323465
0.39408550471670745
0.5284472458644571
0.3363433292970169
0.3989298301089771
0.3842063784682865
0.43067970594199695
0.40981033137831485
0.35011442929577413
0.4914288386952817
0.40549018162238
0.5930912706587401
0.34876767205717635
0.5781987871248402
0.36051599878484164
0.48157407917415235
0.5790400140832715
0.3619001262753568
0.6925130606386708
0.39174989756564577
0.37622903650435424
0.43586155381552877
0.4801631918476112
0.7027937199646155
0.29705785537352836
0.35937934150375306
0.5098723487153064
0.36651694714521066
0.43053509006976054
0.6071025948984001
0.43225243348999826
0.37845006954489985
0.43020528706819655
0.4163051441323015
0.3156252986262158
0.446880335406508
0.3695711797056324
0.40889535605555105
0.36637508026408333
0.5073411827726008
0.5295185746216068
0.33143962368360746
0.6380321942661732
0.5536499088390037
0.5529076881869569
0.4032811124173295
0.6276396000979341
0.4098567191843294
0.3687013793004591
0.4735411696002786
0.46884378089559947
0.5389414540746665
0.5299902487676158
0.42871151938648394
0.6263985042421406
0.4829796855251574
0.2879057134250914
0.4941534162714385
0.33664899937336334
0.38580321287613367
0.41213735412090563
0.3444352473820252
0.27517490632308966
0.4020593070038189
0.456768140757642
0.3719970592682629
0.3108941412936629
0.44958892091810876
0.34835269444046246
0.508155719692865
0.5574999591491725
0.6152825627194796
0.5325732357089875
0.48295732593034707
0.3892758200160625
0.4202449437313944
0.43137886226879935
0.3866896875539856
0.32802310178748234
0.41305543289773705
0.2766222285985741
0.3521868931069432
0.33953464490803686
0.4210114946862309
0.487562993086393
0.32154076486170285
0.37793149006947957
0.32924013155256004
0.4067483004115542
0.5803352695932793
0.3962785660988216
0.36458932974427727
0.43725769015282256
0.4899829548022423
0.31576579559780604
0.5622494662009068
0.3580561380401964
0.502455492670736
0.46249841050600793
0.31300658067944087
0.6089745035238315
0.3797470527624182
0.4383097621788165
0.5128200589844693
0.5442856102510925
0.3698010052061815
0.45524869795579975
0.6361466584277307
0.48005923388619304
0.3908603001189587
0.4625052778705596
0.6499891819991697
0.48041441441505134
0.7209742076417801
0.6060147640867899
0.40134998881192363
0.39240865875691444
0.46454775117023234
0.3467626946703127
0.626014913474016
0.45057137961391674
0.4890223729296219
0.3527530979365094
0.40910521202342615
0.46068800149903705
0.38540539474911223
0.48137590168659816
0.5135655709493495
0.6105970167374032
0.5614502543326733
0.47218490871897273
0.5075467345495626
0.5138416043283606
0.4382709264029161
0.431639010148585
0.3697726342288299
0.3607508180334927
0.43802443746513053
0.5126192952256646
0.3922225013849253
0.3495929242372273
0.3632212428031159
0.42940806631394823
0.3548160487300523
0.7034308407754744
0.4694988815654803
0.45911260143775046
0.48007463513457105
0.3764478872499252
0.4516243812860337
0.41860445589724804
0.4859063074757811
0.42579567414228775
0.4296956634374653
0.4732098687401412
0.4543067687422959
0.3731385091648205
0.5506873236713297
0.4633800949004423
0.32528826081631446
0.44682132543367326
0.3854065280668022
0.318925811058586
0.38472073466676115
0.3728677803140999
0.42759996328270466
0.4140218497510525
0.5293632627990035
0.35965558304826534
0.43081678244892935
0.6043392292943724
0.6840068990580956
0.506500657453221
0.42410008879658795
0.43674691615934247
0.3615153473922149
0.294180636417286
0.46322474712545475
0.4656873541976451
0.4430337083223497
0.36114664636768773
0.5133785085693816
0.5122419442453631
0.49425657699094905
0.4458568285855638
0.3821767749437041
0.33790283132792814
0.28112120134833707
0.4846307970207641
0.2818753977156037
0.3214958583162317
0.6523842291054932
0.39475818469768004
0.3836968238358864
0.6224046995970138
0.47455172209986196
0.47812969653591125
0.4084609026135178
0.39292095500259633
0.41742601894822884
0.4455884285242181
0.3744589307441834
0.4758911442196718
0.497950191201315
0.4372560884472935
0.42848709795357764
0.577710309268892
0.6171028578188686
0.3604475894348138
0.41540472822780916
0.39161215631388696
0.5316745850554229
0.3548450348302938
0.3736358376909305
0.4041435425621903
0.4369394458953344
0.4423405143158467
0.5077428253860913
0.7758574527846862
0.37137383174775934
0.3829358119588046
0.3961553298461999
0.49805987210446306
0.4241560308070588
0.49943625797980407
0.4406621218827919
0.3771890325114641
0.30752179414798564
0.5429928560722884
0.26128828815397376
0.3159550603910584
0.3446861145372217
0.4995187822209148
0.5346423969909609
0.30767817150011095
0.4573840145901318
0.4718786141575719
0.42560103134843663
0.4052047396021462
0.6952345417637642
0.39347133870323897
0.6146552905591185
0.3901594750753435
0.37305943630464244
0.5184060437858269
0.5162015423607543
0.2990590962981486
0.3252899298896744
0.3965083277060454
0.501546525334256
0.3806527326079154
0.5095581875995552
0.4618801817653299
0.4194728925700803
0.5626434618408781
0.3579309118895069
0.7289264591763196
0.5402465496706141
0.41727677479124653
0.4161649995060321
0.4393011291522968
0.4139035180322857
0.37199839307408994
0.43755144656373873
0.5281482846444927
0.5259465089887407
0.6934234851590887
0.465867681917453
0.50318652416785
0.5203443557232732
0.3853357803464992
0.5441317237602056
0.4938801240736207
0.41272745708319053
0.3641807659204972
0.5163409078326577
0.3791035408911786
0.3852775630713576
0.505602791077924
0.5481135363948887
0.5120613736411785
0.5501949628061461
0.3753776680703731
0.5607276193476766
0.4277165782525409
0.5035743121962799
0.37645922295619877
0.4315082554315079
0.4351435777321456
0.42570506166146244
0.4829449302615246
0.4114476958757083
0.5571773633640458
0.4428284727896663
0.7252125108882154
0.444879257087421
0.4747657670487574
0.49942139060168533
0.42059982884657937
0.4870529955458388
0.44986187935380206
0.5654039998545451
0.6482029341518244
0.5442772512753966
0.43089302866206475
0.39670511025278843
0.37775203129632545
0.5066973839902932
0.4662923510175031
0.5008894742637435
0.46121977843180784
0.35412326997454285
0.3554290588671211
0.6240156694624527
0.4864613767351909
0.3275655557175728
0.5054263615172736
0.49433214047093527
0.4980641989003527
0.3514563829689744
0.3692370053552181
0.4452922555934691
0.40915608580697954
0.5412158503100863
0.44987686269642563
0.3950226012686009
0.4332478671592475
0.5348191125407167
0.4892993720273877
0.41420565746815124
0.4507896805411686
0.5252536744600302
0.40254118627240504
0.34961465150575116
0.4766896237807629
0.39356953039966097
0.5722755029934931
0.3961858108504424
0.4057650395254241
0.5320184095119039
0.5439079293236901
0.39762476862456025
0.714137263345424
0.6298893952104245
0.31609751081566245
0.32541406197302986
0.4320624945280332
0.5271822757911006
0.4026055279007438
0.36621497384572144
0.47305214567643866
0.4260218270146795
0.5623284665568163
0.3183679919124591
0.4540497373067013
0.45735484681046235
0.37777992874044325
0.3012797411050492
0.3368842556169127
0.42955005936699714
0.7348664871773453
0.3297939955338492
0.46348698962604384
0.5526290711343746
0.33886413411137334
0.6326507418711541
0.5159424826400774
0.5053093373145475
0.42614385595129745
0.796088965199171
0.43310810174670616
0.4621612446810671
0.5738332945694703
0.42191955494260025
0.3468823966461338
0.47449751568373444
0.38568423891583287
0.45723210588416263
0.5392407489719105
0.3801309060110313
0.373224702499262
0.48442121131924115
0.4088428761812129
0.5466578851766459
0.4440117780206548
0.3108799903190431
0.43303923251266324
0.48638292332446226
0.3626630497208945
0.44097621901315653
0.58906776876739
0.44758643870248005
0.46406363127788053
0.3722882993791526
0.4883539298695643
0.4262092510178009
0.3551119550295294
0.37569606023406005
0.4338331041634488
0.5649696539497356
0.3944396788707663
0.44245331305877894
0.7151647974605043
0.6623173058450769
0.4492077904916987
0.43848025457260614
0.47169230993669514
0.3662197605645952
0.4919169708722911
0.3187486197724988
0.4615105409548591
0.4531326094057301
0.49919710182220517
0.5649965408036247
0.4337358349797626
0.6266494693045961
0.30949244413812205
0.3731766924090055
0.46406049307929387
0.44319845055255747
0.39981416979819434
0.504755453776164
0.4720750060524826
0.3731778070300642
0.4096491095906978
0.3324324718886169
0.35978067405301284
0.46319267140960385
0.43151757822370124
0.34592769073194546
0.44156517231031744
0.32522761442635
0.3613541702236946
0.455531481132263
0.3948886580854015
0.3524101461695204
0.5816228959908744
0.4527969778833282
0.5912075932885128
0.36513397825819444
0.28301133485774876
0.4241865349843503
0.361038977887958
0.3578724314567278
0.40171188864824864
0.39450344634783
0.41286467314443354
0.38892442429788415
0.6648350872304453
0.32183707940360956
0.4579782102876619
0.3377039150482079
0.5039070114310694
0.49905914827995085
0.3749038713251151
0.47330946590380907
0.42447489063373955
0.36063042794746775
0.3132749160798768
0.4085460305853665
0.5346392026379955
0.4688799845972883
0.4428130442821142
0.5296131485864763
0.5478757271909855
0.566526261174692
0.35819539765230884
0.3376214308556565
0.5207317858971631
0.48630987910787443
0.6627731310115009
0.4623214499462532
0.2771601993583411
0.40898344104880874
0.4755428764643165
0.4398496763116716
0.6973934314077105
0.469758727366369
0.623820498134041
0.7312560454526748
0.4795103388228147
0.4340932242757196
0.3798171129823625
0.44903424138503883
0.6078846793279805
0.34671936796636726
0.4753135844531151
0.36755177075284623
0.5476064977692651
0.4667757063820754
0.3714849705302124
0.35714207068511683
0.4629065898846987
0.5173027964987704
0.5029291691393116
0.34523054716967005
0.41086639627390603
0.43033303124197175
0.4085573761422022
0.49860236146527276
0.6513224549978625
0.41614102042804224
0.3914155791122812
0.4239685930039363
0.45072551125406984
0.35171520177421867
0.5407357788722705
0.49737281421288865
0.3609037887587116
0.4616419284716129
0.3930890621518164
0.35080211122309746
0.6715629301986545
0.37026734836495717
0.4597965503106274
0.3507589519467176
0.4104670550686993
0.3562469159050862
0.4141117889852925
0.4287988851353018
0.3707677976694698
0.2837851200855452
0.3102420529438732
0.31763289140718964
0.7514646026434949
0.6764537512786449
0.3753573806408989
0.42405266902210564
0.43471354888225827
0.45166727847775334
0.3720277997937968
0.4707805229984314
0.3495346343305933
0.45049049426373916
0.49889711612564624
0.44068366664812075
0.34129337596997755
0.2717759366604362
0.3479597998005858
0.49405100532167295
0.4273687697545249
0.3924625580318177
0.4543706989084136
0.5017001280665241
0.45223466699739956
0.29202823649660925
0.6673901832764374
0.3420967529694507
0.383988403318586
0.39531618672302005
0.5016619488598787
0.37723338267934486
0.4042035188467039
0.5910578393226561
0.4302867858794278
0.6369070310239506
0.3889916253024747
0.6491309673512339
0.5313875772360789
0.431524974289766
0.2773181508153882
0.5684319194702607
0.4602954513267588
0.5244261780034749
0.397128162396414
0.5171948916979
0.4485772989276128
0.33191088343449443
0.3741687033097707
0.2916886064686722
0.4903369465549652
0.41992817086678874
0.5843017260029162
0.26060892828592125
0.6271167925236512
0.49392653824924787
0.3762751834122545
0.48430654934636486
0.4805147910488624
0.3360899057746045
0.3095092276476348
0.27896367841067465
0.3359333626376597
0.5012976996821173
0.3516475868629987
0.5511495299325888
0.3752588541248851
0.570461395678845
0.437574181761441
0.3571917230113035
0.4055005584444074
0.6309722927198793
0.610860141829167
0.449242198747337
0.3493439076166106
0.38358791056010844
0.27616879587902093
0.3993172513578849
0.4898860482910904
0.4726115867033308
0.29218259331102964
0.40895840545511164
0.415218731586933
0.3959967215824004
0.5103589103289217
0.4898242704295792
0.5734256688609486
0.48376491800211063
0.3910184432437669
0.542805065899461
0.45465634711964614
0.5329225229675856
0.4032199472861873
0.3118803880061944
0.612961429889569
0.4205811735571893
0.47122796818114177
0.3735370541855663
0.4730416343977353
0.4781729113272294
0.34187341117147624
0.7075378345141636
0.40340416653031014
0.3855723243988749
0.4790000203909309
0.3169288517671711
0.3494567653640483
0.37050380985979947
0.55731042884633
0.2664945843989145
0.4209440554537977
0.5037761450477352
0.3676893152902242
0.5063237406934382
0.5695478464219896
0.48136924795692854
0.3651273096388221
0.48284771481438954
0.3508935423744716
0.3121414860655922
0.3304598923587975
0.4303387613275685
0.33562265338510283
0.42484725075087326
0.460707353551985
0.3715523321361608
0.5969545470605719
0.6393261928352238
0.4060907746107755
0.46000595072023853
0.5472150008694626
0.44512593103861053
0.4693895873617579
0.4155055548631666
0.4170851836078822
0.3289293091639761
0.27083822174360406
0.5682921283301624
0.4571879673973283
0.47076529208585627
0.6007258749713595
0.6495954309288162
0.3511748342425848
0.593644949203208
0.6934680569999244
0.6588405145094087
0.4373911214501544
0.586234025733974
0.4764341530167528
0.4970734249168695
0.5090263487396876
0.4316674928189361
0.4298000445142829
0.5090163478059301
0.4946249768347382
0.4499379790098015
0.5259921853402479
0.5176333259691134
0.5843080184567994
0.4152354269499203
0.3972836432980256
0.42282583637687676
0.603558663961522
0.478997090157275
0.6702806981271795
0.47743308676230495
0.5229661259956101
0.5500526750143964
0.35002897997761695
0.445080685833321
0.4979526629528128
0.5848424618315363
0.2708066254363326
0.418178398937608
0.4314820361793961
0.4966785105307174
0.5013862864329768
0.5723862048283453
0.5916050112153346
0.744912107987858
0.44664863054830833
0.36116652834971946
0.7421703445237006
0.5834364192697525
0.4770422443419864
0.5293733689803777
0.4313705368363815
0.5131683111019658
0.43843348098956747
0.45582540921033454
0.5577682832056368
0.4973263646278529
0.7439244278252088
0.31091618667098325
0.5112206564553179
0.48111480799288586
0.44633895698849696
0.35038093774883483
0.4601776179607001
0.45583430933453867
0.5021606554505645
0.29443643932124697
0.4653839674291122
0.4006331881041058
0.4514226501455934
0.424039546496854
0.3266905294348971
0.596104279098457
0.4317319244013958
0.3885090951782533
0.38893570092776847
0.5894962157587902
0.4857310776054736
0.4047118898054247
0.5187411986550994
0.4824006697159709
0.3872156287286785
0.4418288160583349
0.43034121757648214
0.7386481509732006
0.4240633284595699
0.47671718151855164
0.46965473853983186
0.4975821438430772
0.6022153216587531
0.39432711557021055
0.5457814407463961
0.47768234395262205
0.36142434554012953
0.3888671367513197
0.5298650769236081
0.432994249255578
0.4988217793552272
0.46427260034858775
0.46874207040589416
0.410830727027651
0.4890923596257846
0.46840849420135083
0.3821401298851192
0.5071067935695796
0.6549072400599081
0.5672183117120777
0.4035538989363901
0.29375566944460757
0.5182001312939541
0.26832861190953977
0.4636030667059496
0.47882312775403607
0.4228825619975717
0.47553231741074126
0.41106925945002243
0.4917174934285954
0.6102829771981776
0.38554251753970104
0.5126339003400113
0.5490613652517409
0.5094759946808042
0.37447202353207665
0.3876400758046891
0.5584720520882488
0.4150013564625818
0.30422529987840197
0.34143086869149214
0.41876159443988104
0.3815388972918985
0.5003418181045065
0.3498254507919327
0.6523660713651868
0.30406830212396857
0.4353927890637068
0.5275895698098468
0.40695392572034184
0.539862127418212
0.45359262901601566
0.5280746354911108
0.4369874883571747
0.38541309861725287
0.49966703650983224
0.3870141603895101
0.34281307501387137
0.363582854468202
0.5026114899117914
0.38849907910690906
0.27167857735025464
0.5547687135796333
0.54921970904415
0.3962077790396199
0.4753446590866483
0.45295913380779984
0.41388762644989774
0.4912982989557254
0.4889191638780816
0.4899251211918414
0.4671539869061458
0.40227159696597253
0.3422123285676185
0.5514155980810247
0.40552634375892743
0.4485488975106413
0.36741200182978245
0.46284614015233716
0.3108036964397435
0.4298225462232084
0.4779064359841475
0.4444182089131512
0.5089582018834873
0.4633893935782259
0.44775047609905444
0.26878272603469405
0.4210350104877157
0.572175666309725
0.4859396820598048
0.6124465823741704
0.44588029909218285
0.32311746849094025
0.4977287224885468
0.36671800230072576
0.3795762963985736
0.4935311723167775
0.37315687752116933
0.6738605034468783
0.4558381283188748
0.37585207884606237
0.5049631260132437
0.4747216269540029
0.6401930123028206
0.46339135154396305
0.2802797580938607
0.4406406655516504
0.538706729512398
0.4407296065131013
0.4535953840452314
0.3633939732559951
0.26592888410298654
0.5286791578150336
0.5198655097627853
0.40962303536369565
0.5095043106972772
0.5558411827073048
0.40014397354716846
0.5828648894183692
0.33488703837951844
0.45285311450854815
0.350961548988314
0.3675386620488636
0.37659692256667004
0.6170367294347672
0.580075296458174
0.5048238002355441
0.5757350853038554
0.43410328271019044
0.47272525529443077
0.4608092528843043
0.42998021391168245
0.661985609762809
0.36123137663391774
0.3686275779777608
0.3871223315406686
0.5769938211590749
0.42420454849773476
0.37129859555897515
0.3879756464023579
0.37849713132955476
0.43543922873125274
0.3621944933721616
0.5096148411772425
0.5221192510085535
0.42587964993609284
0.5764690893699536
0.37587312974276843
0.48649667006453856
0.2997333740020609
0.42707401692644964
0.46381549826877616
0.4215030939168364
0.2944198695828339
0.48461173769740523
0.3373434324518649
0.3689937557732009
0.46857352915736744
0.36072594426064514
0.48251087261993014
0.44000057598336556
0.3564028500526866
0.3693102687372155
0.44850329251526955
0.421834286189362
0.4801077850445661
0.39073669671245453
0.4208962190673312
0.33676571701501995
0.5243142295005184
0.3283118944596052
0.48101790692298446
0.3404969133074533
0.4011830349564534
0.2853085330631759
0.6200607935479168
0.4221556303028811
0.5693616195313864
0.33025876224353967
0.4953744415379637
0.38941749772068407
0.527600537828432
0.47184174225971426
0.4284964556667717
0.5510025569490065
0.5077205160064923
0.49118614245192993
0.5467791958400737
0.4942485802843954
0.38333643566990044
0.5269358460606309
0.522022553838208
0.5427099188373591
0.38279644021627046
0.5881243188457908
0.38915992439054664
0.5707733965084513
0.42510102009327544
0.38736730706595585
0.49268403262870375
0.4024917124758542
0.666495300278303
0.5030120477937713
0.6225590399285827
0.43350869244710943
0.31556771149923635
0.46052035656299195
0.46165251846945
0.5380132583124501
0.37811802533558475
0.4593769724789064
0.38286947335249716
0.4223639578963662
0.3467900575876882
0.3761799394363165
0.5271672471607072
0.46507884872451827
0.5684367495704973
0.5292382032184402
0.61182002907873
0.5335696461818888
0.35876233111001676
0.39577924214103916
0.43221268895408044
0.4045126895553057
0.48613762498734947
0.394937206909045
0.5837572038064841
0.4924752087726029
0.4156143704948449
0.38405444042654185
0.34826286688403757
0.45752884732482263
0.38304188359561475
0.3557688559560698
0.3555381195990769
0.3376103499077846
0.40457878126303976
0.5494372724842937
0.5219547758908183
0.3416984409864373
0.3506100910927656
0.31723313148608556
0.3615395558808966
0.451510546173893
0.5022878019873394
0.4481557448762214
0.44079856184823196
0.49501379819930125
0.5075292990935816
0.4955835972103262
0.39818491106073134
0.576234577175284
0.5012889515275011
0.3122635830645317
0.4684936861630968
0.4294208865467123
0.48337451665551656
0.33944756921576014
0.32414239455152233
0.3305019194897872
0.5282030732952171
0.3996256392446563
0.48424418189924484
0.40138833076690406
0.5878670519686015
0.6183934000468989
0.46158113033623754
0.5786098353447025
0.6119622366752588
0.41197618033652905
0.5137079283711304
0.2980072271475111
0.5388925168333283
0.4761679211336332
0.37108874555956295
0.32983167396624574
0.4651005752533651
0.6071221848251522
0.3568416353494543
0.38083723289959637
0.5401372489927626
0.6151356918765737
0.5912868943436372
0.2927709736630639
0.3763868857955987
0.33215259668819214
0.2788427873390566
0.439101793302094
0.37612428757550104
0.35251736137058415
0.4769744704733875
0.6440244198954448
0.3144480014371995
0.49951869047437636
0.4859311522250429
0.39118430385715064
0.4748259460062296
0.6655358903819983
0.3716671852980954
0.43917633172420983
0.6311806985497168
0.5465386891303206
0.3437535514547012
0.3360454420115573
0.3016945797069076
0.3722356614300294
0.334266811929054
0.31372030594390077
0.5743370896255456
0.3676904762509217
0.32942115812185796
0.5250814348943661
0.5874605071847205
0.4959761691654633
0.3761475107467487
0.4653622931569873
0.4219499723301446
0.4802074713574788
0.5436485443282983
0.4721350550121062
0.35154403232790277
0.3888338014744963
0.48843703755216844
0.41796730640806057
0.31800929067204775
0.3951767178438112
0.47280908810740985
0.5681188637065936
0.3605054400079402
0.27970363317554775
0.5348428585083417
0.38423303924150803
0.561586845682531
0.6029264736520912
0.49062624835209573
0.36249241013323114
0.4088268100108653
0.3719464594682149
0.4427590598687138
0.495472324021954
0.40310133710815355
0.5183047075394274
0.374260083431959
0.4918504415314495
0.5751118129066033
0.45545324134588955
0.6664431302621927
0.5979343236588447
0.4131790276113541
0.6185867606269918
0.6110940790540492
0.4105541990866006
0.3742005029474204
0.5000462549741738
0.3624272267445159
0.357319511725985
0.43251309504239704
0.41160886872840646
0.389540883031394
0.39581694123430566
0.4096537817212308
0.40864230645691113
0.3688170078425859
0.32573183367245806
0.37848438735451356
0.4060902430734635
0.5323001404203804
0.5483259868838994
0.44912905096651545
0.46577761714375326
0.3655164883562247
0.48098915893124466
0.4761355993213839
0.43761616949916415
0.33542710104181744
0.5184856309856015
0.40987037151465233
0.4470116547799609
0.384148621926525
0.3112509944554677
0.466492853620208
0.5181377703614446
0.3502896362232624
0.46022137057051604
0.5504468866187096
0.45847324981522153
0.5139264351189852
0.3460615528259549
0.6138530008505346
0.46800728228336763
0.4101690488804994
0.4450938000369412
0.635165181308608
0.6754560829666661
0.5900313253704975
0.5969162410047902
0.5102889606807743
0.4839027422493692
0.4062492166874474
0.5196562015099687
0.6386795435046166
0.45030558580980956
0.392454206427845
0.5528551713769423
0.43145589940688905
0.4229435135842923
0.49270409794245135
0.6158042579500654
0.6853767083494591
0.4533911620168334
0.5490197858792792
0.4346451396226749
0.4617619119491329
0.4632725458201695
0.4390778805853258
0.5914632828007196
0.4815521454799503
0.5646033149740415
0.43992127911179824
0.4124476080888354
0.3739404172200035
0.375338958583253
0.5997574829707101
0.7491517451639923
0.4468049136803262
0.5164076761584582
0.35218153970075666
0.4784755032025998
0.5484922032725081
0.40980127739272426
0.43151691784919805
0.4257180953304276
0.521435447850748
0.5896761518395227
0.5145655646862178
0.43263984010464024
0.6665636780437058
0.444204801714923
0.3867606737057893
0.3405430507213559
0.35398545241905854
0.4348769221085419
0.48178685947924943
0.3801606635522006
0.34697457763085643
0.2678823180273229
0.48360489383045174
0.39760684663605617
0.4560074667517688
0.29097358388217925
0.5291219375529451
0.39731203512879126
0.385793361039285
0.6189000170710396
0.37478104413095625
0.4167795239446751
0.43083624995767733
0.43643480303068666
0.4135958878992943
0.41533848158012504
0.33492243976630776
0.4219992430248819
0.4121611354267283
0.36303682913778784
0.3086351792940723
0.5386658050978891
0.5364600335422977
0.40765716706443034
0.48484158218170953
0.43628905824727604
0.34446392345825727
0.5702203043394332
0.37398058463517225
0.6392592711882931
0.5200752608857846
0.4776978813688975
0.5734235080414004
0.48412298545718574
0.5935105636587871
0.39491401385117403
0.3185756047769557
0.5211559479654214
0.3379117116049276
0.6415817103687441
0.6124752297509518
0.36274481515569057
0.3772368198060436
0.46772741252165445
0.5158845373843286
0.31252119379361215
0.6602372568378768
0.5113817791571631
0.6711366014556798
0.37732394292615845
0.4119484054497996
0.4161730258883449
0.5167388154050885
0.5061745622719643
0.41195821951971173
0.5364870953475059
0.38283423039946773
0.4769665149177128
0.40960799813306203
0.39314789959253815
0.4654957749038604
0.5701293728701695
0.41056442103097124
0.4281317397750426
0.39901576376983305
0.41386625400373545
0.38929953843501763
0.2946084524025792
0.31560735441747895
0.38097742811285357
0.4680812337266158
0.7021661210865303
0.3791022305416411
0.44505268540189546
0.4577713451770186
0.27353694532766004
0.43731427373637466
0.36912466734608196
0.3504352497431229
0.389196650334569
0.5265300124741502
0.4345788841306143
0.471424082063929
0.35644152880059476
0.4067069223412949
0.645974756093225
0.7634877706606129
0.4130780839201887
0.37450681332279084
0.4503166907446584
0.4076978106430779
0.5335917174174528
0.4251340822592164
0.49386470818020356
0.3594634607000749
0.648421660070289
0.286493007353892
0.6707739853800159
0.5169523663858714
0.5223525774032658
0.5570298590690909
0.5448018860075967
0.3084577338048208
0.4606907266389264
0.5362272817436304
0.4017013386482142
0.45998974945785137
0.41471893236927254
0.5478719205850332
0.5113705603622969
0.3700595303696963
0.5307142063781394
0.7519995815612946
0.397581286577707
0.46424643238137897
0.4534375450802487
0.7484695824975921
0.6286347577514418
0.8595840153956964
0.5085098914129813
0.30758205108876246
0.4718134793782135
0.48004318774773225
0.6319625608859408
0.5091282186485754
0.3918127279947015
0.40761751945558405
0.47676336543809894
0.5100573119443501
0.39783310433767993
0.5581990498206083
0.5407900758155129
0.5244806911529769
0.48940420767270704
0.5017275710126442
0.5251757625222154
0.7624950172262777
0.502321840763222
0.49602242489663534
0.5621936090532356
0.4476548007992611
0.5945320076462756
0.5959314996933884
0.4831178687060213
0.44621853227908626
0.35209841098401246
0.41723542643632444
0.5836345233407598
0.46564976348241727
0.5519352834854637
0.36986896738920316
0.5500326233992107
0.5396742412754955
0.421423774073429
0.4304547972989608
0.4399028721604128
0.47135692966808246
0.4393933928098293
0.4141299098788295
0.3411571851188927
0.3903631221214891
0.5098763982129492
0.4027913604097104
0.31733732198558595
0.3065937469956183
0.5853916138009395
0.4435287767070621
0.4734275732353059
0.4060125495217102
0.3839153486145889
0.35888758526997117
0.4753506110997766
0.4068102049705216
0.32581665936882387
0.42356958072738105
0.3051230311440431
0.4330236137125981
0.6049213585989945
0.39213395427503656
0.37631469329870504
0.3494392225650316
0.4057759451330309
0.5640112699287401
0.383405741228692
0.3749451794290922
0.40855355496615176
0.6132678708204068
0.4507333696583016
0.34384679925386896
0.410338049951793
0.5344267558958447
0.5920711430416842
0.5959604368860387
0.45254013139242555
0.4635548911248544
0.4156876242084919
0.5309775658833312
0.3745573514828357
0.47557998677422086
0.7568828340351265
0.44303324818090356
0.4039622885268683
0.7853334279633447
0.41767453450391817
0.5053195726232433
0.35116743814092966
0.35797334676872683
0.47513776791321144
0.6523965054956927
0.5098425518236294
0.3232782921819398
0.4150067585325485
0.3900556011076959
0.4813238274377951
0.462537499043863
0.40756110042958715
0.25448692201040946
0.48270682613834337
0.6176556006339458
0.4621642858467721
0.4266722579709113
0.6915149509055228
0.4955554307205168
0.38072286411272865
0.4848780704661419
0.47658277703603147
0.3538192091328453
0.5234360402793876
0.7198798561972224
0.36849903762058456
0.46896748858821496
0.39846968662609367
0.4354826081965958
0.6388945975695753
0.4868738707140529
0.44807126211432635
0.3963636548809559
0.41263140568163836
0.41688472732434184
0.4723968086554829
0.321012584492644
0.4537611487792392
0.3616994989225366
0.33307485830659733
0.35397221751297225
0.33149085780827225
0.4178967177244136
0.48155883246437353
0.3739703912671864
0.46667625816377967
0.4793690008795247
0.4220938303731543
0.6688425407884707
0.4372732537222392
0.40751418683371693
0.33347306535220217
0.41562829900254633
0.42968414716083353
0.3682446664074575
0.5573297171479038
0.3650321714116321
0.42676966332810534
0.49754569405876625
0.3482022546976522
0.31124875518351447
0.624323112958035
0.2833296962537242
0.35639975270704854
0.45993856353233376
0.2786444299648041
0.5970742835234996
0.4276811602935851
0.4342164235678638
0.35563579845772725
0.625308737465519
0.5794295758574702
0.48801953582447294
0.35473963311012846
0.45012242601238034
0.3551653012445512
0.41184234402623277
0.3635844307543931
0.36321887665478714
0.318993018905908
0.38028094274454116
0.4008095979445698
0.47577843551135257
0.324448761183712
0.5162536028712112
0.5836709444467727
0.396509949084037
0.4079210533605579
0.44195182143667167
0.49286228194962767
0.6115818486078015
0.6134325161732775
0.4398936683668009
0.6362855571756199
0.41279134913372106
0.3513652662317629
0.43020479991418054
0.4354611604727224
0.625436715224811
0.49905779270539924
0.46773382560899807
0.34710617016327333
0.42262673335298984
0.48965258277300994
0.416216403062911
0.47875830126634866
0.43858514225832207
0.4857789350043148
0.4495894709856019
0.45087237569573446
0.4290954131201831
0.36442780927221624
0.5558623562769008
0.5221313161416985
0.4903396887721254
0.5350342803133592
0.3384522728102573
0.32442544461438666
0.5500014249722809
0.524369227520551
0.4652688254397895
0.34849738660372725
0.45529381743679315
0.3959872616402892
0.37740648532867566
0.45710141171189184
0.5940559783453961
0.39077677995470483
0.5095421359515641
0.7133252586067234
0.4381801644669853
0.6077339883845408
0.5183836916083566
0.35172302146737827
0.4143145481390545
0.39004455747243666
0.28169897384165354
0.5526096134767918
0.559022575615417
0.42510894644856234
0.5363578918691096
0.463788962651113
0.3299003027576621
0.415683758908043
0.5510317737182618
0.3841763445432616
0.42346889130879656
0.3386936917539421
0.476474645049261
0.3761501866645083
0.4584826025917397
0.28924244336207566
0.36343443291875255
0.5409360805857882
0.3354978702057934
0.3637775667271274
0.23346801196590045
0.40219810882616996
0.485631835385802
0.49810678929962676
0.45123881115538356
0.37545021858718036
0.48341711687904215
0.42341675524626937
0.3331140496229367
0.5133202194577522
0.4951974718584144
0.476364965020417
0.32789045304575626
0.3400238297739848
0.5070871511648535
0.35127644478049674
0.4217537855456253
0.4118668543980277
0.3842892928909966
0.3786256310424435
0.37916012018123363
0.3902374376079511
0.37590332176846986
0.4279486226265033
0.2703171888978028
0.3317060036891792
0.3818963416551001
0.36194392618970833
0.5512433817277871
0.4748841819432538
0.36593623238162787
0.2513706987008189
0.3582395740255342
0.44381493899214225
0.5496474907486684
0.6634115238193318
0.36514022851077604
0.37285838139169014
0.35835252515743066
0.35855082861735554
0.39432400519781974
0.2624990580253057
0.38430949549035337
0.4093537124418291
0.40088499082412016
0.32373383979388803
0.4535276202736512
0.3077558750074366
0.32427075201871836
0.4063035160514208
0.369064266262072
0.3831597035513763
0.34648529488531166
0.3691489307100667
0.324769979193908
0.40095200480528287
0.36532985373810284
0.4088141448293677
0.34771158661933177
0.40955232099392946
0.4084809206066809
0.48807932138611626
0.35052324153560904
0.5058340714697948
0.46455768904519196
0.5028244525428599
0.5173441900211654
0.6349457806902973
0.41183508000546515
0.45771926223226705
0.37471414188716334
0.4581425275664286
0.3750448069972091
0.3903026925952394
0.4627936316388777
0.6191988691799748
0.2958858147504161
0.6128068139239444
0.5214591258656007
0.5528036210654403
0.360451858403273
0.43712619677865666
0.4549260024497808
0.45725148124950654
0.49447637804619193
0.35475280183571484
0.3222608671695579
0.5976115717735163
0.4220286978022345
0.4539305709299477
0.42262124883880486
0.4417725556252958
0.5769033970645023
0.5014128537652969
0.564053300386963
0.2763773378856446
0.44526825674042464
0.45182196242688455
0.5163156470704031
0.27540844164485073
0.4395569099765673
0.361140119264263
0.3953731445290836
0.7826812164973078
0.528154607030499
0.3373487827619525
0.3510610859369802
0.3539867974580702
0.5485859327100425
0.3516471071610392
0.3925755897522771
0.4950300033392436
0.2592530701543643
0.36374909557928076
0.3498182345992985
0.326567423648767
0.4270534936043728
0.41320634323520883
0.3179352975102354
0.4047824067968367
0.45633573653316684
0.4836888673302977
0.31886600868828546
0.464338742046314
0.3667178307651633
0.3883014902463081
0.3939675039721977
0.49811775873151687
0.32437169759964957
0.4378241881103326
0.3366127238148807
0.4199375704198748
0.35351729305184393
0.5133788679867686
0.42258433619332647
0.4941869118355882
0.2208958529739618
0.43474726963316324
0.5595986242170043
0.406796907960691
0.59839153988297
0.49885736306285056
0.4905178037088665
0.5047487582718329
0.4482286248930916
0.5517145848802173
0.37203756264550997
0.4559342986392207
0.3342923951294654
0.5155263402736284
0.7970726957537941
0.5304670612686625
0.5421449575056139
0.3278664484093038
0.4369613964859829
0.450099147533676
0.38431996207886254
0.39336275125272724
0.37178058783742474
0.38284953594484533
0.34700266221907405
0.3043702359572901
0.3182549126253501
0.5165300357953123
0.5611549484727878
0.3957316402711246
0.46215687299549213
0.46023334011052397
0.4564118878769134
0.49070505388860264
0.7297860670830023
0.575887092694214
0.5802323926192794
0.3520563239166563
0.4364081514472967
0.31590405836966334
0.6174828258726863
0.4383948467662903
0.3738471714663757
0.49086285316957
0.36136332480009636
0.539278029542262
0.5839621624471589
0.37260267351926507
0.40705982764465337
0.371278793882775
0.39696017916313386
0.7734445660790994
0.5614864841560561
0.4459256115411829
0.39344346699980093
0.5810165205802443
0.5101048333709044
0.5273460579242174
0.6206817511869525
0.5859919188631971
0.40811863258140013
0.4323848149083009
0.6695953366363144
0.42362079104187966
0.762903625089086
0.45937897751240325
0.4973843680810939
0.2852995966902896
0.3560869408785948
0.6690609702734327
0.3754474242299912
0.4208919653734101
0.4386344421311797
0.5311124696799976
0.35709462767681655
0.5035581882222085
0.35029515343724527
0.44729655226224
0.4772911414447821
0.3904313063562545
0.2608339570710871
0.38530622798066305
0.2891414748544894
0.2894645785650345
0.4711973368429693
0.47186064653378323
0.27508512429074994
0.48953292521636876
0.4165867683412756
0.4918459371243148
0.4187404752853817
0.42136012758746194
0.6420761210113803
0.294857315177887
0.3633551536704482
0.5381273006426975
0.3039388510971078
0.3038631204665038
0.39165645601594723
0.355200900255712
0.28225530937304744
0.4032275218728779
0.46320168804947764
0.38027512517958284
0.44527239098397836
0.3263636177931551
0.34538630473701804
0.46924230378340936
0.36499254993874364
0.36547402069224877
0.46601324650807885
0.3362008648223801
0.3918259687617316
0.45678789348072235
0.4331496696604725
0.5333865426765977
0.5236872101362235
0.5416081486894347
0.3828762607457432
0.42824592294512825
0.49703475413276177
0.5327370462881019
0.5942226913580958
0.340915091091852
0.39338374907916585
0.5984902405541096
0.33476068664047154
0.5146821586692978
0.5412081494283351
0.45188549361290126
0.32976974825844585
0.8462949846524908
0.4589896863501778
0.3343828512026337
0.6565755654920987
0.4779748188802029
0.3809664416327427
0.29311401365319867
0.5331887448354197
0.5006971208337684
0.28362603966498623
0.4251426956834457
0.43065756147167017
0.4056619732092829
0.516133627494117
0.41321897955750075
0.4156348292727919
0.316096876688324
0.38283878186372333
0.4047987161718048
0.3934119586773453
0.3383043973785606
0.4012275975837946
0.38962571866726553
0.5078054901402588
0.3389945825065013
0.4484371219992013
0.48147082336198266
0.37010067168729804
0.5158414823768191
0.4296880463003157
0.4124128856634144
0.34511344053501875
0.5511615766304133
0.49785989866029295
0.5817089308632558
0.48323408923334454
0.3890556184892731
0.33922065177283134
0.40276306126520534
0.6388825848774716
0.5482720249110474
0.3659638779913781
0.32735617619568674
0.688084221835855
0.24754846759584145
0.6151696364419731
0.4722924350817607
0.5180405970417221
0.3131523325955937
0.40153148595218463
0.5447879201925053
0.3580560006286556
0.44886687270614195
0.5766889149051662
0.3822707725413368
0.3514241533951475
0.3577864787265032
0.33130338546767646
0.488280893761539
0.3846122905132186
0.32019472277937633
0.4823425916176323
0.4555775758954473
0.42260733871115014
0.4273648803195307
0.4239401024358852
0.31209874959124956
0.33778683443180113
0.549855404235558
0.5358388233083871
0.47162515283446327
0.43550509905764967
0.5109372079716297
0.5901702182635837
0.3227386071849863
0.6590302674808988
0.3170068103565666
0.46390857250288936
0.3889782897879402
0.34716590582330226
0.4867542880962653
0.41656240381076914
0.33482031250737426
0.30899269217079545
0.38433310011147814
0.4835510458526766
0.3377578436130351
0.31982474747137035
0.47969921388213144
0.5164746652167531
0.34508571575123953
0.38114275368395706
0.4158294197853145
0.726403053969475
0.3430062649581183
0.46948219682541104
0.48286160490420355
0.5245595756065411
0.34522485929117724
0.44864786940186463
0.4758591815627426
0.36884453459667943
0.5028846963104633
0.6712196081518668
0.46262038743876055
0.39620777644740685
0.6209652088539707
0.4809685948809188
0.4792227886375103
0.46558735605102197
0.5028630367929365
0.4043041631475585
0.44142386083151597
0.32712997509299985
0.5501576520189793
0.4290498064439581
0.44047397315740816
0.4227238377592802
0.41616988625367335
0.4485561393155236
0.35845520488427873
0.31304715473620714
0.42786717693582854
0.534723099634071
0.37791133741012256
0.6526849422260301
0.43292054683180053
0.3746550919086759
0.4969238495673136
0.3703992381215293
0.4524621593583487
0.36369257821776335
0.3700963301616974
0.4735536757169747
0.4077637253354389
0.3967446897302709
0.5782942712191551
0.37431981899673883
0.25864252180200265
0.424156872030712
0.4544518510645202
0.4684965985484698
0.34911169478384757
0.3402336898180146
0.4163881765516125
0.48925751559926517
0.4731643154474683
0.5068371752789714
0.5193422152928694
0.5742484953078287
0.3900738629597522
0.5907645299329204
0.5220660067206181
0.44927559042460324
0.4511850916563897
0.5700561885496925
0.5832645733951539
0.3432580282908842
0.5784328123932481
0.5711890151414447
0.4300134128109189
0.6135561605062869
0.46760523930283027
0.4194403393739675
0.8607712614826927
0.48650297394719666
