2.415907881386949
1.9139445406482918
1.2473537828760497
1.246659559716491
1.2416470552594638
1.113781465497625
1.0992606456677445
1.0006809321553347
0.9423039587512557
1.0772697947818148
1.1170891565929435
0.9601050146040053
0.9994569470433368
0.9226467626261449
0.928577765326753
0.9868671948332401
0.9385981105003002
1.0264522230640798
0.9776543076868188
0.9541150778296276
0.9751452292443635
0.9495408051733502
0.9691738859057617
0.9636362079594494
0.9893590933988231
0.9806913812209881
1.0268905977573626
0.8959758077706468
0.9085090946005526
0.995085043726175
0.9153010169138743
0.9137620783466073
0.9692134172987148
1.0786185491505331
0.9230854672556468
0.9585751800854054
1.1336185478775982
1.1322618629905867
1.027986471360239
0.9533492569971508
1.0357865798663906
0.9357351801331222
0.944191539209843
0.9343235067608896
0.9200281029876258
0.8878471146651817
1.0548511519610169
0.8181344275062077
0.9426076840183251
1.167410581600304
0.8249594612021387
0.9173244284711335
0.9323347193050814
0.9556281981618243
0.9556935401951205
0.962538578520258
0.9354025245175911
1.0062073764934734
0.9345214465818863
1.0129431611751587
0.9426527100164316
0.9282526159937873
0.8805593544770811
1.144880784903553
0.9452704961454304
0.8684800767082427
0.8119202948640704
0.9757098762044085
0.7757456077905012
0.7843395490509288
0.7867028422922516
0.6784443895391579
0.7187003442393471
0.7847343758155235
0.865762867680737
0.6518245147029647
0.7217489058821565
0.7440622133593451
0.6868632870055971
0.9830075016714332
0.6756006712811311
0.6977103680627308
0.9185368065880473
0.6277868755386802
0.600834731427622
0.6201827965313795
0.6449991986497391
0.6488697112130175
0.6376528364653932
0.4674161372154958
0.6537003869858379
0.6611260059070295
0.52964541974454
0.654746731763971
0.8024635039341312
0.5004656552069179
0.732843455646308
0.6406009267933019
0.6854067623140094
0.6410392972683175
0.6994876410235625
0.6780772995505675
0.29632159401205593
0.42934397982373973
0.5110773747331225
0.6749271761236295
0.5853177948085182
0.7979655809167205
0.6274026662122572
0.6295687477943539
0.6581375284571572
0.6348579500397977
0.5544091552933513
0.7963000290914778
0.6075477814997126
0.7672332592559825
0.8195551895047755
0.6684378710583593
0.7025261960019663
0.6314133081193749
0.7301026227345195
0.7493029987170886
0.6964817460991902
0.606340268749539
0.7042514548562049
0.5281531441511402
0.6783923458119042
0.6512479815695981
0.6604886282106501
0.6898145118520906
0.4751105018090951
0.5828439876406791
0.7249620156074081
0.5833118495660722
0.5156459932609918
0.4656512416108556
0.2967520334584346
0.6015347391861453
0.5782867973445515
0.7605853023708223
0.49272957531587114
0.4484593213789709
0.6159531489129328
0.5374918904250442
0.8419617422904578
0.4278720207507627
0.31204591236612955
0.7470167405844772
0.540112683052766
0.5636722621742986
0.4350877928710279
0.5265856952776431
0.6646875602422179
0.5645611371671623
0.5680779986787556
0.5353589456827867
0.49674919292443204
0.4034930140586211
0.644073808171128
0.6937897726660242
0.575611230524333
0.6620902193910828
0.41346046030679484
0.5681778744856271
0.5729921224560555
0.602172528008223
0.45381380877643557
0.6138219045414882
0.49135481730533515
0.5392159148427945
0.6772187930235094
0.6197183929325728
0.3471217577686292
0.7108505255591109
0.5047570223263699
0.5125607846599115
0.6271222912517921
0.6369556999029354
0.6058832846425725
0.6226845562067311
0.6394175199659486
0.7441380874383546
0.49411204115683965
0.5893217124632811
0.5988916261390064
0.6280742416113937
0.6726297088674069
0.7289046106654197
0.6350552792987663
0.49461465995225
0.5492712945753729
0.7171631701620118
0.6445242949488957
0.5613959180422278
0.6471292098761084
0.7694724017162067
0.7144411323591089
0.5850429694622842
0.755950791973299
0.6341854149675343
0.593486480558018
0.6428534973708759
0.623294610425192
0.6480075877154294
0.4457042655505389
0.6804374501016364
0.6803627399739098
0.6834484876916636
0.4825595270182461
0.624908208550415
0.5211982882394414
0.6229249292056965
0.6773762187067056
0.5676545389377315
0.6749301843549845
0.6409538904152561
0.5914142933263047
0.6052272583251131
0.47262823555924305
0.43142041279305654
0.4413272818407571
0.6560700537131406
0.6125422923033809
0.5918616856483181
0.5815699572296539
0.6930577202665561
0.5350884600688659
0.5231582809051409
0.6728660068375782
0.4869764724940871
0.5631145207161986
0.6353960804795592
0.550706964582534
0.6402565803711705
0.7376539005077114
0.5669214055964183
0.6022738638995204
0.5350875745130778
0.6712266170056396
0.5174201517543429
0.46824028955549063
0.5484990602453169
0.6170329072966907
0.5237751141937238
0.39145426092233226
0.42979845371234504
0.610874558540944
0.6559923721176162
0.6172519706256113
0.70951999613281
0.5766009593546866
0.5836787895748243
0.5663615750024359
0.5227326297939099
0.5950659889858596
0.6882508587890288
0.41977100426653935
0.4944334345782791
0.5758900781892625
0.6335183884159512
0.5969565633059875
0.7089681839655174
0.48729839117355955
0.6295474764616275
0.5495615318540931
0.5264920466565066
0.5520412658657987
0.6367619943312011
0.551567247728344
0.6162517801455801
0.5897286721313384
0.7137297351188433
0.492224131715609
0.5414108513707931
0.4599285352227319
0.6035103726090346
0.5788186825125994
0.408292307179593
0.4444685617558085
0.43815124390270355
0.4750534170235264
0.5378475559342293
0.5355742935977282
0.5187269636644716
0.5013578182926982
0.5109467190092626
0.4643625013325182
0.40211740840029503
0.4922322256144493
0.499373501843719
0.42496815059227944
0.31357276252182725
0.3942029896076766
0.5745909509202282
0.4228346146505561
0.45983109413202
0.4019151158043799
0.3650911612196843
0.5757048056060704
0.5733357848853076
0.6922159888157355
0.4339265965662126
0.3718293472676185
0.49721596379696936
0.45247150250652274
0.46090187161213714
0.5301035974134095
0.4602159755780939
0.34955994913894206
0.40720242147967245
0.2819785328016414
0.4664642903908787
0.4390844776864579
0.4246558927382698
0.5176199746084211
0.28959665199211176
0.361996653516563
0.4067296269870822
0.5749895991253493
0.5327908908097957
0.4271247949444115
0.37502537416202586
0.6242597993894933
0.4700461742495046
0.44415460489562236
0.6200163893482193
0.45413713318215126
0.42350008593563865
0.5657448629758058
0.30662107426382457
0.3721953609773494
0.5093056492823522
0.4147123123207936
0.39086146560670276
0.6852750467074041
0.39364290200557855
0.5208540869602855
0.5341960501035388
0.4372376285652903
0.4938679693896043
0.4701241288027047
0.36992677526517775
0.4626966478334397
0.44534616444714953
0.41175054345612266
0.3500858842242381
0.40585419164473524
0.45709448924489243
0.3599092243094985
0.5697552130576723
0.6215311029688874
0.3595766168519935
0.37238808031709375
0.43745361523241416
0.6417020092577553
0.4567790580958461
0.5524878864902741
0.4130387197894094
0.4934305131093316
0.4009976957687133
0.4176108949616299
0.40282725487278725
0.5257841528372855
0.4803982728756293
0.4973899265422561
0.509436983529236
0.4624114994942446
0.37818993314409066
0.30213688479435286
0.3792365195178628
0.5066964946564937
0.34114101688590937
0.26735599203760374
0.3384368286808831
0.3307307305266694
0.4190470761321207
0.21218653670105497
0.29001946347154745
0.4353758346781149
0.3210841213463629
0.3937121453182238
0.3936768290245914
0.5308603485539164
0.3180850967719359
0.5631427597401629
0.4668870326837603
0.2755721996575995
0.39744369860741835
0.7009825472134387
0.30182978582840375
0.37548667692126275
0.5071232157398746
0.43385071039876577
0.31707390334661933
0.30816071823095553
0.3221329343223016
0.3448509445510297
0.44896929826907833
0.4910312345900501
0.2908271002355804
0.4962213229228297
0.405240830716143
0.3846011373129913
0.5548944016615278
0.598541010327484
0.5314540706171482
0.37405226803226144
0.33119435536152153
0.3514670861311542
0.38656256564313585
0.4757846373082055
0.376284987016525
0.3738963959047782
0.4251582153883551
0.5519604803390171
0.3738215891447714
0.41962577886000485
0.521608291450355
0.42913715047465406
0.5097924357362346
0.35362371670864706
0.5991256269540469
0.39703570431198554
0.4322680981053171
0.3516871766713026
0.41568470290964776
0.5105353901068408
0.5469484630784301
0.3791151438461999
0.38796604772523663
0.3371082407297587
0.5681821308636077
0.480717185402296
0.3532864859226423
0.7470738715517631
0.7458882539013474
0.5400496980040673
0.3894768019428378
0.5353034161650061
0.6051550241640486
0.7607015485498759
0.3464708788043466
0.6593216522882988
0.4921208873609007
0.3369847866731721
0.35710636621635783
0.6347588176070317
0.5357058111870909
0.48638314914432706
0.45813460000171174
0.5482573641200608
0.4265808929412485
0.45061561620493873
0.3316448365976675
0.43262605699877754
0.3239977602563492
0.2826242959825648
0.3157532217309441
0.5037520130790997
0.43766386559819004
0.3872047722495769
0.348838525086091
0.40355550105014887
0.5798244718293806
0.45517271552451194
0.5515219831232305
0.41500199709749974
0.3092330778500827
0.32640747956662247
0.32207725170209894
0.5390637319206435
0.36084414119070896
0.507017069416371
0.4096719540468624
0.4776410129236239
0.3660158267050876
0.5003958285348129
0.46287119877616234
0.2503302597664371
0.4031655117612104
0.3098586993920252
0.427933466425487
0.4123862532704991
0.500413467479708
0.3647099077153614
0.4625170233334925
0.5665076619714204
0.43772075127305426
0.31024195780722863
0.495645460903267
0.5196300960120507
0.29719197059600555
0.5687811921375322
0.46075390743596706
0.4913281107384497
0.404675765427909
0.33351162076608215
0.4461739909605307
0.48389752117834306
0.4554397499138307
0.41350130947297237
0.3632455381647851
0.48932696828675
0.5573429678503198
0.34226109707032487
0.3032997467428498
0.40449993414764357
0.522943572683877
0.29217231241089076
0.4654192370007539
0.35999130346511116
0.38138570598833604
0.29217758876336886
0.5357362165391469
0.4768503898658195
0.29825258533352644
0.4854195378332944
0.360361036160884
0.4447924775810327
0.4889858033709593
0.49999896679167216
0.24758806484388066
0.3113762504541221
0.4141563358037973
0.4184387720154728
0.5574714249202628
0.2654431004389926
0.3227865902340054
0.4420139062652573
0.4061930761202854
0.3214618929064621
0.4644551771228272
0.41990364521211593
0.4694912773158477
0.5273031310768594
0.3394352381991121
0.3455703343663699
0.4863091503642924
0.29208156665583823
0.40747477512914615
0.3703151306464002
0.663273957677757
0.5031744382414852
0.46051814046285044
0.3382737894620175
0.4349468825208237
0.391049163953149
0.34427516115040085
0.3669476252615821
0.379460055998098
0.36251087160713735
0.36188576433260783
0.403066075071023
0.3369156584019869
0.26439787327985415
0.29880257875236943
0.3689267754726931
0.18408895612608708
0.4220319327266813
0.3564407335511871
0.3189142729708567
0.4066725643791307
0.3603879577984566
0.38162350237445797
0.5072869600368538
0.34424626517338763
0.36713037446694924
0.2738970759123452
0.35261665597717545
0.3384994762950259
0.3021970098045653
0.5026516877132229
0.33043206845395645
0.5592784313740035
0.3571561189070148
0.5819449832990387
0.43045544151876003
0.48900806181517376
0.3435367623355432
0.37805118066792825
0.4583286003763077
0.37043691523437594
0.3162710233674238
0.35343136705240596
0.36407470334819153
0.428712977937779
0.4132350663471244
0.3476386533310986
0.45517053820088693
0.4196931224314441
0.36901706701308606
0.3584855455315148
0.4661819746218457
0.3642084283956211
0.18939699044287964
0.26848362191951736
0.4338400426260714
0.3038212052821286
0.5013407237240256
0.4261243011397903
0.44327753718709484
0.3756744775912849
0.550661801169655
0.3629458747903541
0.47255433380750017
0.45105883236156946
0.5228543042104528
0.3320026898861708
0.4950457949122447
0.33384007060890164
0.2811914793630997
0.3025728703116101
0.4363907229807303
0.29844196401048273
0.3948328150561566
0.5580545453741593
0.30772697786956005
0.3593577249433446
0.4860449737176151
0.4572445988142871
0.5365358381915308
0.40153867245180935
0.4313752781810056
0.5808434067512064
0.39611411186083956
0.4463539664085498
0.2707295315021254
0.32367706345929004
0.30297392302788645
0.3191007198687076
0.2666317437579078
0.3451678986464777
0.41937920434430026
0.3646033111225152
0.3843352602223868
0.4916812622769082
0.2861852472978498
0.29768270743423664
0.3957670175598407
0.3009750718691915
0.41140914287302605
0.37589767181449546
0.36028771347043353
0.5802265957791974
0.3217553855592304
0.2993391564554641
0.5146993856182371
0.33253167673635453
0.486926455431217
0.4284275516556041
0.4562985100431678
0.4315070205531852
0.44325005287449826
0.5295585713694576
0.5313736596382586
0.3988411346695937
0.6133389017658216
0.3761393400355074
0.5401827547844587
0.2972361987908227
0.28502893597986345
0.46101025147455477
0.30610361020931154
0.42843824114282686
0.5022200238210366
0.4903519427361189
0.4216742718681926
0.29947203359476304
0.45503018192577027
0.3577386993569814
0.6043580538416727
0.4344979949143252
0.36937517890861865
0.4491124184962733
0.3923598454136167
0.40361363680955453
0.33993614767240343
0.4504498699338355
0.5950648528983976
0.5530808676078873
0.4229453829908643
0.36085433242225395
0.2429502241975491
0.47859842317244644
0.5306482669934544
0.33975214023487155
0.32753820742687245
0.30362011855054866
0.41673303808837653
0.3553977410417012
0.37679648129041216
0.513881276165706
0.5027420145849721
0.43640501717019725
0.4645828711328485
0.4301950477967629
0.44640584042481807
0.37052276090180936
0.31200153293148997
0.46362872493948243
0.3154982043430863
0.6662048063029468
0.4827389364339631
0.40032879458092446
0.3011547948795017
0.5637405940948361
0.432523304322339
0.33216362427033735
0.3666533110402295
0.33631574783879264
0.5187420626791683
0.2935082576141796
0.4980924380337166
0.5420362978981538
0.4885703134806312
0.49730147728089724
0.3763929853088373
0.43618750779597915
0.3323157141472854
0.38479115606925024
0.37651318104559767
0.5721852679928948
0.34032032682351276
0.32616605494586154
0.5441417889045428
0.36876526599366743
0.5071052696470776
0.4846358051685465
0.46983186996221116
0.5075548262784338
0.5078328944379724
0.44194644921126447
0.48904112320023785
0.2199506721564125
0.2834143805387133
0.4110339241640415
0.42198842093731403
0.331535500462054
0.477560429834725
0.3481756436208802
0.3525821709226929
0.41777707053487795
0.2819914974429124
0.4191540106640208
0.289065692391622
0.515316942267608
0.5258124187599325
0.2289974501532677
0.4315312582764507
0.34254246321534826
0.5341989769317531
0.4297478070003208
0.337313763057554
0.628702074003523
0.4463334312929038
0.4868958538273825
0.4694975597909911
0.5192540026375583
0.460742633504173
0.27276235963148937
0.2907507296833021
0.3770269572422776
0.27889324657014086
0.40136190618719453
0.4551175735212557
0.4843958982960961
0.5066825852928717
0.44667640200062614
0.27409533216069226
0.20893467788761402
0.4392622076826908
0.4022010172200443
0.27960413306595994
0.3682214184681119
0.4091417980674867
0.4409497692027823
0.6842575817449827
0.2759042796563018
0.29830005518217323
0.43630393352685604
0.6084091303998814
0.4366702878388748
0.3476654235925645
0.45086558477959904
0.5504212176155459
0.42108648951544336
0.5336120607960355
0.4845977032847585
0.5160582696875544
0.28369282102380977
0.4519652030996774
0.3924372693965729
0.5224354410829134
0.46370192893396917
0.2712757643960191
0.2868503929774452
0.40107160976461587
0.3226635030724685
0.4633729137236453
0.3137984967620278
0.4662426005561223
0.4079594298123491
0.29250408602469824
0.23054815022258707
0.4232679297663343
0.39776590963183167
0.364485800779377
0.2186864084230471
0.4770026294171959
0.4797672464840597
0.41026331567062624
0.2483474974995226
0.45597468045923645
0.37207644470504164
0.6355521186570644
0.241488455580255
0.568620097347723
0.3876912097807483
0.4153378347201187
0.5205937730701524
0.33446805294470805
0.3953564879198042
0.38222947934551693
0.3046171258657146
0.27176687138386146
0.5704700951359161
0.4109777777800026
0.42547474791413964
0.44769872106284714
0.41734386957500375
0.41060338045418693
0.2908422124525622
0.3656889172154486
0.47155403759388465
0.43546719691579666
0.5563342325365433
0.41763436418206845
0.4287185250848442
0.3692867724801933
0.3371446943710096
0.3906021745591311
0.25541170322206835
0.5139663866836157
0.2874675105807589
0.32633340061991056
0.24197965066543037
0.28769884719989397
0.30498652282839905
0.35320790660642554
0.3017740089366516
0.32941803780960377
0.2636767671787381
0.38296205084989404
0.4671644675228406
0.2554662761138535
0.3639360352096209
0.4007967522976954
0.5702685602517288
0.47807912230210337
0.3210432663136255
0.2121566722913262
0.43271592686825383
0.37602837797208905
0.4345409348898767
0.39539646603928236
0.21169368212104883
0.3825493912202942
0.40480004271646736
0.4255257664014325
0.5804872516294893
0.33358563322763735
0.24132054677012227
0.41266101028134117
0.5495179610788146
0.30023977211915975
0.3141679363318373
0.41828748498236423
0.47263089343829245
0.30430297997712297
0.6368005984018665
0.36696179901582004
0.36915099226838305
0.28332579650618817
0.5440000516489257
0.435606639856672
0.35131985798045623
0.3662924852905608
0.6289196076709944
0.31605435604048643
0.6342659293234271
0.32550494332451196
0.4879309036521658
0.4218150778614169
0.6073976094827138
0.42059752417557483
0.5296035160492848
0.4848559224855044
0.39160504269506957
0.3906097876074676
0.37071122340818946
0.5173545019769278
0.424043862676054
0.5236224538805313
0.6163217089305496
0.4367557003267654
0.4098649517441655
0.44104547947388556
0.46866344986411146
0.3722895829755524
0.2130106709746321
0.4586242722405498
0.6289189294256229
0.48813348709890786
0.2803685242086005
0.5892880261099532
0.4308718701125599
0.3920856379984038
0.2099678083388816
0.4074474053154217
0.34418512671716633
0.362830708938995
0.2530369837446796
0.36907922651044894
0.4035314055738068
0.40542235794511605
0.39261438644678015
0.3217317839504092
0.2975106556414447
0.4814605891839311
0.34842832639785176
0.3149886841097694
0.29072568567152
0.5305469897485079
0.3748914095938967
0.316977055712758
0.4019829181265278
0.5640325890999455
0.3931511253672834
0.48259294740340736
0.45571811472721435
0.32821222405435513
0.5183254639382412
0.36397270696914197
0.42693417316519916
0.42573070787471556
0.2775347642677947
0.33934560866559427
0.437778061876929
0.4003279514002921
0.35659786449828546
0.2758410983369128
0.3451840955828158
0.36557058433041467
0.3911465982049204
0.36871949831799683
0.5683227004720044
0.34902946359178966
0.3114041049675742
0.5033762465077622
0.42694114434321834
0.3857690241439978
0.48456354275356434
0.31237313471503414
0.4602483565096506
0.4511927724721034
0.3730841724846195
0.36071822726382946
0.3706878794989191
0.5027667854593749
0.387785109370902
0.31929866118108974
0.4003247392382117
0.4978963252285313
0.393600073313593
0.5807342092925621
0.40406822409430715
0.5119030199921706
0.3797756234375085
0.33619806310032496
0.404922728266481
0.5077540708274623
0.3198942305290974
0.4742871578308597
0.5087572755439305
0.43982534232730713
0.42848768170085716
0.32738698498823027
0.5741970287029151
0.27188500310331937
0.5451937477340649
0.4182272644611182
0.29316284146887245
0.3009712386136631
0.25734848473625144
0.5141149244978631
0.37172511823122223
0.43033177449577775
0.47733482252089054
0.37724509119861777
0.4037361838057738
0.2811011589803848
0.28268229155222924
0.4489347979420172
0.3992002313404362
0.32357401042998696
0.4364056096678623
0.3506121595266909
0.4216490393812828
0.3228804836680772
0.3576819379973705
0.364181041863089
0.47401968924198257
0.34273278678525804
0.5569075129913226
0.3320606212012762
0.6275481360709879
0.423371898334987
0.29250801576449376
0.31201142229570866
0.4820899697406817
0.31276881266885564
0.31612824124686134
0.39045701094386837
0.371311989029597
0.495098324409731
0.3565507832718732
0.6725457197218526
0.41457496547495026
0.3551171521450747
0.4136800016743488
0.41783116910495294
0.5193440126334208
0.27981088286449235
0.4359930711365912
0.37880524625097906
0.4691217872681408
0.4128244601744619
0.4276698505677269
0.22595636151174936
0.33122556640190626
0.43516176757617414
0.33297318014731864
0.41777639109354336
0.6187043870857383
0.31621213005546345
0.38830254385910995
0.5155337313614708
0.5189692938418234
0.2426330680007586
0.4262239378923478
0.5885579092743516
0.4494310894322616
0.23380988016903925
0.41805604644364003
0.4335934600978629
0.3692595470087473
0.4464899146721428
0.3300869293925012
0.42403569588342865
0.4391936470936496
0.3262828285863946
0.4813524398643703
0.32903923335722
0.3495711391141595
0.4132866599995485
0.3521524911539696
0.49041330696684604
0.3055328051113457
0.40060448880852595
0.46032261873076813
0.38348501922474226
0.33659963815408145
0.3435473110622153
0.3051953964137162
0.2969809027581719
0.4124144684743121
0.4707839266374546
0.3043785609091341
0.43037848232587644
0.40454603854476856
0.430525349733867
0.4592373173868401
0.4867590914497626
0.3869800501604323
0.42545289068646525
0.352567582416139
0.48897148217430914
0.5733221398835088
0.357275897477755
0.35124207615371583
0.3540871004589619
0.31588261880915675
0.33650753152715185
0.3359773812157892
0.3061723282110533
0.48584254811306465
0.39688003620388757
0.33464191702693796
0.43692037032571157
0.34052592070921356
0.4051502039808091
0.45822415399616495
0.4656780509057803
0.3598100237013719
0.26868914608876326
0.21650622260596372
0.2994504367395779
0.3376535185940949
0.3939617784298502
0.37162396118721674
0.3808773210082988
0.6112721443720375
0.30842808973466895
0.3680032180327603
0.442258822799904
0.31568432604619573
0.3459467559872143
0.5611348511652601
0.4240875632618735
0.49349516354211503
0.3723113023628515
0.6249172911182217
0.35482419495444306
0.5363857030909843
0.41242724824050286
0.3131771760059432
0.43436035026645076
0.39647641087973995
0.3820293820487546
0.34122623442487154
0.507395498366706
0.3062922675288655
0.3742426196183551
0.4318739940506563
0.3897276546776418
0.5085797422280742
0.3986446352047297
0.2980823051806687
0.32100804279579076
0.43906789427085186
0.44005833976380854
0.30209077128878553
0.42602632239860533
0.2947266457878652
0.35316091470208094
0.4223293507428628
0.3276554675402412
0.14721270643581447
0.5687817872143708
0.4402094124384816
0.4241979240330752
0.39971273376682054
0.39876377274460434
0.5604775948778603
0.5026448149309434
0.261323220758169
0.4659916561771182
0.4059488307685824
0.22186334233661129
0.41616432559261207
0.2863297102904466
0.3454270572996983
0.37285968470011704
0.34572021595865676
0.40159683275514907
0.4083445473725788
0.28666058304267783
0.3997847521007106
0.38213887160960847
0.510144467205016
0.3868235058834981
0.38418510148339075
0.4119017909868389
0.5101774902379217
0.45450504702929156
0.25193411038007496
0.33003640781706184
0.5584428936703131
0.44426909275480153
0.43623988931238444
0.5342878272822869
0.44977272909697685
0.3979816707440135
0.5203818473780517
0.4789553756809141
0.39813057425199805
0.49622816018704907
0.4494645513367597
0.38028821210793023
0.4107427582722131
0.4128496898598533
0.35470129984465487
0.4507002672430069
0.3713373932253485
0.43564063256595853
0.2609089560312923
0.5260668846451221
0.5175989685397305
0.3609485018364554
0.4067147270373126
0.3552665419887194
0.31510674633623975
0.37499464822853945
0.36454861980030207
0.27730673542687434
0.4669594178938359
0.30330943973130714
0.27372227424067913
0.4028085557270373
0.36485299317743997
0.42234467532072256
0.394839295191098
0.517035440091675
0.39708237673991953
0.29182906674309056
0.5887429484055551
0.4244923375205663
0.42630476208144213
0.34632888190918487
0.37400186957460924
0.4195669031359396
0.29439633388033476
0.38467909274644735
0.23130165230485067
0.3447228645737793
0.35286209166019183
0.2782634618958663
0.31962052850432576
0.6811818224651144
0.47739131986069394
0.36110010753279737
0.4893774458964531
0.286135470073432
0.35032034689356967
0.37904947459260224
0.5254143125409941
0.5072164139111648
0.35697008076122533
0.5180725652384852
0.35977990498143
0.47067720001038094
0.30845184451164587
0.44162434035011217
0.4455517720897645
0.3099046425654189
0.3474502778186372
0.3466998327590906
0.4864737986328058
0.37004569146814087
0.3228060622735566
0.4231815887902807
0.3627961191792079
0.2718280551353602
0.34280547534695127
0.32456031074162184
0.43257837066346805
0.4076340264322936
0.40908434373131725
0.4908312356659144
0.42342645751453656
0.2974551599110694
0.5141735932266577
0.34032298841408337
0.3773580899395393
0.39746533576606147
0.31302440834581274
0.3609617047712926
0.5202257579721592
0.4377205103227599
0.339211724492448
0.46129078091598885
0.33501274882757615
0.5171516357248878
0.3499752841634625
0.3128561363704373
0.3808460086221104
0.6205351916458393
0.44833856727762
0.3473769901108844
0.35348537016205384
0.4347375793928804
0.2718217563437321
0.43075658379177356
0.3667770856667222
0.4882567308888526
0.4606599223944254
0.3419130868162211
0.23041804850120723
0.28430007664563395
0.30367705719917626
0.26413937059817444
0.34675296851353304
0.3912649717330973
0.37051652167371796
0.1896956937825956
0.4041789823587698
0.4475293769008449
0.5090554097867744
0.3592829429753801
0.32407524049255826
0.5404608971362115
0.6003887454518335
0.37309919469902547
0.29577012699511435
0.3205039753872248
0.681987655280793
0.23036258465581658
0.4498635269103426
0.37577448066228103
0.35981963047107984
0.44390516388984735
0.4356009560631058
0.5122319024025623
0.4921866305542747
0.39788786545862526
0.5556682191582906
0.3481528233092764
0.5097870521578058
0.3157952602500299
0.3647365738024313
0.43009042908115697
0.40278955602152333
0.5076913925707061
0.533560219907493
0.4197177694562648
0.6282832253992264
0.2714344442718516
0.4293615820970547
0.4553736151473744
0.4031230373008255
0.36940110243370955
0.3603245663729773
0.3521469403743741
0.37873406264887893
0.6800633788344573
0.43947043224380883
0.3746466759807009
0.560181043505779
0.3746384400937476
0.4574397883977474
0.3470413833525448
0.5659889991591982
0.30076753229311703
0.5549895241254684
0.20482279233446896
0.5811666805350351
0.2793814240496912
0.41699675406242337
0.5139985285722787
0.347186337248111
0.3539278886972577
0.3609835211859441
0.388566602021931
0.3788452633115712
0.40216152852079984
0.47434584174569927
0.5452616903812262
0.2762070470876542
0.3225104120929964
0.41201953338786035
0.4582492682167859
0.36518714107528305
0.5270240111684474
0.5847355215739668
0.6808217995012843
0.48028622986684866
0.45630497511904455
0.5824088495116151
0.4876178716921555
0.32927961298709857
0.3271266823269215
0.5660989441134473
0.5321414514256744
0.5398972041707456
0.36557644216288526
0.32282671775184335
0.41351993162388223
0.40418083113986036
0.5545582202941861
0.3075961887576046
0.5141893797713735
0.4349333472463832
0.5100248173810074
0.7665041839777061
0.3319961581652473
0.450361861937663
0.578054519366939
0.6684748734719728
0.5450829180114121
0.3598469634660721
0.7660050631182962
0.6258100709533112
0.43510301406774243
0.3489293926299099
0.4437650885345298
0.51720877825922
0.46719688988858027
0.4289264895758084
0.3682523418762373
0.36935343457358927
0.46163554627352427
0.37550128087095613
0.38398487210442306
0.38210453754898627
0.23148488268644613
0.3741401617935096
0.35012746913322557
0.3336516380668624
0.5700270777319182
0.32584284561702204
0.3902521558555152
0.39021377619483927
0.2947171846716342
0.6874632418499002
0.24903662440816784
0.28324835857641245
0.33154565432674715
0.5972718984843941
0.3082734398117479
0.36643586694378527
0.393130864201259
0.505275188024041
0.43038283496123136
0.5866811289188141
0.48257066883067706
0.24090894464898982
0.3480628328529046
0.30056323821379066
0.38548928443728275
0.45019618783297494
0.34569101066202557
0.31895583727297144
0.4272312706208435
0.27261921033232683
0.3090127014520143
0.3448422455199395
0.34763013173184376
0.366433388008715
0.38518415448967874
0.445739738648412
0.24640520136495372
0.3623944194559836
0.3849037660869262
0.3855338140183852
0.27325201758010026
0.46049483498688154
0.26647840319119875
0.4302527473420604
0.3431163064475033
0.25515217645149013
0.4602720667878987
0.37020297839870947
0.36200613003653603
0.36609701472924694
0.5842578990102293
0.5631314123951597
0.28481400929678413
0.5073504335104116
0.5092834068792574
0.4663374925492794
0.42602998717150214
0.5345671274436529
0.5413591050856271
0.39585089462050427
0.3261078154339801
0.4252700076420161
0.29966191351230653
0.29078815614366027
0.23067865853640054
0.3528735247288543
0.3631409703594018
0.47777037873150313
0.4125015173854261
0.37662734297137473
0.49241637262283855
0.3238626925488331
0.46717281804676447
0.540797138204183
0.2528737015557601
0.3836745725656507
0.3366729205856511
0.49008445520096017
0.4584475437807685
0.4267755048268247
0.45177192837026114
0.3977921061125018
0.3888412175703873
0.5615855161978142
0.57132602339407
0.42314969628366506
0.2794281083376965
0.2947475520117514
0.46298382681780287
0.27737612369446146
0.46322404131694495
0.36225326691230453
0.2985513375249707
0.28048697696248054
0.7115584956417148
0.3453052453780287
0.24405253232435276
0.3707552844101086
0.5020501970792033
0.3374284975562267
0.3422951018961584
0.32283625957020384
0.26135690346076734
0.5461855824403715
0.4207594466592115
0.41785420446438404
0.3833708120303617
0.5600886512846059
0.5814417925846465
0.4383095315416602
0.4927514489581429
0.42016587701956293
0.5302545804072499
0.4006538722141973
0.24974600376738545
0.33604221534666207
0.31023339650675724
0.4519800489157332
0.4233157487274608
0.3586084487626068
0.41783873924668213
0.3282416073793433
0.33193819853022094
0.26622598437126266
0.23344933815301508
0.4846970043599835
0.45817752454995314
0.5272162104661441
0.3839704996291572
0.4537180726328599
0.47403160730575794
0.43226022520672247
0.4978706503247029
0.2810016022639218
0.24588848818105083
0.4688058305559423
0.536491585021205
0.3728776268336087
0.30148572908514176
0.4964491849891568
0.36424596932317116
0.32587146480373125
0.3941084235308785
0.34498033642861176
0.44230439089013424
0.4846627321659742
0.48028581981279894
0.6350251740891509
0.4604923888256687
0.4270724896964139
0.4412031552731865
0.37880358698269695
0.38738692831420996
0.3967586968790028
0.41809103759117844
0.40743144264040465
0.28200461172132846
0.49322343889382764
0.3103961348799192
0.40919008847747795
0.49375996443391795
0.49176697625868115
0.5445444411790724
0.2599972461195657
0.5470142582636943
0.28319036449326407
0.40538656279136126
0.44089551172511104
0.3943215086064541
0.4351137873419205
0.3789987637745436
0.36847723379428987
0.4128155840872111
0.2815578968495747
0.27823279358500785
0.3748137386882958
0.5778874614643652
0.32684100798941185
0.5095503471961016
0.3375454280609531
0.3394592591960665
0.6384612349559887
0.5032439123840542
0.37999573958030514
0.3730656237180668
0.49928776936750174
0.40702310527193036
0.337225456293994
0.314506648242668
0.3444384975800921
0.27125224050814106
0.5071059776535954
0.5558599145869025
0.3041456755662401
0.42260392304277883
0.3684148477282492
0.45806546684246713
0.39354874461492795
0.3560773580588641
0.5124484908159433
0.3183325126484207
0.3032124269475882
0.2684851308711093
0.2336813712212297
0.4026332409558741
0.4874227794002628
0.5515656424989861
0.5296884483289459
0.47431882495384753
0.3811281620895006
0.3808044584011123
0.5889556345837084
0.3007463786217586
0.43574536820326404
0.4132077839331113
0.3438346194491869
0.49384010335714923
0.6303447423847879
0.5502985944519587
0.47922423419094234
0.3368856448814318
0.27598906757563596
0.5213968798444659
0.3672022371437062
0.38932386660980745
0.4073506762137595
0.34855221670283365
0.2685870916988374
0.3314709548160198
0.6158635200147141
0.3375017692552654
0.3205619249192385
0.4710080069826789
0.4969981074454124
0.2297179405786624
0.5170932146409061
0.28864892925742575
0.43666309930768427
0.4601553653510455
0.30381227411910144
0.29172692178727194
0.33954945903856276
0.4276943141283042
0.5026730674106409
0.4711039134006229
0.2765641205865691
0.36415498161870197
0.3015530313996634
0.27572821082224463
0.4366771364579
0.3185005252154132
0.44040256949274464
0.3199454255272341
0.3127629345688156
0.4425252082530305
0.5691436568931069
0.2940069217588275
0.3237358859254542
0.4189228978038411
0.3446962080896918
0.33551759506700873
0.2978558789245804
0.3013186714583105
0.4543141207972535
0.46909519022677837
0.28783612498141353
0.215167624408492
0.6684205517169352
0.39430269647059335
0.35943802344333936
0.5667642566293147
0.2705624808630528
0.5478960256518709
0.30698891669235384
0.22971184666431393
0.3671295246013409
0.37354989596480076
0.37730346617705823
0.40838774281131246
0.6696646092303205
0.4593601043813834
0.2950826511645539
0.27077069101314427
0.4240948581092995
0.44309579180876274
0.3475002579041356
0.5174638042805056
0.4294207143829599
0.5201757119260345
0.37943388426499614
0.42483644640105384
0.5776920895242459
0.3439740176806621
0.3685354940366759
0.4644414929426585
0.47170938102002635
0.5333422431957209
0.4541194158437268
0.3704552720958115
0.3877826450513744
0.4299987878199839
0.48861133711047994
0.44106953458477904
0.3955484279550036
0.33887673523285067
0.5530780434001142
0.4692719620684298
0.4508031835908439
0.3387723355765009
0.28887587440869406
0.5299643473007355
0.37792279812895385
0.36635664467752665
0.43064346756150895
0.43886635238134064
0.2432706942509228
0.31118976510257645
0.35723560111834396
0.556515302733309
0.37447774282779683
0.36832441981486613
0.30506958493681563
0.37892530447490164
0.2969496706034209
0.42550997496792065
0.32379560881603586
0.3510736683063283
0.42243832506494305
0.3279629676628814
0.2787018027201233
0.47725071617909187
0.29674699593966336
0.42787715418255373
0.20842386026467813
0.37351297712362863
0.42464654653645734
0.462009640571976
0.29101924588059414
0.2923965045883864
0.48826240197787907
0.32903597045679184
0.3068570918831567
0.26347477394230306
0.24183770207642669
0.5141368857022098
0.33546085886636506
0.37521713752592034
0.4559174087420964
0.3671998052425191
0.26894504112169726
0.434560115394139
0.40657130033620986
0.40014897661582916
0.42890684501368465
0.47169715894874054
0.4506323066287159
0.37914070282385964
0.2923791644896437
0.5605389508984117
0.4468671251696951
0.4029663504180975
0.41622906810899585
0.5953993338480407
0.38303665854834706
0.3027613564188666
0.47412856671527875
0.4670091350669514
0.36908327923770257
0.2682867930923963
0.42095765780961353
0.5093034575421018
0.5721509638182722
0.4113287306609678
0.5068130493145635
0.5061515139437377
0.5396140322533175
0.4390717391028076
0.30560307516481694
0.5361031512043927
0.5064265279204092
0.4008260934466178
0.31726547605541666
0.3101263400220687
0.31409726784140174
0.28123897450418167
0.40587627606925947
0.3452200770002627
0.346701643229232
0.48619970658381956
0.31120986851457094
0.39483155016102356
0.27322148902469623
0.37488581945092003
0.42123025279609266
0.4554257953457011
0.32705522218624977
0.41196892845875915
0.3649851564095497
0.5147196825353872
0.29147749726864697
0.47707809306751114
0.4915070317764095
0.5094664951104123
0.5019613852642251
0.32152526351805844
0.5075453200680434
0.41419747133038703
0.2713892226357731
0.5923322806988777
0.36122711516548883
0.4311308497167979
0.5010503603115234
0.403703617269263
0.2974212763061471
0.3936723804447145
0.4184954465377188
0.5336753622538255
0.48923294712978105
0.5259119446410538
0.46884784253035694
0.5498376492375637
0.2922021414160138
0.3716406442525025
0.7033135895539894
0.2959157111426142
0.4007559682744351
0.46396041249377007
0.32317631065086483
0.42298614961683495
0.42230805081951484
0.4075578281294551
0.35030225526995035
0.38894703254066504
0.28809703719071
0.2713805955705654
0.35378794563046717
0.3247307673189486
0.385011200700163
0.4470158161008338
0.3635277260140039
0.2955112038588694
0.5285951350539333
0.31949852644560006
0.3447549016678565
0.37892524624726476
0.4194992585702837
0.2939261632952329
0.5646958215987046
0.5242505556879931
0.364295624647994
0.3714620641827601
0.3021027357672338
0.4387141412704654
0.24184779716835042
0.4654449546718938
0.36512545153983095
0.32685573320426753
0.5210869766673096
0.3252803787668876
0.3176685646544753
0.27013723966077924
0.182979835379535
0.5445457624026886
0.3781259607216721
0.38120087342289705
0.3667691005924115
0.2812351271258639
0.5960024324312072
0.4278220741764505
0.509438441411466
0.6864440152532224
0.5968448428925391
0.30515105952160787
0.3760001678018709
0.4261769416953761
0.44321411627881885
0.30473468956987176
0.5417522608873756
0.550753712518557
0.4915328189575862
0.3077164394796288
0.3083448182195816
0.5100542890564449
0.526955680537536
0.4992305450414068
0.5069655933402549
0.5048067124090962
0.4010438527087292
0.43148608462665783
0.3193323100019442
0.376094270334391
0.35319551256809156
0.35508867362004426
0.3902888041090107
0.3360117823870808
0.22944583255846715
0.4359212048314491
0.2705640092760065
0.2978699526677442
0.37568110249118597
0.405675748682621
0.39151110293244606
0.505584275870141
0.4207513457868845
0.32681970484668393
0.3148357383966259
0.581911040565117
0.32239458179319974
0.5515548401594983
0.4588477174283633
0.6940735964356208
0.33722193553679986
0.3723976914729465
0.2781236172988982
0.49169602605879303
0.2994958198960467
0.289363738092987
0.42755194987951295
0.30866823800311344
0.4144475618135122
0.8552061551678809
0.24885772097567202
0.255312054320922
0.32686420444119724
0.36337272491802036
0.5207772792946812
0.46202440869244243
0.2901904647822492
0.4141259437046543
0.4866746196218262
0.3962158276117412
0.31448995485728387
0.40709515638159505
0.3499868742929767
0.2975909119337139
0.5441667752350007
0.26153415190007
0.3925780507265556
0.47251203520900736
0.3914258731382616
0.5240270909178679
0.4693115527425407
0.4243561349567848
0.6142247293358449
0.44770699586577245
0.4146567035333252
0.46055146252454565
0.46056694945765914
0.5220755413100306
0.42045593229344674
0.4475772951118569
0.3484418356125694
0.45233477518597853
0.3584135414189937
0.4452352055536404
0.43981651243436853
0.5026188290109426
0.3365149180917688
0.2456834929042057
0.2875916772984492
0.6239654535277827
0.39198904760327025
0.7094163636074517
0.3343091088592811
0.28439029826783807
0.5382327038131698
0.48285867540036237
0.4035772237219109
0.29249481076300937
0.407853076892755
0.3717541840903728
0.34672861164202123
0.46793557618649584
0.403103820315446
0.5382086636832281
0.47382747488167193
0.2393796854084911
0.31867971920245786
0.3976962615887171
0.3724462470014449
0.2534496446019417
0.3695711945899012
0.30359113619754213
0.38779451870853
0.49919080938663685
0.4163573137123779
0.3807359480145745
0.5845124343777539
0.5185239999548145
0.4685708560117653
0.4048433928529393
0.3685026168012671
0.33169551044796836
0.4489979865424411
0.43820612289747657
0.5591069781556329
0.521875884603431
0.305456756364407
0.27753784612935994
0.41062886690537465
0.368588873790012
0.31406617876039955
0.4026588795207779
0.34891302522398554
0.4440693585647199
0.4220609778831863
0.22116455229342544
0.5216480077425277
0.27710790955229087
0.5211758778506661
0.30541711613653816
0.48812891351487436
0.44738726769704673
0.6814875291633506
0.4305307107255761
0.3966435234862701
0.31794571498422897
0.464340058009616
0.4030316183417663
0.45057363653157056
0.3813589231725808
0.3884050499458863
0.3656400388688109
0.5870047921986399
0.5067443412666298
0.5340380965116664
0.4288481794447132
0.22594229345464473
0.46585138774744855
0.5349238635481077
0.4777856743897318
0.525388882536339
0.39695927202600584
0.22075991524828661
0.40957286789621405
0.46298058188876956
0.29646852484092606
0.31917540518891707
0.32322468576432667
0.24888075067560403
0.5292154146319513
0.49930068617923096
0.3401913922551778
0.3860426321978054
0.21938156656175545
0.44053422774180667
0.38310010568230773
0.3963555744144572
0.43920436903315685
0.50932442287511
0.30905388303862996
0.4465824960326108
0.45929979202227406
0.5988093736829418
0.4260267660340846
0.3906954044438729
0.43212891886769317
0.23233838366321263
0.3505560229843088
0.38437710556317656
0.3342347388668539
0.5895368706075076
0.35513269731529085
0.41788665285997734
0.4301966452718479
0.41470905801104246
0.46007867930182356
0.45889322818190353
0.31353330970852417
0.3657825235105348
0.3986615328752276
0.44251269050176034
0.23913892571704207
0.516868157771706
0.3677213824511498
0.491282745685672
0.3955766121356361
0.24294110476503045
0.38091112808236055
0.367850683482645
0.5669058461591818
0.27113720445893247
0.3362986973656446
0.6675828401624663
0.3256899467776339
0.24838725579702736
0.3497875326803962
0.45038678518129616
0.38328596665177656
0.4148313823328743
0.550357138390304
0.32028873849216016
0.27514906775689557
0.6612959567830068
0.28889425570322563
0.5671973304747078
0.5868730983389158
0.46315399473802965
0.555955590636192
0.35008471308020733
0.4819773875062534
0.36319652562994
0.4273493274115442
0.6002084767352179
0.5049199916208708
0.42439735567395087
0.518465259543439
0.3825809561110599
0.682100180006095
0.5641118691211108
0.3959626459743236
0.3014452657525342
0.3762960814268411
0.4936479027562634
0.23251703351241734
0.5356127858817417
0.45036654694489653
0.3337611285597573
0.34993703465026516
0.44682862058301154
0.5837942395438825
0.4508326324102828
0.34210816028923596
0.464943650779815
0.4143710241051007
0.5182802566296896
0.2951768908776032
0.4606846477464062
0.4725197987279592
0.46281774021483396
0.5394166070664622
0.3582023275062203
0.3568291114315128
0.3450030495729243
0.3908021127421476
0.28986222300616443
0.26525631353435325
0.3803238627209812
0.44201767518550583
0.29821110669001394
0.5834639505463834
0.2548793927131374
0.3196148159546381
0.34966600109597595
0.36385373269179444
0.2571958936864513
0.3104862435205627
0.38039060814287445
0.2830222668721825
0.3398227187177589
0.41775855011943286
0.41883032284711696
0.24822045692103012
0.5463847769189828
0.6824434445149702
0.4872232159315088
0.4914989586483728
0.3827188091694551
0.5494617078300688
0.3767348576148974
0.3659874548326486
0.43259335346153277
0.3503170521694014
0.48001150826324024
0.5173569862629533
0.36416840107906295
0.30890201837858655
0.3179135843565354
0.5096682734160025
0.15528738621801533
0.4289948680111702
0.4342749632771118
0.3075251449583644
0.4238906281901247
0.32589128356096164
0.3454430722592483
0.3719438006173938
0.3151279014642724
0.2635790785718784
0.25304694380707216
0.2979062660291928
0.32515234142674315
0.44246035922399657
0.3429399667448082
0.5755963490522923
0.2976894872100089
0.3914324846149008
0.3282891293807825
0.3269626694511476
0.4996540307934129
0.2870771150724527
0.5200620644311171
0.25571392349330885
0.3703951030065143
0.234955361417139
0.568352413608638
0.490497263027537
0.3374967424296113
0.2660543410421126
0.3423995640527841
0.5459596234770048
0.6872771368016676
0.4270060271266548
0.42205832424867773
0.43759098075791497
0.4266292992535644
0.4468765369319175
0.4242097215217677
0.21430372348868978
0.4844571892164698
0.24636686192187532
0.3757724398667463
0.31912288598936633
0.42513666148882207
0.5251541452184705
0.5690863889258971
0.34516285675105507
0.30500839678711456
0.5395748371245563
0.3371888305815799
0.40608823352743745
0.3395260448744948
0.4178057803186543
0.5073805741248367
0.32875165043550064
0.30231182951437363
0.49731459453368426
0.35028066993110635
0.5491491195444019
0.32223796195449117
0.2691066513525497
0.4975530119857584
0.36369928776670724
0.26949995991557674
0.45832580005007834
0.5043363952256262
0.43973178257692674
0.3009548911407414
0.525917954305159
0.284914359701821
0.5099567959678946
0.3840199765264296
0.30603117371750427
0.4333983835998415
0.566569196535661
0.43061168281798
0.5049598961706074
0.26114068315659467
0.3573475721189935
0.3674867398667108
0.27448843714115195
0.557992727358813
0.3219913963577962
0.567878261014582
0.351831631268212
0.3386111272522292
0.3481780650661643
0.41771418670906774
0.48474172633663987
0.46413468389294177
0.35456003298495004
0.5421184994298641
0.4840245501073535
0.3078118064379522
0.488698039237892
0.34142825385618875
0.3857924202854444
0.40307453236442675
0.4281771528580308
0.3512980195462414
0.2760835066105389
0.3307084638439974
0.507615309620306
0.5265816911140719
0.4410001404832103
0.33963896603995253
0.24672775088804916
0.32379631266950765
0.46330596096102616
0.40976696936511636
0.3939958828336582
0.39424927255974046
0.4429713001304419
0.3650159023415819
0.37627488001111786
0.3790847599250298
0.3539702664558582
0.47840448239195427
0.20461005586115005
0.3686832909261104
0.4541084675045531
0.5194871507985693
0.30444693279654034
0.4725038604742823
0.44659855233001583
0.412772529454174
0.31200699555725375
0.28898853841859556
0.4841953046383824
0.2897545395966623
0.3822090904115155
0.22483659593891858
0.3832106144146831
0.5674040468821989
0.4767278582766647
0.3587614033367927
0.31271036921574
0.30483761400172693
0.4751249608397979
0.41618788028389936
0.3894270369652339
0.37429112401280273
0.49878647045486607
0.35244246228518217
0.5335409177865797
0.276407582986672
0.34153863202042467
0.46402160229900336
0.3184366652696872
0.28066606233502717
0.3647258805589994
0.2599243787361285
0.409620835884949
0.3407788727139504
0.33858164839832755
0.29621422971010447
0.40355781314371075
0.6854627785982517
0.3599545902252798
0.5032244955597736
0.41225994606500843
0.4012452265387081
0.3555773965755974
0.29706732980890815
0.5743704180461555
0.4551746199853464
0.3520198412143045
0.3395945561795532
0.39279520538103235
0.3152617179139172
0.3701531677516987
0.39297701211223374
0.3098824627745885
0.41649663190933894
0.3467151274435103
0.4725295806272727
0.4303728748151349
0.44157762390833
0.47217670864120387
0.5047778822898017
0.38510520031140727
0.6281181102045068
0.47336180127429983
0.32823108098605064
0.38751005382739184
0.4798322338075684
0.35115352789868576
0.29873274702344016
0.34531748102213966
0.5868364379128377
0.547440463362306
0.3796917476733554
0.5083115021445385
0.34673144725696303
0.4969603040727251
0.36009523662292486
0.6032616674530581
0.5771874718047769
0.296266951485418
0.37840140271393435
0.3634580355448482
0.3108183488037166
0.31728258746092974
0.2887864598770387
0.5161409440772133
0.3629479152226803
0.47153567888600206
0.2669848465784024
0.4387780456429085
0.34989865308023516
0.514621244075715
0.47534355182206983
0.48756983074868393
0.6183343555019131
0.4400968122111954
0.4681991491511591
0.2952896284682222
0.48260799583391434
0.5936709274025556
0.3628406896689741
0.403214975113059
0.5168289744581591
0.6402756173024106
0.39493928706558035
0.4196694287275605
0.34945048030426984
0.4162301693598396
0.37098950576063955
0.8606580330120495
0.5285300924422809
0.3920791508311925
0.5362859776410877
0.5701266346599269
0.6015557067183701
0.268430472948905
0.4242560428514188
0.42116111241182064
0.572907980964827
0.38865047442229583
0.3950377186138177
0.3757256802091034
0.42346133927428853
0.431262480922255
0.41417059579101695
0.33318739560375654
0.3061829347073375
0.43019196023639217
0.3130513576903361
0.31449690256778157
0.2905211541459868
0.4753260968087848
0.4605276800207406
0.38975096392160985
0.4576445548407389
0.2630602227001422
0.3086158981650949
0.6007466326692702
0.35839484658858245
0.36019860832089096
0.4234356095031256
0.3626521158385739
0.3967618365252344
0.449686265844145
0.3525638043812899
0.33454272632187687
0.4739676228558922
0.5930232868507148
0.2800473822540423
0.30626426127986617
0.4833853673511546
0.513144357370134
0.4954833461728576
0.5405095966806789
0.4789009299831017
0.4420687253718285
0.4456330937322583
0.6450525093050193
0.43008385276569144
0.3809093755972105
0.4434204602908028
0.5217549162266248
0.5314774570906189
0.5223696321222022
0.441985001065785
0.3699249340222509
0.43449686831815454
0.3920382723037389
0.33770549694052787
0.4510909969627565
0.29559744879108096
0.4074424767526371
0.20376919554064887
0.35466132765367053
0.3252593050658939
0.38429784837271885
0.3925710988473308
0.37615141825364296
0.26797149239163065
0.4898055810090379
0.326849666423953
0.30475479026901375
0.3092633812959472
0.2698336329225964
0.3567815756035083
0.36384382915651264
0.2891094796212856
0.3163708392433423
0.6565269148233797
0.438336623747167
0.47998931141584883
0.483834756817456
0.3928522006256954
0.5415595204564271
0.27706829333569527
0.30517323277280206
0.4876862764393951
0.37962529786529314
0.46634828489484376
0.37586830869913607
0.4571086290650712
0.2565569842391931
0.39839400129445557
0.2549600489717095
0.37348199692109596
0.24083135427223376
0.4080138105557402
0.3210417734900845
0.5705569461865663
0.4507721413428328
0.2736111960719742
0.4503890928441222
0.6164098487074787
0.3109683503614021
0.3364428569288273
0.33828335160148704
0.286325580291016
0.46995652869964893
0.3373474925238964
0.4053479447572216
0.3406385559705465
0.27359431807552775
0.8204334835247783
0.36033968993626597
0.40104453113186195
0.4366610860219489
0.4175579442383775
0.18510882646664092
0.49752360600165246
0.6427132831628594
0.26464554053132644
0.5887931382494251
0.42995919818442035
0.28592285132374096
0.35007029207183277
0.29354357658560765
0.4770716086121178
0.6274286986696311
0.39370425373592455
0.3429406221112891
0.4710492452380039
0.3288561003445083
0.49896611735846147
0.5324341205081075
0.25769186332683874
0.31340885556827014
0.5514593393129378
0.6860703472232496
0.4026131530401954
0.35487847678922
0.4801533945364267
0.6428833431364293
0.4712497742155818
0.22804076370160253
0.4577265954012552
0.5327791485462767
0.5488032131797701
0.3186478839282484
0.3680381017906938
0.42379083837760845
0.35138583600010925
0.5772865074111736
0.5506997690175517
0.5025276782161321
0.2969109290302207
0.4651910022178076
0.38841654486480853
0.6155832181366839
0.6251093409704835
0.4657241132839244
0.636564680696669
0.3979214378264888
0.44279491493955503
0.4712403774373135
0.36144019226660223
0.4437268260630356
0.3773851233572975
0.2845978008637488
0.3257058049139289
0.429356436990645
0.44878197316046087
0.44597297574526096
0.22495762676012165
0.21908176389851336
0.5174455966923508
0.4863898518734419
0.5315687684115216
0.42758264309148225
0.5341453219438992
0.31876938622963535
0.358195745568757
0.3690035408673014
0.6647485690974532
0.6042209864062452
0.3375182061450101
0.42162154366189625
0.43771600390704685
0.48849347036457524
0.41504300002058314
0.6589642817914437
0.3129078225346008
0.2759923230761843
0.42183935865479527
0.5360133526664945
0.3207952178706778
0.29979802537481726
0.37870231005337507
0.46166358867414387
0.49986935236303176
0.3816178863803969
0.5371339466586745
0.5420135942587889
0.3590547155278551
0.24996307824742928
0.32672785508663854
0.4171949278327835
0.3563308790680844
0.4108002454242706
0.4947941045149933
0.34815534806496184
0.3060789305536651
0.2654222764359406
0.2901427712141659
0.3624781502063944
0.3234446470021411
0.30910632528693394
0.3668641574560679
0.41660209171515017
0.27204685903188625
0.4400787056774906
0.44670797010394336
0.3081766223357046
0.24458359338800897
0.3109581437679329
0.3338452891624558
0.3529863472088691
0.3185464004744276
0.2781920230154611
0.4860814860536454
0.38619285732344455
0.47329844725179443
0.39444959718437794
0.40546190451690833
0.3401758753242878
0.3227377187991362
0.4739165616139171
0.44829697078179015
0.37233924028130533
0.2982370186749516
0.34776398078926
0.36432452540061544
0.21683624811351357
0.20871180572790776
0.4679408556780612
0.5654148712175302
0.3845672781923933
0.4601985621073388
0.5142980087801061
0.3201940898525988
0.43810050718150634
0.24343743793846673
0.5746295474573654
0.21350419252589112
0.4425751152789975
0.3942713144017483
0.2705219083387072
0.3099392915151678
0.3537530414596657
0.3539835013652565
0.4303124331406601
0.7042660537073212
0.34599111943713984
0.38365281569885984
0.40752920922616337
0.5247950365894337
0.48869229656383867
0.3397982169380075
0.47036257480949906
0.296128043817169
0.2756159398452397
0.5041214390418046
0.41444827890326563
0.45704001411214634
0.45618100899703695
0.2998550006243102
0.30152091787395635
0.430430925066727
0.4367082570601446
0.45303125445977277
0.4889704329638747
0.41309989498831445
0.3011900917048196
0.3717457756721315
0.46432425165450325
0.27562461740623995
0.2406173743781833
0.2918797512214548
0.3921635532368315
0.41182051197506064
0.3385982399981493
0.23604325811879887
0.33631640195158785
0.3517502407197666
0.33614644943281685
0.5116814296721338
0.31702348892645565
0.3497990420718055
0.2970312860070717
0.3182987115590386
0.24758804317260905
0.25918552964773095
0.49328141799796577
0.32876252649871723
0.5062389614879896
0.6528914077399167
0.5853997358522027
0.4505721456465593
0.4806050005764979
0.29863767554821646
0.6299754425590619
0.412341004700885
0.647222690002946
0.3364678938736679
0.2912427979579147
0.3725668278192392
0.4567429322936639
0.4952380959051673
0.3922831174428992
0.3902918594539841
0.4568754173291434
0.333239455424397
0.33351391097016353
0.3710266704702697
0.26988799665170543
0.3048145142873188
0.43551003042379594
0.5019543460748696
0.392379153514978
0.44448459487453607
0.4290714495962496
0.2741362701898826
0.3655161298102566
0.317320680974588
0.40047526676922335
0.35250189826988637
0.3884158781054559
0.3801442516382031
0.40614456107596103
0.4570630000793579
0.3770325667574504
0.5332221612384805
0.39630816805395747
0.35408395713133173
0.32516848475961174
0.5650883242590508
0.44149546589207245
0.2572203141778642
0.47618813973214125
0.5263740863583629
0.3179729361630421
0.30843785228378956
0.4211457969060819
0.24352465029525527
0.38279872535514015
0.44303623894937
0.3035059834946895
0.26609151210440174
0.5957634593798308
0.37408741581682137
0.31304504003097644
0.41806555810739904
0.4036681979364605
0.30926238370417153
0.4447761019622178
0.3813258484351207
0.4344943491534049
0.3996927470949416
0.4117969086435355
0.45203257957418463
0.5907899791699945
0.3429802335960939
0.4083346877408091
0.5487195679309352
0.39988768130103175
0.3533666112532242
0.3196848038977385
0.311928405151191
0.42182234098546445
0.40018505906215673
0.40327212309683713
0.49146952873554123
0.3358714349096399
0.5460395135653788
0.3183014146834114
0.5339964329475096
0.5975371216344869
0.49248345230755897
0.42022583560926036
0.3158958271506857
0.3426617398805894
0.2889042331348112
0.3303806560740503
0.31856928626244574
0.2515126593471525
0.5232393821505382
0.43190076806111255
0.6366625593037043
0.37237561223090165
0.4420806707988416
0.31714440623045326
0.5923346440285622
0.5087775948531514
0.26924160205011477
0.3140641017228689
0.34614912570732637
0.32339552084641426
0.37875373883544533
0.22414543777503584
0.5229337090702162
0.5352755769043952
0.5056247037846182
0.45982725856199247
0.3139273026316713
0.3146961018564961
0.6043746663499111
0.4339819881499296
0.47388777453776865
0.4548308284790626
0.40847545579998296
0.2796977549474354
0.38769857410543224
0.23554780585724172
0.34538226891735496
0.36893961866030245
0.3836729051065218
0.492240181905877
0.4926156599339731
0.30552312738751397
0.4430557171262327
0.30655197472221357
0.4186060371729777
0.41029354341207863
0.3359356246569831
0.4121007838873118
0.4000249988438701
0.3501513193948276
0.27071024964646556
0.37899396231719235
0.2929799179598319
0.4670773158240269
0.2818616629903255
0.39325675473392596
0.1730659888691268
0.27228049632117496
0.3027192045106307
0.2199483716923561
0.5161620784059915
0.3258802746157131
0.3756374988739929
0.3252217731237849
0.3462442648728831
0.483901735286782
0.4142018683385963
0.46517096510938066
0.4541328020384904
0.26656196401637244
0.37609590995693076
0.34106404303579363
0.3656820001384309
0.4438707206909677
0.503939898572712
0.4129015657576736
0.5268117235764084
0.536317710644299
0.3941137066120937
0.34439907111939255
0.42164490632747764
0.38993948612327944
0.3712859804228357
0.25786407165680264
0.3196961951531105
0.554748485884044
0.38625596670627876
0.4046913652158463
0.5729184780267128
0.3481992809915573
0.4295884642765712
0.39269432651336833
0.33518405754902764
0.6134223945561995
0.442729835992498
0.4486002098819373
0.2675232861910811
0.29286941368802194
0.5333093729666618
0.47222507013554116
0.34754116609928687
0.5984772138262444
0.4692799894344302
0.3447334484951236
0.3024698432360532
0.42228339693238354
0.2789433138664276
0.5719902300944562
0.40736932529406644
0.25373227536739407
0.34067309012285735
0.509260638482749
0.3354165550938482
0.4845571028363464
0.29269839342793563
0.3083997864690163
0.2505922062206381
0.4152430094432712
0.5531009318278487
0.2922530247866741
0.3686226934933024
0.4349874463291089
0.26966255082491786
0.2772840701401266
0.4049366507790009
0.34902120561880284
0.5356006067785836
0.3152650271612476
0.5538987563887073
0.3998571629664685
0.5692393707454965
0.42656907055207693
0.4501070494110013
0.4518251927550314
0.3512140363769083
0.4140316883229388
0.4928596353096916
0.3622672587159711
0.2307645303562562
0.40684032057586966
0.4377225245721758
0.5429669532120918
0.44013332498588076
0.4984439892706885
0.4565201386580515
0.44164632233327394
0.33718492508045256
0.2710251619638015
0.3107106093303781
0.3402973798928892
0.3972482437453409
0.3883956724927726
0.41387958071577413
0.3811871745594858
0.3416956183704756
0.489893323346017
0.2391507461231699
0.4135465700209496
0.3490081129120828
0.36797508277447305
0.38182220450101984
0.38100833552705726
0.3700181590564579
0.4366539014944541
0.396560195388982
0.3154669799611885
0.48580094815666053
0.24111076833925688
0.5089302323468947
0.3346505905838393
0.29870937619004045
0.4185147137214304
0.3240530821395995
0.5077905928211575
0.3573402499702926
0.40921679139950395
0.40990733242314115
0.4390715813390024
0.42755420595086574
0.4370367323450573
0.41419611165536885
0.3721304261080296
0.3841692500220801
0.3120685177771472
0.45807782317188284
0.3021077997466212
0.31022910597632464
0.48761972892675787
0.39402043989000535
0.48405883693559637
0.28162536950666545
0.30717535131765544
0.4010996282986366
0.40902116230279406
0.2707655912882244
0.26885285312621265
0.3486556910416165
0.2411922218959782
0.36146914584322337
0.6522842679698102
0.39244138596677797
0.6315900679317934
0.4700221683523481
0.3308383138028406
0.48382979106418394
0.7792740005120908
0.4874152023004726
0.44991227493532765
0.4129985438057455
0.5024918144530777
0.39706585328408367
0.48112123300194704
0.3728645509454624
0.48193367217793825
0.4472332179047577
0.41169241276277285
0.2747984158825113
0.27006923544373396
0.7316602355463708
0.3764985797629083
0.4170325410120047
0.49881366821002937
0.3471124104670668
0.4115002473297743
0.48642430857567315
0.5462884001985787
0.4080865945681152
0.2859667083584467
0.5695925589681083
0.2379676474411194
0.383654799674224
0.40959345146442044
0.33629423265800995
0.3971738454975194
0.2498381945522769
0.486943110575271
0.3793200541418353
0.3565102178742149
0.44485178291279537
0.4263166500137382
0.4757371501067869
0.37911569399279854
0.5503773767287149
0.42604238554948626
0.4408186956587977
0.29769728775586907
0.40839223114921275
0.44632485051764903
0.3147708306212532
0.2975024449129067
0.4299356954240399
0.47386439902671684
0.36169331881090705
0.6031386223888161
0.4205872504896643
0.4457918333096715
0.5120846620249871
0.5179394653828547
0.32147271784195725
0.3866714605877943
0.34303399457226774
0.30503984554783153
0.472941140434965
0.40864861146496617
0.5607002588569509
0.19678686466539722
0.39900629083570943
0.5216123944457202
0.3200433363259462
0.5022861697769347
0.3314868772953194
0.4577357140424914
0.2842461767418469
0.6491458388634406
0.540103005419109
0.3319704559447798
0.39452544573500187
0.5436882266377845
0.4002769357858534
0.5453656913079061
0.49251766444761663
0.2816949562710267
0.3753505892572064
0.3845973943238373
0.33924435444337275
0.42708437978414665
0.3940851279833637
0.4236688986039084
0.3958454308432271
0.5509223307019898
0.28819388136612345
0.565739799360578
0.42209990515953194
0.2373687381441646
0.18601329253448534
0.39974266211903237
0.462028357152236
0.27288446279107426
0.4623642328968791
0.3748331212906116
0.5351763004237811
0.35526373253718524
0.5426647989551875
0.3800504738056422
0.38645362979950726
0.3877948607327052
0.45677517459456257
0.5280784184004809
0.444938086817223
0.5052076236786118
0.5079032552143752
0.48133264305583867
0.4228309928208675
