68.83570087974013
65.60502127569046
52.63474442636009
42.40716774451232
40.964444638685016
35.18487659796732
25.996439634166883
17.980302117972737
13.730893499456517
5.5214452558629565
7.599625884791363
8.562531568267229
7.592316875928354
8.731075295323866
5.111019780682394
5.259909607661653
6.57342098002422
5.470321664092828
3.9690027717486127
5.06650445886642
3.8826824699779086
2.1220390321623035
5.191651655211342
4.842164146418346
2.712998471616519
2.0721126601167446
3.195546949271329
1.9330510695107168
1.7697943875234285
1.4080385239822992
2.054912369731544
1.7537121978871024
1.483883921908481
1.505059221796991
1.3225508896634766
1.3112180859481795
1.0011627927042261
1.0150700592424542
0.9602100727903854
0.9009339298660839
1.148910846964563
0.6211866062603084
0.808629744226067
0.6521290589483397
0.7486276608159942
1.039392862284624
0.55909673007643
0.7982378281145397
0.786448925596228
0.622721952107623
0.9341984243995162
0.6367976964037572
0.4530491714217101
0.8922093663048525
0.7613339588328476
0.7603093694584102
0.5876079653598794
0.7080853426804794
0.7808561740263789
0.7731164082627122
0.629289069256597
0.6434719074350391
0.6453019244196492
0.5762960600033809
0.6134293355643561
0.8001993081091257
0.6917009889354031
0.6735013492930667
0.53970504384028
0.6180352910287499
0.8304124930101665
0.7739566423202852
0.5330109045974073
0.8030305972522342
1.1452395008231728
0.7664552532357176
0.8522788281459834
0.9898321029098597
0.6144556750074246
1.3500736837954748
1.0824148047968556
0.8144155656119366
0.9179536950942125
1.2767330532976369
0.8644191919271927
0.8936408586727492
1.0365243800685233
0.4128874863192542
0.6933245714597318
0.8503880286980442
0.6470689380167232
1.0066222010880952
0.751924326860985
0.6579765676513274
0.7455644747202723
0.889550238124596
0.6928223576320001
0.727069843308041
0.6728454695722372
0.7756994636190913
0.6842364671292965
0.8209835717553284
0.5019498849624315
0.6673684916461486
0.6980519402760493
0.6205110918565043
0.651400506052842
0.8595809834458514
0.9096563419796977
0.759461019720981
0.7354834409705567
0.667650604466217
0.9049668879022637
0.7145753464051541
0.7437158867286415
0.7297228584990688
0.8088988941888415
0.6494860388772954
0.6946160850167766
0.7384953789549435
0.7092826746639381
0.6376928093114798
0.8035243082515401
0.6779201724871715
0.7296439051594209
0.6501937530673837
0.39343811451005795
0.7802121194168444
0.43148546216065997
0.43662103630460514
0.724083905022337
0.5967961593200009
0.4855153460070103
0.71645016501774
0.6551247251879305
0.5164605262862699
0.5717435875614623
0.8351959945292363
0.37071355783939125
0.6549952777680665
0.7306121327829825
0.7096378312630652
0.5230901176468734
0.5663344430733069
0.9129093570340071
0.7222909895865617
0.7952487651627079
0.565188780713078
0.8204297386266654
1.119937483379037
0.6126854063303433
0.6472028941204879
0.916938362116351
0.5837538009700621
0.7991655246489058
0.6508477572000066
0.41656287943301307
0.7116981203041858
0.4146072379800993
0.7563309552382018
0.9136006019025595
0.30241280421861244
0.7955463183173261
0.8696735568224048
0.48931495083317306
0.7154754402937374
1.0734666369735792
0.9222347661701727
0.7790052237326651
1.0682239741783315
0.9138063379465982
0.6677613113214126
1.0873460093429135
0.6636259040209025
0.7701508859727502
0.8856263985409109
0.8344204286443219
0.5473193390183434
0.9229959890192031
0.8544757714065838
0.6113426084752785
0.9553014322002086
0.7971200447906461
0.3556197119585982
0.6928861746277304
1.0683111194192685
0.8537561154102825
0.5674862276905993
0.657991827843432
0.5193364130225685
0.726179396678662
0.8634984589791213
0.6750523198606527
0.8318151332755186
0.40131281796883306
1.1585513359325121
0.8084578981306209
0.6389072273836689
0.7535078991850984
0.6868828850111746
0.5006892056630635
1.190601642482883
0.6847238264135707
0.6299907885663264
0.7264450451273428
0.5508523516144284
0.7010798173526465
0.46151987204022893
0.6001661335048291
0.658176020850405
0.654281582323219
0.5041826827399325
0.615396361138671
0.5420977130746795
0.7373853512009172
0.38104023280998855
0.5602400877879006
0.32628906977589744
0.40577218854295827
0.45106056941405914
0.639354247438556
0.7511944524442348
0.333527714491571
0.8137295238955126
0.22231074821370192
0.6628891188443391
0.5136606606960848
0.5453208779259255
0.516843054494254
0.39677203918996257
0.3565818215464081
0.6280063172951338
0.5858353767030711
0.6052703762629983
0.5760765736151467
0.6202988638477949
0.3608901742954063
0.7916456678856262
0.44906695795601226
0.6461509133806917
0.5393441354819114
0.4034622438397317
0.6129714719506774
0.43929821219413884
0.7602016235345266
0.36747081862804143
0.7343835226789736
0.7155962666792653
0.5070882766802725
0.5469040423724646
0.629411168680319
0.511402291709874
0.48532793156449666
0.411646186495833
0.48032272987415175
0.4541466425926719
0.5581896995216817
0.3411904679829754
0.4119082058143924
0.5108568680723229
0.6270981228070177
0.6757159921586461
0.3763246709908401
0.7286280767579904
0.41191033955115525
0.8243179378544135
0.7694844510271983
0.4339659451193782
0.8782104224664451
0.5916071358951643
0.753064840458742
0.8904615996302292
0.4348274373911609
1.0638749415821656
1.1441694876365118
0.773060540178421
0.7966141529488234
0.8789409892337963
0.5306522304237634
0.6207759650452913
0.7347077141098175
0.4291090698262665
0.8745613874454868
0.8684139556273678
0.3873033901896143
0.588320101795978
0.37802343273513733
0.6687125629741767
0.5528738626152992
0.3480430615949417
0.5592357856916713
0.3687190661162612
0.2916234704546082
0.5525328251316141
0.2780273953566601
0.9266541031521253
0.8045361262864321
0.5256222566461963
0.5797089124905266
0.3288594731671729
0.4222669423240483
0.42172726790253506
0.3263917983462067
0.3109345846271603
0.38344497292328006
0.37178586329362345
0.2983504336426201
0.7639920511859886
0.7019583377185691
0.3133932888277784
0.6118950296465049
0.26832439525517265
0.2923114039370321
0.4125712633184691
0.2156445872521506
0.5106780076883675
0.46525271680767755
0.3677002311664152
0.3609793139119417
0.28618225900885363
0.37203252161494066
0.19300843242105845
0.5550559177192326
0.44895282586783536
0.395728770709057
0.45010539096906554
0.3776302245206022
0.32733271631780936
0.27034817397801186
0.48725216379078334
0.2985833954683056
0.4493071056473471
0.40901131184919437
0.3446110317647854
0.38255486906932146
0.1913365099832645
0.264758556488909
0.23787381009186775
0.29903761200901163
0.32812752633694237
0.3071809884475252
0.2094621777862879
0.29948417564744556
0.3349518297147791
0.2708244173752043
0.2608812953909335
0.20968959126866807
0.24097089278336656
0.4583404424998399
0.24255916176778436
0.8362507399487348
0.8499532601672696
0.308839064371024
1.4140459548307773
1.208804898580026
0.419943813646664
0.9671787716579622
1.2147776990712473
0.7927248428754282
0.41286035620478406
0.8958650608140162
0.45864721932691493
0.724977512662369
0.6753410069902636
0.3457952411172254
0.7236607240036029
0.34843418952633287
0.9142918968707159
0.6720445629484926
0.3209354736080083
0.37188585831300475
0.3718917630058734
0.37801541512995057
0.5196357377369801
0.38963134058506094
0.49654269054089933
0.6244201642887154
0.28135204845293504
0.36482726769904716
0.3738272209496058
0.2610860462731862
0.5217214800136248
0.26308225498573207
0.3869006780622293
0.38891410440027063
0.6974824693357932
0.6042898433352927
0.31226483973938873
0.5070098235058518
0.3076465956702709
0.985966594890092
0.4720544021635055
0.7852251017149603
0.9682684058736098
0.4001244002648535
0.7189752130069516
0.952430896763714
0.640347530570897
0.5139847421689949
0.7021241571529887
0.3640056140573989
0.7532806594817029
0.5454013366773017
0.5656586742846264
0.5294801876913579
0.3961129155202143
0.2864644596062204
0.4964220982073319
0.3467978145775069
0.3621170088912801
0.28997458538319854
0.3001468085786873
0.234476648457688
0.3303306872590378
0.29761716199178345
0.19670861851184088
0.3513340036183293
0.3831270453039921
0.2214249896943154
0.43966123401819057
0.4771128316933171
0.46179845644568696
0.4550120896375463
0.2820965620622767
0.47414038287859894
0.26078170236151726
0.3323860060905581
0.5215878150987704
0.4507243062888911
0.5584713091776419
0.23488160181578593
0.6807026681174815
0.5022215933639447
0.5677403218738792
0.5863203638535631
0.2037152417041922
0.5080543170266266
0.3911936496509568
0.46921575482030253
0.6491445534071532
0.5702773491941648
0.5203234255715633
0.8086702145152677
0.22536114936526935
0.5651142405966012
0.510928191139778
0.2857256296967757
0.6737446391279931
0.43304314522816906
0.7229406533749086
0.6159862798439661
0.3097347090457507
0.501151443776842
0.23164629440016385
0.6419468261786551
0.2036573253963892
0.6075488873604568
0.25026822046785324
0.7918801310303328
0.9604165033940618
0.31815222149471684
0.4942087256973354
0.33926519305965597
0.5709973888613754
0.5928422016035976
0.2992540888964091
0.3886553744970627
0.4026592934600645
0.4187870963024911
0.21601912946897617
0.2502459112417374
0.301740628226484
0.2669973477667659
0.21050788727083103
0.3405640208787871
0.2786947370630662
0.2167228489647927
0.17891603394697858
0.26355775532477815
0.33762893736676836
0.2898675906337527
0.2691526340240134
0.4717861610962738
0.20391558276246557
0.35310550409306873
0.28859607357704636
0.41058084848850757
0.2581531787623917
0.2740413107363285
0.5163163264310329
0.38809468053824936
0.21981741378811376
0.31082776760112635
0.364333791519367
0.3529191172018531
0.2112063198206907
0.1890895333045327
0.24054289028198153
0.22649493329500647
0.3566130742926967
0.24573834735719896
0.2090172656933649
0.39930100181553874
0.30195739171880687
0.25313016857718373
0.2627242231302248
0.26753668335697856
0.33217101491905693
0.24200310970916505
0.23318401704603625
0.19819289856397032
0.21659413061238672
0.17124555058692442
0.3563101884253397
0.2305154674498517
0.261232987320384
0.3554353883112143
0.1968598157263901
0.2780479002558633
0.4031163408610619
0.2682178817723625
0.3368691126194633
0.22945252919458659
0.30120202725135725
0.23392970458962212
0.2876591355729936
0.30284800475013884
0.2473665880083009
0.24492018187315365
0.2516078150005528
0.2139337347609429
0.30408700469307354
0.28447309878120514
0.35716084976242957
0.26942858137770176
0.3694177881677241
0.226674695424268
0.5674915754600268
0.6632360458053908
0.22293684207763703
0.4518561759489737
0.22097576278599781
0.456056316383369
0.446538648062275
0.45279920719780625
0.5677576036438515
0.3010016616858641
0.324716715374826
0.5662677741498411
0.24552118400628548
0.432710736360007
0.20173025339435252
0.4114323367363452
0.2573076840861702
0.29650239303031095
0.3412238305104025
0.3510654082159
0.2038593109148053
0.2412939932463163
0.25792944700185644
0.2601218104364562
0.31847378174431923
0.21495140646590316
0.2977166331238305
0.40894410560980426
0.3515890970446532
0.202093353086526
0.325003709844758
0.2777525474093129
0.2099337087945018
0.3473057638454268
0.25581870126472234
0.5282208160559133
0.2936244411220965
0.5072734236858455
0.2617886435237278
0.8091397884539907
0.7635674503985197
0.31371093073289236
0.9884170008182648
0.6626131510699724
0.742164825066153
0.8459919878195702
0.9858748395742513
0.34320729397312144
0.85725784900122
1.1119292775256895
0.6975087368709476
0.6053401653359681
1.1385626945661746
0.713961822837923
0.44128616561009226
0.8380928291326719
0.5584816173240769
0.4158773776487933
0.5954375763319937
0.2734909373644916
0.7144747296731829
0.5120261462194682
0.6890141841605287
0.5259481735393434
0.6120511693441086
0.6563890506801936
0.29561546702852237
0.4394164836924812
0.3832392508461918
0.4483862287588942
0.30507245189372467
0.41472524298588004
0.5639813453833882
0.531931236813964
0.6051605016166752
0.6313766590973691
0.31647592021036036
0.7754377273093963
0.7177981771629383
0.345329216340793
0.41824053770306074
0.24671048050927696
0.3563487663239751
0.38588601746895573
0.3198485784967212
0.5899904478201193
0.3023394949015795
0.5827090332298908
0.4293985394246743
0.44890848479417234
0.5178797871760129
0.24411434938955212
0.36130527883704605
0.3259942133884714
0.285047277223131
0.44871036982993895
0.2221046090118545
0.44329718034906457
0.3345119688995311
0.5498167655519882
0.5923255226504219
0.3288717830827635
0.4408168103567047
0.1950130454629545
0.36029821774671716
0.3378093002199158
0.5103599436283158
0.374759982366391
0.525552568284627
0.6376817010419427
0.24662716987405722
0.7006055119972444
0.7074000840167656
0.17808537588600926
0.4864589187716038
0.2712494364982007
0.2584992502564964
0.218458957892939
0.45379762779136423
0.23210711243705814
0.5864887014774675
0.2607208241943182
0.6841370538593777
0.41068052718797654
0.6473320068346704
0.4773973999645568
0.35012812207989064
0.4730978500852986
0.30400908924769965
0.608630554398761
0.4402765473809536
0.37363629290452127
0.28521230386538043
0.49975727334927655
0.22568334413097202
0.42819435247641013
0.3229681332165176
0.5967428363591485
0.3996261830397687
0.7316438342701269
0.6060501481306005
0.2859920985892448
0.3135512202363219
0.2707935003063563
0.2719913326978129
0.454779641528355
0.39097960130675
0.5311102089836791
0.23311850020172356
0.3314428354812287
0.7145636450256408
0.38426372628277794
0.5705030644877647
0.23214162335562016
0.5143136450771651
0.28664138419670837
0.5862017183983175
0.6332897452814019
0.2535397769618896
0.7723183243402422
0.48003440578485773
0.3063827452332148
0.33633584573749975
0.28232451738763864
0.3711351726714961
0.38277852626854214
0.36668909511276704
0.4852829545073389
0.29555209089320106
0.7134061186263239
0.29640144041747396
0.6582411163364169
0.8717634902204539
0.373252709892851
0.562747598195916
0.5465879450665106
0.43013667016068663
0.4058121374249403
0.26761501987171277
0.29315641204113957
0.27072453416968456
0.29389683025189145
0.3274123565826195
0.2439936388478661
0.3311177266024404
0.45528964299566704
0.5705886657930314
0.5680668873682034
0.1995911883328638
0.5395763666661051
0.2594614620469051
0.403667968151348
0.3113732643360262
0.22551066574250236
0.2256790547515109
0.27410613781502585
0.21421859913976507
0.19479893440433482
0.20044217632576283
0.29354530039911414
0.28301090132846685
0.520146617107308
0.22147291724613788
0.7705571540633332
0.6810946420616423
0.30912029665000446
0.8490897673880955
1.015166572582285
0.2806706538384984
1.0232568704397222
0.9231483833410931
0.4477725902200518
0.7651388155841296
1.007774760873462
1.1339490458063899
0.4298346066362581
1.1880515713322943
1.584406885721791
1.3457156642459684
0.4884852813538863
1.506482736130729
1.5332056972003567
1.0625747893664004
0.5403096471071042
0.977799887775455
1.0459815938340022
0.8304573866382765
0.2643086000049523
0.6748239290873842
0.6419731947660585
0.39264078570925026
0.68983888344692
0.36697660435507334
0.3460911908713301
0.32616929219804697
0.3702386517811056
0.2673299526737784
0.20017847631452296
0.3652502071370076
0.25662407233708695
0.23779898774033276
0.2816018284767874
0.29339148659663394
0.32545725308905515
0.2902044533880171
0.2982158829063735
0.19698452002871586
0.32488363502461187
0.36537759314361745
0.318342894099782
0.3763453864997458
0.4449049533161686
0.32886987100361675
0.42383230055590504
0.29248077260868655
0.5152843230210615
0.3314375875848599
0.578379091119679
0.4839524388711679
0.38198573727240553
0.28314648873149456
0.3524411290820949
0.19884164362439946
0.8375243265247355
0.5509389927340762
0.4451718195669193
0.4519359821091088
0.3656305937278472
0.4399171759016881
0.20456061639974674
0.2575493623422094
0.23646389688228492
0.26466839739213893
0.2611962096218438
0.25359017163511305
0.337061226939099
0.1999152731709584
0.33754548875528245
0.22664932930158083
0.22083560209468273
0.25427194949285
0.16118981110887354
0.19328815853636228
0.26418304737803094
0.34051604300152905
0.2520884095985582
0.3852971958703233
0.16760021701219768
0.3268583280661841
0.32418040483583405
0.2412511152156183
0.29896739384333426
0.198234165918807
0.192212963906907
0.2295055585537218
0.2791402924445841
0.20004358290407961
0.23118254512396455
0.40294734371367386
0.3553315691710052
0.2514871772936736
0.3395763742875758
0.3257727120703788
0.3252054762426053
0.4023526939060035
0.5295140696868131
0.7382383710109578
0.4852876072198959
0.7194541910157946
0.3638187812985083
0.5412558917093436
0.6380466601251213
0.8963770253028606
1.3879157739724939
0.4349326320922068
0.9100660954937538
1.0556730492809503
0.5280329247153959
0.7901344710390691
1.0968897239763615
0.6074232052291122
0.49722699788912766
0.9271757378801724
0.4203186455769358
1.0584827851202314
1.1887789992813746
0.9985844577150157
0.4869612591239
0.8973158776634481
1.0920032854964477
0.5090744828144852
0.6258993966447994
0.6295450751983659
0.57352392231588
0.7973529567139285
0.40803926905772026
0.4671760705545488
0.5032467098137952
0.4195122527073088
0.42421378879112204
0.43361905876262574
0.34958260515505274
0.4526195885516371
0.3728919874608687
0.4778823539118492
0.41284672001430606
0.478275968136872
0.6621754373482355
0.3848300546560908
0.6246619090595129
0.42139274393660986
0.7896132390059503
0.613824123488215
0.5123132748467013
0.6212403323714039
0.39542006939304447
0.42362571294266343
0.19563366060426648
0.4457132131761456
0.30526939945040565
0.5419134472289326
0.47288962483246644
0.19150533817667287
0.36388147206411975
0.2873023635056315
0.40773848943030144
0.26387205338124287
0.46678077968965287
0.29422167117775716
0.601613926420511
0.41335941330498055
0.4884278408409467
0.6608838302638184
0.34789296659147206
0.5231098298209961
0.7339578141851555
0.5162178440352515
0.6933137885838653
0.39170081319856215
0.30972349241834307
0.30079090166156164
0.4142834623199638
0.3339730116210982
0.3712033796861645
0.5026786598895461
0.47157482570329534
0.5811511985493207
0.5865618692551847
0.3487933644297895
0.5603835903610352
0.5416982813331175
0.49166787965037617
0.41288419302171986
0.2127114650909444
0.6485585209524297
0.6628351954877861
0.3455666780574219
0.2910615983276933
0.2603648703429892
0.23663183768456011
0.3089747676457108
0.21391571518048988
0.26214875277457994
0.3441817045534264
0.383625043575257
0.34727668508053217
0.36999445464308667
0.41088443621281134
0.27023170959422294
0.5162362898490694
0.2394985588333332
0.47256283177194575
0.3451680835311583
0.42473571641900837
0.38924275614444054
0.5003437708223875
0.5213714135678598
0.28548261806384934
0.39689803810225427
0.2074719438360911
0.29261232637163365
0.3905943162632403
0.1764027648665178
0.22739308954763693
0.29932824200187697
0.458245683721894
0.36162139018821765
0.563537650224266
0.4046773099268164
0.350907695931971
0.44138506219835044
0.41440075339294224
0.4196857059934151
0.25344184939098585
0.34388697762713283
0.2491211028332948
0.3915828920836679
0.2619000547436444
0.35359569106208155
0.44235743561992613
0.36077051344656785
0.4343713499887511
0.31233328023426593
0.42562491689620063
0.36860389951010175
0.555434140137188
0.8750430039754146
0.3160668340560876
0.537758011823819
0.39135020198522213
0.5314928269177795
0.3233782940878348
0.621214728840097
0.5020603712942417
0.24719382633930675
0.3890860914538063
0.4306562850614061
0.43902534144100563
0.4542489394349651
0.3880027275097563
0.37736982025993887
0.5824256321213239
0.4095505206321955
0.35317319339933345
0.4195515356129087
0.5101498857293432
0.6210424391950236
0.43855421387857063
0.1995660707648924
0.47706335903623653
0.39853640382546734
0.4795788920198658
0.48013100830412603
0.34990837706473726
0.39796388316313414
0.4521424062796378
0.38947426127881496
0.2569086027353386
0.2495103729936313
0.42496189451898575
0.38887926138589546
0.32078736598719276
0.3344803200862657
0.537040929748134
0.6083529188832026
0.371757257026764
0.3956552838898653
0.31267689097877377
0.9370264107025016
0.5676441054398704
0.5475686431675687
0.5407580437122891
0.23496640375784195
0.6926944814583533
0.4076544716534817
0.4336815177093034
0.45781308064715415
0.4147591100169151
0.3652069177956608
0.2566815150454257
0.2346738817789788
0.217583254156604
0.24857103120074886
0.4659308382035052
0.35619707746994594
0.4094836290922856
0.5994717439269779
0.3638375831268284
0.6083550466539056
0.22333469354386742
0.5212979540996959
0.49115087399986096
0.3807301904078033
0.5007575703934735
0.3755508046492089
0.6730640997466691
0.6135955797387077
0.2545405408874787
0.3679463817645646
0.2512808215244189
0.3812218769436075
0.2569412126061366
0.2975762971948161
0.24564287960456838
0.23374833635796657
0.2567518592010139
0.3169527331531992
0.22373677980391765
0.24854655398000206
0.20624094809459584
0.22317127237289897
0.3588366788905357
0.29536627864886994
0.6215368849663961
0.37176309011161407
0.5733964548422557
0.48640056645742186
0.4522007961446006
0.5805376074765379
0.21617665343001388
0.41692193055149285
0.28891116111723797
0.3529858372551768
0.4383524986575691
0.41150786208303936
0.38539096030045006
0.36031071185364594
0.3698180856300221
0.2810666793425167
0.37299911043457024
0.24594776435180585
0.23326849603602728
0.1641420216371057
0.358423009301839
0.2849027748631926
0.4073379705382535
0.3378454047205038
0.4679072506841874
0.16192514846257972
0.5124970815067547
0.41112007108930343
0.29381671348577176
0.28506165563891517
0.3753283926478506
0.17617633363092017
0.3707988596406518
0.3068629804442148
0.42036508577148
0.29929293534421786
0.28567576144183227
0.4178130772978811
0.35902999694837273
0.266320011417547
0.4069142296992649
0.5637632667059963
0.393054563226496
0.3010662147714826
0.2711163848244066
0.3545010412358976
0.30442779560014316
0.19224180324216772
0.3970880842858535
0.4290243718946918
0.41465212288107867
0.3192383511624254
0.3089240503515041
0.30040056296888273
0.31319022129149826
0.33442816743193365
0.22325079500418904
0.4183325215808916
0.23375694133634795
0.4537710234769462
0.34377524920332464
0.6432195223261815
1.03346422853162
0.49720127792788454
0.9536547679102253
1.1883121029548502
0.6991767836798481
0.3281765727618838
0.6770985333619622
0.5045108228445438
0.4236490796158103
0.542482925922223
0.17169272188729656
0.700605262405589
0.4040830867142931
0.6189366504490884
0.4364860992821187
0.28399345332464415
0.36193871023028856
0.24059113265165605
0.2523185119791397
0.5721199467729591
0.39640985887123514
0.5034052267184382
0.36424339823889007
0.38467280566358925
0.506484321829273
0.239192043320282
0.48274137363538344
0.31279274856158784
0.17332294627897724
0.3327751954026848
0.26677390000646123
0.5274697591823966
0.5528107515267981
0.5165535200876902
0.6488055926968511
0.2946836251144292
0.5152798909414625
0.2680344071926761
0.5028705271434041
0.34643686522259953
0.3943075847205263
0.3746491009258499
0.39764158384442644
0.23365065720646222
0.4397261456351478
0.3533777235771771
0.43160045361859334
0.43568331758651013
0.3231805309421221
0.27622821981604523
0.27090640568118574
0.25143461387111066
0.19763574818298865
0.307220560994348
0.29585694843195454
0.27260044192575134
0.29192499844851233
0.3635722004153202
0.24341683613356024
0.21706310492307349
0.31584336556127846
0.30861160733687054
0.3218325782365664
0.45670720256460007
0.2895550705823312
0.6626715331348848
0.43891574076775713
0.5042427093247649
0.7727455909773969
0.4057344323867359
0.6967698252513351
1.1409813483178535
0.24236056105229298
0.9236688488047301
1.2270095901877027
0.589200562159915
0.7890002092206201
1.1949227680186338
0.9716543725151815
0.38302322872744315
0.7838914780825762
0.9099103639142033
0.633841622636024
0.5941870375265905
0.49062829023065113
0.6484186325390952
0.73039320297312
0.3821076896739676
0.6894911292091802
0.657720710515545
0.17403102354976668
1.0309317756664969
0.8838341486678681
0.26339523934034037
1.1666261800229039
1.4523291536150518
0.7065172370176503
0.9387138296852885
1.3826565000830346
1.4356888370311498
0.6408171526010683
0.722619591066629
0.951414312795229
0.45411887792066374
0.8750919502745326
0.7759354191958897
0.25773377971352357
0.6535097670066708
0.36789201080102546
0.6619486604433092
0.6150086865309647
0.21761726553265523
0.5505701133123657
0.5726168625007088
0.7801047022212849
0.6316870008531823
0.2857078057743301
0.4940179103109874
0.4866497426818857
0.5429171273834893
0.18937891429410164
0.38213531694376857
0.4591708435356061
0.40720382501921965
0.29501681468764185
0.47101574343812225
0.4690066538386446
0.5891649302505805
0.6437854131280056
0.30497002738492995
0.5891056760766596
0.38004774921003404
0.8452690111236846
0.5435739551403712
0.20957780566983944
0.4562972887644574
0.3082749843441366
0.23978597461450213
0.23032730514589167
0.24572108686642938
0.23169971932000888
0.39563669121399486
0.24671248961925332
0.1906400959986486
0.26834510592445626
0.2855432774526331
0.39235302140425865
0.29131838706364327
0.4606654205190066
0.4317011776906558
0.35547541823483714
0.4558233939379695
0.28207595693311316
0.34363213876271337
0.3813442939246374
0.3410960391333679
0.4321960906409784
0.4582171487916539
0.5438301042790381
0.28841427356137916
0.7011233655913607
0.4377202819125699
0.36274600611088215
0.24111450302251303
0.48415073234961636
0.23884645723764286
0.4919211777656477
0.24236852577326043
0.34272502805819244
0.43413271970269596
0.26301919305395766
0.32774048546929707
0.36039677303009204
0.33717004206889645
0.5412087133159669
0.283888031961357
0.6186752100557888
0.49320976840564235
0.38337688196322856
0.37102025991498355
0.376113040087527
0.5027784595741941
0.35390772198965026
0.4724642040687161
0.5645216247755288
0.5665724879259019
0.3398057860565422
0.42482850235129455
0.23683015265403845
0.31015710026337784
0.45384912302895203
0.475465335008663
0.4548834234900372
0.37879082415743054
0.3950536544553169
0.43463388642213685
0.32734725938907905
0.2906291285669111
0.3995952827830323
0.21905277504357223
0.41353474987191663
0.3108684441580515
0.5397435984169737
0.44865235356061545
0.32128278465634863
0.631567794752429
0.416637260034159
0.49815978823020857
0.735657161551929
0.23877251130741603
0.6754422527482806
0.69972782812802
0.5086721072821473
0.6706413207259917
1.0308850332335744
0.7628703144886333
0.39397142794463497
0.7317158348236589
0.5075899220856545
0.5086681202142952
0.850565111740469
0.2731882613626159
0.7220704477072286
0.6946996379923525
0.2932546702011427
0.7638608137692117
0.43676455733560193
0.6260258550796292
0.8232454675863465
0.33800532106638675
0.7779978891970747
0.9429051384958403
0.6070415182285537
0.2842305687104792
0.5764811643805312
0.6526542335233858
0.35418277390795194
0.3684236574351205
0.33487842831660697
0.3119528347016795
0.3705307404825641
0.3336539945376579
0.3802960276049192
0.5125688797480391
0.5724846744491398
0.3536005142386282
0.29780482470857655
0.4510084470405948
0.3964447177151301
0.4429473774104337
0.2427859732865667
0.45242178921800746
0.28246694189819965
0.32329354239741337
0.2486021269680388
0.3820000854976911
0.28302457833058836
0.4501195847730603
0.4442320527255941
0.5039324054585652
0.3591629054040415
0.4296717819586483
0.4872602104812073
0.30178066228012557
0.21552022098768747
0.3982233554235398
0.3393004053632233
0.434935642973043
0.32338053048269794
0.2725927640356568
0.2709944558859282
0.36906874106133064
0.42665426311786564
0.5975480580913322
0.3937706022177991
0.6256286433038919
0.7420664014403487
0.3240976328955501
0.7657089019423505
0.8689463400568669
0.5870961738664953
0.6182745866691871
0.7163856458958494
0.43617590933710226
0.603133286927685
0.9840663068665549
0.5258543697977189
0.8016378323726764
0.8306872743675554
0.5119567194327812
0.6761930323738571
1.074974561510697
0.751721298528855
0.5458724339083062
0.832473504224906
0.5929696383581216
0.5123936235118695
0.7000380987874709
0.3879972180372453
0.5030675521364893
0.2572160621731058
0.4980565739102635
0.37420485409821463
0.5121087014224807
0.5615028722904862
0.3880601569313911
0.40506362249404804
0.4186340460767188
0.37165624500267924
0.5208994075644331
0.4910844029383888
0.406710459683341
0.49833061057400047
0.2555534679364466
0.6078079048997806
0.2908116155470242
0.700389142059526
0.8150789391532562
0.4081557491165314
0.6404498233668336
0.9084304764559112
0.3233659852094793
0.9849309423156961
1.2797439818950338
0.66285287726662
0.2615297772385432
0.6095466955282326
0.4255028331849492
0.608352881282238
0.5743126223459568
0.20212700315773655
0.5215415048443455
0.44406107013695423
0.5065191533039408
0.44530971061128866
0.3563608782280172
0.2576805685774827
0.3436408547279796
0.2892965735505132
0.30728780048161514
0.21539541059868303
0.2839619767504379
0.33555425443790254
0.23757191636032102
0.24529291366720612
0.1743628576154304
0.3624155977389868
0.20668144670849797
0.33588925112787293
0.24330491690735817
0.2756181471207911
0.4204932330823343
0.35184006889164576
0.30922969347827356
0.2623616456543014
0.22298056726284762
0.32547004555070175
0.2369991485558852
0.20545792813389777
0.17670824747367048
0.26672075768008824
0.18746611594315207
0.2869695928998546
0.3037834195642337
0.2802464850058975
0.2334288577572272
0.2525256460119494
0.33267941943560664
0.31831045320078455
0.31773132970281354
0.3850650678182421
0.22254468243713663
0.3556179930013086
0.3318824887222118
0.4914887683445974
0.2901126266747524
0.5097778342072851
0.4540322318960981
0.3325586612071593
0.6898879389551575
0.5217631822583448
0.3651213549897912
0.47847285759790636
0.44554047622096127
0.410991878710968
0.341099296992138
0.35936121897412915
0.24447254098906687
0.2574059815035168
0.3222692345049487
0.20349105089821057
0.20156167120008134
0.29776850990982184
0.32955291017000693
0.27320092889156705
0.3071264137232076
0.21607054159310893
0.18450113626338271
0.3460058361861642
0.30938714212242757
0.1830569328391745
0.21585831988191115
0.2811312401997329
0.3021817420818126
0.25567426720528735
0.23542711513446202
0.20281787282419847
0.19491705359332645
0.2167639944068054
0.29486065196941746
0.3020971171603621
0.19246479420823367
0.19996366583152572
0.1928869690599066
0.19592319860580146
0.28112939198640313
0.248936063135058
0.3212047966023845
0.32897751248112783
0.1869038813616223
0.3251518245803287
0.25210454992513925
0.2153700110898636
0.4054182417995568
0.24938760270761934
0.22136181324796786
0.27007118890469256
0.2694251765438528
0.2933467984409078
0.2661712910881176
0.49581385939276346
0.24590631800280904
0.3843507219964743
0.16431436100666094
0.5447744186256473
0.41375283250122097
0.4600183135933155
0.5236200544955915
0.31933735436205235
0.4037383558017849
0.44954902946999425
0.24228321036867592
0.3084488210248947
0.2248825779471908
0.5290184626480505
0.2007150525306909
0.5818767025326818
0.40988702997404286
0.5279785816490976
0.45487964316176044
0.4122461522363529
0.7589508276522806
0.52008946218665
0.43826794695986315
0.5035012794232446
0.3731716824660432
0.32241060657662624
0.2542601070487424
0.4388163561008157
0.36479240724712314
0.32513493725283155
0.35074343517999085
0.34657347334722305
0.5712587866347549
0.34388731608660184
0.6103714742571561
0.27844518768255444
0.4967058199529322
0.4620358189460757
0.5782087663065123
0.37281338171017475
0.3388984337031655
0.28846373994021896
0.46534731526745077
0.3586386575109836
0.6284105592541418
0.29857254431838576
0.4888279391993211
0.5737386301047985
0.23190320854728164
0.5531202793834268
0.337630945295229
0.34456025673520346
0.543747991807076
0.4474053499484382
0.518796634783128
0.35885568266178264
0.23681332242671096
0.28147275116115883
0.27937390690351177
0.19766203704268556
0.30889910782855506
0.27046991221694716
0.27124000665715364
0.17809157657833294
0.2674296643704722
0.32983167622183346
0.25299797907657434
0.37492132123445837
0.2796421110868158
0.39022428725301506
0.2527062788426832
0.21366997048284625
0.3206949299758044
0.24920634565251681
0.3094974517519082
0.22496953360334696
0.2671841807866971
0.43523989705181815
0.24483881313691258
0.42174878511584285
0.22246470402065363
0.1813979471512856
0.2188319467403837
0.23347791942151233
0.2347908536428447
0.23232620850566787
0.2775830538198473
0.17708518812477625
0.20906703657824896
0.4568655879999819
0.35859684622128485
0.30821826292047594
0.5127739509004328
0.4491747909718639
0.48177957661893944
0.5286765879721036
0.3122179748726104
0.3955296036133226
0.36706331443317036
0.5044553235833503
0.5373003520995876
0.3218690588048839
0.36973162286500766
0.34855954158500396
0.5413570730424365
0.5593164904373222
0.28398643862109907
0.6449990672954333
0.538473871912635
0.42090783494091943
1.0638610525748626
0.6392976605950846
0.4043777018647944
0.5446282639752171
0.3919615428736761
0.4605463678051204
0.46369501120374296
0.4770333018303982
0.6010230207870223
0.47617156167995295
0.7455309874524746
0.6834984913087767
0.6386849322589291
0.5256951071065842
0.4673178540602821
0.4624352093733364
0.5549298262369434
0.3028684257445743
0.2581994737822896
0.5223834301760895
0.5360306276078337
0.35809932729846267
0.5215954206855093
0.40451896791828756
0.43716888006069143
0.6967756796650302
0.3078629785905057
0.249577573765549
0.3611995528684604
0.3990751626246022
0.3555745485764243
0.32621215340090537
0.3162733396577438
0.3707892749517123
0.258577186151564
0.23649678518546915
0.2712541783919427
0.33814714659752126
0.21373770026860198
0.3976356794017011
0.3294586293639976
0.273135389585921
0.271767046823623
0.22701677468603154
0.2465989274793089
0.5250530000640405
0.40417140218384023
0.30931906535903136
0.41527417704548075
0.29980317078216784
0.6714728542864656
0.5365139622830092
0.33505991609422875
0.48695335132486334
0.34133426995994925
0.42140741830398365
0.459023512009821
0.34576786596847064
0.34074832260090016
0.34375832756110186
0.3063311276839057
0.22060212659318026
0.27783491934597476
0.20217472467851155
0.30517889426429584
0.3177499985439526
0.3178894794613296
0.3456006643463234
0.29406678071280223
0.7106493926191024
0.7112785527567558
0.34123586263168604
0.39086687531525566
0.30476366803582655
0.4576499790024533
0.32203612585658165
0.37965835964044753
0.3295397653644239
0.4051180822796162
0.3741045392300066
0.2563090333317391
0.28511443898692773
0.30883775146881143
0.285223821347726
0.3126224169006928
0.35682847422931746
0.18533626694066768
0.23457343483846071
0.30369249158047645
0.24359976868887692
0.34976214796565425
0.20692331882552947
0.47078003490617165
0.4545355256632301
0.632387582308594
0.5088692521028412
0.2467324841112112
0.5784395840426159
0.3099026056553524
0.7710205310041375
0.6558704069978716
0.574027311881218
0.666792313216081
0.23396522108862342
0.7380780637002181
0.3360769423875709
0.4521230098875168
0.4340967594131912
0.4779899687514517
0.35213757009245383
0.48023981755116796
0.40950043977977396
0.4365701892067427
0.5744525773347989
0.3668420609768651
0.5053359005432174
0.5703394790616917
0.24357939295454464
0.2923079802090389
0.6743512828678425
0.5304668409348313
0.4273971324906399
0.296155642287182
0.43791440910492224
0.35737743195569177
0.6461374018531654
0.37739386647640966
0.488779330793178
0.4286591281710893
0.573494656316272
0.6102614407161281
0.19363730562700332
0.40495713898644403
0.26900716105918393
0.33788645524822725
0.30691724836913886
0.5495408879600141
0.46611067705805637
0.5935167295790332
0.5373053303502138
0.2669453627041205
0.2954328158355589
0.25924010417443677
0.19238832641909712
0.2543164155282679
0.25766415532949305
0.3414260687531205
0.22587347573649907
0.276666386772453
0.35547189402523477
0.26417900750422263
0.49892762632267323
0.36725612748154013
0.4650248595270805
0.5283535283548701
0.4288938469446703
0.34146475391264974
0.535917288907034
0.33984253551462285
0.3489024648150883
0.39869623994760495
0.3417351981431795
0.3947871333775751
0.29636629369032197
0.2948472222062618
0.3169702555565179
0.23705226403807875
0.36700217441809535
0.2568946920906526
0.38119489303578064
0.37342206801881744
0.22379634426011014
0.3006777110008628
0.34511517425351107
0.3120696157805173
0.45712091736996147
0.5292381453156889
0.19307927425030555
0.4662212125355958
0.21776502550610286
0.7683335772385518
0.6729458603469882
0.3599660740173751
0.566838880618701
0.38783461653854606
0.5723118077452125
0.3370725460255133
0.2889835400169009
0.21344443512090822
0.31655566413614405
0.3649217080371881
0.2274719318030939
0.24923523997795002
0.25632330553523147
0.3445171224320445
0.32166786064797487
0.30345789664512524
0.3898647645546889
0.24979761492106362
0.5526809950400613
0.37698705641641606
0.29301669927980206
0.41658845522083315
0.3122949898304337
0.34229367688738394
0.3769359262129443
0.3895577029308201
0.47134086782286916
0.4076132312601458
0.3899292019087279
0.5411271192218459
0.2730971647033768
0.4499979215660367
0.3592532932203248
0.4465004824178108
0.3456165738371739
0.4496802281683279
0.2895351440064206
0.346130874743557
0.2648613584489312
0.46688723578779934
0.44367159989250776
0.2013079122136158
0.2877269796751025
0.21700871368389213
0.408386158747285
0.28992945184572116
0.24499377858931534
0.36677199805388366
0.2869179248505222
0.30663142915706787
0.332590741456393
0.4014967649848132
0.37346406569958196
0.21803408065736093
0.18268071026911528
0.27134034119556455
0.17466424715002962
0.4308485127777443
0.32606949416402814
0.24394019913647538
0.28287647550129114
0.22521936201806622
0.17028209823213758
0.25871642706964243
0.4092761221317364
0.3283294865016704
0.24428454255352375
0.47513628720219975
0.3085145600632936
0.518518540217393
0.36294416323300455
0.44298632738136473
0.39224993648531076
0.5840376564593763
0.44420409446819936
0.32447703278634055
0.4335012701236173
0.5375213410003238
0.5703444640123192
0.35755201015283083
0.3066530757467639
0.4367245699952516
0.3134303401638028
0.4068795484233205
0.4393580922356425
0.4553926408334877
0.5145653675206102
0.2772671176108475
0.2975596266695892
0.651714195637639
0.7358144483566395
0.18120936296292683
0.6526564832069714
0.5325489403353763
0.4082093661559399
0.4708690781815372
0.2588438636020283
0.4000555858565265
0.20788084603523324
0.4291992463938349
0.30592966642869435
0.6670238447939589
0.49317393004278465
0.46178017519589176
0.5530458976354381
0.4956487252466598
0.41540232823670314
0.2904883862552031
0.3171413814524137
0.3852031882542958
0.34440491507243154
0.5156739826238231
0.7137381877928559
0.3093823962489505
0.533239703539126
0.5096343902468609
0.4723925304951055
0.5735514656470099
0.3199469593211959
0.3210415806004118
0.4551585559484696
0.4293260185774199
0.3298719284774786
0.30432721172531807
0.3051858753424027
0.33413720375081185
0.3560394292806879
0.1927872174830514
0.32838613741207273
0.16812006777566274
0.3016817958687312
0.4190394466841187
0.5388603261526994
0.3683986604428727
0.5300902660173911
0.4050554293600235
0.37872132953653026
0.4947967706326055
0.2962618149454766
0.3416135258302221
0.39376756517553463
0.34396985468628566
0.37504114963178753
0.26696988377116426
0.3006936716469487
0.3953461755582621
0.20916754435117768
0.4407946931113695
0.273622363671341
0.7237660767597477
0.9939902495611787
0.16859413715037422
0.3642221679803433
0.24806829392828453
0.3368720999870789
0.23347267452837633
0.2151509505020113
0.28771281066022425
0.37746027270882876
0.19376331838987948
0.26702269073111734
0.3487106166478983
0.20323106364127078
0.3883643349504442
0.3394304366956529
0.38487019420294033
0.24692987526373367
0.2703700614734916
0.3588468875361471
0.488198292339963
0.5297872088074523
0.49721774067347463
0.6507939141621245
0.5198161315434903
0.3506561491664286
0.544426443477043
0.39559868628832134
0.7181305411115464
0.5741066135801396
0.7436585427786827
0.8038256781675005
0.7062257500362741
0.6873448945973075
0.3156183462054075
0.4266875306578706
0.3430430270057543
0.6427189949895966
0.4890072730750592
0.43341742419852713
0.5186581535417647
0.3697371927757616
0.2617673984054155
0.26857864354494165
0.2024761644528484
0.35616559692294875
0.2258021706576162
0.2897973877607407
0.3179633579105136
0.3685491998381106
0.22695010565681362
0.3576748217106332
0.27955773511804066
0.3190535486542547
0.47617004373211713
0.3338409738509894
0.39666709740114403
0.484070917384045
0.3620622347347339
0.22371844832705595
0.42866554114918515
0.22301318849607782
0.39406356242926777
0.24202341504317118
0.4447651387172001
0.31973623387086525
0.3880281880122195
0.312826729834124
0.4442955125883157
0.4676017154363116
0.22612231446940262
0.6442328395073796
0.5375964040391884
0.4145890995461744
0.40909033360053
0.3364174786592879
0.42079031408908074
0.22606762578332915
0.24240805890975436
0.2755124163782401
0.2609569484463986
0.1799832794694477
0.19815050753613014
0.24704852661052917
0.24826342487187533
0.24159944824291388
0.21012432296089575
0.25033600660260397
0.2961956210118527
0.3058647422467816
0.20428664244510047
0.26001264026865095
0.3637441831849832
0.2826666026131748
0.21568213195287164
0.18351532765125184
0.18788595135359176
0.3026756256380953
0.2420521442199062
0.2632238365981762
0.35357724562995607
0.29274783530941395
0.2937806580523377
0.2738492292571382
0.1721762691383633
0.20922669546074535
0.3825058890678889
0.22153570160314837
0.24342691927961269
0.37430655027539644
0.23356809952139357
0.31408590502540196
0.34508628934294394
0.28878313336692174
0.576446291780422
0.30204209708695623
0.589964236742023
0.7236017249753964
0.3476656200227058
1.2742672383136224
1.1360039701289142
0.7039147954254418
0.4200644367638975
0.6053722333964011
0.5140945982573556
0.7543432201114596
0.7237464477572647
0.5338855188301901
0.6227022702512065
0.23662830562019527
0.6235339430085722
0.9720856917877844
0.9803842178252086
1.0366175925943537
0.6754234189841103
0.7585361944960715
1.054648867963803
0.845328545244167
0.9183463483719632
0.8728675435560524
0.478150121191039
0.7401096946975214
0.676631174759886
0.5062445135318291
0.730751675033916
0.6401466276616554
0.8995373574859219
0.8109657585310506
0.722968935790959
0.8909049988414883
0.5544412224854551
0.5900565019249263
0.6363365555129495
0.648709963643201
0.4709299512536633
0.4370275220608815
0.42169465627337244
0.4043566450858348
0.45176056315284363
0.39448681516037665
0.31830598533991605
0.34766044959660064
0.4748961286999051
0.4648312203527882
0.38877582557255014
0.38845850263164344
0.3264735387402215
0.420096592089909
0.24905730998077624
0.4675536775500596
0.30290720056982073
0.3537813228109713
0.41895121597342755
0.5295149756180167
0.24993260143565146
0.49469090891399853
0.35150103980253916
0.6729835486856857
0.72983705430731
0.2748838960348705
1.214270607436648
0.9776084040909825
0.305060610395467
0.8285315717910344
1.2501291487618937
0.9517336169134076
0.7480120939059184
0.7288752614409648
0.7821372530481332
0.5263190331327918
1.0178701189497477
0.5535046836359729
0.6136505881021778
0.608948752155483
0.5173892002989913
0.8739015620816838
0.8355067532436327
0.46211918351571163
0.7172129619942399
0.8259718717428176
0.39995828911780035
0.6515740235143455
0.23515550360794427
0.8158786257037943
0.6163902539943662
0.6058233153767347
0.6318642057880967
0.4776631574987786
0.601812094601978
0.30312595376669493
0.6155423050922366
0.5301025987119669
0.6061448720279454
0.23024254938267952
0.36843468997067474
0.5617420147357024
0.2599409358452416
0.40183112185643394
0.43682807632014564
0.37841913574810615
0.34631623579409687
0.3541154729521075
0.39161834105829546
0.31446338694573567
0.4683950930212969
0.3158350765265864
0.5502232201535822
0.6486721576676019
0.3480039649562971
0.44084906625136777
0.22842568549890305
0.4019840817814135
0.28612917610252625
0.24435865902643544
0.1982175761851241
0.3030090208843302
0.2691095414052057
0.2526466833769446
0.2466363681916991
0.26634887404385815
0.2983671968371952
0.2091939135549539
0.2340769635090467
0.21314367448175944
0.31742232859496156
0.5126551640819624
0.37819194406564666
0.38558516048516495
0.40865811032305166
0.32729548995273366
0.4125012981398608
0.42734084261996386
0.20428451310947263
0.7113908561353767
0.4045783539131012
0.6120075989417164
0.42362646953549327
0.5623333628322139
0.6697206822099583
0.6851144916988753
0.24867795670944837
0.3967256419929661
0.4349770557739448
0.3590893309160935
0.38863226477273244
0.3151862553411042
0.5685884394585634
0.3949432668608151
0.2531145132428767
0.3729157730016116
0.4385622896609522
0.2543624077321493
0.44224294718195906
0.24397469063741592
0.432016910402808
0.2517108453857895
0.284639215706439
0.27483154994715125
0.5161743777900392
0.41573970424439965
0.45185100241741605
0.5084433508084675
0.21146041366722088
0.30101484115181676
0.31929480549378964
0.29139587756464624
0.28913606306960105
0.4829692264681347
0.41861643850579267
0.3267723670422457
0.33255526627127735
0.48148519035099424
0.40459200595309425
0.3690052824170414
0.25710719167229407
0.4965620462176176
0.4950354082239373
0.3305699238494062
0.3463927451270096
0.34017313650392106
0.3642653024138728
0.6964788987767118
0.38258123085233037
0.44409131699494175
0.5080784351288615
0.38230810065421594
0.6505122707341717
0.25141846482878477
0.6219107756527794
0.7333486072830753
0.34540956770127085
0.5298314833111056
0.2719219591195083
0.6797760651008573
0.4669709656114375
0.8039596848153294
1.1232232400521238
0.2571077887546795
1.0263224036650476
1.143545814603287
0.7391465958673178
0.7014569632653205
0.9401951454577475
0.6922847920870212
0.6738489690853168
0.9040424220567059
0.5384138571737177
0.4579070531788461
0.6591671714635191
0.5126698256276782
0.3981166429973297
0.5371309195971748
0.3333602942382055
0.3992831484587151
0.32078550363023794
0.4446811037131302
0.33993294434746363
0.2026542617759967
0.27691842313775833
0.26220199605549716
0.34192457803149
0.31462958560290616
0.2877705176315009
0.24524805458569954
0.24246604898840918
0.2326655825897827
0.23759746463212209
0.22939883347057294
0.2573347493715485
0.36880385309885927
0.1785160473336203
0.25243259571260596
0.45454850236857847
0.2025900932613012
0.3887332261135933
0.2332930769454886
0.2606775018184301
0.2528397659881624
0.1595904843077745
0.19863260262638846
0.20957944067807968
0.350433674136765
0.43102082582049084
0.18599635167480955
0.49157567188680534
0.4214087625691435
0.4412463224801326
0.290286946016546
0.47324001152999845
0.398925279131872
0.433737341625201
0.342311391233191
0.3023377417424599
0.3938009868037331
0.3898908974925356
0.265060407388191
0.5770252297788878
0.44256421867859863
0.2479443731353425
0.42719122077453797
0.4055959132141233
0.35151532215064524
0.2918957040373789
0.2669740859443941
0.5146634413751874
0.45137385277513636
0.32212365765983403
0.44911366517443396
0.17816152143151773
0.2683369980057423
0.3213049045250755
0.22302749178441336
0.3796208883322311
0.24261850437749802
0.2721032627784385
0.16536673911712294
0.30405098711217726
0.17753223613695623
0.18077785290902157
0.2140366343158984
0.24599198307573503
0.2327533857174896
0.17257886210775072
0.1955854437959777
0.1643892744504729
0.2505408278992575
0.3899610198880718
0.26451880131097477
0.26052177565893997
0.29095747091042395
0.25516823101418484
0.41285084768421754
0.22938345586626066
0.44146019676723647
0.7385146172500997
0.45462121066535416
0.6365460917700024
0.28962742506108297
0.7038888263561645
0.1856279726595067
0.40163619268851214
0.2689419703900063
0.39249811486417535
0.4126259263566834
0.28829076540952514
0.33843742560874335
0.2789583840277088
0.40994584295456654
0.2606967978407571
0.2549082428633378
0.1998544492255267
0.2766294871334483
0.269620288168117
0.28450797812880363
0.26920466323146514
0.48408264465959877
0.20559623583389236
0.24311125753298582
0.3461456508158193
0.25856675651849625
0.3809591608929685
0.3640077752573254
0.4232569007383918
0.26964470910965055
0.242639271663668
0.3881208517240552
0.2607046809267619
0.3021853428200448
0.25773286467483403
0.27021153301587647
0.2359902866114391
0.2226406945351744
0.22696877337513816
0.24648184528732933
0.21399096619727828
0.19237668087144075
0.3263938496722827
0.40069507045546005
0.2181140617756317
0.24811692019290854
0.3621369760702399
0.39065536022860725
0.24305423329131817
0.328141508014931
0.2439498903749812
0.6898688600035123
0.476961020247354
0.2871357903127838
0.43066529742494464
0.3194302690228567
0.31986012241670736
0.29435937760134806
0.28020546827262355
0.3033977265292185
0.24417551676890564
0.19700513791432786
0.3430459818111183
0.23995516270138154
0.45495250976179974
0.3430694312956793
0.5507597751738957
0.7128690093900941
0.24830243686845838
0.42600513212515095
0.326832007151255
0.4308046855402168
0.2777373397221399
0.311134174732997
0.3683873707597443
0.5192977076756676
0.5532619558378707
0.34280311684759474
0.4649268121733058
0.4371067406991848
0.6515094577001312
0.5641832957707583
0.5254739635423286
0.19829728013212428
0.6661812233969753
0.4026204559617932
0.6975674586191833
0.5484881401699492
0.5431498526595995
0.5945094315455773
0.42657723170283246
0.6483492484865072
0.36886877049603534
0.5484205162839939
0.3885509515273166
0.35798956935372145
0.25643813062342397
0.7190723423919256
0.6637800151378626
0.4105868176791414
0.49531119437739096
0.31837268242010514
0.4766740053877764
0.32223001985681393
0.33924528147573607
0.40161642944059117
0.28457576194331435
0.39268610301432055
0.4321350064379933
0.270046042191058
0.23677977320293492
0.34988880183354554
0.3885958257248776
0.31727901613812215
0.3218163522946846
0.47720402055087674
0.3623692098067388
0.3109307972841362
0.36610667539674785
0.4184539515521585
0.4509692208171476
0.2936274490697206
0.24753861339165162
0.27726717001653445
0.30893974693184906
0.3202101513348304
0.5032059647717305
0.48537530197293305
0.4044716918519178
0.49723853958944136
0.5525606462254241
0.3215856929229265
0.7088426862587529
0.31618182916353266
0.6508560840261454
0.33777934093563994
0.36393599056710535
0.3236654908606223
0.42049456226167653
0.3810222693984349
0.4991323665297865
0.4610889530759248
0.3696187282779645
0.4077658477980755
0.259519105497329
0.31654146785826
0.3930391980896597
0.34672439011416784
0.45989338698116033
0.26457706490787214
0.4746563306398954
0.41151569709557034
0.35690296271709965
0.5714303486854003
0.2564771659984893
0.39120626435188893
0.2706968956802385
0.25289733191444375
0.21494479300460356
0.28709774297463214
0.49121509786039297
0.23828426727073615
0.40661573402537315
0.3231550532238709
0.3941246310466139
0.3065952330498194
0.3318886285896753
0.2736835999610253
0.3226132302775845
0.2832699249299457
0.30685207148128935
0.39230024051903545
0.2274655781121407
0.3668449673442051
0.3744952257326878
0.5848251176136724
0.5184121546017657
0.4253255917679704
0.6188886744065419
0.3395010575873913
0.4949184919489379
0.5458396489325549
0.4426717903086939
0.41304501364212015
0.3138735751387476
0.47850428100307585
0.512557366087068
0.3942804771383729
0.2749560365720846
0.36006916602709926
0.408682456672071
0.49423130696493994
0.38083441772436816
0.46818816928701523
0.773420711983156
0.3062352177771845
0.2740206116352389
0.3938332676156346
0.20311121725534093
0.19322397110779896
0.28654393539950596
0.3233788097192421
0.16623943569017915
0.30267411878921524
0.26137397617601615
0.22916906548777077
0.3133803775162286
0.27612993188014096
0.19072897063525004
0.22497795546359003
0.45001380602944097
0.19576427631776078
0.4388548927354479
0.2395988936633064
0.4468368823817195
0.21575374499889088
0.21246686965469655
0.15986687859560897
0.18171488046019954
0.28787176986260926
0.2457554711816437
0.21831168660056294
0.3210331958891957
0.22923130155712934
0.35735865373670256
0.3029774466000154
0.2070065436199152
0.35136923512776325
0.23511704998609267
0.25904282072693074
0.3060114196928291
0.49786604868174084
0.3026055784323834
0.5694206880931029
0.2454381833157903
0.48578182870807085
0.40385800969306657
0.6230182799348553
0.5248469040673291
0.2844683863263319
0.5676140243210067
0.5087320344979683
0.5395045133899672
0.7768903818431643
0.20173428770194865
0.5173961935730665
0.3090361146656609
0.7680354124824517
0.8451471802338324
0.5198541050105424
0.7284473196921321
0.7475959565606214
0.3339142702276003
0.3449785348289921
0.25155590929624005
0.5363662083667725
0.22375790874940552
0.6452317243616665
0.6107115164753999
0.5376137351164253
0.7399496863123987
0.5733436571754418
0.3867256587144689
0.47531174124555803
0.21720613414016748
0.6321070125109365
0.27374231059816956
0.48694635850095636
0.24182627255801378
0.2162548241868446
0.4387200740327322
0.2402350842498421
0.5317446310522917
0.39746990137656624
0.40709827954461225
0.43592061685639244
0.5302377026523313
0.47994258014131513
0.4182150844364248
0.42298930130098716
0.2865377863694891
0.33448748633691217
0.2698850693802277
0.4217515641908827
0.1931571335687204
0.39791868155383264
0.26295019894541727
0.49681507040847006
0.3922985511268707
0.6259102289056925
0.6947991716694664
0.2890144841235537
0.5687553942404231
0.2451974280605314
0.45568883482843897
0.4584509160877053
0.6173707801477192
0.3618756919101373
0.31058949052512813
0.41651686682526967
0.4416314798419157
0.40305792794436957
0.42378409690544444
0.5552250549635148
0.4572849608861147
0.42019147288996744
0.3382752777441151
0.39964045911067303
0.26992329870798415
0.19674005516714746
0.3624968123939666
0.30247050008542725
0.3959465762619018
0.22803774418927117
0.31115487987153706
0.21309205822492958
0.18864886835766168
0.27297857645733803
0.31827245011514577
0.2342965309944678
0.4178109763560984
0.26934168106779716
0.5231252569012014
0.34533378216834537
0.30560621137291344
0.31606334987610585
0.3546348651659988
0.16277258971728847
0.34343148307726806
0.23646974720171907
0.5938878503059772
0.4847450331278333
0.39858606601474283
0.48520396338706645
0.2298299125130331
0.3775187058134548
0.32968996217589136
0.23109447175105827
0.4394805160521782
0.2117775703250539
0.3968018096961091
0.1888426644075952
0.6035753991112205
0.2175712211344659
0.6543477694310191
0.685912833182466
0.31960862397489415
0.3904051358701126
0.23934044319132736
0.4790621100165178
0.370068962190704
0.21288782495518313
0.3520683801990549
0.37850042849076015
0.2452235067486731
0.37535368195639146
0.2008018379921771
0.24975094947077334
0.19001397351325533
0.2273254022064452
0.260253601679731
0.23656786456497209
0.16639139983801512
0.20342451136370268
0.2057474333246722
0.19122024230733495
0.21857491468875218
0.1842269253353626
0.255686522266032
0.2905648332200564
0.19803800440277305
0.1799601612393968
0.27598668782406904
0.3305675276112703
0.3218867495436032
0.22330397658054033
0.25115144087287095
0.34414729611735295
0.2206875923607161
0.30681557368486956
0.2721121303805191
0.49974460459548237
0.5071227400036675
0.5291955467060206
0.4539356400929922
0.460743129080028
0.4800797486121252
0.29902995397452337
0.44037860258126105
0.21727705544053014
0.3177498466199238
0.33777009958814896
0.18783426216196555
0.1954245970967656
0.1979796161472978
0.31943705146061047
0.17789070604798551
0.45019913657074484
0.3576482553248228
0.1805569430347608
0.35972392106785306
0.22621186789071246
0.255820130806501
0.38705271288960963
0.3440705903805035
0.32155912703737516
0.2756464642636121
0.20854575445482712
0.17482139036795497
0.3121298380573291
0.27213944885582675
0.1940271161294498
0.21376502770292424
0.20450340862360022
0.24649300268837576
0.36089968624749974
0.25932913370569927
0.48152381772057834
0.24276098699662238
0.19661245830405158
0.4163775426323871
0.3209792450723589
0.20080122331489872
0.4233586242685966
0.2629944155991797
0.5405500643493028
0.4004196089877326
0.4550272586251304
0.497789654554306
0.27597531369194034
0.36333289293503684
0.42481897107945066
0.2640780909116434
0.3843369451230268
0.2714811234693453
0.5521546470592357
0.4733186791415119
0.6059513673459518
0.40100749310426587
0.4302208326378862
0.4849998197737163
0.22627016687025062
0.3493547068260524
0.11687716987545875
0.34463227840342786
0.20564618863138723
0.2908436611710258
0.24763704775306508
0.2644397107801039
0.2561418303513558
0.1959403360380277
0.19361554722549515
0.15892791092070688
0.23836063017278844
0.358452578913114
0.2796862156873102
0.49561744952332476
0.32389970024310244
0.23571981059159045
0.3346496126833087
0.259537662256348
0.2656793505051721
0.22100400761810277
0.2896202806331675
0.2325466327052819
0.2232652575726975
0.3715183939081758
0.2948453995592073
0.24276996891676095
0.49531648524948896
0.23770890248119356
0.27871177172837813
0.2089593464615782
0.3312834176162263
0.24126294717986443
0.5492350112090069
0.31926410737031435
0.6985527838863661
0.7686975161900397
0.20987466841418437
0.6441782881258243
0.5074782893310469
0.5557623586889986
0.6017486520089307
0.2478235747454131
0.5824905370265404
0.4934162828137765
0.4440454072417911
0.4390591713455398
0.31642729544374143
0.6376439064864461
0.46072547262101493
0.4603645353381703
0.41782615369103493
0.48002232994209243
0.27671568150381465
0.5480809237222438
0.2392868787367274
0.3705822078466852
0.2076201230975503
0.34366422452767914
0.25022785196289343
0.2912156031632238
0.41820233338386575
0.24402079074544622
0.4878407299533031
0.35819378069582714
0.4535075121345988
0.5095061991422094
0.3284573424852001
0.4655021884597558
0.3747187127473875
0.2901909916476901
0.257476768646623
0.23458172734839536
0.4994088733163369
0.3305819478275848
0.5199408599609635
0.469121113774523
0.433139562392096
0.3450069564240691
0.38098045255598123
0.38334539981118343
0.45192796910050276
0.21011709288528377
0.4185511134883875
0.40251409474005256
0.4170782428437147
0.5150038341229247
0.5867134612938741
0.3646119774515055
0.5121998373690101
0.36881962229770093
0.5839882152395555
0.5410921340058936
0.41865079472940686
0.5018847030171143
0.5452918778887516
0.6608140196799318
0.5736212026855289
0.31181405899479225
0.3752008024599189
0.30490411711146803
0.3902164523275577
0.3213347044061804
0.5140371756483681
0.24910459309520983
0.3605277730572884
0.3707554720659281
0.35134220343295464
0.4144998204053838
0.32458696485721145
0.5355030204853972
0.22861831963292775
0.4722686091536889
0.29453264748278885
0.3870686953642144
0.26884154666692384
0.5548003445633013
0.4894830804447715
0.36982475463136233
0.3790068359034716
0.358335869840082
0.41114910583564807
0.444417583115402
0.2678840866629992
0.3344814989283914
0.31798951945439613
0.21962501705345464
0.2752541487470983
0.2585850465891675
0.245958268575826
0.307691165681644
0.2966818682985253
0.3055437052639295
0.26288941887008366
0.22913624710102293
0.4729026100106339
0.19614911060231816
0.29970106525198326
0.2541911531755718
0.33655665554560177
0.30399425396931357
0.28451078630853566
0.3070174364142172
0.30281025775008186
0.5199625134277205
0.29450652833127716
0.3936141375232511
0.26168954167315905
0.4842571872478207
0.34181253459381716
0.643600001276111
0.5828119524347277
0.3795221670843144
0.4074763586147582
0.38171588016808117
0.32245791840700333
0.5142133416459299
0.3720994564118517
0.49033502124708644
0.3241038561812512
0.7334477979626904
0.38522826147225825
0.44598898920492347
0.4314661249946978
0.3358434804836041
0.6594047339290173
0.32603915770233477
0.6111849381162242
0.700250772083494
0.3023800931339344
0.774097082389012
0.7417431911257188
0.24126428429546876
0.6160576287023467
0.44799672175912475
0.4567729791297213
0.4906560538481747
0.24045103301118195
0.4856686026517113
0.3969912293968504
0.25747481796619054
0.303287189236179
0.21955348748177417
0.21862546481008716
0.29053203213941653
0.298081197178993
0.20530331044031705
0.21860101399676515
0.30702410862699925
0.45086214372154804
0.4131734291100641
0.5224598947810768
0.3216347697577146
0.23948482188735157
0.5218583671663989
0.27255002564148595
0.37972516537224177
0.23596823767848776
0.5034433316060936
0.3712224670371871
0.6861602713756066
0.8450351265764476
0.4623439591109008
0.666534434449277
0.7465284000081179
0.3048207852634921
0.9217480034693272
1.0467368164387756
0.562950212806389
0.78518157671521
1.2114611483600979
0.9348747145189812
0.290833565972475
0.6607282217318255
0.5578423389003254
0.3329973351467636
0.23089819262786293
0.4199953120051244
0.39942746478176694
0.3654178498134201
0.3867193138158357
0.4583534038767354
0.41597513018000265
0.5765192130713261
0.7288427201691201
0.41674815984955005
0.5162139832074079
0.32294960125393346
0.5331609763789729
0.22071808815153887
0.6205212092037882
0.5594407492011797
0.3924254998548195
0.6117605007271818
0.3764644316251522
0.4445999215820942
0.4379014651483928
0.5887661830424237
0.37438941528084463
0.47318572007803944
0.2630906746430159
0.5126484131962796
0.6640439329380546
0.41921645937623053
0.4306324214963393
0.46431093145836294
0.5216311479986883
0.3127954012608174
0.29960715731880616
0.23368845799903287
0.4641391133513397
0.41261968198855237
0.6116422194079403
0.345756498972496
0.6498857827811964
0.6344772155638281
0.22890373682953483
0.46761979771840234
0.220529369029057
0.5347317522365529
0.43236811166183287
0.5996099385733429
0.4147512864514122
0.4582813583907255
0.4286486963420331
0.2731717218209568
0.37554947359881613
0.27730805228785943
0.29532666926727974
0.2482392079110898
0.1803887283017855
0.5169136391897029
0.3376176875716239
0.3171165902883103
0.29104779007111653
0.2627272314182938
0.1963755459117811
0.26103303785035054
0.37503693290380635
0.32516547040199456
0.25037329255871593
0.42472131400078916
0.2635524378085608
0.3446107897622775
0.31646372015075336
0.26461790475953506
0.24089467848992843
0.1900062448117
0.2509025446522743
0.23462773776683732
0.27937061930189555
0.20715795505060264
0.27141300231163434
0.2664444450210289
0.30579033766700664
0.20683744717231378
0.2738044864132528
0.30259108825397807
0.23496400687921357
0.34639900943530777
0.24367102925608056
0.5870335364246138
0.34220830874968805
0.7179480149300368
0.7690004747929594
0.19977929330157612
0.6850984698821938
0.6910644795718284
0.4107813685310934
0.6717289151667893
0.37027960065477467
0.586992073748793
0.22310659876849986
0.5415337512477695
0.22240219443524922
0.37844997961021837
0.2300106902541863
0.49102245907222325
0.6613966657319804
0.3448145318880577
0.38640219892538546
0.3781482743986184
0.2891921844467506
0.35772623050733054
0.2518602744837305
0.4246328026821787
0.3954484173743253
0.4318085686644374
0.4931614418119636
0.46747695910757303
0.5156281106868037
0.2758822097399586
0.5812490928918538
0.3629520689036315
0.5699952891100992
0.6726533499010274
0.3196003838030999
0.7832371729126438
0.8519041759958937
0.2790593031421486
0.777466631469639
0.8785348359143026
0.8442839950313978
0.37838119655357644
0.5827626201725182
0.5403187785422463
0.5926926249171292
0.7467040055781078
0.26528028372401474
0.7513504494178159
0.8555762295000089
0.416870488628987
0.9701319593032869
0.7006694474073587
0.4737993477059558
0.9616540772326527
1.104270833863318
0.6423939367993453
0.6617164827720114
0.6163477028740202
0.37261307381278636
0.7490930136432143
0.3748638996581665
0.5555322746158946
0.36981761224323073
0.5370074627257571
0.6197808496440311
0.5375278642523958
0.5708711706165329
0.17843052255471933
0.4385740025851211
0.25351460716429414
0.6391151763521905
0.6420746838522258
0.3631015034676371
0.5178142911027923
0.32728399338801956
0.3255697054477842
0.3379458384159392
0.26858701516412786
0.4633168131641571
0.442760776851213
0.34703090582868584
0.4486285311473739
0.25207696788968303
0.4064568690719564
0.24261132516271203
0.31827226659121544
0.33515151415416483
0.42873337427019964
0.21947301948376433
0.24514158936307426
0.22085770453244435
0.2667083276684965
0.27103701957250315
0.21418255012473877
0.27100145640017953
0.3090099304551058
0.3085185011577767
0.30587276666000773
0.5100203636133808
0.24054848427558784
0.5263019864943792
0.3371175230864935
0.5074385634504813
0.5243290944605533
0.3439484028902847
0.7086001222759776
0.22040582530818686
0.6238465524484045
0.3586430791515458
0.7275575635413648
0.6538707757752388
0.3354194476777056
0.5550348968818076
0.3089499387609226
0.4231132807467903
0.2954542548734677
0.28227238690729534
0.3185888652155835
0.1843250010400621
0.22726539035493415
0.24640285049877209
0.17503399072457934
0.4053953015017343
0.2392018972023163
0.732939401408331
0.5535153446999038
0.21586565978700847
0.42398233287497344
0.26616018657597484
0.4252581715757025
0.5259155698109087
0.3288816736992407
0.4472385225285203
0.628385047954168
0.4437980580902452
0.3192623417218777
0.28863820945104607
0.5252659419037663
0.3197517458230053
0.5365757872684032
0.4203594468313142
0.5068832299548643
0.33350188061760333
0.42811444588290615
0.3287511378488944
0.3628131225932319
0.4430491028496192
0.3347649305542164
0.3377431361130519
0.3132988360123456
0.2262810146261433
0.23672358515678646
0.22892083066683272
0.2138187396380467
0.2546184398913092
0.3802628125399058
0.1407216204102623
0.2845051164567216
0.23671113048599338
0.3168392822479182
0.3433115786604714
0.23212053658075624
0.4444318069588935
0.1988415685875631
0.3510901284598848
0.20350508032389986
0.4864156957560184
0.2667645655631436
0.5013792138989674
0.21456961056168505
0.39347581898138007
0.34390008267631483
0.5907770217165368
0.5892001674502916
0.3866776349824143
0.44330319424736825
0.2762245726158626
0.3229315911948923
0.4512832067156314
0.23047545489628063
0.479122037635216
0.3338172906086806
0.45728987682128835
0.34312779912924235
0.4028165612113072
0.2765148105705036
0.17539508307473242
0.31196012158608477
0.2768932650449842
0.2408286702226942
0.2336816374262408
0.24680704310529822
0.20123778378308113
0.23886407426506387
0.20288337645885723
0.30775553277942075
0.25392534907117864
0.21530284506815858
0.24460828188692166
0.18530551798972036
0.20730042158228942
0.40657885384845144
0.28703452329458556
0.5674934529766585
0.5025057012458001
0.5150247875294653
0.6599578600588388
0.4922148897747787
0.40874909888625194
0.41722367219737816
0.36847865262801643
0.2751812442815468
0.24929918802850365
0.321311496246377
0.3612758154272277
0.29692173850256165
0.3075372857178626
0.33970559782253296
0.3150665025374721
0.4993810392218465
0.29551432270069067
0.7132629381584547
0.8724440243708341
0.3922174533192533
0.5960999172150866
0.7570437321979667
0.37927946757119757
0.4945071983025611
0.2361636237247933
0.3472636572998167
0.2980900932478821
0.27922406048961723
0.2842011391695811
0.49350161166659473
0.406101583348801
0.3127856449233801
0.32663715450888015
0.42136025476710204
0.23554966235311905
0.2220174422019989
0.4648778271661234
0.24009502778524555
0.5121366930323229
0.34765178743027036
0.4665504140361508
0.43008443011730163
0.28344704224980516
0.2669218901545782
0.46351674728315545
0.2731668458142819
0.45270417320939416
0.26668365363657826
0.42821463481436156
0.4068642443033121
0.558081065640703
0.20385649894146501
0.6934091723659038
0.3610591400357793
0.832745064829109
0.6633747936127955
0.23457517866072292
0.4924450832648778
0.4245904646251568
0.4444329040991157
0.30773326515754845
0.27992929225058105
0.4676485222667784
0.2770844992778341
0.28541352552057586
0.3105951785865538
0.1776211758109541
0.48955189557040985
0.15481444507099895
0.5967030197182968
0.2517381889529835
0.4146549724008053
0.21686914239683075
0.40051388115432457
0.2194691895718211
0.2570027113991793
0.24592744156381555
0.3403101447322396
0.24174299425259627
0.23792199103687028
0.43534904189226736
0.24998696980492352
0.584393245032566
0.2818160141252626
0.6673887086971193
0.5410013991703303
0.15328690287859179
0.5951171798271122
0.5852723870177623
0.5795108080703731
0.5615439318220681
0.26508537947470173
0.33929749638367374
0.3627521505542331
0.37275823320298485
0.31053928268056546
0.2811739943095843
0.49751023478473305
0.3197054161872512
0.5336324867617938
0.48260399541714427
0.3165608586823593
0.34342852764562476
0.23548601491391538
0.34300073231792094
0.22821005871732838
0.3724132568717262
0.24919178771458803
0.2729121074236985
0.3166167775592709
0.21753074248546447
0.3083191281901262
0.23167004264608707
0.36585902944527143
0.23614831406036188
0.16788702826371904
0.24226948922238264
0.13424612447353548
0.21529025675802665
0.24361190937981142
0.28082969649185474
0.2059777407135512
0.45814904636088444
0.2758194720326931
0.4284651543719072
0.20835436519994205
0.349149846503074
0.2299909020466804
0.2890474551738116
0.23588858323410547
0.39470905431981224
0.17033149265800435
0.528434978630351
0.2809613657691168
0.6229177449432736
0.49196725819715054
0.41354398616267923
0.476349033095997
0.3140780254023333
0.429805107419547
0.2623262573535988
0.6459615750099372
0.49697644040888567
0.3538998020860901
0.5228559216937536
0.3928577060968414
0.5830777462674779
0.23792457885933835
0.6389416568015746
0.5194628094180898
0.4186602537939714
0.5803082893337403
0.3464960131398728
0.406511440207802
0.33978097561823417
0.37614267368521204
0.21013308419921004
0.2226269239756864
0.5465474792310089
0.32320524757923164
0.4710262658296556
0.5203542635944974
0.5660014380480459
0.3759946974276903
0.5446266311617021
0.5321494041491561
0.2716018463881909
0.3957030844323078
0.2875450858088774
0.6081872601864841
0.6409677576151034
0.543741005195952
0.6592646177989756
0.25043885554364004
0.3482453620519298
0.4072153711110172
0.38008463358518274
0.4294488249065412
0.49045303647396227
0.4386614730438068
0.37183500864107355
0.5595646784759329
0.44328327207341006
0.3452957726442882
0.6513252505468942
0.300808414961699
0.30397296228895127
0.25226205372703453
0.3491687100386507
0.382499229483026
0.32147841883806155
0.48397900633436297
0.32943121004946424
0.42870445678836255
0.35832830852608405
0.6230865522362364
0.3987511567093436
0.4285163316453356
0.29882910525206285
0.43668946810941656
0.41543066107867366
0.2718796692752301
0.36308914221817695
0.33668328863005537
0.24583248390637316
0.3546036371695537
0.23450881223111272
0.26768614190847984
0.24267808240497338
0.21463078294020985
0.2412193348615395
0.24549283202462102
0.22006405336790635
0.3369497215190942
0.36701959530976636
0.21918868160633032
0.28063187765636927
0.39873454478051973
0.612391163768614
0.34128567283893824
0.4420599586500635
0.23493046043431115
0.6623709923897018
0.753427741985551
0.3919631731941861
0.7310984059224342
0.8346796051770848
0.3126107650409425
0.756375401657364
0.4182402272564586
0.5528967941656269
0.8529729880379151
0.32637457233136524
0.8110102052380159
1.1441229863101472
0.5962073869921021
0.7775916892631932
1.2485978271845404
1.1317915638850793
0.35879582170729957
0.9890794681630831
1.1807457434696385
0.5281847229930977
0.6048231765562198
0.9658541202480403
1.172386785277176
0.5227746266316429
0.8916641491660927
0.6178324758755225
0.5919101886341629
0.8718075913875426
0.18737819648702658
0.6412667794094237
0.7212184789440141
0.32048944978372473
0.4563846250843647
0.397983936790634
0.5241247836013501
0.4437097872426431
0.25530201767774974
0.38253911073677443
0.32031972911747614
0.43830356795505043
0.4088048374448827
0.30432662939240096
0.313399018724395
0.3091872140212974
0.368825264029622
0.27836947502850534
0.2590590875861244
0.2813795536621114
0.3222569721923084
0.3287795278040819
0.43859006438416787
0.31630336579465695
0.42163279355264144
0.26350057450891473
0.5784580667600341
0.3032196880900875
0.5784392086627491
0.24873704444642394
0.45629137816699156
0.2583565316372396
0.39628794745691737
0.2773274597180203
0.21501752109301328
0.300834223583345
0.3963244069679594
0.4354216686006948
0.26047854495831396
0.2643390079063876
0.2587172421233043
0.26390035297961817
0.3017010834483932
0.39046049905844
0.49478543882888026
0.2687218449306158
0.34477657040030235
0.3915463310674452
0.2967219968932514
0.38554473394109773
0.293158546664561
0.2427957105657205
0.23724303591002652
0.2357291000889988
0.40142916319077876
0.3285113824709943
0.3030905787588548
0.1779405816058074
0.31270540858485785
0.22983817967849585
0.204834532798924
0.1959555754348808
0.21720219165142188
0.20129207026546017
0.19466439357544027
0.2896873253687078
0.25849442081043406
0.1882738439003164
0.35695984164352385
0.3017834455784639
0.24071998435766376
0.2333076557480153
0.3683199246187789
0.22521689661497976
0.36297069806192456
0.36061786593131956
0.3366573964137701
0.43518404137705846
0.5698345265243865
0.44549312067562896
0.32506865243334754
0.46385692699214554
0.28646982360310497
0.5880690334198967
0.3284842865802319
0.6710370718212573
0.7106059894337245
0.5088213310222311
0.5488926323421333
0.2636166475582467
0.7347606124462276
0.7504865672123993
0.31481464205737697
0.6470515365578252
0.4640745282195609
0.5632453943499048
0.5191910059427528
0.33010749328853195
0.7228804847328053
0.4148597925222929
0.39286307363662243
0.29840694743892704
0.551055885745494
0.6148653378002318
0.3871663765533534
0.4232066320049307
0.3038153980817016
0.6424301831577724
0.4654521567535307
0.557388698087262
0.5467538660097612
0.3766635217954128
0.45363068593312733
0.36416275482812915
0.5195655655187443
0.3318966398972587
0.45250606924220454
0.40252943513378825
0.45949920356428353
0.3269795711080929
0.5845855208694846
0.4879006878916772
0.25744448662165803
0.6575972834364726
0.7475830155638302
0.31129367991718876
0.4444770984174286
0.30972018831009474
0.38372942326995474
0.28106968441426833
0.29679102145653397
0.22314612673022438
0.37654966556946723
0.28772091875833655
0.2869061894438603
0.30849290514898664
0.18557086164093428
0.32545156492349875
0.35777899926847756
0.3350772873963188
0.272118809405476
0.27440319438922856
0.5737324422074265
0.3414262507834649
0.3955351941410603
0.32565651642802546
0.6222115082912663
0.477840902820414
0.3329319078612951
0.49359181793597623
0.2730566374260637
0.5400922870240465
0.40931886425892305
0.4741770115486532
0.4380612511442727
0.2844109630008002
0.7587355674275635
0.5844541578534931
0.44946681221327234
0.5403830524585375
0.38668661843656077
0.5281855517324319
0.6260477763939098
0.42554178268629156
0.5048003726487058
0.36145824321585707
0.7109259092152123
0.400990236121113
0.6542962185847961
0.6161529128151432
0.5288701847104554
0.5893359924081308
0.22651657865773833
0.6183626573088585
0.4835635009546354
0.39048448508176736
0.524114027964104
0.3408650495687887
0.2746971366068988
0.5070733417042123
0.4249164090599033
0.43568713370567097
0.36026011049864887
0.3420585573617298
0.4007209734906762
0.3012412819331999
0.35748735952929883
0.2757087349735996
0.2833469221768765
0.3589604511801392
0.24948314741729474
0.5363006415609473
0.40891922365154876
0.4406503630348565
0.43162617655326363
0.41867840376116744
0.54103010866561
0.3444285931655453
0.3624539781979969
0.3347499662990786
0.3665012558647191
0.33290240510103963
0.2834700123094501
0.36001416361584254
0.3478746931392768
0.5114539585591921
0.6867460621371893
0.3519808804865904
0.4213175192449502
0.3791996539580616
0.4024407066689979
0.24965333218260896
0.33097599131764693
0.3313651597006388
0.29460661370814223
0.2987086847928429
0.3069445541362614
0.29265038930987153
0.270899441430529
0.37872015391081204
0.3495064186474196
0.2295403888058338
0.2709873797742746
0.21006100641325773
0.26793077494858053
0.2645109084398302
0.27272718104120414
0.18605762803169126
0.3177889302604741
0.2030562948524645
0.19166700746574641
0.17595203477208735
0.1830261195905425
0.34469427604214914
0.28871870069595507
0.1931671568064959
0.32385805448545163
0.2564430364193756
0.18666576371669064
0.20559488462644246
0.4388971199546536
0.2015411100575332
0.4677528036501456
0.18221157527195114
0.42784395708652007
0.19537864092313392
0.49306733388122065
0.3069852004639454
0.550755678546169
0.43682425391523644
0.3528498278789739
0.36024624516110826
0.25618994230049624
0.36909574152158375
0.288813301808188
0.2808478640672684
0.44500963995324433
0.30776152339852053
0.6420740901698949
0.5533249876056845
0.25928491150604904
0.519252232419216
0.39081936146698
0.43194713336094187
0.4113507407608436
0.43760958061621735
0.4765263123196015
0.260339120486867
0.43492911958345754
0.40037467332779103
0.6723263772246845
0.2622716282702895
0.5229184799466113
0.22382522890724157
0.5980896899878232
0.690069782281866
0.3509306718731599
0.4783935429506191
0.2943532226071079
0.636213374792317
0.3135722182345091
0.47934431057535015
0.35077046811649054
0.42828587287812164
0.40986104930267064
0.6849740060296197
0.844774915221236
0.45787110001142106
0.560953076046615
0.4812970565564935
0.44134758545933467
0.6302046438204294
0.481798338691877
0.3408324543928628
0.43911252820317037
0.5967306239103484
0.2870693280164327
0.6470779425129028
0.43318088699504953
0.34668472474097045
0.4558636335231196
0.4657317618271269
0.297768086820596
0.20861779242987002
0.2695418772727512
0.3000369710766996
0.2815889676852182
0.2944752530405761
0.24223383260981535
0.2225817590120585
0.23584075360296017
0.2436400523790959
0.2465202008582085
0.3516107019927643
0.21419014279666002
0.4752083760806088
0.2656769164197401
0.7080198390024613
0.7589954260586715
0.3503907570258178
0.7664182932708293
0.6579118882763545
0.3320735897765151
0.3687777372426426
0.28905273006747306
0.2003172537608465
0.20356272174731616
0.2544125560184877
0.476186095454963
0.2368351468466256
0.2501356380444506
0.25495871284323923
0.7713416850898775
0.5636622908902313
0.5516268777075009
0.6633358623552361
0.4354732030325901
0.6499658468389701
0.6026859963026922
0.3229371425043038
0.34749079745528
0.317634023489444
0.30020577507860946
0.452779218451964
0.3059362927705574
0.6436903165997588
0.45383723104116475
0.5210044189942803
0.6109705442755053
0.24686068369500727
0.35652443035235076
0.3014812419954175
0.2527498818665515
0.3468745981425417
0.4332206798132619
0.2783062918915294
0.23683504434955158
0.43289493060112205
0.2689514198691295
0.33479563214979213
0.3464024895878915
0.3875324102981968
0.4099860825939139
0.4652465052712664
0.3837454069166917
0.5951719638144897
0.7351149070193272
0.21944311706091535
0.39148342372120204
0.25562327108157107
0.6275948790666549
0.44725448512350563
0.43574196274430843
0.4659831529144424
0.2450637177791031
0.5303798458454877
0.5152312322204258
0.2584268688685478
0.3373395090286652
0.2874827850787383
0.33020772371203816
0.24361762142443116
0.24332673004541583
0.24426081748300363
0.3124606987895424
0.3760492184214533
0.25814795046411065
0.29953551344638846
0.3603494303606062
0.6212491974000501
0.6018944548486261
0.33106007017002514
0.5207200708026859
0.26567646185428984
0.32018178972722194
0.38899314278422487
0.20409530667513429
0.35124113603424445
0.23001153193056892
0.45618801187527747
0.16809729479553973
0.46333821298438815
0.4266385133457179
0.28971117502358945
0.354972224227654
0.4341802161111966
0.257155300775878
0.2574554467339803
0.2805628533320699
0.21087813589084628
0.3051645545117998
0.23798703351826692
0.1843189181831016
0.4478698823702949
0.2598716132044562
0.45451149452809914
0.40190936015894413
0.5737605140624804
0.4695158780998905
0.3116331701654752
0.3115246729367154
0.2630713357009079
0.4034938093036441
0.6928335890681675
0.833545330611258
0.4121391114634229
0.6548154865463361
0.29852128371063436
0.5282002075997526
0.5134351674259946
0.2678266969093506
0.6927200228397244
0.2734240159207592
0.518168809389611
0.44138338670591926
0.4309336865535531
0.2549731067461376
0.7042148779400698
0.5191040126637546
0.6778657962965768
0.6524289260986603
0.46826447923627124
0.6894944677610744
0.5824283306751911
0.39838915554727333
0.28342517290112884
0.3140047079326966
0.28761104835156237
0.3221786415575142
0.4017179036361822
0.5389827667601972
0.33611974361825087
0.5768397638017452
0.622612378554634
0.2464540320195791
0.587465033692711
0.19159824888667823
0.33073633638342886
0.25723161334182343
0.3236476454477202
0.1434968770309257
0.4287463866277737
0.21120900122089162
0.565315710688098
0.5226470338219917
0.32794537804484575
0.4562646300340608
0.34510400213890347
0.31662419127414776
0.3699566658317632
0.3612791178438192
0.31087760820330146
0.22368698967369116
0.36608236854114107
0.24954779787368953
0.7195722584634415
0.44238116038108677
0.5319090037512306
0.5709413848333719
0.357576693490584
0.5738747814663255
0.4416218037145458
0.23221621805212894
0.3351590489025118
0.47403193748973244
0.30048137047905854
0.3450355659794584
0.3422798729512858
0.4998458762863562
0.27986790401877176
0.5558625185722543
0.3234700122640489
0.4961758992597112
0.19586060336826933
0.682331650615023
0.5732832910034931
0.3275396058771573
0.5601176454390207
0.327971906757834
0.5574661356026007
0.4244469528104907
0.30986236265224787
0.49455865622359657
0.2707397415334191
0.34293535065264696
0.31591069955747964
0.4782666053516858
0.38395021762534065
0.5170745056452063
0.4013924579614746
0.28887617456337644
0.30919100267165106
0.3310697104021156
0.24118797035028364
0.23773936229307274
0.25945137498215093
0.2621956979435346
0.3469018238443731
0.27558104182363863
0.6257784177509698
0.2724540932693462
0.6419899906342013
0.6386171258194776
0.2508775644219346
0.548992262163004
0.22565918346017755
0.6158250008772856
0.4246265709264898
0.4237600784142515
0.567270145347528
0.22719895036340249
0.3615648270911262
0.2897114171827999
0.2852462016041117
0.23161207216544974
0.2666415023863407
0.30228873443500204
0.24719303805745138
0.20373721217777435
0.26787475422999607
0.2477866650225516
0.31863821330478903
0.3263131149627342
0.28013279946645747
0.2265735520608371
0.2802569210747797
0.25849175264615737
0.27488075118778577
0.30633288091326405
0.2672028051724467
0.23779565635990366
0.41970970990634304
0.3224440841587995
0.2849663424068062
0.34784674409405936
0.32860606417394145
0.3960266776580101
0.21725476453052342
0.4418215553944947
0.2495563245186419
0.5652372270613236
0.24809238852589485
0.33862052140626786
0.3589734908448628
0.22800244116174415
0.35723040221773844
0.37772868332555615
0.21951169667452328
0.31734902819243943
0.23293108023340492
0.3828462002693777
0.31302024118203503
0.16598565698130574
0.25548582165611766
0.28052406683757025
0.2830443092164999
0.46935687168821366
0.37800178825778885
0.37055831213188145
0.6349759132324667
0.4158561192851402
0.4380861083343365
0.30084727543886475
0.2786772556565537
0.35447440352958826
0.28859778438003014
0.26587967673377794
0.36787300694664066
0.3301157198045911
0.3940850788647046
0.3960355860581025
0.6661537383565548
0.6546717198340303
0.2945321694808647
0.42650015431883614
0.3596463114516964
0.4426941464268678
0.618333154006043
0.2671089690399254
0.6326596971991651
0.4652605910130035
0.41236228332036023
0.375588957637987
0.29998388524724406
0.303852214393725
0.35559205603562216
0.29361945622678126
0.5755373522272101
0.6314398553316911
0.24590975061021486
0.6119594562916642
0.4683826307477041
0.629580901664484
0.696094253038028
