11.989633121503665
5.225852289922354
3.2366435925689685
2.119070039909493
2.877874794557852
2.7829466753342817
1.2046965045367497
1.0651363435328045
0.5776687993690391
1.1356294303963892
1.159278185953712
1.6565064529508307
1.45235750513947
1.1444844716594247
1.2407697891872385
1.3239190765543776
0.9647947512577798
0.8228020842802294
0.8745274518677705
0.906301896526778
0.6110811838094448
0.9398173295153175
0.9916985585259803
0.6842690346862622
0.6977492374903826
0.9675723603219796
0.7913701532061651
0.8535509136311777
0.9414367570976391
0.9348955768641528
0.6919670148923298
1.1003907186059565
0.6129843788621802
0.8261938003661087
0.8847310344075554
0.7504742426840428
0.7155314411520852
0.6761663405856462
0.547713945315991
0.6471041780019807
0.6906893310494531
0.5898265359316667
0.6670036411942458
0.5513379926077229
0.8573274722327634
0.46256569154145866
0.6490895229094747
0.79471561832783
0.7476578339427963
0.6016825949309355
0.581832963666574
0.8938354362813664
0.6932442250863814
0.7880322265416823
0.6411514690563818
0.8542518607757147
0.8127991205476278
0.7580478298568735
0.6290236756079849
0.8338476069764051
0.9721035433343819
0.7300023068373241
0.9124970785286658
0.8830069332844405
0.6731002899985868
0.9273581744998959
0.6740182848393184
0.6085877241156441
0.725838132370891
0.8461678575681529
0.7594566794024045
0.5557329445823809
0.5938494089489791
0.6586081346646336
0.7603772098135726
0.6784273039387756
0.6478212922178948
0.6664904967973956
0.6854175334343512
0.5468120024056462
0.6256928255911899
0.7732876929665907
0.8098496040499922
0.8084323889432355
0.7163289324307618
0.8191409302076772
0.668877867729468
0.7093893410889691
0.6786529699171943
0.7310893562379157
0.9338264394978971
0.6647578279292451
0.8135991636163377
0.9611729256598707
0.7799214735933161
0.7553489063325954
0.8652950626271758
0.8101479532034817
0.7320987638371779
0.4412416984506915
0.7924419231456665
0.6312792164932208
0.602169490128276
0.7960211967031499
0.9992867396353251
0.782873041803124
1.0085813270463078
0.8661050795196642
0.46172362162162467
0.7805262152223676
0.6389800019536355
0.7296260697619874
0.682043510451115
0.3815973951017165
0.6938882304684164
0.5256474779159345
0.4956937494771818
0.6683969374960756
0.8251863721694244
0.8790250146337341
0.7149514097610524
0.726119539768458
0.8132490340035732
0.5660189740666072
0.4872242081581685
1.1163147076849007
0.5612111745740315
0.5324649588544274
0.818620944110146
0.7150576885000798
0.5725153245337954
0.6368561644364998
0.8274921449761417
0.8409912559967795
0.967406224238392
0.8398479982794164
0.5009046553889076
0.7492926030633525
0.73544645283296
0.9269678141969104
0.6322725004645726
1.2023254633776128
0.7928016099190565
0.6000029044597953
0.5157237122137891
0.8399810782533479
0.7873829271204108
0.588983800269835
0.7506583261747847
0.6447672908249145
0.872870232072664
0.45333609526639923
0.5353619308784736
0.7635026224654512
0.7428246218566987
0.5697947144618903
0.703414686305694
0.6441902455363372
0.9217502258104704
0.7038045194520288
0.8020896432137039
0.65314683122545
0.7723282740909132
0.5701943116736539
0.5476307149611926
0.6945651532716507
0.7994865354532976
0.7668174586342935
0.7170227713021795
0.8687797032742013
0.8311866127471569
0.8007901258362078
0.5889456595293125
0.7354486440665338
0.6380977471851011
0.7711089871867512
0.6976036771556523
0.791795646738833
0.3785770115714115
0.7679532102917357
0.624403094644044
0.67499827852316
0.6689350016265275
0.7204840758924334
0.6220605896591502
1.275776657085626
0.723474402187149
1.1080333463964966
0.8079961470285123
0.7874817094929799
1.0192117444471098
0.4833133007081317
0.7533798924673383
0.5594413240764129
0.7684576656538158
0.4437178545713868
0.6467679256312736
0.711554508543757
0.8902805020265825
0.5438469221312273
0.6714007464880716
0.5525976046067369
0.5218122830522852
0.4732362606397753
0.6018517731713895
0.7532065005387787
0.8327566501152944
0.7539976818079821
0.7189573477520034
0.6892674928096199
0.6767040711808106
0.7964790907723241
0.6790326597853679
0.6957217314499385
0.8188388308928581
0.6389327337896915
0.6525201492562909
0.6060868280287366
0.8233457195739072
0.5836975914330315
0.752668523219375
0.7176621902111116
0.8195756964249292
0.8138580675738187
0.4775504002902481
0.7795679954856903
0.6672225825932376
1.0996591990203703
1.065484698870911
1.34698717244403
0.8357220965610365
1.0735584849158606
1.0310030890074129
0.886787758355977
0.8584290259229901
0.8746774382711318
0.6461042153509047
0.6436912685197855
0.7098205260624384
0.4192044705854109
0.6506133662002856
0.781662329731128
0.8753557722066962
0.7455472571594696
0.7326825075727375
0.6130125767174898
0.6906992694923633
1.094903434986163
0.9015122799950864
0.8270651393684141
0.6634394325477424
0.6412552718766712
0.8902667040348468
0.8439441942346823
0.8244155825678701
0.5839087999685932
0.6458828685658349
1.0731961800074534
1.00331803444295
1.0736900310656061
0.5236039577687421
0.891332737282302
1.391886642373378
1.1227107175694118
0.9933613854437637
0.916770473299869
0.5922305019150463
0.9142655707340592
0.7673413560039647
0.6493161652954882
0.9369978282010173
0.9123037076273479
0.9304297560980104
0.7411885697699184
0.6042829168917419
0.6194478853337201
1.229407135541378
1.187705834326688
1.0912011401867243
0.9388669554338738
0.9436407770604466
0.8219729260956519
0.8337354913019142
0.9850033265103256
0.681267589537034
0.7801684381028382
0.621570418327806
1.0792929768915793
0.8168113992949748
1.0073152395823202
0.923596154993514
0.738351848676289
1.3030548787849092
0.9020287897894639
1.077111706778522
1.0857357074568788
0.5070758438211648
1.3328970036751921
1.3937030878154704
0.4711644860238928
1.2053847930321644
1.2286173951410366
0.8337703277224607
0.7337487704601434
0.5402847470481632
0.8353337634281867
0.6668807396840724
1.3665229422069816
0.8918328052156724
0.6608184094532272
0.9813923209916435
0.8530450777313973
0.6386293741908939
0.8319742348778014
1.2707815213534412
1.1229649224611684
0.7954863889207502
0.8389267046124733
0.7318244708296653
0.9419404798918511
1.0928033090537792
0.824583151887294
0.6760606949356354
0.3956555933520806
0.8492996977306291
0.692889721369251
0.5456246430308892
0.928626952267077
0.7673560546175362
0.9084532140438333
0.8029277522605899
0.6884845180271314
0.8657914205676732
0.662892797467541
0.8665452848643231
0.7554066018697314
0.828492618564788
0.6295945804863196
0.9873959570171393
0.6238117798591862
0.7150756444427494
0.8421528248869617
0.8502193697273309
0.6031671587831107
0.9998069897624775
0.691449809951237
0.6150678980008772
0.7313931983487811
0.7609638753430805
0.9091645766525043
0.961430027530604
0.9601041618328775
0.4752727920808636
1.0297785540737492
0.6037371526433294
0.8064931891169993
1.0857997926379488
1.0456663371769643
0.45702074243595003
1.2752269925070698
1.0798606691724189
0.9758613611947236
1.1914661925286758
0.8267577642709145
1.0973865878201243
1.0227216752476114
0.5909495555652956
0.9401226631060975
0.9603111100362296
0.8589797616724982
0.47484927609778993
0.8931028286712283
0.8731989831483837
1.1147856760465744
0.7962307172555467
0.4673206368993213
0.7215005206051321
0.6764534784427292
0.641563267140654
0.9705318352197865
0.5626060048334361
0.8689979349520588
0.6801983183632269
0.5082351319925804
0.8728876546564667
0.8323755213224702
0.76693701640097
0.7141940338656904
0.7085398537779506
0.702192357337205
0.7743530154730971
0.7040502257427739
0.6526728008474132
0.5834279504788653
0.7724328314516072
0.80913769384608
0.8419434867119764
0.7414117581684035
0.80712282931841
0.8201979633944405
0.7197986136474219
0.8014348217979508
0.8905178503458733
0.6485555258826288
0.6443729937139862
0.7724736440849447
0.6594615914050292
0.8327377855746666
0.5754558169793976
0.8768172083364207
0.9669317523657402
0.6277436839385865
0.8167914573316929
0.6261803842668241
0.7851988603614846
0.8554472844947314
0.747043800606295
0.8624406790980088
0.8865201657359916
0.8830901421575401
0.6292614513075216
0.7012261141878062
0.6611129961110972
0.7520984150377602
0.6576659780568066
0.6471450940755178
0.6456465266152358
0.7624675339915241
0.6486929977086974
0.717220415250651
0.5862415079879459
0.7795282786980743
0.509621439413481
0.4111438848394313
0.9233270341430833
0.6149783308149015
0.5531246253081069
0.6012796480245668
0.7359670142333059
0.6231599744217228
0.7800574757590785
0.7531252086564196
0.7823884690555579
0.587195564347356
0.6215353687691739
0.6995469568155863
0.709688741359925
0.8259624269449201
0.8427022866310674
0.7690318802983077
0.6924733367540105
0.6522483232071686
0.523248659216624
0.5109126783937998
0.8625217771711374
0.5979913746339969
0.5937910895087797
0.819271147072757
0.5530079307524842
0.925983970926583
0.8202189740028554
0.6424255916701566
0.7549465576343399
0.5592355014279632
0.7791861758139977
1.0574480413319516
0.8312332120257034
0.8266253245720733
0.9470092067127108
0.7808038989597459
0.6521206300065762
0.5007295232507643
0.7276816603957816
0.8044976622729031
0.7023960063779495
0.5148402809685405
0.5737807431569699
0.7859300511769403
0.5925153778227799
0.6804788394390342
0.7508978536041047
0.5887615343577028
0.9238869255585516
0.6546184937865234
0.6428160740646024
0.6639136759476956
0.7396134276095458
0.824715282558647
0.8529021541721424
0.5978688285096425
0.918953992353567
1.0980451692866227
0.8897562825667635
1.1396454589032445
0.8394882900629915
0.9047625492830689
0.798414048363333
0.8446475553259142
0.8957255753458471
0.5505005135813217
1.3965611674965723
1.3578408271688098
0.6121886344541054
0.9095633688775265
1.2601183455823846
0.85804844376477
0.4802881998140565
1.116501470706142
0.7784216000749982
1.1671381145362323
0.9884034883726391
0.6615061849958283
1.0292591367485981
0.48238386329146327
0.8455454029857481
0.873534398423253
0.9807505713502479
0.7639320958831467
0.6518343878459476
0.6832370837914172
0.7526557240643098
0.7398870364166061
0.837564365728419
0.548174372389493
0.7261954210063852
0.8458296003357405
0.6972358672608534
0.8443172560731893
0.7992901464966391
0.7974470701223151
0.6509187735311369
0.5378795661976158
0.6762701158265815
0.6418111921225792
0.4761245412539127
1.0318516459444864
1.076479632155926
0.7464408642328595
0.7310852153289654
0.8175969841632931
0.7811625566190197
0.8312708211626462
0.8416718506498194
0.936015604680089
0.8200288209661781
0.4352148588749727
0.4741614917842499
0.8149329994482994
0.8328234353306053
0.5499244240162235
0.600081677016267
0.8227714508297218
0.8911529502281682
0.5450552255467238
0.5857399755473484
0.7079904369961709
0.7049512676223383
0.8222776335891409
0.7795579447955499
0.7971934921127298
0.8297774822471774
0.7707817074283664
0.7007851853806197
0.5391912054424689
0.8567171393997098
0.6569044631295918
0.7697539635116045
0.9374213990321243
0.8292118425140548
0.6960736224699472
0.6711443154506932
0.6257173107929295
0.7497978962874369
0.6853838126230504
0.6938534724536989
0.49814384878042417
0.44377537026275543
0.4894717757555033
0.47104815257511545
0.6723798280581771
0.46300166464914266
0.6719323269397328
0.8794902557772272
0.8923987835455384
0.8911140019765378
0.8002671544229019
0.9062012800440488
0.6225247523552006
0.5564604955530768
0.6132657629511538
0.7561795906217641
1.130095525524956
1.0134356182484692
0.8209288995953856
0.789608411517706
0.46681770350506263
0.7493183726316159
0.6720904798657757
0.8353512801478045
0.700162296405782
0.6546059759239393
0.5535352805715369
0.6339633760559202
0.7399416241924519
0.8075594907595403
0.8163769207338489
0.8111256114992347
0.5856288188853032
0.6906981276966703
0.9533063024139896
0.8364572629609622
0.47416821819426547
1.2285507126741455
1.062412591933671
0.8354138437404887
0.9832551995527973
1.0466876550606459
0.9998230205083372
0.7431086796701174
0.5349436324853366
0.639781871469678
0.9451002548964268
0.7609034249345479
0.7111550959512275
0.7646867519819606
0.6413169495818868
0.6902247161741503
0.7339824057895872
0.8714620475343492
0.7472999106878441
0.941233477008481
0.843025296019989
1.2079026006022036
0.996398389474918
0.7365988934663757
0.8591887090739763
0.7841270386006762
1.1227001869803446
0.5835256573362962
0.71037246765436
0.7431783205468584
0.8772359730416116
1.0178418065905843
0.8343075004336485
0.7673873661761123
0.5683179409375236
0.8527265054618283
0.8114611644230969
0.6946135605501573
0.9043352706559793
0.7694738029521586
0.9362636811052293
0.5209420151002527
0.6702317611990153
0.939494634894216
0.8907732540711756
0.5909078073557404
0.7385786607829647
0.8904614965446479
0.5629851468155682
0.8325682146537934
0.8865153549996078
0.6136976832258024
0.7634981147383277
0.4407189163599069
0.8586335680309991
0.9671179321474274
0.7268299581542194
0.7708587293924396
0.668219700191531
0.9036210900795703
1.5694976223312496
0.7775863851265404
0.7178714024605881
0.6876627872867661
0.781146834886891
0.8225810476936206
0.8004389269218231
0.9739962491658201
0.9710180863309857
0.8512148805100829
0.8257221579258904
0.6595793028456083
0.7931658043981669
1.3113420431353064
0.5526816192732478
0.8488978727371966
1.0238222023637082
0.7686772215867337
0.8595648380012367
0.760351737106982
0.8354209796949384
0.8232938453828599
0.6776094145134802
0.5204323111688846
0.5655663923463613
0.8216421556078176
0.7846948873870139
0.7873924642517102
0.6060853254855412
0.7602199924626761
0.521492176384364
0.7312140001731482
0.626235841199561
0.5632889438742441
0.6686347015415728
0.421935040499745
0.7827419243799374
0.8926868664941323
0.6825271799642243
0.9407516399563098
0.688292989603456
0.8359758648283249
0.9746743890505439
1.054336441286874
0.8130182740583276
0.8770725195491847
1.0785372904447603
1.0002018554200867
1.159912052306015
1.1729131577317338
0.7640017835698903
0.7146261337534707
0.6887831002669804
0.7414146720223693
0.8778888889067545
0.9228610311765059
0.44248476027935785
0.8211344426427523
0.8983036720786366
0.9503623610189891
0.7473489817405072
0.7686118472435021
1.1542855575152438
0.6322787216693163
0.7423737253450337
0.7357279795883521
0.8269557198727424
0.8753562461707105
0.7241729950684077
0.7958305994859909
0.8552373114676481
0.6424736416792918
1.2649436810096333
0.8167152376712048
0.6440848041892134
0.9058117484699623
0.7581220749072164
0.789718789410473
0.9891139951729182
0.7929035180476783
0.8324963911538259
0.8967763414155552
0.8140923713051773
0.7475262157075937
1.0590461275901117
0.7923333482533403
0.8584491529654336
0.8848590753049954
0.92185932807625
0.7228981053221226
0.699391309237453
0.9138724226069032
0.6712001159089426
1.1535413458738737
0.9376071325953637
1.023070509264951
1.074864576025719
1.5749852928376864
0.95062655156349
1.1391771592017315
0.8601034841178825
0.9098448744577844
0.8460137633060187
0.9023542750231945
0.9151795848320926
1.343589256307857
1.0324561805210821
1.086928686225401
1.6507304139169463
1.374442399373921
1.0993800091749746
0.9524511248749453
1.422345452761881
0.7558262177022209
1.0603911946085787
1.5432737593718513
1.425503210346047
0.9359548916078424
1.0090353781544752
0.9121467679344679
0.7902647551124843
0.9848377245001635
1.1637060579117724
0.7830689241701431
0.5407307900764604
0.6592194625955318
0.7067681565078586
0.757554084656662
0.6722308143422236
0.7983606274262615
0.5622005434583075
0.7674357019165252
0.602855465859341
0.5671708562988802
0.5946535004452677
0.9394626007857583
0.7461491543260684
0.7090953376689889
0.8857252591461343
0.6254387592077347
0.5545404273413396
0.707995647191946
0.8044637705788514
0.5054897018221411
0.8752697124580432
0.7934171972866825
0.8248860239848841
0.9660291277878745
0.7853886098863917
0.9092118514519459
0.5788493989356033
0.8854974550448311
0.8710687780441889
1.0355853094894365
0.7530542587594758
0.7348090924626154
1.495089771487698
0.9700660637862893
0.8578751645254734
1.4174425235919594
1.082013677990207
0.5860579766813934
0.7086637704411264
1.3026233024028517
0.6634389879354708
0.8479428630968251
0.7705246628438905
0.49660261896630853
0.7117389069656976
0.6212290795124712
0.5936809159796774
0.7788283834033465
1.040881674617858
0.63870978878854
0.8890131419218308
0.7066408915605026
1.0428817963334422
0.7093618036093907
0.5552160665882832
0.6824913280983689
0.8341818996255178
0.7174869907959543
0.7534812756924203
0.6245693765987841
0.739765364504308
0.5268985945225421
0.7028186396990229
0.9039484095892273
0.6498024949888929
0.7090688916775455
0.7708609209716908
0.7111258921551609
0.8100099232899631
0.6252860604000567
0.6985614960104742
1.077056297816582
0.6518990197108534
0.7285918925108086
0.901245826878097
0.7025797266510911
0.6405630687427146
0.6886395387546597
0.7217310367098753
0.6874008831598534
0.7280132807332108
0.6513752404748354
0.8497217353947286
0.9893540426135823
0.711300800957961
0.6705660033773663
0.6821738913515084
0.8281573980755765
1.0587456523494443
0.8602006733526011
1.0023493482432564
0.7279803268774967
0.5848455946743012
0.4671723389365885
0.666194823090537
0.7637621163270025
0.7311512366560661
0.5277226942556831
0.9325492033228726
0.8946186684706302
0.650511436742279
0.8015439892175971
0.7226357432990114
0.6793185691731666
0.7765509062372821
0.7412475185142713
0.6510024938507296
0.8675834461265355
0.7041129871123243
0.6606972646662368
0.5874606396932842
0.8315029629395072
0.6614342215110631
0.6764981854318308
0.7696197142115605
0.6374958405402955
0.9234376657912367
0.7350691634013357
0.7001988958275267
0.7583164871871999
0.6811168186161909
0.7794151598648771
0.7711424464431581
0.5490864923188091
0.8532623841686543
0.5106615865857
0.43476378167655083
0.6976178413421751
0.9505596312636082
0.8248751326702124
0.6814849095684792
1.019677353967826
0.6199480819870381
0.8677299565447395
0.9257827037225853
0.5764657198643451
0.9398222143535442
0.5275757452423862
0.749919768648604
0.8618155446402113
0.6619278361117866
0.7238412044598237
0.7474857827262784
0.40339402686980164
0.5540079791581746
0.7440496189863451
0.9022271592517511
0.7223843684626385
0.7905073995646668
0.874300795661699
0.7778837743509626
0.9536900750785428
0.980158894833781
0.939263550151411
0.6851018476521418
0.521412474822083
0.9849459754664673
0.8411413133490848
0.741488880365183
0.8191943276011707
0.684947992502273
0.42786017737363113
0.6373313876763567
0.7236789459611072
0.7456922568174044
0.5798889683263132
0.4861971006313087
0.6121442437434269
0.7119689058803392
0.5590634063696234
0.4122278034438701
0.5816942928333455
0.66459369169509
0.5510050442350302
0.584454470001258
0.632233120144493
0.8848710187100912
0.9050191002189268
0.7210431701502258
0.8207672705556536
0.7739490299421369
1.2009437333032977
0.7576499343388344
0.8948829633122065
0.4933378022159493
0.9143669742075806
1.0593095084696444
1.381898225001676
0.4988179102822591
1.028274444448065
1.0503271794604812
0.4823967666231071
1.3872332993386622
1.7832116797903357
0.5894211080477537
1.0402898179976818
1.3912378032910686
0.9279881756657474
1.0203248057897518
1.0424053780891251
0.9275111511447824
0.7539646023271717
0.9963855228965663
0.6045510623435973
0.5455646689725655
0.6399209094547608
0.586315142686642
0.8106954915172734
0.636370713817616
0.5777944144002384
0.6622496488737176
0.6275749717059017
0.5306803348763429
0.6954083884330077
0.6001035397575374
0.6758797132524578
0.5887878476646047
0.5203319407286655
0.5394230118522125
0.6404619073212456
0.6052916709746875
0.4586722306522681
0.998125310150804
0.7643984984576974
1.1465014327766638
1.2914894201840172
0.7484253133409494
1.1229105726986255
0.8998600210015387
0.9562165566546885
0.8119497202072398
0.6978824111839944
1.1534503052998613
0.8469717276575706
0.8586907207466008
0.49862282542701947
0.9497767234553623
0.5843422471483373
1.2489098508942076
1.1597000941046545
1.3443385448639813
1.2412957235377717
0.8152947615493896
0.718045123616307
0.8938574763446823
0.8613385615966557
0.552075322939578
0.8618163373062083
0.822084807893297
1.0643004156521252
0.9193102173992181
0.5797216839477488
1.2238976955530405
1.0203025599297177
0.9457364645823662
0.806712677763921
0.5616915846469797
0.772424976626343
0.7143607464421445
0.5674064206400273
0.6712090276444181
0.6712750952347535
0.71361679018716
0.6660798785718356
0.7453070705739059
0.5328430385263873
0.5263529614458341
0.7872819429084279
0.46207608927709026
0.7841697685047856
0.4478483320956021
0.94728597717173
0.6039047595763241
0.8103045809384185
0.703727597746132
0.773710771966899
0.5952750192738276
0.8025224618727932
0.9456486356950699
0.5331558421940119
1.072043181051714
0.690838733105078
0.8528984938019071
0.8947697575990028
0.6430099022271644
0.8782247411833477
0.9921011577004063
0.6074185313498928
0.8662259530124841
0.9490642374680635
0.725293093841681
0.9664961678198924
0.9365439242334913
0.7859221440546719
1.0094208574016157
0.8325073234030327
0.669724339572003
0.6472533149802029
0.971038727105906
0.5878419612606313
0.9021157283050985
0.5949310423910288
0.7242891788426412
0.9122501675617511
0.6284948040121945
0.8547097848755824
1.2924938645996753
0.7135513299167634
0.9697252134973011
0.9235520552713146
0.6985263585771282
0.9449772042144337
0.8669239486372234
0.8813356158295226
0.7786522672802811
0.9434079879283175
0.5952727981852873
0.8526708768258627
0.5200735267693338
0.8697768125688626
0.8374419983685685
0.5206433272312275
0.5126006138608644
0.751946245991649
0.7576704192426363
0.7383214209203399
0.7351792341130092
0.4506995510487544
0.6419040418277241
0.5806172646951444
0.5537426271535495
0.6677389323081571
0.526355137043341
1.4686390266363725
1.712068420772509
1.4754223923483012
0.6805067574923209
1.152809808237373
1.0503359208250964
0.5988886605951768
0.8092026882104523
1.085586733327666
0.6762951945610605
0.5622939526192008
0.7750821144682446
0.5541875044097565
0.4146835137826071
0.5270750791216888
0.4382204495247516
0.8016141165159993
0.7940804532834717
0.463654928832621
0.718845279119394
0.6023873931019682
0.8091601604324988
0.7033437719552859
0.6391429575098968
0.742462997609272
0.5503625140474261
0.8522741966484562
0.8760577573737266
0.6856139071140215
0.6784865547647041
0.8002398356806953
0.7755777059047232
0.8240529633220625
0.6974587492298893
0.8111911438164067
0.9346542128957499
0.5664062377324193
0.7541463038618168
0.4704168084434264
0.9537605315890028
0.8731798427299189
0.6476980529329954
0.9630423870116678
0.5567200872886715
0.8292239157777475
0.5403248816873725
0.801199320777824
0.5807857200834157
0.49554799267476357
0.9778645578788274
0.9315976422271018
0.9073925401537385
0.6190610975259474
0.6698218980137289
0.4951782928981707
0.5337467959750546
0.7124294381431089
0.689327085321674
0.6986521030543973
0.7390168036755052
0.5193449121249935
0.7711246939599236
0.7006189389777993
0.684643207603631
0.757300305182629
0.6605058613096108
0.526949995837202
0.47965232283518544
0.5099321116902165
0.5272420353879029
0.547276080769005
0.49986811155831495
0.49118588455776613
0.7182352284024085
0.625327025216951
0.6206014962252284
0.6810923488289939
0.6405759939705395
0.5127185051738968
0.8044516521341122
0.31893204063157454
0.4601424569446298
0.684915593157364
0.38271364999086677
0.7174526391772509
0.5982877866615538
0.5417579857759788
0.5307650902450517
0.4892952589145543
0.29559246871979455
0.6463298870076287
0.614482795475423
0.49431274402541797
0.7392564942353799
0.6075002576746464
0.6360537589226218
0.47227770943363845
1.0405498381298
0.6377638557569205
0.9568412409602765
0.8556543432341881
0.6392223725157934
0.8496092002662626
0.4297465132286087
0.5257237098715675
0.7297676397728318
0.5123677102756613
0.4579130362122166
0.597093385381363
0.39007934296472124
0.6836585800856039
0.5159805243366535
0.48782839137752115
1.1618327903368733
0.5835259054310914
0.9668825550701614
0.5310494557427834
0.5257138828114802
0.885184010067641
0.6470464613054951
1.0914251888291906
0.9782334325781609
0.8884533076141992
0.770076883375084
0.5171112522736369
0.8738463420066895
0.8201525108439284
0.8340082406274453
0.5700742451488626
0.5731964048774076
0.7737956152214943
0.9267815253207358
1.0860394650808458
0.9658068569630126
0.7662037551395107
0.5909012456895663
0.567435873671571
0.8298896721820355
0.6724785013278438
0.39009406858553286
0.5162050980877004
0.6635516502513484
0.4130720604541443
0.5784684897347796
0.8664733355905865
0.689283117488116
0.7444183579036842
0.6668119306482376
0.7816312717736453
0.7119200215702387
0.6764761259945189
0.74158907852296
0.8690292401932488
0.5236595142901991
0.8717567828663417
0.678174174179119
0.5578196097487843
0.8385418404593566
0.8339141224171952
0.9152056425294369
0.5973816095529827
0.8076169825597508
1.1320744906384514
0.8505539877284706
0.8437320533519176
0.7777162475160313
0.9904064748434998
1.179090795775875
0.7214700737553651
1.1477889718876904
0.8742860214667684
0.8831640010592613
1.113270281190695
0.8492094416174476
0.7203042401951791
0.56832984051721
0.7100914102490923
0.7771106238738513
0.5298727400077162
0.7456062180732236
0.41828149324487984
0.35621561507378763
0.416209081777503
0.7144907827466748
0.5588786866542181
0.3803498575695724
0.7033534659408348
0.9035192856589201
0.5531073399416869
0.6600758129590799
0.700411382582158
0.42869850202371185
0.5763901361721167
0.4747022658678356
0.5518200800249495
0.6156370519945059
0.6391447839952857
0.4992043113812336
0.4415311361576908
0.42165446100936954
0.45773928004408676
0.814382517416343
0.5038392351381001
0.4093645199211108
0.5966952031046875
1.107994669752973
0.7361393295931539
1.091012126604304
0.9864260900672065
0.6443119459759249
0.9215818944929919
0.6689664763895973
1.047351023525374
0.7854855911156268
0.5952613614277807
0.6955083995204822
0.5391072596309608
0.9658524064278482
1.1974529537414005
0.6923977035041232
0.8285972547328181
0.3936997424378415
0.767027905076948
0.6956283335142796
0.5980973095934142
0.6325204018751984
0.6274304869641367
0.9226182196735052
0.9688944973324787
0.4569766945306643
0.8134287524493959
0.9826339195858766
0.7197619482914378
0.6920978781592941
1.136471646071758
0.9095904048948572
0.3106428128838458
1.469902082185931
1.2716453481207444
0.5318928241678184
1.018236113016085
1.5959951171181248
1.3354867186004176
0.8491547074033616
0.988607508345179
1.0147107664584532
0.7429516112792657
0.8707283407306193
0.7775196876650801
0.5675473982412678
0.7397776558252306
0.9639589654879113
0.5193517537874015
0.5474084854889794
0.7499182023139641
0.7030925539931543
0.7815670017985532
0.5463161099176965
0.7757276496898577
0.6272198343771961
0.659071063413496
0.6937572698164083
0.47047066032189466
0.5095684258199631
0.4972979308158739
0.7344696138896541
0.6781600105494417
0.5965967758435449
0.4214547550207604
0.4617656042850558
0.46016163933497267
0.3544271387398016
0.4764986786323069
0.5568936581824372
0.4246353905778067
0.4878161847374859
0.4341778868191304
0.5348144650681922
0.6453996412956864
0.4371751736783063
0.5936970042127832
0.4352569427654277
1.2913603749988394
1.0103554041046554
1.0900432532774242
1.2409827819639352
0.8617149582723761
1.1064667234331178
0.7942878256608829
0.8695699351803071
0.8323391650973297
0.7733267972301812
0.6104655859070546
0.6461527604019311
0.6391595109903296
1.1487886592752763
0.9413558401310397
0.690396544742905
0.7945189952923843
0.6175826679720532
0.6834607534782563
0.5488902239349223
0.5437955089782002
0.5397618327699342
0.47817300108395483
0.5598364241360859
0.6684303421759014
0.7011907168429855
0.5496082198799302
0.8149164214225953
0.4283648576230186
0.5467288546520798
0.44943218688048275
0.37947253012886006
0.41517361152005605
0.3261777512876491
0.6322398879090536
0.3764632460434286
0.43419362187992494
0.49407004979823305
0.611761730074699
0.6741595395214279
0.33935087131817676
0.5700469447135686
0.5208850926654408
0.37874730417208285
0.5229244498100339
0.730136880446544
0.5208454292339791
1.0537972309430241
0.6591471963105734
0.8858244197631819
1.1128349670727786
0.44416032546122297
1.1651232741650912
1.4776435507332613
1.0441827853865517
0.9634236186866206
1.2809189526724332
0.6483908153650605
1.0232049172745028
0.6439387088338623
1.0144581260841894
0.7904202876365662
0.7629743397920626
0.6915336336621511
0.6280372205221737
0.555611653500673
0.7639725627680255
0.5454903108207022
0.689593564764601
0.8078263886117469
0.7410672315266875
0.6991077330944174
0.8012365414253493
0.6763753149201601
0.811552385914597
0.5970772598335188
0.5008723465985334
0.4205152729955266
0.4862999588504206
0.6303923933414174
0.504880479207766
0.4041751257678444
0.47858158807272433
0.45519396960411057
0.7544105703318676
0.4153893382685945
0.592890712599377
0.5138819985418548
0.4671223583031651
0.5737692125833336
0.43946902881018995
1.641897032846502
1.8530131637898692
0.7937869962104893
1.4748816552239639
1.58542442406487
1.4983171207205028
0.7381286503434175
0.8516696913903978
0.6432251936879326
1.0991718472028857
0.8942869585472507
0.780259229209101
1.1179305281334617
1.1396292416036942
0.9987930088429677
0.9373370145641935
0.521680713494069
0.6589965181503118
1.05529266825773
0.9028580138967743
0.6154173215613108
0.4253237588569882
0.7824947460406351
0.8946479544517271
0.7260227156014184
0.6263405816966062
0.6548331446585302
0.7098785246396754
0.6838929852218263
0.40340398537181577
0.458855908147659
0.5507119550096576
0.5316368594983197
0.531082548751429
0.4424280641601548
0.4911892166697296
0.6974027503584165
0.38784074589067496
0.5372930768921675
0.6314036962590412
0.50929965463646
0.86824643139103
0.7660918478286612
1.0809397127553777
1.0814422953774565
0.9552862210739612
1.273984486554908
0.7596001836316362
0.877224738907966
1.1600846554212838
0.8069958473390886
0.610330017367267
0.9238107088426974
0.6601642523518609
0.8760767093156573
0.7919583100215685
0.829674455033494
0.49855052582613607
0.6270821005906123
0.44842990091402196
0.4877066633048249
0.4572635275316795
0.5221274110333598
0.5238770518634144
0.6033778016730488
0.7607380845752377
0.7626737858041467
0.6722437029906564
0.8651414791110688
0.6429369687351372
0.3997275418207279
0.5654043424727728
0.5903440591445792
0.7962198380891946
0.5359194501568083
0.3443865707614537
0.7152249356391128
0.7269692831024674
0.8366987178827358
0.3688357995805783
0.5612910344565901
0.44857938116081886
0.5662892314419482
0.6618107871284675
0.5086013816611917
0.260774565228272
0.32196718476402564
0.46469941771898515
0.4216362712684069
0.4963362136497651
0.4504987563997481
0.7066666747168421
0.38513391180046863
0.44121223014962135
0.8207206044041905
0.9469901448198993
0.44726439121203376
0.7553596143457703
0.4065958121629712
0.5948964822404296
0.478946320764416
0.6607836081950684
0.33658682977632687
0.4939093461190473
0.3404357311801175
0.5838441573308505
0.6880322358989001
0.29093285463960716
0.7170659140175706
0.5060728644782806
0.7189931935483166
0.4073006769500213
0.6375783071458779
0.3152092098637701
0.7616671143341888
0.5983498146391405
0.9132404061387395
0.4940877065758917
0.7139774308436588
0.7265006585482654
0.7802479617158111
0.7910322511429543
0.8271381384908086
0.70126726038404
0.8613281656258389
0.9458112369522927
0.6266587627546617
0.5899443742695825
0.5855488272814401
0.6496561771142659
0.5072214840342099
0.34161325618345795
1.047602663783558
0.5117167732347468
0.9736022802480218
0.8783619643694486
0.8841179176777605
0.8579814452109715
0.4883418912378926
0.7146366183456766
0.5583272937572951
0.4304816911646185
0.7455216771498506
0.3853940453783105
0.9380379081307906
0.8031927656042267
0.8987241559275445
0.8257277614416607
0.7143923352278387
0.7796942519882613
0.5164152670202217
1.038695260265538
0.8245904924414513
0.7857884773950053
0.736617159691927
0.5196159683582766
1.2756800691360306
0.6233512075128256
0.7735183155947777
0.9026957241921244
0.454111653781948
0.7105436143189098
0.5580330418073043
0.8165473819285995
0.3672724805735333
0.9262571087884942
0.887214022726615
0.9461820189345738
0.8932458339453532
0.6673396904072746
0.7256525710082844
0.6415189914710114
0.8638707900540503
0.4861648865431419
0.6187026061062528
0.4739383476185517
0.529141433595827
0.5357067609506018
0.47381085494202135
0.7044875045855942
0.5852535867286363
0.8414699590200909
0.5438572245522182
0.7230186160309273
0.6364654822794743
0.6280692255559346
0.436489188115229
0.48749053313696494
0.40837561575912007
0.37767721408183
0.2759725817386594
0.5206792816101233
0.48325224356001556
0.6441200847011931
1.0817499645473678
0.6585820307280412
0.6749391509330411
0.4835058010839096
0.7996765928771616
0.8681451653504647
0.7695068682658915
0.2889762721137288
0.6334267068910671
1.0525982948072499
0.6019377417650199
0.4449871956684646
0.5090513157615518
0.8204298155179539
0.8237486718588309
0.7003862271602181
0.6099147958557037
0.8727728489387345
0.635693976125169
0.5221484801440472
0.5368662809161565
0.6437260026355665
0.5057893526458632
1.204388074428907
0.43318372707092856
1.247138224551832
0.8923190552058603
0.7550885213583217
0.8827414697201575
0.6156146689955374
0.9260873561941902
0.5891978968644097
0.830347042833412
0.6510640399124652
0.9462841437289178
0.5750871229443744
0.36465091170417746
0.5372819737005264
0.2970493015340631
0.3993439367757418
0.6073864070778053
0.4892482860384699
0.6207165644289404
0.5042415907365344
0.42689263242350967
0.4419185940607211
0.38996046927337014
0.592714129079722
0.4493747023828999
0.5806175701862889
0.48130869774292817
0.40560958531617153
0.5419702099055442
0.3577104621424195
0.3695272169219237
0.8741548921041976
0.9262431991778847
0.4182014755067433
0.4568689178391473
0.7536261462706232
0.9479045916152957
0.8007191374719103
0.4166991577189
0.4213051879863403
0.7157090203171252
0.5371764881562724
1.0615163853180323
1.016253835597851
0.5138330942434882
0.7163607049830414
0.5806806335940657
0.8892107875988899
0.8275302074753778
0.3914453909008234
0.5844236697490804
1.1526340200775518
0.5299524855812701
1.5924763062463576
0.5258597487070199
0.6374042567079388
0.8942745352143802
0.6972689738487161
1.01442650263851
0.9951232214630493
0.7236243382272862
0.7328145733441966
0.49390768216633507
0.7337595527203674
1.259558074416901
1.7243199720666382
1.077962175706129
0.8813685259695992
0.9890910948332629
1.3570284340710934
1.390111479600917
1.8447075889978366
1.3672980713847105
0.8315525435271154
1.0122235223491742
1.5766603192095114
1.5322066053074737
0.9667917641148749
1.1820735383859875
0.9237429126005949
0.8612499495905892
1.5362493573489786
0.9771734709799019
0.522105601993074
0.9285239584423205
0.748241457777291
0.5681332510451431
0.9779437143688694
0.8151108057129387
0.9615610030877862
0.585767307535823
0.5568743464114374
0.45547276238828954
0.7765905131763186
0.8632376018592436
0.6025399166381685
0.6019852536952295
0.8362490680068255
0.8034597978149686
0.44925716844741187
0.4967257179709825
0.49512175994652585
0.49568171112968035
0.6216179411890943
0.5963256623270358
0.39898517111537635
0.761876504714958
0.5688350929671314
0.6511607769980465
0.6695006824708584
0.5064732164955091
0.8185033046826168
0.5449109031676447
0.7400217529832607
0.5794526821948686
0.7258755580510543
0.697107053804484
0.5758830019156373
0.6419878289831743
0.6305887320726958
0.6526025526230633
0.4557270228358346
0.7382035139258262
0.7273023670427665
0.42148627187697024
0.4325670659632809
0.34860851077783117
0.5753457194856936
0.3917298461568308
0.5800227762275793
0.36374217448984786
0.4174682185957863
0.37393609551470613
0.5227276081340588
0.400074023261608
0.33303614890832933
0.4515993547025709
0.5236772173067219
0.3594763156425523
0.47418787236085375
0.5379565714024874
0.449058117074428
0.5550903332780783
0.5096675637688403
0.40596974518125495
0.6246831015376326
0.6866356000628343
0.3050010096510151
0.887394080468417
1.028523660175647
0.59533276067947
0.7743130214719519
0.7352043049880173
1.0862061743737534
0.6033144090067504
0.6292776730053746
0.4469926591969557
0.5991757937502411
0.5038130084096197
0.69772896685291
0.3992783851358621
0.47440950947164595
0.32817582676175383
0.4473651007053453
0.5687566626261966
0.3635940274337536
0.36188096195329567
0.30906715154197045
0.42814829540338994
0.41091912065745034
0.27563292371260467
0.6256860043175959
0.2913140612972773
0.47175217678912995
0.39251343545320616
0.323292504301358
0.3416664904783313
0.32135908370073624
0.5996241822202707
0.43740529139940554
0.36695407878221725
0.9079075143803899
0.4248624531174361
0.8974209506532451
0.9542858371956945
0.6876879762535388
0.5351416861016787
0.6597635869965006
0.8022048898538213
0.4042229883131578
1.191493047024737
0.5282852021983242
0.7369848477305078
0.7124526993131852
0.9145475805077287
1.0264098108698334
0.710960941545897
0.6830632168389653
0.7993594679229723
0.6766179505084092
0.6651801548875415
0.7457380062253784
0.598941327296177
0.38579595259730953
0.8120710153682881
0.45148525361627084
0.8134072011801107
0.46157320674751334
0.6342350528838182
1.006730802308627
0.43921855293616296
0.8234064156465166
1.0900013246804883
1.0455914691270318
0.4802837104798476
1.2924757725565743
1.0059368681623797
0.8274369781204601
1.028878853440915
0.5896898646161899
0.7760784140553286
1.0813145780920592
0.6474393404367745
1.1258607020925837
0.9273856338186565
0.7094277054267611
0.991065976747401
0.8907038126161525
0.5754600014645039
1.0950225086968068
0.9356061473288134
1.7172393613840653
1.370363895386032
0.5535431515902253
0.7988264386150877
0.659185046208091
1.0742441460130308
0.6696396419420141
0.5697263653578527
0.38316744731785674
0.4290214798545464
0.5817142143840976
0.6243623808465528
0.621277846440096
0.6777218112892694
0.4092035825586166
0.6519623438184856
0.6007671050067456
0.7060291049500419
0.9001527803187125
0.706772844550396
0.9504990447956677
1.0059665723325788
0.8062227202560939
1.05043829378341
0.7374199769352061
0.7825880082224856
1.0235141836700155
0.6592998164370844
1.0042677856322675
1.0192015986939396
0.6161872532872531
1.1168024979885487
0.6480370167344549
0.6966275904638359
0.8486088569851185
0.6295819639347899
0.7397893734454676
0.9156172452747419
0.5246466399319178
0.5216900895625417
0.6106580806742057
0.5893022362493998
0.5710156124278356
0.778996887898193
0.5007214176921233
0.9182684987621629
1.0384078894428224
0.4895271733754202
0.5638338958792862
0.5712448296230338
0.48484718609213767
0.5785611287781632
0.4084692127576177
0.9672824234315726
0.3918817860498799
0.5904121379807707
0.2882068555018432
0.5279632291634896
0.6111420477865028
0.811730580483189
0.41075574077550653
0.869501995681259
0.6952364099989076
0.6322429663419381
0.7011746448422959
0.5116166706724093
0.5518127081889267
0.7697177441407299
0.7163333047906646
0.77182088010704
0.6255812121863266
0.40893975650289666
0.56435037517886
0.3516228991745984
0.5796134863824902
0.4456446531587985
0.6144230813461142
0.5854510113851376
0.5193587801940407
0.744675840776637
0.6957512873147901
0.9166332568430235
0.40890580452476427
0.5779565087540933
0.39263205911385884
0.9347744071738391
0.3994889768803896
1.0408479611672627
1.0356429402248524
0.6812770868771061
1.2079506279746977
1.5064505084192894
1.1836955135993876
0.6244263139461808
0.7926608847399125
0.5368499000477237
0.5819796675547517
0.6327948739801503
1.4325970547120355
0.5058189842472941
1.53538857688125
0.6214413308820637
1.2980298627050915
1.0991259406121034
1.3756299894200998
1.2124219828160334
0.7608810835837683
0.942621849121942
0.8634713634180121
0.6922282374036943
0.8656000700317819
0.7199310229504412
0.7295032042971002
0.9492330574826623
0.7675063419035439
0.8732434961349566
0.7836122134944232
0.7022434303639018
0.711797725883342
0.45048256455002267
0.6741302675724714
1.0166491076576727
0.5966650622378692
0.8528460826325172
0.5606827460278394
0.9885350815967002
0.7589758544036811
0.6846706565769011
0.7708978317346529
0.45487470434385874
0.750330155133107
0.5998439073032866
0.6647274271363464
0.7471782507077299
0.5129376101542346
0.602075147543088
0.638961991641394
0.5061834363809066
0.45386436454117807
0.7108544276082305
0.38154631022391466
0.49456042746713363
0.36829621485769104
0.7333767057048122
0.7505194743900222
0.40567099473873075
0.7142385528909141
0.49290136374100846
0.7671406866321505
1.0331992630391442
0.5326788288688631
0.914264470235638
1.2376760439887657
0.9810177566801827
1.1284542734748466
1.6208148526519206
0.7418470199321457
1.0562567153869553
0.733557719877948
0.9911567211244605
0.843871935974477
0.9229527721297739
0.9946396092468927
0.48802553082166916
0.7452686460370515
0.636109283685926
0.680595521541112
0.7231558977808947
0.7431114804417129
0.8409744379491885
0.40593110515175485
0.6437767097081438
0.7321125622041847
0.5804564391588111
0.47869039590550844
0.54664559591609
0.4926347660523034
0.4227381054550726
0.4212030214818203
0.6191119922936832
0.5232178442710607
0.4649167613708377
0.7137126188982001
0.45559806132834574
0.43773171009980966
0.46248223095552193
0.3414595404966739
0.5477400630478814
0.42981094486033283
0.48784260856091916
0.49484660243248135
0.44512640723537394
0.7550701199216837
0.3788670612507499
0.40444145383323854
0.41451541891017424
0.42890260695078464
0.5238262238354708
0.6814415883179715
0.602033698882621
0.47429281887559543
0.6919579461177203
0.656728038332278
0.6432484820682203
0.5592628043667088
0.6382810527514753
0.449438404370475
0.4915408761227572
0.5265582884131286
0.2637615577721081
0.6368078097566401
0.5027505357933835
0.41833822372370416
0.5816426171442528
0.27536120910951345
0.48698125805861914
0.540255095232509
0.4005408894778699
0.3628194861875882
0.3838541336880696
0.8066415624245836
0.3106937064604767
1.3105955356877517
0.8810856179586668
0.8971396915749422
1.2949163761627618
1.0530944162149056
0.9057645201802861
0.6716917379477297
0.4942310713518268
0.8962520966679965
0.6213614213055255
0.6368888795562818
1.0506989635956254
0.4837547274850732
0.513877318392462
0.7983532461137466
0.5687041077516537
0.8420875167066926
1.0645545780879335
0.7017222263309453
0.8312242665979175
0.6899795429664337
0.6944124254776647
0.8084201648882461
1.1901136859960926
0.9566840670929966
0.5512397992826359
0.7637413019447555
0.809369003295274
0.6291128383452078
0.4810001501979383
0.425517278697037
0.5410156599975247
0.5592242824195293
0.36532383294285586
0.7978501837250314
0.6258229389554875
0.7954524098666148
0.7113996029167204
0.3233594454455631
0.3642210945334666
0.3702247583772937
0.26982675320327876
0.549256359285797
0.3929539230683799
0.4791626057702704
0.6124936714583906
0.6459310780427421
0.5657570240282471
0.33128037290926166
0.7719127302017782
0.3534250335224599
0.965581780337136
0.5868683199496605
0.5464156809775784
0.6378019483528866
0.345907805472868
0.5257606799944898
0.8500180002833534
0.35288455368890925
0.8277518860384455
1.0413121363536986
0.6574474990580287
0.9702667194190973
0.6242112416979528
0.5712802554003167
0.7565181986795034
0.9099372568099846
0.6373911508555977
1.0531046829445512
1.0776909973802629
0.7885267362384093
0.9285712166105482
1.2285352971786865
1.0227271671080742
0.5839075380985355
0.8416592508421148
0.6661719864329534
0.7065793908846623
0.8643390656276805
0.6279474664774304
0.6015823425479954
0.48751974140545484
0.4349838266883888
0.5839760527713546
0.8992527115127876
1.0846278925803126
0.837357283201388
0.9382028036894136
0.7214412831487332
0.6881708337452718
0.8126969545720021
0.5505225075238163
0.4751062344057693
0.4359547556149705
0.6425986952791164
0.3974873385795131
0.6567864412932488
0.535275965735035
0.34999602405351193
0.7430315474362678
0.3980179331950204
0.5424044191924376
0.5827963289230151
0.21323611492378014
0.5094475488992436
0.4803898732100397
0.9410700414812145
0.566297422182487
0.4209239975817321
0.5367267848839972
0.7729291992293977
0.5049755145532828
0.3507972334337365
0.4551275997524312
0.5185480487522742
0.3638159613140691
0.6655029897484565
0.4781911462249623
0.7052035448154165
0.5395807997651297
0.3625123982976532
0.4262314220983573
0.6325281957915664
0.392709480133605
0.5493476988463385
0.5301004043746864
0.6186384023970234
0.6186781935998034
0.3742247653154913
0.44510818785919876
0.35382337813363945
0.45322454496906045
0.6089390175972277
0.3217310573290916
0.8613756239325842
0.817027399869007
0.5715334859098392
1.0032728122193038
0.9434101469436481
0.6646842152643021
0.8561161174603406
0.5021549816439125
0.8537967477521461
0.7429553247698619
0.9143410214629478
0.33110038485249277
1.2346270843300644
1.2859446572169166
0.8038528734992083
0.6925861911681372
1.0915028639560866
1.061844577236874
0.7426674177321392
0.9637436621338724
0.6765716684750908
0.789117835640234
1.0281092077121567
0.9931024355836994
0.7505255190026422
0.9514013909141141
0.5295098462213211
1.3130353459199202
0.8994737391902494
0.6973025448485242
0.7724420218080865
0.5971226390429697
1.3116782045262574
0.8511658939218828
0.7204459328945209
0.9701974506290238
0.711000726468381
1.0962335090636677
0.8206276201327488
0.7450672681143197
1.011486553470277
0.785330689462508
1.02557919364003
0.7754689223241379
0.5631646298804145
0.885559367251619
1.021821156966671
0.8967536340659767
0.4686937675882705
1.0887703536383662
0.5334349633083255
0.716374548311916
0.7097102252227034
0.5639479363585364
0.5364482014616802
0.9535971646125382
0.5126543937419554
1.0664954020491204
0.6471279606163913
0.8917920932904677
1.0009886561853791
0.7395552459041485
0.8215931381575796
0.8146258531077422
0.5127018235044911
0.7131758118741451
0.9558253070886714
0.5296538765624806
0.5420589584627239
0.7396703972264895
0.9278241650564713
0.631127977032014
0.6683970006605805
0.8249838446386997
0.7831592391572328
0.5409258119277758
0.8049448230101809
0.4514356886677609
0.5976606442313852
0.7272988564937385
1.1336496885553762
1.0127140743272651
0.7632370409766375
0.8363937613133798
0.7060109399325223
0.6154163275450888
0.5759332214264568
0.818906744457679
0.4832406812235917
0.6796766874169254
0.9594860914450496
0.4965773916714435
0.7177185532655473
0.44395357444956596
0.6328196524559985
0.4473916741828725
0.6134232465925262
0.43138820336941164
0.5897990964779738
0.4614577738413986
0.5633519001281637
0.2875738763039258
0.46842542940812293
0.5727488252446388
0.6619302613141463
0.4739800502712728
0.3224624734650559
0.679281221411971
0.5566602886942342
0.8380145132568143
0.8897636872665334
0.6908136235234651
0.7882686857219772
0.5177441173696836
0.7151809824216077
0.4623579914024204
0.6459236182317774
0.5600687559393966
0.9113533955602748
0.672493594801018
0.6470046096638291
0.7848521552546835
0.5553066382771511
0.6439507738973785
0.7174107165649749
0.4493967874142066
0.7145254469034922
0.6658804506191276
0.3782273064995917
0.6931870128082438
0.8214050041914143
0.6872514954907046
0.6354855572668714
0.5845302121890619
0.7321841705924362
0.5483101199086442
0.8926323847296171
0.5166463109792372
0.9000335449384701
0.6477977946653164
0.564079025793232
0.8064651763527398
0.6315926622746418
0.4004293723979653
0.5997868508909219
0.4525623067349692
0.4786998580107152
0.586463106794397
0.8516955377515358
0.7516669493899073
0.5397369792229981
1.149078342138029
0.6264298478765271
0.6245546642098634
0.5166821492262451
0.6150133082188372
0.42630904761196786
0.9058448389721524
1.1365016371456558
0.5525074006646141
1.3073770576377617
1.2251845622899284
0.6447676894465968
0.49142302658761294
1.2690363922349646
0.6353757162090411
1.3799748050174152
0.5551457039139516
1.208508230549914
0.554198566446872
0.8209815870520084
0.7489798429454473
0.5930846067791918
0.8532903318961934
0.5391151251833384
0.5303707116039629
0.5149154311469262
0.6628588194535517
0.4254385774253314
0.5157413509583543
0.5913623442546362
0.4172651610905782
0.41396267077305027
0.4926052431769392
0.37942873446033615
0.6406574262513287
0.32628238090251466
1.0798340704835787
0.5617740008185702
0.34499326989349544
0.8898920624244091
0.3740674670623554
0.8528130956097258
1.1085402087950447
0.22510095304626423
1.3079030124860815
0.837430241496991
1.243863424987456
1.3758949795613566
0.8754241568070534
1.3957657127582153
1.1666909166308408
0.4952231649968666
0.7674253919530198
0.5909434496267743
1.1887933713666237
0.8831774959485172
0.7405982469148821
1.0162372942077693
0.7202762270385304
0.9658063716432838
0.7811736485367885
0.5130270266268027
0.7184615896296741
0.6013085948879104
0.5372190850072375
0.7512593073636699
0.5030387758561987
0.693356725748237
0.6732279044252434
0.5467184088842998
0.47620723281966326
0.6056760043612808
0.29835624079048584
0.5487398410292245
0.8387765965560746
0.4729979105332893
1.17426414310521
1.0429284887636263
0.6119590461685596
0.6707180989129815
0.5394140211686219
