1.5357474740013755
1.1176300350604713
0.9422971711225843
1.025636036809759
1.126859332802608
1.162757595786156
1.0431133884017096
1.0275514580111826
1.0836956844508194
0.8922092761975561
0.9210240935760782
1.0779251811421602
0.9285882478338552
0.9026050297519876
0.9201012729810452
1.0641050672139112
0.9292632028763433
1.1322877756960383
0.8635308898632448
1.0610562396891547
1.0712738692036634
0.9070519427879813
0.9516959884067833
0.8751275370078624
0.9312807294285446
1.010555163812921
1.0113022651687573
0.8975011371029172
1.0055917941145318
0.9892108414004337
0.9579754468074888
0.9954056578861363
1.0049705524606032
0.9735253593924358
0.9670490608918767
1.0187830415983241
0.9746973291496561
0.9633298702232329
0.9531860448050264
0.9627271338538522
0.9332805287520801
0.9237053172240774
1.0239333095280054
1.0992919259520226
0.8916839160923983
0.9436242973731218
1.0420178158527154
1.0641590969711805
0.8898989206182505
0.9299562915099557
0.9398240230919277
0.9358572819796112
0.9915704484862206
0.8168266183972331
0.9197750047317659
0.7616468834893513
0.8075033089435582
0.8590751928738838
1.2787269263052505
0.7972967399953926
0.7016308218325936
0.9068522911344173
0.8846023324898868
0.8999182448658349
0.9409819535225626
0.9160624621506546
0.8102994708591986
0.9168694797443617
0.8012104410506249
0.9163881906905542
0.8543038850169312
0.6712609433154687
0.7494629278691409
0.8061271231612838
0.5372723939058894
0.7665539017604913
0.6622540473165058
0.7906345104239832
0.6037189535363938
0.8708950635483476
0.628020161698705
0.6363690970097723
0.7092822063220412
0.666077288629865
0.7083829223996763
0.6371799030016039
0.5998560207488923
0.46624377900203684
0.6970116504095081
0.4660376819901883
0.6563890847070389
0.5776010801200506
0.49457528002030315
0.42126202294688186
0.5407334126684367
0.44816884851562194
0.5442016419222037
0.5149011838543678
0.5652601407380681
0.48879564396049924
0.47348635496032354
0.5426452430687709
0.8088802987079206
0.5541711072537955
0.4875515568750223
0.5541617965995422
0.5242531265163152
0.4509364402289029
0.369641573654665
0.39200956004553206
0.34913925203726137
0.5002154278800439
0.49623041758479774
0.38503376225880676
0.480353699968865
0.6162316668646448
0.5707242688542423
0.4097511018071542
0.5674915730367417
0.5219517214837683
0.4683323920371391
0.5558707395326026
0.5187844910960944
0.44373531986650067
0.46674757787028026
0.6112196259388634
0.4522673315136619
0.4772601979601153
0.4473565068614365
0.750480478356198
0.37913140461776645
0.3824179653089575
0.4284176646056944
0.38607452545182264
0.4910766282906386
0.6116046085950775
0.543103217988641
0.5359882985508394
0.549097601656638
0.4670017335494577
0.5283536547446626
0.4751691533141516
0.6261673921109521
0.6029784323397803
0.3928855603677912
0.3549361158960846
0.2677847782702853
0.4097869614012098
0.41660404479352964
0.6075154193556143
0.37897585945697104
0.6654515287323767
0.4048456960933622
0.3712866506031566
0.6471829229381251
0.47371614739406287
0.7168397826495164
0.4926205715880532
0.5163578034191216
0.5878217694748809
0.44633918074392553
0.4854089209352774
0.3518344287396956
0.43782026947311553
0.34768296296614115
0.5833934658855047
0.4676539801020277
0.27517888363867365
0.29941482113184026
0.48415230392326786
0.48213330681307537
0.492258671980396
0.5062918557721569
0.6824632159369592
0.3973432843416775
0.37744450503869476
0.548108457369181
0.3201745171819948
0.4548495061275597
0.5952855497355816
0.3181477049737762
0.44854856606331084
0.40200261147518357
0.39436027555102293
0.2357332022527793
0.32752889360472937
0.4952289802908361
0.5039207131028276
0.4705704164305292
0.44546136646871226
0.3557640516533336
0.6525764607824196
0.5268663251974097
0.4971012003237658
0.4868573042628517
0.45698348245340065
0.33791083035482483
0.4891518809189229
0.5161166269739966
0.3563174881554882
0.4963571314460459
0.5801304515709413
0.43013106640122334
0.3645845311124217
0.42402854323637246
0.470614881351993
0.49089236524045904
0.5370761831098874
0.27429146139133054
0.3146124502594809
0.301574415479275
0.318679269427363
0.5173222312952296
0.493365173255973
0.42653926043394547
0.4619723598302753
0.5407223612509486
0.3904255804343066
0.4299692202012933
0.36748414345161673
0.357749639344369
0.37512422023064707
0.2777214088556992
0.6837792530842806
0.27343529108333564
0.3159970962625735
0.2711499855651476
0.3263101219781509
0.4250746460458001
0.4680989897860432
0.37983153270639985
0.5872943154814426
0.27941891261105706
0.4826909481113737
0.514364866260213
0.49142280107937525
0.37902763692026914
0.34980585517634516
0.4828036112010754
0.46248685939593387
0.37915653814896266
0.4125345032457963
0.40700779643320556
0.27563028463133055
0.4074220853730863
0.5538880545539525
0.5663864813789613
0.46577284994558293
0.39666770694980713
0.266815557910512
0.4959140239430642
0.7086515829769832
0.28695023223088933
0.4789692974687155
0.5568182137008675
0.26446641603900034
0.4055196649559499
0.21764389973700757
0.5120647739172608
0.4926202492514946
0.4061415228874592
0.38127782779792435
0.4575080506075826
0.4788949476195694
0.3465229950135846
0.37183291655193357
0.4842699397424218
0.45004267758520394
0.3805352642658319
0.3744467562177047
0.5029569928703906
0.44157258046979486
0.6054197148586011
0.45772285199415097
0.31952574783067605
0.2571724503619699
0.44054431154572005
0.7045397144541921
0.4097517476587611
0.38641435423781395
0.25087869488092
0.2581478000463212
0.6369368560097994
0.4257633777756288
0.3462330548162629
0.32020186190987
0.40055471810844195
0.37095646868040005
0.3581340527002817
0.3228378079053127
0.44901131501275693
0.3213991335304645
0.43725180399543173
0.3399177654060921
0.607775993476232
0.33746983667154845
0.37450115449843135
0.39599619593644264
0.27052179105005414
0.3254341390587475
0.5329925074252917
0.4006388351590391
0.38096986321202964
0.4271777176356319
0.46950475827881455
0.34034181670310537
0.3955882657580967
0.40490097559672017
0.32948627213034565
0.3837789939054177
0.2654838285569722
0.47223796016924374
0.36518116497571496
0.2685119025561582
0.471174299732057
0.36898657224365544
0.32292272323353727
0.3773995017419326
0.3909837027909377
0.3444355737755254
0.31443067246622114
0.5197994181785492
0.3187585119110399
0.42601995577840934
0.3822243046412501
0.4935187001120431
0.4060352086717545
0.2755809565732109
0.3777201201026552
0.33531674251202453
0.5371671340478759
0.33408181511832
0.4885797589790806
0.3690099017130511
0.3175477207748486
0.34649686706130367
0.4004951041540308
0.46231512753685866
0.4287252019308933
0.5669707844814643
0.31683104926624384
0.4128105719160343
0.44014286092105326
0.35606090957446573
0.5400184607121196
0.3214372201882823
0.29869298695823004
0.6763828119076823
0.34561004471204093
0.41521617936259236
0.4210397093109151
0.3518749896905689
0.573065754230012
0.4130272224763625
0.42272273548670164
0.38790986061457844
0.29187466191485323
0.25694138402035893
0.36323090074233666
0.38158351989556827
0.47038718609327745
0.21691045485107835
0.42310597073761896
0.2762205465180143
0.4894388868237413
0.44347336640378443
0.2617743129872486
0.5741011278181348
0.37562876717281696
0.46265814321994253
0.4314170064107815
0.2928040632339394
0.3765001884047042
0.5539028247694432
0.3874281831173085
0.36928369340611833
0.4222165541414403
0.4164892061065376
0.35030891176319917
0.32072831768327914
0.5429635804066054
0.3412554977186436
0.35272061611602257
0.26839267108181614
0.415441388917853
0.409979149662953
0.5629029017920181
0.5233927442127807
0.36422234276702853
0.340822168814025
0.4897407138606182
0.3236434086885396
0.39719285291204987
0.34189869724822175
0.5280657072678839
0.4555895898274541
0.32556968902423916
0.45095758157926574
0.7055576059496018
0.2555830412548769
0.45688053541975254
0.36306550330320486
0.6164316224396423
0.39871812633551007
0.34268296020885297
0.36538655159699124
0.628555657350125
0.7198232685326317
0.2863469763611615
0.40722002529225304
0.3201583308341217
0.6711025808551343
0.3993261439274283
0.3751486451873777
0.2842165996973755
0.3831683047316606
0.3195328196169753
0.6279543483389812
0.33443237323566205
0.3968197553052779
0.5631077356571087
0.24770195031274744
0.5770193970510308
0.3632498451081318
0.38507972645694627
0.4235874387743653
0.4276381930462387
0.3509139594097211
0.36674939914268045
0.48019860898024885
0.37917570666069805
0.3015561611847242
0.30098703186675235
0.30159523316227493
0.26278079205355886
0.3740563025041615
0.3939025182856179
0.34791729931471216
0.27081051724881083
0.41806277532711605
0.2789368672447698
0.5021783457013161
0.5353464872951638
0.5593414642389164
0.31124160387750677
0.4588231327865364
0.35405439607327477
0.3768780352621135
0.2519171166726269
0.31723943852209974
0.3715286787104441
0.29405430358326506
0.5139119677149983
0.22851143140990868
0.40594613173209937
0.3507320945291333
0.4158811254926104
0.5536321717288877
0.3353712872521123
0.41776472776623275
0.33962340072864844
0.27977899549004354
0.5600647802988948
0.46389206082867895
0.4130166972154172
0.5937894904741591
0.6629614259123588
0.6063345875603833
0.3633039036136026
0.3114566514351566
0.4279228375999523
0.33349086494336877
0.5163838644828421
0.3643700099190216
0.4577193385539822
0.31522875954516133
0.27946835532742165
0.6521144677255034
0.26350545372790474
0.4169847494267699
0.34523070145041435
0.47839671331254746
0.42807043763326075
0.3310174791269501
0.39479068968284803
0.47033973980658855
0.4023380548350566
0.4855598604916111
0.4294852894336959
0.6796821537132122
0.49013734543194604
0.5397968148239791
0.31041542503010355
0.46617930763598203
0.5806106788747534
0.4965758711286329
0.5825286075978453
0.6774149168648089
0.4351541698370376
0.473363980584588
0.4816075660326072
0.532905562507708
0.5506230139055809
0.4467251309881125
0.3272216396189419
0.34238179835630966
0.633584833018787
0.47305958783607716
0.2784767874294816
0.6612745941612421
0.6618127241465193
0.3405819571497291
0.4827633876870255
0.593561559553227
0.44940692016312334
0.49928639872040215
0.4807013980387859
0.45242809474733586
0.377088987332575
0.4854569596861606
0.42312545405502755
0.5439493912334227
0.2950643406695076
0.33622244406845964
0.562576219877658
0.5315233467918141
0.24552148041391184
0.3808314675491301
0.5862442006379663
0.35661385207092644
0.5296527511781874
0.5748381554526479
0.489247084065401
0.4234941437742372
0.4306617162264843
0.41847412175276705
0.3325538745634136
0.41685489150581945
0.3793219423877167
0.3817147449304527
0.33306216597649496
0.37470362624792664
0.4400307792722187
0.37303633224516103
0.4794347029948733
0.3965380167421521
0.39226175820093123
0.3851020311659928
0.25840572872290585
0.3028869302991605
0.4346712501539394
0.42310435150942644
0.3045428784120561
0.4529582857315285
0.35150081031191127
0.5126189209590963
0.263859435313842
0.5141724423656486
0.4308376426847835
0.3344183532130844
0.3979377977734773
0.32598152233185496
0.48879260310631484
0.27094110208162714
0.5317505980498047
0.2890414348896137
0.48284428387241385
0.24397646945709994
0.26680278782877853
0.5844031557233305
0.5481391553275325
0.41011963229670867
0.6556203439415572
0.3799070184419419
0.5802446078014748
0.3928370300488463
0.4145414900377602
0.2403663955232791
0.38654795437635997
0.3975725584740806
0.33596649000874856
0.3974027479143562
0.3487755355211952
0.3435024356616595
0.40274733918709343
0.45711738762252907
0.602565271732908
0.3961770881888022
0.53047212025294
0.45755188295561855
0.4291617513631187
0.34574696826851886
0.45130595016033004
0.5351492986709062
0.4973800266675868
0.4795437696252821
0.2714970306397509
0.47770846399976385
0.5123893705597456
0.5332576309650163
0.39692945985768524
0.5313069504831351
0.3613230170157495
0.41654220042211443
0.3299885997408842
0.4326590252933378
0.3383993140830069
0.3857019189998851
0.2501348217597011
0.32165934532046664
0.38681736251646853
0.3978486555744638
0.3860837466318511
0.40495314408783056
0.4108544692872577
0.6090596454569863
0.3667783922941471
0.3955565224922726
0.35799702030320013
0.3200344173240496
0.47448419775679407
0.32932288230964757
0.2917669148314868
0.2897076711006434
0.4621681310457967
0.36904524603853667
0.48514645315437843
0.49783903702591437
0.26701379987597645
0.29982984310991073
0.6301943419755525
0.6181409112297864
0.36685694971560234
0.4005443712669811
0.29781483842219536
0.372545678055051
0.25686226244254085
0.601180833100708
0.5085504531095326
0.4049990384665959
0.273623121641678
0.2832719547383919
0.37525823306048406
0.5048281408163475
0.34699515787266305
0.3758434770801054
0.4875609778077244
0.2991729568158226
0.5931227418875357
0.3407111293605958
0.35327563040142806
0.2710295855867367
0.23804896782219184
0.27288746765612937
0.421299390751348
0.46627932798941046
0.3452396645602685
0.40995191578616563
0.2582063029711325
0.3593053965869045
0.5206674279018088
0.32615493449891914
0.25374051168070844
0.44784644134606233
0.357632424377005
0.3247239349336426
0.5008500173481872
0.34559667436354735
0.43650737726656197
0.2967127300789822
0.359388508937896
0.5723462262157402
0.3748885589756858
0.2892977801477612
0.29697819709269924
0.44572587255495294
0.4694035173948828
0.4222191153168363
0.38516602800303845
0.40297873344710766
0.26936514999568295
0.33482800497568493
0.22377927829844235
0.3438236977017337
0.4457227820523653
0.47373012493979216
0.3949540762712498
0.3458624829985363
0.4511172458926487
0.3047553276242239
0.3214459691821147
0.4174609413142366
0.39644127809259794
0.3372754619021779
0.46543340930769744
0.29044183652769884
0.5211900105491977
0.3015731273209231
0.40811695839471857
0.46964978494114534
0.3597556121344643
0.3377014538527127
0.3223346782753924
0.6004570095016124
0.43812573468937416
0.37722075332889743
0.4931024022644178
0.5262903046096526
0.4121124895050957
0.3544036555635189
0.4078471399053069
0.3848874037294126
0.3617577951433382
0.44879003851590965
0.5505722151675811
0.37156905859795164
0.31977933129160935
0.30874149050609595
0.6471091835787169
0.24566382280475393
0.3142924726882163
0.3892644426722901
0.42210571288274684
0.4547673932804598
0.3515170477196297
0.2106976769040277
0.41490367812673606
0.3516000250655801
0.4471914355726101
0.46448526350404734
0.39250112320072245
0.38716212786451565
0.3332835607367029
0.549306846779758
0.448895050467284
0.5247701109745092
0.3326657203910551
0.44704566223622055
0.4298012724386232
0.3531577843212608
0.39050354550567346
0.28949294901762435
0.340581195794391
0.40178650654651965
0.26586274862165366
0.6255714828320151
0.3829616311599274
0.30888482739507467
0.4662775986614417
0.3908387095724609
0.3402198428841556
0.3395132234146145
0.4091631591572009
0.36327739950743493
0.373387600690195
0.31270261233968416
0.6430305813213412
0.25313732643811826
0.348534206106716
0.4339651994719007
0.32348493034972725
0.38190842961872257
0.4529433839624592
0.4275383760542529
0.42818853342982466
0.43164401161052035
0.42395258808329445
0.27298648735840464
0.5196150592666993
0.3772963659947583
0.3853196791515774
0.5611740029667173
0.5432659776615303
0.3881580825116187
0.2833515309544957
0.6735428346544263
0.5817139236969716
0.4469198610264521
0.43612279135653287
0.32922456273797546
0.42397222958453024
0.365314657770994
0.4543706210647152
0.549894112851827
0.27824002426486766
0.2924403257501458
0.37400508898665225
0.4062532559904601
0.34798594229468366
0.35250407356596763
0.5550142267037222
0.4825231865073502
0.4984261886993746
0.37996385209255973
0.306001702847532
0.3248734332390885
0.394112358275481
0.3433859965881777
0.40678066913008887
0.46445408663620963
0.33852414565041183
0.25954438836561017
0.44428585210053634
0.45725817736999635
0.32176838635093186
0.35054762148217244
0.4001644551820335
0.47400410967775874
0.5108718703507829
0.39900441477872894
0.3632746963614234
0.4821503732917919
0.39254346322905936
0.36330405659330206
0.3076037276488984
0.49575858243281634
0.38282657358804784
0.484061374473772
0.5058774313249972
0.4488341947912378
0.4845101692218861
0.31027161497988726
0.4063604918255746
0.44443183733334196
0.3041703646666993
0.2903338781529951
0.25645632323444983
0.30293344960038676
0.36092036181851916
0.3181962204852278
0.4447369905430555
0.508242057242196
0.5728408294847254
0.4268667610271267
0.34657385505099847
0.3527296213327888
0.3766399903568524
0.4716086078596238
0.3307898644303594
0.3157014946079863
0.28170550819297546
0.5206182772175738
0.5807092477467392
0.47429446672663034
0.3455204827390296
0.24424701196425827
0.3262817614308554
0.5304271847681512
0.3699474774630479
0.40861097022745546
0.3691593351926374
0.2826817248219814
0.3615293707437055
0.4806411650717397
0.35642127331906276
0.2953046295990529
0.3731904624339558
0.40178514947921384
0.32100666590217364
0.42670410256187
0.5356152761199607
0.5440441955335679
0.2436168484388146
0.3006573837752808
0.5634113988838493
0.34899041160211963
0.2972459591976488
0.5169761132500108
0.39670511845151146
0.4056672448478597
0.2950654959321805
0.4176442291605858
0.30504993191288143
0.42663886980703714
0.2979840019597393
0.25967148233731085
0.439639117078792
0.2342743930266503
0.30263269456625097
0.5217971963911094
0.3394663478952875
0.3494113063793962
0.4814476297364377
0.29895256839287393
0.48048594700784575
0.35133064962614746
0.3668462547047841
0.5203358655000208
0.35458058070459136
0.3917980082114697
0.40685254096990864
0.31318785943188354
0.2986515791701456
0.37784478441464414
0.5510580583367507
0.4141744423162828
0.4725065770950124
0.5103497916491774
0.34628323634715624
0.3000917959862278
0.33938842982638306
0.4835712747153436
0.38250706094759035
0.45753825763680495
0.4173632442608957
0.36722840690296266
0.3825119402481612
0.342253907023605
0.33076903420631404
0.4901076374439157
0.34004453934583123
0.3592189500933653
0.4449854062569524
0.3872164767810609
0.46824986245017747
0.3664977431094526
0.2627520730580407
0.4314018591779885
0.5523442628988969
0.46683207471075616
0.47720494942359226
0.4328675921295629
0.40069227212874403
0.45053755682336205
0.4054175665364628
0.5347410213122257
0.33682439570211187
0.366050699214002
0.3674082958817472
0.4200320190255822
0.52778878054478
0.23716900372627925
0.4773928351631147
0.3200406810577151
0.3073056106134777
0.40740728407755095
0.4402449552760627
0.358302876714515
0.4514202502738476
0.4148932442580334
0.5784686143255109
0.33029916876699417
0.29848511058712673
0.262616784403777
0.38052594377202953
0.36687850698292496
0.41645350620644256
0.35109722022739787
0.3241556568066607
0.485293390939105
0.35234775521947337
0.42822741093773253
0.4170399210142522
0.3291740018564173
0.4595577667279409
0.3011087494953545
0.5528103426023374
0.40387116345586865
0.5335948734433634
0.32266035034792684
0.46459204869310583
0.5130603239244778
0.35198810072984477
0.39737807975089334
0.38521156982603255
0.3357580281348231
0.5127013885849149
0.3605434480846819
0.4353833058644826
0.3997632657754217
0.44892395357249126
0.38783327924180516
0.5862908013700929
0.3640493879499404
0.274519664792286
0.43594396383724626
0.41939864117257936
0.45969572385244745
0.48070717326416873
0.6858279298485296
0.6379977853702824
0.41901271578360744
0.40023386317555404
0.4977077991444947
0.5641220634132224
0.3509359741475765
0.2607560725437463
0.4562806355790116
0.5603225943556484
0.5973426189275397
0.37038481127577705
0.44117177931207785
0.35894014981690314
0.39736594805191267
0.31373058472563564
0.2566764106395517
0.2676645251552871
0.22020995472113655
0.35944303011131157
0.37320452712291347
0.4427574335289289
0.3782657885399482
0.4043196215922908
0.4027944940276735
0.3681530732413514
0.4643132421026224
0.3093666755414873
0.32425491066252693
0.31645567250352546
0.4884569032884063
0.4662253788719013
0.2553755504402519
0.5809993727931634
0.4388439302543972
0.3413105198812585
0.40461232335734393
0.4402614857695307
0.33140411641049855
0.46355325437903977
0.3554634663844437
0.41103872118634
0.4794233493840488
0.40580809619414226
0.29580056267865035
0.36957172369646224
0.4564894747719496
0.395210953918982
0.2755280404819976
0.4242212073919183
0.3491543025133523
0.389094745796828
0.36281747189618613
0.35431843426024223
0.36882961550429033
0.31338608565126336
0.38792424842730094
0.34581390501170145
0.33878973069964735
0.45993043454570626
0.4050570454042357
0.4338404001465347
0.4211963418128927
0.5833679025874332
0.4978085574399188
0.19701271693214664
0.4262644448424057
0.29950125032343583
0.4846212088850808
0.39073929825265613
0.5179239244714757
0.22573507984325797
0.3197238831915296
0.44654516227221674
0.3300077389094657
0.2858425362747698
0.4224479731401408
0.3476624058115943
0.40630549273290445
0.425991984279143
0.4112655926556747
0.36555793809807474
0.2929700128209721
0.3377407802746836
0.43463242303906563
0.43572280177029465
0.2304920326955682
0.3598909147376307
0.43807970015211756
0.27139693153928995
0.50623197386424
0.47158294554430197
0.3929915552394933
0.4632309253913718
0.27233619938260745
0.40637550858057386
0.5012436417779323
0.5017700501264077
0.5070949432452252
0.46703948958475505
0.4607340814486632
0.5253348034160094
0.44601097834835457
0.48239085385060837
0.39531388067304923
0.5374059237106971
0.4385092083157105
0.40399987062638165
0.4998885569427323
0.4874302574655055
0.5830823920527621
0.37618792813222934
0.7182219678603831
0.48789516149757645
0.29759532819691503
0.5990554964855673
0.3900302349475304
0.3887460436738461
0.5111134527738947
0.41482604015281016
0.20786116793575077
0.4483288167119715
0.38333430294903287
0.34204116908869797
0.49254734700110137
0.4117488752619829
0.37941759562830335
0.6988167108862277
0.46788982598629786
0.371864926333161
0.3197360999822347
0.384851100278
0.381274347072702
0.37938377450046723
0.3671061251442396
0.3618723056137926
0.43020165401533067
0.7126863777233907
0.3709863370386651
0.3395560290960692
0.47633904826839146
0.4059540827588378
0.42458158363983955
0.29407355987473893
0.2987126795245839
0.3412674163624018
0.29019022757495366
0.15809238802929995
0.4605668807225058
0.3273319153632179
0.41069933957888066
0.32604459563002497
0.5560422108725868
0.34893619928347885
0.4945804684908528
0.24591993826170494
0.40411164523217635
0.3597920730549643
0.5687174567360308
0.43833178464765216
0.3976495889343031
0.34873670205934376
0.3979828461607294
0.3661290904470392
0.47083146382298086
0.29847974926238174
0.3754326369468337
0.37930513990450737
0.32248609069719897
0.3620927919008798
0.37942224781292716
0.44564568685469447
0.19981366766550965
0.3153656088288844
0.2681069765744213
0.5479373756448005
0.3046550574440137
0.6782632931183934
0.4572789784860032
0.3564396618009557
0.31856324654855284
0.45106621236678035
0.44138113871656076
0.4255100082328177
0.558548666140897
0.38977378096639853
0.47472106791910756
0.33911048453063447
0.5123011214123199
0.46927911247006143
0.5182072634158285
0.5837082416748943
0.29553574849590736
0.504815435480713
0.20477376306002393
0.3537833207533819
0.5394100790192519
0.2292391598184204
0.44365433739612486
0.4169487319978769
0.3008662611682084
0.39882109893025075
0.3693373507589497
0.3610492581730281
0.3455836502288827
0.3685772566274252
0.5674058899880393
0.38166589893300557
0.3282231084319152
0.43284185154189736
0.33089053479746305
0.42543820112997854
0.3974805114527569
0.3834205791063024
0.2725745898320739
0.39672757333926845
0.5371607079194792
0.43289633668424626
0.35575494082626424
0.47102836990937536
0.23150705994021523
0.5139738967008386
0.3772576618918213
0.2914703091111241
0.30299237365706405
0.51858572977783
0.31140783536014716
0.482667251503857
0.5076576083316326
0.5556076418172817
0.5122069398526495
0.41366851962366
0.4562594949374368
0.33609562746129074
0.435810166500119
0.29504636413033497
0.33468727565301104
0.2827919375151301
0.32145620603144875
0.3373382765753915
0.22527768930870884
0.4847698300765644
0.3684517804157137
0.4397572347701779
0.38394088656238157
0.44286006545315587
0.3864475965922544
0.49463542675356575
0.38761182541407263
0.49818034681359186
0.40622446195440043
0.5856476752635152
0.48121075240705025
0.44334331984771286
0.4034874290841703
0.3760853745957155
0.6321421407415222
0.4124107850303573
0.2986227134070427
0.3760381634036211
0.4342161386731493
0.44104474580726366
0.2875953217333623
0.45777280986692087
0.477071730666759
0.4147842401454023
0.33183804798901434
0.6152453155402962
0.5198700345451154
0.53835327111409
0.38382646006954324
0.3368251095828491
0.3680104890047673
0.21984239886499124
0.47040545363302977
0.3929994317635492
0.36624877894598734
0.3796919625390702
0.4749044550612785
0.33301611576059653
0.6499341316123464
0.4273532073979491
0.4048524949800189
0.5753398550583091
0.42228294364857577
0.3268330577913374
0.30342049904699064
0.31257717851567396
0.319227107214046
0.711063979983464
0.2762478301863657
0.5446028772294015
0.44839458918880265
0.344691240934271
0.39011279951699657
0.3745803406855199
0.6364766295834272
0.24914624587556444
0.43621638796371776
0.37393246730494745
0.3382654083082997
0.35918687867869886
0.2730838991184766
0.5362362650128915
0.382089322889948
0.449735267551522
0.3035721177513503
0.40638384416132894
0.49936298633381054
0.34499753150872076
0.3229949605340587
0.42003575838235524
0.2788001732251484
0.26457528829175364
0.29480960907485265
0.3199737987588703
0.29673371497128503
0.43700372643990165
0.3868622083851592
0.46550404483285124
0.514120642007955
0.5101979417779101
0.5122290316908401
0.5367421046472529
0.3422574596648119
0.4121350658456262
0.36418333999334973
0.33448022174305464
0.3780383879299348
0.45257670868988026
0.40340828901033854
0.24316204985195508
0.3376409727271066
0.4653428450350754
0.5002148122408762
0.43132778664266513
0.5461102299708669
0.49125101227117546
0.5553396190310079
0.37231651255823695
0.26373760311224254
0.25309136393316645
0.28001270422898594
0.33280296567924467
0.20074749806146894
0.47198399637866384
0.2357111648169536
0.32933017833168166
0.45403766058534434
0.3175373343814402
0.3735853970043954
0.35716193698310494
0.44591359636096495
0.43810337309846836
0.5533720540218714
0.5521458414858944
0.2797167591811074
0.36545975490609145
0.2700406045069452
0.3018104898069007
0.4745169628898854
0.35655752072372443
0.45300033529887784
0.378932479791324
0.3205073383999738
0.3077723509258791
0.2939780706305386
0.6211983520706349
0.2844267931510822
0.42431714684864
0.3304171572202214
0.29415884435793116
0.3920451348278646
0.34833754184208876
0.49778812721256904
0.502286982054788
0.6070553102943861
0.40816746104146484
0.4280322261859604
0.3194411482279346
0.38446638548764417
0.5363081568744374
0.42046319014533506
0.47146780302092645
0.34935317381553405
0.3237475483651391
0.37479265190034255
0.4155290990471013
0.40565598422056687
0.4845870817422912
0.4460070815845209
0.5081758567782542
0.6569371487937916
0.28947600674019924
0.33092817406380876
0.3691598549035866
0.3873093753447599
0.33025932494780325
0.3731467585646559
0.1907291679591302
0.39977701476877875
0.434435625112837
0.36421099293481973
0.4754680819532023
0.2988431211231683
0.38296360709716765
0.3784315886087168
0.3404289239018342
0.4309826961878051
0.4132571168360611
0.33441950537150955
0.4082114890205377
0.503876498529438
0.4544275423600617
0.4169219217162849
0.27185366026649116
0.2626782526096109
0.4829289570855509
0.3768360008514784
0.645324700244839
0.2398060528084548
0.543542474809309
0.25392882665560984
0.5959246286064893
0.32733279111538827
0.35818603774172175
0.43371835019332505
0.3583386067348744
0.365213684374173
0.6348749781581176
0.561418805950306
0.5650310220677872
0.47596949263154886
0.40972884131360704
0.32797304828608315
0.5206029342464978
0.3884210627726027
0.40716087279243107
0.2632197331734119
0.4461738098621093
0.448127251517713
0.40681530279735617
0.33044663124716583
0.5442785414549024
0.32869453864128095
0.4413223807169968
0.28530129908534
0.3615880312047657
0.4234356285993773
0.5268600351374925
0.34722371571938326
0.4594183548277448
0.35968840235539856
0.3349420512127585
0.4100337486835102
0.2737332291065472
0.3779589785469424
0.2452795896350781
0.3850740330315763
0.3053326410350544
0.5336512998354824
0.44652634902402205
0.5605769928845503
0.3252972853538801
0.5130494909197151
0.310665341756517
0.5560408209848942
0.368006327962988
0.3469268308968904
0.3193616190438327
0.4119962681275408
0.52631904485093
0.38559951267108217
0.43067910414923555
0.36191790005571156
0.4598133905434153
0.43450122233996435
0.27295309110981897
0.47356491346102636
0.32811553452112174
0.5009887731636444
0.5020671021193411
0.36523646795296577
0.34485242853453446
0.40507896024400725
0.31735092620292166
0.35195413216743165
0.33576119224140416
0.40223718528279945
0.35072965774452897
0.536148326365881
0.3638578218284338
0.33999216470425375
0.2361607152338045
0.28371409468807085
0.4528307449051249
0.42919269515593744
0.36559419281996774
0.3995175586522601
0.34163329772318113
0.46239125719800067
0.5094310918499113
0.3251536191582723
0.28804333504891155
0.2913927272510287
0.36767960071247857
0.4994236163616555
0.442578854143959
0.3541918988285977
0.4387294513708288
0.4562179158636535
0.3282836935498319
0.44992938493291046
0.4297253454272058
0.434138358619664
0.41637151987387333
0.4900873430170102
0.42697072001648256
0.42957106130919265
0.26160195856658247
0.40580168759619445
0.40302296075504335
0.5033715142386831
0.5572602951416133
0.3831531622866315
0.40093695415546965
0.3005652450028877
0.26526099600051056
0.28913778664472073
0.5061883483917464
0.3601816625097748
0.42451898949904593
0.4308868193752491
0.47685205763081445
0.6078833534911842
0.2764145897675401
0.331928151232307
0.27993997196849485
0.39524166640215397
0.4176768474185862
0.39818326171569207
0.45079161052171157
0.470821181257722
0.4357384967267753
0.37841015123410426
0.3233619342835429
0.27408337221069445
0.18962223612924786
0.3744605362949224
0.3336080287338639
0.408110129736696
0.6435644001245739
0.4417481004818851
0.4879161114545513
0.394337551489786
0.6731974361602243
0.4495985531948941
0.5596562372190779
0.33243021882150237
0.30230948476874014
0.4005601049367778
0.383954091264694
0.37440564699569023
0.34569353847216067
0.31729398416712856
0.35103951837670927
0.4001316228392949
0.2751434702847458
0.3614738400266653
0.3574792674860859
0.5446824733295861
0.3303541133429344
0.48435912498525496
0.46648408388224283
0.2975355949341943
0.2760684138977967
0.31103363021586616
0.438378491792666
0.34509363600884924
0.444841451709415
0.5689136099661671
0.3280571030798824
0.6134778858567393
0.3580167457690785
0.458659082687626
0.5175326156714587
0.3323843451934931
0.47524268421309124
0.3640219817219123
0.3676970182833249
0.5740529932659574
0.39185165891593937
0.570374262377945
0.40189661268155685
0.2957162308622042
0.2707867172193253
0.5106181006025197
0.42502335118031037
0.37132079237955784
0.4743933689020217
0.5602161595029913
0.31961308293561586
0.4489685008042299
0.46506387818869477
0.44844776054059615
0.4009748054510854
0.32726284152896945
0.4275421866388669
0.3162586599272253
0.36713577348769744
0.37568425278417245
0.3812988501629347
0.36408675826660486
0.48246481593608853
0.351504659049719
0.2978514040021734
0.3518113418278862
0.5161685424079335
0.2661034711348151
0.3649435230571986
0.2705433930051001
0.3061270036528066
0.2651124098424734
0.36984533036167566
0.3561749556623837
0.44777816229262907
0.47675530427901275
0.4503785085466569
0.5747950671702369
0.294493331779769
0.2896749842997851
0.34498569938164886
0.5345764448833428
0.1918362505734246
0.4278017526267326
0.38738667568729196
0.4027863774837099
0.40338809625336763
0.2805107472385725
0.29786087516033627
0.33522133513203367
0.37107981332866874
0.5594836242632153
0.39763664066055254
0.37028545743961305
0.38174852430564804
0.34954405554730106
0.45103591829028145
0.5256946387816854
0.6176402349214735
0.47071352157404794
0.4182265717001748
0.3373143405443482
0.3732821501761954
0.430950586855632
0.45289326274680203
0.36328746038048376
0.2813444325853449
0.282665225868794
0.5200125869443136
0.6495110738217389
0.6007116400233768
0.4087113217995217
0.3446676837694345
0.4489294652050762
0.4336847644786021
0.4197850542098702
0.32297508775676376
0.36775322788315423
0.5924651615871961
0.42748799447187147
0.3983932279570826
0.3219955031961806
0.4126802560113804
0.48868858591770925
0.4108145146077372
0.43971763937500075
0.5043896263651517
0.35053107029354164
0.5485563764810123
0.35667775035929816
0.3613422209897745
0.39657502998371713
0.43402385932889254
0.39708541767992295
0.4994370866713386
0.33625993998321896
0.3369079065910578
0.31884767465076336
0.5091532437924233
0.3802152218722994
0.5290645802320267
0.6340292701254835
0.4594618289747764
0.4505241693160777
0.3645766895876656
0.4232740554854776
0.4225359011278459
0.48222028255296906
0.37206508316192527
0.3305986380732674
0.32874223081835946
0.4171849109792428
0.67106899466925
0.4676556955157508
0.353080560700349
0.39543685367916553
0.49396970922774697
0.2744455724605177
0.5812318934216099
0.39174639523030497
0.3641123162192601
0.30063829272932835
