0.9703103218820716
0.9769874865368635
1.3372992147252052
0.949215880355382
0.9404631875417081
0.8833685936850417
0.9517816767605238
0.9717179127168573
1.038600217442728
0.8934318198615159
0.9387978694316275
1.0037601122554156
0.9885733523753016
0.8413718819589289
0.9899679581902355
0.8429532297665968
0.8701273346068084
0.7869478569466638
0.8288277181157848
0.992430092629225
0.8726856136572669
0.8266051889420573
0.9415039381166215
0.6634109657430691
0.7577301395252447
0.9213566990866986
0.6505270812777181
0.6598112313659044
0.7337691994357921
0.577357364387918
0.8679354521693443
0.8972353206562624
0.7341187140963173
0.6372060488462079
0.8178349413532613
0.833104658783855
0.8069878552794525
0.8245097002664548
0.6421962315559463
0.5391461216160582
0.6339925069609431
0.792299508855333
1.0214781293229926
0.7418371544116147
0.6553619986521804
0.783418015513029
0.9360204639759029
0.7696180308787268
0.472758188901216
0.6708898800851468
0.48416262582426756
0.4432745240263042
0.8675080788724028
0.8572474536028545
0.5898596020796921
0.7392628271956948
0.8105360471802154
0.6867918281502998
0.6916288821653251
0.777461166978602
0.7339221039795133
0.6273307082036126
0.6955528959792793
0.7028763614153353
0.751336278044631
0.7137362871036103
0.5872499161260254
0.5266111445297077
0.5763048610873978
0.6573591613978037
0.7151355890435684
0.796752134827043
0.6069242057131171
0.5011101615159859
0.6017333520658854
0.59076906497065
0.7051096411623853
0.708818393158605
0.7128165963787144
0.6242386324402369
0.6676740962126995
0.7594825105801833
0.7035702882554686
0.7129052308921213
0.6670428525902562
0.6581284365401973
0.5804548873404607
0.6819231728378147
0.44414539769026473
0.9769274045090152
0.8149036367408905
0.6142347391842878
0.7626281301333341
0.7761406107943749
0.7582813717425565
0.765925079642213
0.7309366167318184
0.7474760486601794
0.7650653531651623
0.8904977666867441
0.8351860171737907
0.6806976414247415
0.6313927184662975
0.5053780830970459
0.7892616715289016
0.6254602736074039
0.7068695184454411
0.636885021072928
0.45365628326135415
0.7678441089131393
0.6671988839153057
0.691222817042352
0.565823489724025
0.6193917382685687
0.6970944861407944
0.7407369601365782
0.6104970101774944
0.6026067079395769
0.8336008247236113
0.7799029166382877
0.6877723139895965
0.784255207452679
0.5913397005426856
0.6795724590168587
0.6854402024530318
0.5078226556936378
0.5698764566897034
0.4848448694114942
0.7721866260173601
0.8502382467199229
0.672362788471501
0.6725628985337534
0.4955472456657749
0.8564948432305637
0.5897497099536626
0.5833800039142294
0.6282578719863892
0.5441051495417214
0.607146600025705
0.5598777217365808
0.5764486892882104
0.4726055347882353
0.6516430662193671
0.8443011005195612
0.6916070219934884
0.5576663879361493
0.47073082624083085
0.5668786095945443
0.5878561553316803
0.5796065424424508
0.637162314908867
0.6208317464805938
0.697846609969454
0.6736056118089103
0.6500672037413854
0.8213104395966229
0.5916792953315241
0.6065018094733272
0.6790613246027709
0.6292965499679578
0.7996352865167928
0.5757612448293415
0.6482902178190412
0.5951337478286045
0.644427634961662
0.5680137005792932
0.562541307747979
0.6141212161204975
0.6936204685902538
0.6770296480979936
0.6061245926528398
0.6904029131094855
0.43597850768812635
0.5984932172081705
0.5923850706836289
0.5845577026562907
0.5232811800974301
0.5550370124825456
0.610005481036692
0.631789007881756
0.708141105766146
0.8151336919571901
0.7217051290199799
0.6605403852974676
0.6577720773559707
0.7139244605592917
0.5868170479096728
0.6761342797122315
0.7173245349261265
0.470070841030448
0.44858793292389093
0.5553732320027635
0.599927041343077
0.6918233843301342
0.6343440639702943
0.7253831382641512
0.59801488208641
0.6015569685278052
0.7243174189056609
0.6305173855423565
0.7816174444278171
0.6879934804606086
0.6278609240971242
0.49807284451052436
0.7265712376425599
0.7949379107923377
0.658673651010091
0.6120685642677882
0.9411071148380719
0.42932193315125683
0.5611957135326869
0.6612545336387698
0.6608370014110828
0.5386464725096007
0.44597252758568323
0.6294223472901302
0.5769188831521097
0.5020094711082314
0.6613432588044482
0.6382265318029008
0.9130130242221949
0.5992675425404483
0.6552641348034809
0.75462834437649
0.556192922537943
0.7838425697492383
0.5403631449503472
0.4550708308313973
0.6602298332286684
0.568956007823763
0.6045563602392598
0.6157650023503524
0.5170812310294972
0.4654602161778342
0.5942949269216095
0.5200399920115032
0.7214453814685817
0.8743072939638353
0.5459861071710636
0.4951490649780895
0.7454210805799438
0.5383800731394197
0.75329394889484
0.5607631572522718
0.6526599908907658
0.4742283148352414
0.5453160739318887
0.507711061355171
0.6228065173319159
0.7117912838695348
0.7786665385931679
0.5869544993415177
1.0652959809717748
0.554292685686454
0.5514422728717037
0.496558823072321
0.5170163659886121
0.5671298358082796
0.4261938391435302
0.6357475973116263
0.46310613165802833
0.4298400247417587
0.46336423508347546
0.46547443268303834
0.5210062488634649
0.6283331966829662
0.6683450091973812
0.46830546497265146
0.6915692854439314
0.586400817734817
0.6007049774034418
0.464625926482322
0.5295374429609142
0.4512501801455274
0.3724334912972657
0.5874858067353522
0.3386639473729674
0.43519715324168934
0.3832492313225498
0.4316533096760083
0.46652554127105894
0.22618321165105598
0.5958071207713999
0.5413758848149137
0.4010868037782949
0.5250488901919279
0.47026389978878974
0.42161635685894944
0.5315691844344111
0.3720699021290858
0.473270961165033
0.5209650736102409
0.43238493468489564
0.4473104490449723
0.459772431226602
0.6222855110676373
0.5608222464906389
0.6518549549807241
0.5536981816246865
0.7610403130114224
0.8343869482305536
0.9076409024909284
0.7536902387499584
0.5501336413024956
0.6002484254524255
0.847058627157794
0.7289366968971825
0.7501846493322641
0.6852368448690888
0.6463869355661964
0.6360216659336809
0.5696514324966053
0.5961384022136063
0.48436936336077835
0.5341633692449881
0.6548487089975251
0.4006958612845381
0.4823562991527002
0.4971382896086337
0.6168722197544824
0.6277132790611941
0.5563607091747882
0.8315969612318279
0.5452143611788991
0.606122339628253
0.3466713054887922
0.4329730663440267
0.43543094022741197
0.5730162296926705
0.6326103844127712
0.563587557515153
0.4904955310618653
0.6005948642456599
0.6676662123023731
0.48019783180198977
0.38767835133212697
0.39960322163621065
0.45991858686004605
0.6792366418522362
0.43587082709310265
0.4231300942128986
0.5290406014361693
0.44228880244012797
0.5448920027379645
0.4661711316086946
0.65139272842078
0.37338203269659515
0.4742675095109301
0.5649518528089253
0.6475044781257168
0.5603139042710552
0.5803011296382009
0.4493760328040254
0.6582715181477586
0.5192090881696318
0.4253884239163816
0.5132639713105555
0.477129852473225
0.4396933869737263
0.5922843698248934
0.4828543271272005
0.7297061446298505
0.5151903055967016
0.4592860951206877
0.5781680701306743
0.4667919729067633
0.5840863944736527
0.4641224487462608
0.5101416313549175
0.43499454421901235
0.38426326432282437
0.5534426730109476
0.35542186011085264
0.4577343521710008
0.4981536590102551
1.005077898293397
0.37945621270340774
0.6008577359714801
0.5448682627076783
0.3744208959208513
0.5411467586271393
0.5451872303103619
0.7015513028325536
0.521927064610966
0.747786441908387
0.39819607292835457
0.4579332115092547
0.44564706805618537
0.49829680360650264
0.5042380018307742
0.4273828131856698
0.5681589986254103
0.3544243095608107
0.4308932113888448
0.7845611536325019
0.6250148139586108
0.5341560750566066
0.5829687057680005
0.7927219223893326
0.6784232508126202
0.5212524334827383
0.7868537552729113
0.5941634087658442
0.5685841770082007
0.6998078507736508
0.5762240140488974
0.6039124834171767
0.5243314074478114
0.5154788171363728
0.4039351173664349
0.49634747041445065
0.36112392993235504
0.5754591042641287
0.5514210468420148
0.6692061603507873
0.6270950979897572
0.4361716230844646
0.5863632355086699
0.46170483611413066
0.43457544685458654
0.5521180970811967
0.5905984075662007
0.44000713134172087
0.4382403528283507
0.49798771584174417
0.5121725179281557
0.43337075610046444
0.30592811487768756
0.5542673422097956
0.45952325254290755
0.5863683434369202
0.6881984986320062
0.5001936187486783
0.529695795767076
0.4863309576324124
0.37882137205575644
0.39773055259217566
0.3818846026031055
0.5975561677776108
0.47206882904206776
0.5557379350925647
0.4728191470914773
0.5130498134702177
0.3443439557864054
0.6604925341915068
0.31173962421374335
0.6707556476230541
0.5665356250032769
0.5040571801791155
0.5844633732466804
0.48469846086294616
0.5410337157696007
0.41716978349553824
0.4767471626892259
0.37660775430417687
0.5638617481307818
0.5483132358784651
0.5509636142718773
0.6286856553398507
0.48249694678524346
0.4877876156457584
0.6151424349929357
0.5675390548747817
0.4312000775137699
0.4837315960646941
0.685225751204392
0.5370022813377765
0.5241725855624836
0.62384246789269
0.4921720722433951
0.48789750993751074
0.4229307187859674
0.495031439592399
0.3460170345396761
0.6114440604274268
0.4503503878987561
0.6077299211319218
0.4695655272416856
0.5992196536056956
0.43606587855450185
0.5157217305258512
0.55184786153943
0.5956558571942521
0.4296310207666109
0.5749665380489851
0.6225405216854788
0.4794446557905067
0.45333538916251515
0.4852164114064281
0.5941187790465133
0.47702354163431554
0.5838779824914012
0.519423896338343
0.523165105016658
0.5330184576057856
0.3318338089243694
0.4372453169618228
0.43054423161472705
0.34140333897177794
0.3912527321120699
0.4673770531196818
0.5514791462851578
0.4323597401127132
0.38124846485886793
0.47870795745660605
0.4470186806649657
0.4980793288207406
0.5057773070602215
0.5664631466884794
0.5987114732006308
0.3706974209588654
0.6034414349851367
0.7051366664554807
0.6869722724014473
0.4324304245801993
0.45153826306421635
0.5591210546692488
0.5887517270153216
0.5477372175844815
0.8246343906834821
0.47554971221459474
0.4677980066067024
0.7101656200915274
0.5811198042741378
0.45424677755881565
0.336689058905356
0.46868965042629146
0.5884740598230673
0.3738834144667579
0.5739446597248787
0.7147254325924852
0.4073240365460553
0.4784753240291398
0.382569717044866
0.5550477368502706
0.5216061908257741
0.35861923147264657
0.4761010213185481
0.4005470199103659
0.3573885357283421
0.4408093701202843
0.46803489156242073
0.3143890222318781
0.3985941491686317
0.6973099477587301
0.4599752745853977
0.4458069594069586
0.458982356020732
0.4680622130854844
0.4410103810946008
0.5999205795926467
0.5507964173274308
0.3972354752873405
0.37074135463133223
0.3819030205071707
0.4224870607502334
0.495192449952318
0.45518616664824973
0.36273285416289996
0.29091974986762714
0.44844071931635354
0.5401769618644071
0.6537801059196807
0.603274210589028
0.3906499597922131
0.5748315728966183
0.5689166355936043
0.5147071302298312
0.48283691180653665
0.45342883827871633
0.40735720366059336
0.4652033433795722
0.3853871774998824
0.39209667752043453
0.5329806211824493
0.2959413644342078
0.43895137880779894
0.34922957179945735
0.7247880084601609
0.4352149172100334
0.34906536825423895
0.5496897436788194
0.37871725707959913
0.45860090695220584
0.5135673184147656
0.3917444796306941
0.6115990311064479
0.5363673309681276
0.6601008276773908
0.4859201222350864
0.43834153700067235
0.6304421060529902
0.5033976871360094
0.5473371997929612
0.8078610697716259
0.49680259544988875
0.41785634156155577
0.7122309390031953
0.6570333205664071
0.6561157607816407
0.4253776188563101
0.6111783335167716
0.36613487360691827
0.6890124722638586
0.6247244832521041
0.5030233008216864
0.4385495633116286
0.5995680219204018
0.4992190162408639
0.7065682017002828
0.29273553548466047
0.4109027565535122
0.37810339523543773
0.392723296643736
0.5121613412064069
0.4793116813120067
0.3658142143581171
0.47099024327096267
0.34827783835981757
0.4331970354830037
0.41803698968463615
0.47132312484572814
0.4212018805311035
0.6804498977934893
0.47157123410538204
0.5027877384407409
0.48559799174777485
0.5832978286257742
0.46429514723738186
0.5088524619732118
0.4296784271039484
0.358661593829845
0.45047889161071014
0.45653260757201114
0.5266154493985754
0.3908786119581012
0.32277700084334754
0.4571417970585842
0.4958312605898536
0.4189212084366798
0.33244101809483967
0.515344276352489
0.40470474807096235
0.39511709776829945
0.3716873033026373
0.3625756553314243
0.4266372792184648
0.3627444161555975
0.2537131677117989
0.5977993180713418
0.3216441838803691
0.2717339257372722
0.41642473005609504
0.4730410248588356
0.6908880789188407
0.5361581474610646
0.3897818672343015
0.5892109277540765
0.323296375959372
0.500769425643311
0.42211297413096716
0.40259855319415877
0.4274085807625081
0.5194327406577064
0.4437711646127472
0.5663870761252539
0.6270187597434379
0.6742716794453034
0.5399473736704913
0.6284489739208325
0.6545241747020694
0.6286748916742684
0.43380210968274274
0.5506001069070303
0.4329318014110453
0.4339777498873327
0.5613056916107736
0.546645877895618
0.679971908775166
0.5462397972281321
0.5524387545394093
0.4507238630886612
0.7161068686810832
0.6263227147068716
0.7783844694810402
0.3816722889755658
0.4943441276941783
0.5607832638760537
0.45054895181238197
0.3989022634136152
0.748737482604883
0.46814997523733715
0.39734192724411105
0.638002790192618
0.4943568414594547
0.4169656042236281
0.438528844057416
0.5327885247457282
0.3559607041701313
0.6484050695087561
0.3765961234880796
0.5754841878592533
0.332584486868124
0.4903953042177644
0.544559810831938
0.46341581335695337
0.5668464150414008
0.43525185697091423
0.506847360545585
0.46737582073395284
0.47157041813842354
0.5201499164905168
0.5085433461936288
0.4037598562958822
0.5746262705944951
0.4474763705783125
0.5048740374324613
0.6871008083840626
0.4345708617375388
0.5541174857660965
0.5411280531660846
0.3799582117402973
0.5933339568419195
0.6090617260271443
0.46353145319352834
0.5179107448906685
0.4099692747978525
0.29666551468303226
0.48603961443218124
0.5160736519346497
0.4880073463471758
0.4124635302398574
0.5420846518618827
0.5160092021202904
0.47041267052496444
0.4390491407650605
0.5094803918061268
0.5007299859870167
0.5020858337916904
0.37757324327449954
0.3809923750591749
0.38471245474257293
0.4380649964953704
0.4292850813710475
0.4689245509743785
0.45073655906203147
0.6118411401411002
0.5024011286581844
0.6069072436842111
0.508401933083383
0.6501815037439946
0.6534118328937271
0.6380661414662577
0.5383797964797175
0.6545383154662696
0.5123133050165247
0.4738763240835908
0.4361615463163267
0.4856330262677918
0.4400709055243729
0.3990886035683948
0.6397608984404994
0.4481754870631036
0.5690614833310009
0.43320283885549565
0.49050626910801065
0.5199673892299487
0.5618410153175406
0.4534244453143458
0.5200960225542918
0.6858306870282235
0.5055937192488794
0.7186223179907719
0.5888785183961931
0.36866862521784216
0.5022926961032755
0.43244299174537865
0.4891214107820353
0.42426596467861105
0.3809299809663656
0.44009143909118004
0.45837844805998323
0.45060748490168917
0.5019838125555582
0.3221995106060612
0.3561201175740249
0.4394801010259239
0.49608406268706046
0.36408246310790193
0.45901363114379296
0.4829036289595543
0.3817584975002951
0.4984113062073003
0.5816763697696933
0.4360342847691827
0.47977900090930803
0.33725320816741816
0.48692537040206446
0.5052371071383553
0.3404271363860522
0.29417962626508626
0.4628667314148982
0.33911656110152444
0.44500159756928986
0.5094501159620324
0.6393194173262385
0.41131769144970065
0.33685505211260947
0.34096167571140856
0.5329146732065939
0.5390144771838742
0.5375251922394628
0.40261811727633534
0.32334894903053324
0.4722693064688951
0.3935011820285951
0.4360704282478189
0.4351537949246822
0.3974356182539437
0.45151648981140075
0.39046331971545184
0.448514462075691
0.3570772675200778
0.6223435078462007
0.5581325758898961
0.44085928365472876
0.3718498063750074
0.3477241031411305
0.44840018590116915
0.481354418132649
0.3894824799850674
0.3463483025322487
0.37873280659882685
0.3615384378714105
0.336806619218352
0.48103345295231026
0.32973934529571536
0.4794831374241889
0.4278488660853085
0.49496039118428015
0.4197679603152224
0.6147435537057422
0.32258948904698553
0.4263970029439377
0.9070112365879597
0.45570768984167087
0.37966099344987597
0.35264795137065263
0.42765171761997073
0.7002187085500479
0.5212769951903822
0.4968028048399138
0.3776851024907851
0.6386213449148828
0.2861603024729047
0.620039534737422
0.4813102910440017
0.49429539123149274
0.5929564571463727
0.5728338811372308
0.3940791583243314
0.5946517532376868
0.456298924778677
0.44920413983017826
0.5906167501700383
0.38905320760786727
0.3863057985097755
0.47311013538449936
0.42928726150740304
0.42404474055573543
0.4739063908346974
0.5139862662672661
0.32802509775487104
0.3736094771648908
0.5857435045115784
0.3712606056303227
0.3130128043578706
0.6537364573461325
0.4236875526243384
0.37615732792615847
0.5439812996461235
0.701086786833622
0.6044353983318616
0.5126784341080975
0.42739679321122526
0.4733003683813471
0.44384221566941773
0.4468884079633418
0.5291804684280829
0.4694358420259609
0.5728259747923125
0.571539746990445
0.4050361322463204
0.6700778715278878
0.5007599236865818
0.3967815894828157
0.604184383475422
0.738163630469937
0.4748626987926056
0.5719878068696219
0.6032998212288323
0.4388166693866252
0.47786956744401793
0.6643943631272079
0.5502172988406769
0.5626115009116655
0.39914893829614595
0.49261332396736746
0.5059360109973773
0.5841576684682389
0.5572945874071955
0.693560127982432
0.4500804329847383
0.49522252114183
0.5709542271505186
0.5859900818157034
0.7078668546951117
0.4612072527242514
0.43700853881257623
0.5902367244155085
0.5504868057874743
0.5435250469685204
0.5268515144594585
0.6809596956814766
0.7205111256942477
0.5185929159771006
0.6648520121687284
0.43732755606867224
0.4982818255139824
0.5171771503060889
0.5401299851256449
0.4936236730245077
0.5145242627886272
0.516747624267287
0.49773444587150606
0.6802576612809781
0.5157607207339644
0.5413438981853829
0.7457910209569728
0.4259069354140767
0.4803985076841515
0.5991486705821153
0.6255880912589241
0.41935639230642957
0.4655695875384179
0.572857923698573
0.5241485362916084
0.4827869893250492
0.4814522682308577
0.6881069873466578
0.5654549498478291
0.4442311526188247
0.508359988613404
0.5418056565544844
0.5227127796382665
0.3943220741813218
0.3572559648077931
0.3773495291817251
0.8522323343646121
0.5280514469786222
0.5582724487121528
0.44213760946456315
0.5664336546110564
0.3979976200323365
0.43706017240851963
0.5960123747480023
0.46088772860402594
0.3364950334442747
0.40975331063857134
0.5918883447219606
0.4981833711747678
0.3706925097093758
0.587630301069661
0.5153927829918717
0.43670657990172995
0.5031020939847088
0.5209139182525653
0.5302275105996859
0.5444696720332203
0.4536041012515322
0.4314554595164993
0.5100311309666967
0.4537308515040523
0.41426357312193207
0.4607642008434415
0.3548175923594225
0.42425676612424024
0.4903835054604376
0.4942194054557738
0.5781822248086601
0.5503353644808898
0.33663147449294406
0.3950714707138447
0.4304806026231076
0.454906175838645
0.4238776655548719
0.5871166078766094
0.3714682229828935
0.3927162757267151
0.44455214092607204
0.5177555187472481
0.618500730904178
0.7493137558990706
0.3757669323565593
0.5608651166445114
0.45025694693935603
0.4900576003529975
0.4382009037310325
0.5576848113406989
0.6857474989832512
0.34898951847577714
0.43142478944105644
0.48042245785139975
0.5071503704571205
0.39320143401656715
0.640078013911926
0.47303134342907155
0.5074927126620952
0.31273045455828796
0.363765278282902
0.6092164305761825
0.5133133886846323
0.5482513308492021
0.6554609942221772
0.6022348073073341
0.5647731452480426
0.5472026948339554
0.6509038100880731
0.5336793424007131
0.56980878198774
0.503685029600106
0.5427963932234838
0.4920199150179011
0.48167612713496943
0.536881938866933
0.5199354080864554
0.5285988479130833
0.6204296867455958
0.37379225621254863
0.4993242834033103
0.4062836779158875
0.4999414194446848
0.4593413219368397
0.6370247410366988
0.35138479037098197
0.4769150954647745
0.40999936248756946
0.5085999231891805
0.4891001863280386
0.5078114050925896
0.5997809869573957
0.41014659861826686
0.4426498848792891
0.4235851128809992
0.5870541081920583
0.46694092105509755
0.530783944522855
0.4287073113233272
0.3662732790914447
0.6569296815429585
0.5809257969918646
0.44430787445093106
0.4246937759073429
0.45128421246382
0.584163569638868
0.4233568257309821
0.47000750755178194
0.45218005332908573
0.4701091256648378
0.4645550608824875
0.6260260031919052
0.5219858445164898
0.3168698196645312
0.5217523282449067
0.5160174368380943
0.49121925125793664
0.3765995993118155
0.5798277427974883
0.48578518885968036
0.47597568116883837
0.5108256727249374
0.5088719736571782
0.36220091632429785
0.3379586171365025
0.39230442387029263
0.4342442212422597
0.5524749868665922
0.5012969301848071
0.3783553631470234
0.5191713838348166
0.32682376654779843
0.4497004113952878
0.4736211385126854
0.4092428110959481
0.2948714298781843
0.45268943200058115
0.35049180883469827
0.48493893520964754
0.5575730269013642
0.4611225005259311
0.32025403776424927
0.5507503936397398
0.4955245610493588
0.4088800385992927
0.37417856778250336
0.4776810211700026
0.3756244764359487
0.46186614599680514
0.5081430087532846
0.5395776939387403
0.5108391136960831
0.4080618886591701
0.4190671157867707
0.5092387814527749
0.4667469937650264
0.4937557729038665
0.36235340777529323
0.5677618389042638
0.6429228077948319
0.504543012991847
0.43412009631441595
0.44252851928109604
0.4682773428779734
0.42497672606434655
0.6589025130772342
0.5822693891372455
0.5227854250025195
0.9569918260977156
0.5402213323506583
0.5589856993424249
0.5983620295399495
0.530327810067042
0.5458705343259547
0.43155784428062405
0.5321103304267095
0.4268008836579389
0.5465948453806022
0.6030637137669208
0.5576328156920364
0.572577957259507
0.7251939590387781
0.5338985663965126
0.7445750681370263
0.5025290754762035
0.4692248092381465
0.43893211893194034
0.49634465953822343
0.46452526102386515
0.47388338650301837
0.4805929267742366
0.4584476047103788
0.5398301433693632
0.41450009900913204
0.5649609917722249
0.6715948004742612
0.662459099679474
0.35744945966531533
0.5543418011833942
0.43575342262928696
0.4461979048104873
0.45183856376224196
0.5745658051621619
0.421883322861874
0.3993880047287693
0.515238781631603
0.4147634858550668
0.5443867363523669
0.42377553365006654
0.5799451808277709
0.5976342415096021
0.39761976941439603
0.5172245508978405
0.41735960901310887
0.48867407800670537
0.3969153593519291
0.32394426201924026
0.5039869505186667
0.4252069502293933
0.4296828013046629
0.5252965859476508
0.8508326968430463
0.5286320390830505
0.6410896708255416
0.5829793734959917
0.5625370825032502
0.39522961999307404
0.48351650379604083
0.5235973509555343
0.516677915885575
0.5063789787191803
0.5278115649231446
0.559110106592191
0.3907523961742046
0.4903624936506536
0.38124075327482615
0.36691396486995137
0.4324134937629796
0.36145492142383906
0.5226433999727907
0.43117855523918736
0.4312082819894238
0.453329864940507
0.3236878109309081
0.47573057308104816
0.5567259008797433
0.5901388592584379
0.49911373457068214
0.6190729610034743
0.4592663993690461
0.6069016295504782
0.6613882551207545
0.5611000111619524
0.4070100489662441
0.37096585233562646
0.41836669804229093
0.4893090732416163
0.3970565295734729
0.3987662931862206
0.4933248533651641
0.4663726420154538
0.5243484554093694
0.3286056914463839
0.4693155555548131
0.41832897773600475
0.45931164867607527
0.5062836754935646
0.33467219264152787
0.3427868142539397
0.5794073076565227
0.49610744889932495
0.35795075273100063
0.4079960589196182
0.5530422328333116
0.44359376400420264
0.45793271098796734
0.49831718793183855
0.33314134819212554
0.7766669644458184
0.39567019253685737
0.36115653947645326
0.6096148784668842
0.382645961742832
0.4482358208454857
0.5039306553510454
0.5858697305606139
0.6605337164062751
0.3978603039260573
0.4246811815100527
0.5878853014068779
0.562480082708764
0.5293793720198728
0.7387217523313123
0.48387331781623943
0.466391368949863
0.4238886346608533
0.5204161530699348
0.4399950428287652
0.5822481399864803
0.45033517086979585
0.386413915060338
0.3693464449537801
0.5447056017293485
0.3443688385659433
0.6274720041686566
0.47981905259723856
0.5234155808789912
0.6235697178599713
0.46142577536944795
0.45806915251902586
0.48686052030510624
0.44155888749226946
0.678216589425979
0.38701575409764705
0.34439418071755123
0.4259691648032281
0.3753506190172023
0.3878885288607725
0.32399864691272756
0.5490579804593259
0.46152894424355034
0.5235471799678065
0.5868805067300419
0.5476339373377097
0.58091720529243
0.4859154174480145
0.43318969465827656
0.4189904411405639
0.48722177845407133
0.4876286192821232
0.4187133764490971
0.644916436363658
0.4339458550145776
0.3750767909746466
0.3826256460548873
0.5052664660914566
0.4839970623808521
0.4273884246047433
0.3554351040083396
0.40658106859603454
0.2976514072604698
0.448100783442989
0.6311147358345462
0.5650738819376006
0.397649483910465
0.42029630689551745
0.5112602889992475
0.6275480830041332
0.428137892455253
0.5301496618693192
0.3332623813613314
0.41144178913782636
0.6065741600514698
0.39468655582530315
0.5798411412867126
0.3345687467732977
0.49601916771080107
0.340122524617166
0.3882875989923901
0.3812559702480822
0.34907274698319
0.41271199336321357
0.3408561136008348
0.4326154697121103
0.3631614808561499
0.5227858433031778
0.5936840660974734
0.44683024191184645
0.6282500617783363
0.429678109916857
0.6118011070342528
0.3595247775538571
0.40273566372166114
1.0293681280921771
0.6800064591586792
0.409267767815717
0.4374584469981095
0.46357467865577423
0.5261949290110108
0.59956365622665
0.5199458485488065
0.5986701626085722
0.5611237017607803
0.39625765805245305
0.4723383581397306
0.5386236144175882
0.4574741409525117
0.3395846874917178
0.6579137423793948
0.48802258319117553
0.40374381433799333
0.41530163454734026
0.37892690195869816
0.5715210947287168
0.3782561036940855
0.5394155092315913
0.4833180029546354
0.3860434451921899
0.4536763511395759
0.4926547033501287
0.5228964292481206
0.5038335484612858
0.6272488223203009
0.6974742413686114
0.3839823319225535
0.4806809521225582
0.5086446050855256
0.5196614376085759
0.526169195218707
0.3471462316999145
0.6530803562563728
0.5092358466177516
0.6301353368673731
0.6839729874324514
0.6752242490644554
0.630691443101312
0.5608238844993866
0.5001763069370474
0.6213793835792708
0.5977613541448075
0.44148463244627895
0.5013409138434104
0.5162465845383087
0.5061179485328551
0.45109663143819506
0.4599296157110512
0.4155852053599506
0.6263886923681837
0.39518201987153356
0.6006303605991683
0.36822128294831785
0.40370532552243465
0.6221083465411174
0.5111887299789727
0.31153327392310015
0.3811099527765702
0.42058557711820704
0.48733304527817256
0.41877645262011737
0.3352630766472984
0.6053161301924139
0.4360963950157072
0.4461059720214525
0.4260788015916279
0.6506297243266798
0.450830758460645
0.5002228161412745
0.49326488103203103
0.5583626751079002
0.5481982637516417
0.46004240225322524
0.3907228930835763
0.46769567045335764
0.46341758059029436
0.2954031327737702
0.5063738378929824
0.5343638508371649
0.3880886667898926
0.3677042498715658
0.5247498956037641
0.5863953041277264
0.4505291257368492
0.49001868607702037
0.47524463556360996
0.438904424005053
0.4949850342168623
0.5753103581026398
0.5403863641481651
0.5731933991143566
0.33501816766761827
0.5922182033992314
0.4141605583085465
0.4148379234697856
0.4722812572364353
0.3592652974105319
0.43607327398832674
0.3805034922311892
0.3091203452367838
0.4572313728104446
0.4316407643461614
0.48460413327285184
0.494952639382212
0.36560478087336334
0.2882880443174877
0.3304329839266595
0.6308459841726043
0.667676017511309
0.36521348280992444
0.4794004526307348
0.41102180674041033
0.2872351853065676
0.7328534565084497
0.4605378623093915
0.38680094087278355
0.4354676330857576
0.39152397917888787
0.514943183269113
0.5072632544780447
0.416556656003567
0.43206569943149165
0.48252610934714557
0.592175359049599
0.474632768505577
0.43863689180365334
0.38684465293894266
0.4519222483663777
0.42586995661879967
0.5772772376134659
0.45193442968523184
0.2665007908492386
0.41368592487989686
0.6382925591675987
0.46406873194946996
0.6282155952016436
0.38606370046593386
0.3851569356126225
0.5906097668328446
0.7627446476657027
0.5705725188607117
0.6515019505103614
0.6956025118555949
0.6430111325242958
0.5546239376311598
0.7411008206016433
0.5144333340663896
0.49121199225931894
0.3988752347298624
0.5093270314578923
0.48734304981352666
0.5745396086691082
0.6403500693042312
0.4551214612168701
0.43751336074372
0.5664771856199032
0.3564037451307555
0.33947539603766475
0.4836063608619589
0.434556819457436
0.6574058279419528
0.6176284899877401
0.3426100721436547
0.508622350772401
0.47818119389221175
0.3453358401613966
0.38698677331906123
0.4501641625714183
0.46185506871847914
0.368925935810311
0.4558808976004104
0.4826077144766167
0.6273573730138963
0.47645014258183516
0.5632691865001414
0.5020064403052312
0.5485986764614529
0.5456284367524943
0.42890764367559947
0.5762830651291699
0.4737300566236718
0.6106314590610579
0.8080635377401714
0.47146556332683265
0.4820273601599799
0.42594880641657845
0.5131566104811423
0.5479999552740812
0.6527825131010468
0.5782877896802169
0.6320899672883133
0.458504956174559
0.7190294355641778
0.3788332596698733
0.5817110525904211
0.5768525135940618
0.5431047934022198
0.6753393139382023
0.5000420634266834
0.555170116441186
0.4331570238309261
0.4861145142898288
0.4865587269242781
0.8336894971864605
0.4329225574514987
0.44201755075117016
0.5470244398425081
0.40515433087213715
0.47595260100135484
0.38082333373392196
0.3759157911320851
0.3332999830376168
0.44289766175195067
0.43200085952849054
0.35200798634559416
0.35480722596790326
0.3674684791393351
0.36257427353119986
0.4318909552170393
0.4474382440521828
0.4937874818869443
0.4951580997315952
0.49354524404621125
0.45851945971139624
0.3846638199935767
0.5187697158370735
0.4730430920032274
0.4144063161355328
0.5086055557710981
0.9649604982317384
0.49690090902292483
0.5310484723997947
0.45282368068352297
0.48842365997832526
0.6446256922088504
0.5788876025646379
0.461122268335039
0.38153703345258083
0.3942832711073935
0.42991192001807194
0.5042376827821129
0.534664803146493
0.6269749362831007
0.5042649879677127
0.40373644471543185
0.5932163520312089
0.3922385094093656
0.4662556328924723
0.49876544732683864
0.4101705239300668
0.5337240651725292
0.5916405244448881
0.3607067477390093
0.3989216256089406
0.39555322128005616
0.3742383549202254
0.39250871318921776
0.5814304828118901
0.42687948757508304
0.38023435703115976
0.5923545412910671
0.42012851494882125
0.434363515987238
0.27468256845008665
0.4288718642629358
0.5487619725608196
0.3855103914021546
0.4032439098187047
0.3815417027842657
0.4812855482277896
0.3485010513414478
0.40319366470346035
0.42752913574906803
0.4949637156053048
0.41568689942707476
0.41965239264927134
0.43767251950425956
0.5192481525735566
0.4362422894115129
0.45213945569945546
0.39789136206888964
0.3290167552301301
0.37970581992739644
0.4935963690072389
0.36269786040667873
0.3878671436402528
0.6574921740186586
0.4279508578904595
0.5262053918717778
0.44138020864494776
0.5298270635985904
0.6053726179838397
0.44948196936316703
0.4958821360305153
0.5883552211389831
0.5984753907691985
0.41191366039621047
0.63004429897362
0.3832096892156608
0.42473478074835924
0.499450110020774
0.581705362777573
0.4675200136562571
0.5612637796112822
0.3980580120862232
0.5029484419322857
0.4147177413706431
0.5653839809059871
0.420324848795422
0.4823699875037089
0.6705537738479294
0.5428647408858459
0.3968854094790933
0.36689695350602824
0.4188933848715628
0.4387084644521622
0.3348606236539392
0.40690654992495295
0.6142069356007107
0.46437266706902014
0.5447759883257517
0.40559183480345834
0.39086506278616023
0.38667187917701756
0.6223879900065571
0.48872280720130473
0.6204314824438888
0.45157517045056045
0.44291604437895454
0.4540841481713694
0.5551183322964488
0.5290984052901411
0.4825925200687796
0.39768503370457386
0.3874938926577096
0.5210813752903689
0.39156321723008913
0.43263171297489217
0.39003038411638763
0.3987404136509775
0.46295729278987524
0.47439540041321
0.3681918554136722
0.46910514576213225
0.3408801085720124
0.36910563587330014
0.3995593452300208
0.21168764287701433
0.5224192854959018
0.3838976727970183
0.4189602615097302
0.8250854316957138
0.4104037735776465
0.6166681433749299
0.35832789795534065
0.6182959077108166
0.5816806696076484
0.45852512999261574
0.4436616568159831
0.5786190213818779
0.5330035779820123
0.6081729244595145
0.6385223817752522
0.5356696672698524
0.5010110912247315
0.532740509614826
0.5355270869018013
0.43070051653407543
0.37960923834468907
0.5443930990112891
0.5015963192325718
0.5501835929219998
0.3708843541071707
0.4138611291934451
0.5106833182525365
0.46700287841294774
0.4361652045971795
0.26021355101608806
0.44080890520358107
0.4162029229128022
0.5046037081786503
0.5290260493037554
0.45837703050713385
0.39678850369539537
0.5070906871027182
0.7633530710705572
0.4458074604305282
0.755993081028227
0.42228116682666034
0.6445776254029849
0.46220819746732345
0.5676406960244842
0.44013367663891645
0.40368019726178067
0.5984848204611287
0.484562767820674
0.4436801581507935
0.5536476955575379
0.6051730131277913
0.492907682439384
0.4688440887001114
0.7083202404985698
0.4767983899048014
0.3940817092189503
0.44598925442850823
0.41495459582559824
0.46645140810718355
0.483673701600474
0.4679043150764853
0.47102126909309
0.44376459006740726
0.3747104796406643
0.4884690872759144
0.425555852559505
0.38128901639719653
0.6191407072371365
0.3498659985292038
0.7639218534781322
0.4079365388428153
0.45215035093390304
0.5490597706880193
0.6318160120242639
0.38394183801815596
0.6082573693964478
0.44613843159742606
0.5828948397520234
0.41504454799386203
0.6280374786248596
0.4154309504963628
0.4946959971175627
0.6443741052280854
0.36190780478738904
0.6257017123157312
0.3723240537682942
0.498610586622691
0.5002901235596441
0.5145735356056051
0.4320806745605441
0.2707197943651856
0.47794453513768315
0.48630409312051487
0.6518628642226516
0.45336848792493334
0.3674222871329711
0.6282828337403633
0.4667856827677932
0.46847988180113814
0.4592404943599473
0.3976111664979322
0.36182437594865446
0.49158058046362324
0.4747605582592033
0.5800564652115473
0.5576265634163614
0.5645166228751894
0.45211556975012
0.35739597835884185
0.4880219496629307
0.34592853769469717
0.4142682270664015
0.3882025404036503
0.4225810474358818
0.4919227689804083
0.4882667217963063
0.4218589626484297
0.4613513204677234
0.3748041977832515
0.6025224459954885
0.5787145056598936
0.6330745605937372
0.3813975239620174
0.42151915401025014
0.44486562340916164
0.4035585035399378
0.42660935690259094
0.47483106913022516
0.46382239967364053
0.5718705196301346
0.3805391061340337
0.3878372671294022
0.65436963072056
0.45808229412724405
0.4941226438502997
0.33214118037679535
0.47580890893832367
0.4133299193733603
0.36771247463291623
0.5337004170036216
0.3922783089966564
0.4660589929107451
0.4163221416686444
0.44708885273503113
0.4173558340992827
0.34585224369957857
0.5292252533772933
0.5215592404709406
0.5773603824840509
0.49440563026507905
0.41377970555621546
0.3970290248803193
0.5544633141042559
0.49399829285293617
0.46328959982413004
0.4473394856121933
0.4142455365441592
0.6553647919324612
0.3788110168693357
0.4310536122564584
0.4423508677641905
0.41982813790664897
0.6208287781219729
0.4346679404832573
0.47620719763998515
0.42600473153419505
0.3274868837347489
0.442989244461403
0.4906451457527908
0.5981308578924047
0.26815433271781236
0.44230546347029276
0.5621817196858074
0.29406438959075965
0.473333951286298
0.43889157506916576
0.6088094141169023
0.4027774109814875
0.40687395777951896
0.37515428194748646
0.4555977235330135
0.5643372158274372
0.31470170591130253
0.38897706737704635
0.5485942225787646
0.4116116649942107
0.3733942633657098
0.6027303222515351
0.2546770070204423
0.4505080485814401
0.4668518255906347
0.41706197267196204
0.44857178852476526
0.6119577760381959
0.5111434851932596
0.3266760170831329
0.5425307438305198
0.37619221984914414
0.32163463634945166
0.3210974015926854
0.3589110656498617
0.3001677040363918
0.4156711944740317
0.4186441315193183
0.3186334822643649
0.4789701986495963
0.45102106589038704
0.5787756395659814
0.599105843612608
0.5252201521462069
0.5243900409950975
0.6014325092546667
0.4702255677642503
0.4048714031242561
0.39536177194041056
0.39891404485718784
0.4051421033849073
0.40477169885953257
0.428128077130352
0.41498497281189123
0.5248441389958658
0.4284611370804547
0.3986873011908377
0.5590572067786033
0.36427563355014214
0.30379289966206063
0.4661547037718875
0.4793932303581303
0.6195113252209075
0.45246511853081584
0.479230855430219
0.30584253321464855
0.30242780779363837
0.5258190965072639
0.4327812246841748
0.4198238237690517
0.534603255486527
0.6794783825041986
0.4991657269619678
0.4480336029877723
0.4814092357135584
0.4357008670565567
0.378378627659303
0.38717677025626285
0.33773484807575654
0.45050354524384384
0.6388979521188531
0.4593438395975981
0.5047509596386955
0.4125062893493408
0.4417352998215613
0.5223295291745427
0.3846587057349846
0.38169595548185997
0.5824645610949286
0.4384023856012353
0.5364453346099505
0.384031337632747
0.4884955843087949
0.570541987328205
0.3021233309702311
0.6748912694644837
0.44812216958797635
0.6159531342793197
0.4110806213007724
0.6085054621308824
0.6055505808088588
0.5608413866423618
0.3949229486219168
0.44080066575223764
0.3882319278082201
0.39486694754940355
0.5809684972775366
0.3381081354793395
0.46786192675173743
0.398680025482608
0.6767074429128198
0.47822976298484804
0.45724324947675415
0.6016783731229198
0.679053681266088
0.3704086516341178
0.5014576302333373
0.375822739293249
0.4627081892182881
0.46412662598898424
0.6064776121684823
0.6388758261099007
0.23574556829880908
