1.1369280724730924
1.02911419684568
0.8047827354400781
0.775996730015435
0.7517764993140632
0.47453434459963945
0.5924078268137288
0.6128690254627568
0.6500809247751652
0.6274537971751966
0.6412246167465983
0.6389676926374847
0.5662263253083307
0.6454670805193019
0.5742708606468387
0.5335588932110066
0.4871601733346142
0.6310938702025308
0.5470585881701812
0.5870125060924901
0.48703200739592234
0.5665764045142597
0.5520372099938999
0.5314258544460145
0.6566402512094749
0.5423509094223358
0.5581366972282868
0.5476136081205796
0.5578734332084009
0.49637828581408244
0.5000983755869787
0.5416781363992712
0.524648792634443
0.5757143526205998
0.601297070170638
0.511514823606431
0.5296315104061086
0.5468510303872761
0.4552578115949206
0.46967283816715377
0.4149539322847321
0.4342607167210167
0.48628546696544894
0.48992630318079783
0.5907915504365812
0.5213774760796592
0.5164538214778264
0.49811475945244793
0.48482188947119154
0.4997627086460098
0.4499274706607935
0.4729687226223712
0.561181745145524
0.47099040259585134
0.4752577500651152
0.48117517814814814
0.4227277007110441
0.4434875869093475
0.47879035530351705
0.43810337263934734
0.43375921630607867
0.5622589470399234
0.5277218939995195
0.36092268630387314
0.49235338501665976
0.5090659454702257
0.4011660584707542
0.42483916241956077
0.39248551691214983
0.5422793347081829
0.4663048692247663
0.5304093233569425
0.44582525161313286
0.36436669382795184
0.3802941742724266
0.3715072208186773
0.4572001738637092
0.5965855498052014
0.46087686290252855
0.3844614321055878
0.45398763480606186
0.38602887058692753
0.4162806946798422
0.443709444900512
0.5200716229079969
0.4248361969831243
0.4088293099639059
0.48108926437618255
0.5225107694598623
0.4325970743839759
0.4268873861746256
0.45178181902663517
0.4312023975121662
0.3551174998683694
0.4113694489864642
0.45364329164206335
0.4357461934100183
0.3547695038231576
0.4002339626971839
0.4485824230593083
0.42676802548541826
0.3407712600541009
0.3762918315306228
0.4357253039528352
0.4584517026391535
0.3755746116559371
0.4170909144736802
0.4383168438960244
0.4437226982887389
0.366163018590013
0.3812280460794502
0.38062391493319697
0.3623169178937514
0.3943041054600828
0.4319016934582382
0.43397905037879025
0.388318519031625
0.44212355339715237
0.38945430940183745
0.42388513826163793
0.38439327662280587
0.3702153138636405
0.40916188101195355
0.38547947403818034
0.4176000809518764
0.4518281818530837
0.35339769480595534
0.3944937077388809
0.3362667525307235
0.32524218465087
0.3487050520722201
0.42642491648446273
0.3734415596357328
0.444099507820659
0.43982944660665013
0.34546711055364904
0.316942711404937
0.3110839108032453
0.4047178465648846
0.3903599332104989
0.4874807272102716
0.371376796802741
0.4440265683739108
0.41704648920767945
0.3450889835441791
0.40932927102121297
0.5373127903110163
0.34071427739657206
0.3969441024431971
0.4205548821027651
0.33504126834300635
0.3692010179439839
0.386597973545294
0.4585207015519471
0.3679981001037287
0.39586091602937046
0.4264581200800951
0.4734959018298756
0.35036741435371516
0.3913305838936902
0.5482763528796722
0.4291234663264989
0.4179983723314621
0.37445060563981114
0.3910163585555024
0.40283353410239964
0.3585813906745911
0.38266188350983454
0.4053510642159638
0.3492454235980629
0.43613597994347775
0.3939059102845039
0.3967912579065842
0.3149954806274151
0.42739306879813976
0.39838421343304176
0.45216683123578244
0.3693998701081839
0.38194642866388284
0.4137454627949763
0.38449320312742513
0.4868802659335275
0.4593611741992205
0.428339061021005
0.3162826329849141
0.36108492300656786
0.33037261968238485
0.4012732361390297
0.4285013100369535
0.3639282868511333
0.3594941543414571
0.3186749636796685
0.39188007676648573
0.4645122572787651
0.3499565205658289
0.45693132617549265
0.35571628492480434
0.41202964918332846
0.2732152469450061
0.3773051398898452
0.43147852211502463
0.42898170388423323
0.2882469568618593
0.3831761036341275
0.3867952186859576
0.4638110310830785
0.49925189772279155
0.2726421019083888
0.3933662060393797
0.3240399718472053
0.35086309829643986
0.39420044467748167
0.31964313399792155
0.3020598780701728
0.4081353978571351
0.3588516237190461
0.39913199700143387
0.3646379552139638
0.4176994915575494
0.30707220068626734
0.4394612765286138
0.37597816514579124
0.35214164421809546
0.382316939130351
0.31990575768939544
0.3880509338347133
0.3716072986191262
0.34569485943855915
0.39920904849663474
0.3298474896188856
0.29042084015515035
0.49045786178881434
0.43647270834807983
0.4233308145708809
0.3002725705018694
0.3297626479708986
0.5230883633279604
0.5267448456987281
0.34325105724749455
0.43476658844136185
0.41572222801711406
0.4082983141976056
0.3831779243775597
0.39475181755409683
0.36180203439965947
0.31618358528571117
0.3157223681899045
0.3192601018582079
0.38472828780169094
0.3562373173534976
0.4125979877638243
0.40465269727143716
0.347777702867955
0.3027636478340101
0.3396868467484488
0.3400265785562256
0.39193315508153076
0.46410940466340284
0.34146321420286074
0.41220377231624605
0.439447748396584
0.38307439324573395
0.42163705344899166
0.4425523209412902
0.48100458834618853
0.3837529787588832
0.41028338099182343
0.371714861164088
0.3702637506023917
0.4473064746191387
0.3880241259106753
0.39362436226429554
0.2960651712752564
0.3875525112785076
0.3840162395386703
0.4311429331255988
0.3732258614347136
0.48699139151868703
0.4139544034544119
0.3580236925959083
0.44230521164023656
0.3240560178012979
0.3800503910895666
0.4760799852354216
0.41018990029319435
0.4887691500631334
0.40767530380135586
0.41192320301503366
0.30055217645331855
0.4563413847060649
0.46798989093182114
0.3036495369252116
0.42884961546568534
0.31532594904972844
0.404573228801321
0.476909403073049
0.4152549455649406
0.40416211837037797
0.33260265988250787
0.363344710488477
0.4502416584927667
0.35670839452617853
0.3342704563672958
0.36218970960619634
0.3552448359837266
0.40216830761570843
0.351857491277026
0.3887794389865897
0.4333477048003966
0.41984721956083493
0.47383069127582284
0.37746719856197114
0.3641225897100153
0.40712592929763325
0.41667707884421523
0.4375892031523439
0.40566603995341405
0.4647735919179621
0.3311162416006774
0.423114229952532
0.3900424394433088
0.3968426513133982
0.4241551712460402
0.3574174816594631
0.3986613546854487
0.44348155329550254
0.4557041962247797
0.38511114657586254
0.4644546606599427
0.400221911026472
0.3636500358700573
0.4206658812470205
0.4994004089491778
0.461823870514885
0.2944692861321352
0.39045171599803574
0.4200173919366032
0.3998508895695776
0.4048568519805391
0.3176812954356093
0.39534733261574984
0.32655277394607274
0.36495590027808666
0.457099310865363
0.41227104645658574
0.4239142269711933
0.41501888225448363
0.3467736672652543
0.3729110353126467
0.29183540358394444
0.44644467958807904
0.43865292524441735
0.4111495492706641
0.5009690155826727
0.40669792697932655
0.32894312471327813
0.382925015969541
0.3307434172823964
0.3646211374716042
0.3751873566699492
0.39898231834932574
0.3073538496937898
0.38482838761662547
0.37484936665090934
0.38177936723466027
0.3669234580971499
0.4002129294908771
0.27889686146833415
0.40647987217052506
0.34910534798033727
0.4046088658418921
0.44481170496105904
0.3296355827712595
0.4183351326639983
0.3468955341300922
0.3229232961710132
0.3537452530043163
0.34029650594362504
0.38676067744296505
0.37114839477090567
0.3910031342973467
0.46402556622707375
0.28926463678128184
0.433483528870568
0.3804939456978261
0.3580022120873623
0.2624069519600422
0.4294330265691511
0.35324464825283486
0.4884034135148716
0.40846454223655076
0.3286181785833699
0.4168145151428193
0.43572754064490316
0.4220263312750613
0.3976949876506242
0.43570860102379677
0.3730522145525466
0.3542133658670072
0.4232211914740471
0.32355870327815245
0.44004566029731995
0.3516750643553011
0.3052763341380057
0.4622643994487909
0.3581740710611157
0.4025869381384176
0.44745307738459805
0.46687743411761895
0.32804529085145795
0.3683446735008887
0.4336459991644617
0.45042985018270787
0.36103953885350687
0.3244536296924036
0.3802727794018524
0.40998121089741
0.36185329053013354
0.35676815656166316
0.32936418294133174
0.35967610223337587
0.38438551389007497
0.3587397597558164
0.3675920463404773
0.3990763453390895
0.4102725984329341
0.3468976757187905
0.48533525784073317
0.3372342818697664
0.35092649104536
0.468879534535038
0.4040324184580998
0.36986939759210424
0.4360645817531284
0.4029453048566566
0.39455097022670693
0.41152457012781524
0.3846109524619335
0.38112216770482527
0.43932460522937156
0.43886105375686635
0.40334165309890097
0.4020619331869649
0.29603934062905174
0.39792861730914486
0.45365339680355066
0.40630802270271665
0.4142432881608524
0.3810202502248639
0.3552354546345543
0.2881150018252187
0.49615768061439025
0.37207891621862316
0.3966695822079536
0.3833647812804939
0.4462690407555152
0.4133574937465346
0.3295985037201803
0.3068873482949803
0.2646526315438774
0.41923686669809607
0.4861023857023415
0.3061517695018673
0.36090896300637737
0.3974133092554828
0.3651255846284
0.29458292695312766
0.43422546477336804
0.4286021982478261
0.353363616477616
0.43092033367764476
0.3763314977962214
0.37235583828767016
0.3189701442196072
0.33620078427838646
0.32567035905344316
0.3625187350842688
0.35923032280525385
0.3667690414363521
0.3192709227099197
0.38694578279446884
0.2903278120185835
0.38506556612032455
0.3903066679830193
0.4013450012748696
0.3986569822157195
0.3696498290494275
0.4543788335456009
0.41040642296650975
0.3826908002976024
0.32064186918581206
0.39421634256167554
0.39713843533195936
0.39046082148371525
0.38046829958784373
0.3526343037312094
0.32340462469860337
0.36441970137351903
0.4501468262902507
0.3249365885622507
0.3658422188944777
0.26883556202333986
0.43742826992041933
0.42516727658646686
0.4203087264255397
0.3300027867210029
0.4342403195147413
0.46937862551758425
0.375933811288692
0.4212245369775951
0.3682901433445343
0.3590079224635133
0.40187491636242917
0.5429747591781643
0.3308282538690061
0.3678041785177519
0.44193207889221
0.34778955258087646
0.3522758728321261
0.5460373898694816
0.30959091691112406
0.38917018692647115
0.42380740833354413
0.3720755581849725
0.34674525614165524
0.33420324066667806
0.3759922777789776
0.3435195160407389
0.4070130467712544
0.4334551907027898
0.33246364005980267
0.2971674300652587
0.42214473812881814
0.36565420809258004
0.33686192681407123
0.3869102912483437
0.3563852781205802
0.4241824995471928
0.4043428457252374
0.3220982134460843
0.37270521285549035
0.32434057047599346
0.32254512806462005
0.3441751108987882
0.3673128612751387
0.3155122400685051
0.46939997741537576
0.36467130800600756
0.3987030199860485
0.3194234842304077
0.3946888650782244
0.38027677029703316
0.3888322595279721
0.3104621597228952
0.3071778466297611
0.3463623296403988
0.3949193445432718
0.3157371972800686
0.3338130923601008
0.4465553709439901
0.4019998869272024
0.2751399625820252
0.3592439589792989
0.33583407048847164
0.3488858836537801
0.4402170376899829
0.44121627883676356
0.3761416670329952
0.4623766315164704
0.37545720036312985
0.34578156612506217
0.35914301822720957
0.4013899076723561
0.3416107163859607
0.34427337281780135
0.3249534247807494
0.38097503260567706
0.36193321493930375
0.3436106328775007
0.3326129365343398
0.4293828807624595
0.582289740276434
0.27296989239470143
0.2648569880886436
0.33515220294343717
0.2745374314588831
0.4487863792675042
0.30364938408514
0.5275472028221605
0.29247314447240746
0.4038698942555878
0.36175329805926043
0.4234580466176291
0.3647470081494411
0.32729021061725205
0.3152830000359362
0.31827512006985814
0.3923822149830555
0.3497553892376733
0.5358376222591669
0.3642903725246492
0.35607794818432215
0.45004512218443765
0.42646837489571304
0.3519701981984199
0.3125796683457412
0.5132042214146241
0.37514129097313054
0.3785351061125422
0.42399874698003065
0.40176261544659136
0.43149929704339446
0.29760185537502354
0.4119225770472888
0.4002005403920582
0.3515503369723227
0.3843803340584477
0.40632750031223785
0.3375935582479764
0.43907194855529896
0.3503997737928211
0.3655695509965542
0.41190952484270577
0.36435719298117447
0.37293972108835305
0.38249498723840414
0.5711393721061521
0.42334167508952036
0.43131739327963486
0.38515944347535186
0.38208343157927754
0.4654153359115929
0.42201151863236275
0.42913170539863105
0.4065729377625388
0.42345570747761535
0.4171148168485423
0.3998879909658385
0.34522466994781686
0.40815152050517367
0.37672867820471595
0.35035245993893155
0.29959187697443135
0.25833846756624257
0.33732402718578924
0.3182704702044922
0.409396244058472
0.3843639031033975
0.3753266361580508
0.3294456107481729
0.40966680742691103
0.3981724760156053
0.45589901676081895
0.45248024251172275
0.34930131348150817
0.3259594639525915
0.3516051439379671
0.44094606609951575
0.4608486444106784
0.3687678251866689
0.43015606019792835
0.5137786914962339
0.4489045525176665
0.3805250568681251
0.39207852333345394
0.3629014933803537
0.3671202673445871
0.3576626911125791
0.38714950558560546
0.37751412352603353
0.3896824979033414
0.306117449525935
0.3825663112257001
0.44716629230887434
0.4447141991361454
0.4708634396241355
0.35058727621684044
0.43639679282335175
0.3525168324852195
0.45750683896780586
0.42980648653896264
0.4518421586209234
0.33554475018976926
0.43501425352365797
0.3099717864265224
0.3738647440242591
0.32981302214033353
0.3677141317702429
0.30099569541011184
0.35315531559195423
0.41579934077237696
0.34034261260398446
0.4629940106169364
0.45166954995566966
0.40030226156374127
0.4559808030370744
0.2830746126135761
0.3652502936757238
0.37127304028453756
0.3244131272051914
0.41947262071127667
0.39579389343194005
0.31836042421759775
0.4131592245432702
0.31341484377205553
0.3715972116997848
0.38187232132116644
0.3450290513376365
0.29408281289823596
0.34036188059150096
0.3912588498962034
0.4492676439768232
0.2951339134772453
0.5067927826493932
0.41187701694321294
0.32582597480429765
0.4055100079603349
0.34926675636888577
0.3073760877283489
0.5473107693199106
0.3859617480121102
0.4339900237148674
0.3022166609405568
0.3608779858615841
0.38953997895834275
0.4129162948560862
0.33788957003243275
0.456999296901276
0.33198485611865186
0.4317531566963108
0.4878502596920164
0.3792359996637702
0.4971549642894352
0.395182107377621
0.4466538430207366
0.4212789798554485
0.43798017911873066
0.5337365341671475
0.28981753081434525
0.35784094586471704
0.3844628812140707
0.40156617210715223
0.48710028941515
0.39436684441374975
0.47670419858443186
0.3860206145726571
0.43886135794013553
0.35416352411842944
0.29792117438392474
0.46689435334908325
0.3256885402495367
0.4276320996392625
0.2905714467471752
0.3272193016924249
0.3815968916412974
0.3792058963366719
0.4064853310997545
0.4008103374839418
0.4067010035909019
0.3415633003232458
0.44627159286319845
0.5028451783160606
0.43844094960059415
0.48410066219106573
0.4530080662051705
0.43959296939459697
0.39753692484101155
0.3743862804855194
0.3591629725811701
0.42140400729496125
0.4097217094579842
0.45357280014083384
0.39778025617140067
0.42087408089402495
0.43321772074788123
0.4149754410354579
0.4923764531508893
0.38189983336935096
0.3306408254520038
0.4016003648456708
0.43549995412600034
0.33224942803193797
0.3958202486124083
0.40935746612993634
0.3417849844954135
0.2517487458613327
0.4234963713716782
0.3205964268110093
0.46149475201817
0.42209632982294615
0.34763680440191674
0.4110291854585864
0.3382455955621394
0.3596175091968785
0.4053214367024508
0.3483720879777011
0.38412906478731157
0.3094628079535035
0.3597040552339313
0.36213516483034985
0.38339378169724375
0.30972234574261925
0.3720464413225866
0.3579875672373749
0.36317025364283306
0.4180832464243944
0.3455527712281439
0.2906407437276891
0.3407814718678701
0.35560438935782385
0.34105544591608716
0.21797712411025538
0.3603847617699888
0.3258666207588721
0.3801560185857016
0.43385038016831196
0.3124890362161796
0.2769214567471024
0.38696356097715134
0.3453421369233871
0.37764569055306313
0.42243702526286414
0.2944939303736216
0.35203136040283717
0.3657303422604029
0.43839102161532045
0.39974421713084496
0.3342371480770396
0.4133331228528162
0.4041572412429414
0.42364881206651284
0.37815815391677915
0.4209962992422971
0.41424942857964087
0.486956233892974
0.3809297692985795
0.37380844213988523
0.41188259504164215
0.40054227022855915
0.34251506757373046
0.3492858939697364
0.3400649549061002
0.3232143074547258
0.38965840952662717
0.3889473510201347
0.3609221036752164
0.4192590660667603
0.4242399531201431
0.32424224236149723
0.41423094977334174
0.4367862060302021
0.4475091443364558
0.33474231134208093
0.37938578887600644
0.4191844052992937
0.3821324986331959
0.32057087006974705
0.42846819470247954
0.41340088634394045
0.35584302047783745
0.385772683167209
0.49787623043411056
0.36500110616688514
0.25869599154769235
0.31887682077049395
0.4088230140580903
0.3490195957984065
0.37387448697950615
0.3653117376505125
0.31338343665147644
0.4063964185104775
0.4031932303666236
0.35727946605227984
0.47540629451136507
0.45330067947593194
0.41413903337312735
0.34523404310079625
0.5105067272894781
0.36215022145387477
0.40494745323163
0.2904206818621768
0.4183261025434948
0.339862049703302
0.37244238200295954
0.4042682606902715
0.39500879367237474
0.2964833228665568
0.3735595007348922
0.5164438325588786
0.42391727430877635
0.38121344336150204
0.32548041634860003
0.3907238797086991
0.3662338546450319
0.38864228114076926
0.5155253466676583
0.5130963304468665
0.36870900486742264
0.5257444351359623
0.49937176819458645
0.35335555385471845
0.3627559055455292
0.3328784500986713
0.3790211285901627
0.30852356189786306
0.346151707220985
0.4285683184034411
0.45665600682576385
0.41890443077759376
0.38510179222428487
0.35700347850653924
0.41917669737840396
0.3614962566345506
0.40451046182163364
0.4374021774001904
0.5367380751057105
0.4347031036991444
0.45803386529103546
0.3998338870525087
0.3215440443922959
0.38766453405438267
0.40961547076163124
0.39692731001669995
0.27103679210258375
0.4166032383720265
0.366877837185036
0.3495034738593509
0.4265410688972995
0.3106932784949653
0.3875018885549653
0.3738459971255844
0.4786699055744608
0.4281848572067738
0.42057611401452155
0.3489007710348898
0.394469914807166
0.3984754954462831
0.3590523431325355
0.4132195380174843
0.3579785456345864
0.3540648960187602
0.38980591644341844
0.2913431046893132
0.3904709925051321
0.2807436706594719
0.44403292054051435
0.35824632221810176
0.3025750406220921
0.3557682697890874
0.34353039719140455
0.37788376394866785
0.3132312548745247
0.4091635574200005
0.3018275475811679
0.3697116723913644
0.4253044202708573
0.3778476551904041
0.423704005367039
0.3108594044061036
0.31570770101186174
0.4297348434594307
0.3060366106926934
0.3654906956693025
0.34441100957331383
0.3164981269805207
0.42691600038653477
0.4292122119643163
0.30289494306552395
0.4105765889814768
0.46530430412227847
0.36864845499045884
0.3946583954902867
0.3514098572093282
0.4544055953837413
0.4451681039610137
0.3490905114152444
0.4522650745065241
0.42012540382043523
0.40850395213632634
0.40470748255115935
0.3321870999554383
0.34150792830963983
0.38189227795366765
0.35879707011221984
0.3871499862547146
0.39269267888912635
0.41391717095723807
0.33299285934232215
0.41883130396701107
0.34408618769770183
0.27028102894998207
0.3582611752388498
0.3746667854234224
0.42063860139586257
0.39067487908694815
0.42231296607524904
0.3577808241207289
0.2600316362403541
0.35693426171095555
0.33715592240824893
0.391490525188584
0.4116216068041204
0.38484017289755046
0.3595978651416513
0.44199155582845673
0.4315503661049666
0.2971242729716671
0.45643581952373524
0.3705792694983822
0.3963285152983448
0.42727818989390937
0.3818390900727672
0.3697565757377152
0.42142072678725867
0.447455511685895
0.3739740938714081
0.3695106283261504
0.3677749179166054
0.438246604148356
0.46273141539756496
0.296415135943621
0.3500966321193274
0.4423347501852529
0.3160172860323896
0.36749348515988467
0.40724540633553746
0.39501807764303043
0.38310826680337856
0.4362539066093967
0.4082602461027671
0.38513148631951594
0.3416364972162058
0.33860957596760777
0.4027315965942432
0.46391337144878547
0.30396758790482925
0.31827631058305655
0.32085144170047203
0.3692544623961239
0.3945981716603302
0.38018664687309406
0.3530121622860332
0.4038012727115362
0.46966359033204463
0.3644714788593592
0.451548045602369
0.3880095489044707
0.4179455514069524
0.42804757949428307
0.41595498906877376
0.3599776338853693
0.299257588587435
0.345546122629571
0.37108100059677707
0.3871418353748045
0.3855866298279351
0.29361297036340833
0.3626803960335525
0.40360866428225106
0.32980923528792466
0.42020742517445286
0.418928189988266
0.34714683961853865
0.4929551567072819
0.4403346460676417
0.4345202828162308
0.3546311197451535
0.291146761017336
0.3160401235864535
0.412650743899141
0.5059866746225322
0.3749464686647177
0.4198143812597796
0.30171375777477943
0.3292435485802668
0.3684101254981129
0.3331054737754508
0.3529705577403337
0.3642415790047034
0.36052379497292936
0.37090669438924495
0.3173559319190283
0.34895067330491975
0.3449983348481561
0.3215461888108713
0.40190208029426033
0.34590753273721875
0.29648823406096925
0.41683435095941923
0.4395588290942342
0.3206721905707738
0.3638486922920241
0.4076609331453991
0.37468237368141977
0.34715828601039467
0.3729023251585768
0.41251210636344515
0.37915356583035736
0.37320310567609194
0.34650200897086586
0.2657647077589042
0.37670163179417476
0.44829293195059966
0.3527867632583123
0.40050178911833545
0.34213172360150734
0.32535958179139923
0.36859552781089616
0.3315958752475403
0.3128014443094574
0.3555650940805637
0.467618259936059
0.33530439632928516
0.47130464276392764
0.3500276839475299
0.31023815442730485
0.40377962133444184
0.3424836529289138
0.29943229521643877
0.3349514298806679
0.40844748394002706
0.35454464634770333
0.39846436032590765
0.40829625098702454
0.4344983440603203
0.33522310808264927
0.30806861767599947
0.26610980541615
0.45103124239110987
0.3668034427958593
0.3548815696572834
0.3282797448996772
0.31999092152815056
0.33652162035157324
0.3400772325591252
0.35448086196712353
0.3080121872013871
0.2891130237426494
0.35834256109691004
0.38633873413168585
0.37667510811472976
0.3646572466579205
0.4091802438180966
0.33450847980435805
0.40094204043747994
0.5607307819515028
0.39001363507490816
0.33387099449935886
0.41241221475951895
0.36903749307068495
0.36046447793478814
0.3518376582104382
0.4359610856356448
0.4354545559218437
0.30602299465218286
0.35124555356203147
0.37927648379005025
0.3678957115677895
0.4387289696673398
0.397014875020682
0.4086328561608282
0.3860640300946592
0.33397063807910904
0.3304964676859384
0.37105321065308716
0.36269044375575216
0.3220690645611394
0.46188086943987544
0.34315045156666035
0.3461314651765371
0.4101806079972225
0.35585160532494925
0.39560399287169346
0.43898136724065123
0.3988594054078094
0.4942060991125347
0.30190290356116367
0.3864529013808329
0.37107388984133316
0.43069938025122484
0.38286185157229674
0.4584087190747626
0.30795857416272543
0.3529495202379087
0.3233135493682307
0.2784179906683782
0.44331832824956363
0.44559138043516994
0.4754918834846278
0.3519785986654881
0.3166197912515579
0.3526022472340483
0.43990094062522606
0.29164237433594103
0.37639479547043786
0.3658762721694774
0.37906946180464496
0.4511879744761712
0.4760959145700485
0.4895622093015281
0.45852548805565374
0.4273230221928631
0.37282017815665763
0.3137457424980443
0.35488390706345846
0.3416779867566688
0.4523881653844654
0.48659696824740933
0.4144589042815441
0.34757038810737967
0.4511053504135389
0.35394567473220206
0.33645121446830994
0.369656084229392
0.47760531856889227
0.31645453256045963
0.3753772278400036
0.334011602904034
0.4282589119316537
0.30476526124079395
0.5007707801695814
0.40139164086503976
0.3570854480303643
0.3584914061106659
0.37657939835139365
0.32894951659038
0.43749384049522627
0.3635679145383453
0.3294629491772434
0.3883642343276155
0.3300376925093523
0.36317211807078376
0.3318952060428116
0.3935272059500221
0.2912920287176241
0.3596666195664539
0.38077482874034535
0.4718547951995418
0.3379447155522722
0.3545647157088068
0.3651733227651287
0.31913878044282423
0.3156392227596125
0.31637947174921266
0.33217793206673785
0.3241074059056678
0.3080789273981956
0.28958249370342243
0.29062658043052264
0.46711585942260136
0.3263302278846306
0.32354511408824094
0.33495066809479107
0.3796378379171035
0.35587827219261203
0.3224285775532408
0.3499263759073205
0.36142836856932203
0.36975029544216165
0.4090658724560566
0.44288365764845106
0.47407678536440206
0.3736777611177574
0.3706935903875693
0.3574289281801922
0.36088056763273035
0.3620860277256715
0.3525980943577743
0.2894620400349599
0.47017213556754933
0.39495473472646714
0.32820433303501284
0.3511575770337373
0.40395806774729837
0.3972915190564825
0.3773305196631637
0.3657274979307611
0.5277802707310413
0.3799995062300475
0.3890204175346981
0.3935621649378304
0.42350041308110536
0.4106069247123928
0.32119739705527073
0.40960973901003694
0.32611162167582675
0.33650928897414617
0.3153939594217527
0.3975100623495662
0.3444671339394803
0.3742434492926214
0.352054756286123
0.3267554858051942
0.3170607496584981
0.27916919395169953
0.32894665778543497
0.34674911473053427
0.4274406614557807
0.44966994366577295
0.3817096533282985
0.48182131124611494
0.34972758135879145
0.29702125944445423
0.43990259664488535
0.47836732423853595
0.4320740918543261
0.34291607457582124
0.3103162669984108
0.303022976691531
0.40086175352751574
0.39625312765518267
0.38489830655449003
0.3589066683738762
0.3178615487203314
0.4887096746346971
0.46031509517405544
0.3666418758889333
0.5323024180231302
0.33981997335500663
0.3639047970100464
0.3673219650838318
0.36244933896510895
0.34884935409500273
0.3019175579951087
0.29829025650633995
0.2871668907500434
0.3293905404624716
0.3549690460156284
0.36391147035404436
0.5322368505205756
0.3441758635578441
0.44015233032854084
0.35134617790650047
0.3750098009544701
0.37832361639217554
0.3236934468824455
0.3637521889452484
0.3860831388220489
0.29277122294408237
0.3495727311936645
0.27773115768864337
0.3464460429900329
0.4007985515697733
0.32954140201382776
0.4059195028632955
0.4196865655950907
0.3663133520736648
0.32357749356386534
0.3315056562213477
0.4414745354863078
0.3733969823324075
0.37598108764695404
0.41526725227188205
0.34876137680507546
0.34124977561050956
0.41117113469685096
0.4402265346764017
0.38871647876810905
0.37037728786102037
0.412691881859634
0.35442166171910394
0.32218474872106645
0.3844290345649459
0.31629408644921264
0.2953288682752809
0.33031353370467353
0.33920279233945994
0.35930397171030354
0.41629446366578227
0.45822459081382505
0.3280530535002789
0.32437277679827686
0.3213399855387907
0.34248234120747734
0.25657067070671224
0.33820935522197687
0.38486994629922716
0.28652982499107293
0.3032017518210843
0.3875502426707793
0.446144167143181
0.3774485851410313
0.3729440740570283
0.503205377082687
0.3003320517013129
0.5241255410111502
0.3254804667216581
0.3258940589044653
0.3365636000463781
0.39007447703722936
0.3610451070430904
0.3998283305846474
0.2915431814201221
0.30215203636586013
0.3028563892123835
0.4058126621676473
0.35149695572670947
0.2632695325436528
0.3870883650626882
0.4197705367220095
0.3961116417279407
0.3887245892926352
0.4212566891955017
0.304209805129508
0.35835850383186024
0.3010860594621945
0.3097742141525425
0.3682556162165024
0.4217200203468529
0.269071899282382
0.3962953454812434
0.33557494670651
0.3322576646381204
0.33703063349155443
0.34945343068450435
0.36946526166289273
0.30526143218139257
0.3724522482593913
0.364631380185254
0.3896933094205689
0.4197411387201351
0.3329633218581113
0.40031807115189705
0.3731118901092916
0.3542478579978817
0.3083918881585327
0.35396744698895044
0.34447829573853356
0.2685016235474863
0.40596834487245803
0.37903563182532535
0.45398565038246685
0.26318704079851807
0.3218432976966075
0.5197079680317459
0.3304429648410629
0.3081261900549034
0.3968597027454212
0.314155293138823
0.4138509244832527
0.33724883291501484
0.40127922627098694
0.3106062366252101
0.3041803962269599
0.3545568758966454
0.28850799497628976
0.4023513708541111
0.4668201810089338
0.41062695938245497
0.38938395203114656
0.4008166624427835
0.3511551065639026
0.36600331042959827
0.427896762651645
0.3126978782242046
0.34487162101114976
0.34081468598267434
0.4474936327234698
0.3463222448558359
0.41218450251509076
0.41878055011109944
0.3700505007211034
0.4311122157609303
0.27574089930338863
0.31378131319791197
0.294604437443705
0.29363285782160564
0.4392945738775528
0.4321786340572241
0.3299819175708791
0.2574345504315632
0.37592859068974366
0.25965394418018667
0.3105918575549845
0.3861071704035723
0.388138985673523
0.23651464158085572
0.45160499702963824
0.4727755551765897
0.33273783089355946
0.35415018585874425
0.4649438762250116
0.33873884144080335
0.4382989268898142
0.36400555208062735
0.42582942777212646
0.35668806633349504
0.45879930325044055
0.38403683416597123
0.3515961773478317
0.2814431187051127
0.30110307735149133
0.26803107267759707
0.41270677633741765
0.3370182809013069
0.434132194369492
0.3575974174360837
0.34913241204113943
0.3810659795092733
0.3145426128478512
0.3166031526173247
0.4522604915689268
0.27496056800045793
0.4122004520702216
0.34333537669728675
0.395528440699709
0.40528379358670286
0.39438935007854875
0.36364565913608937
0.43249723782424637
0.44626425390150953
0.44796165802459975
0.35199890176896914
0.40535856486572036
0.34871440958809136
0.31431501463262085
0.3685690293569108
0.41203922594194176
0.377526639406312
0.35965780537975356
0.3674092419922453
0.30173115189293326
0.3098682121271752
0.3894003461863635
0.35898320340307044
0.37904093945747813
0.3278734216933697
0.37823069590094194
0.29522984185901624
0.36857853989440753
0.4027595041505943
0.3606395203744839
0.28237909846781617
0.345475273128226
0.3690827047932591
0.4480319329632131
0.4515252089178343
0.39945868035485765
0.3497545797893667
0.3499866281836096
0.4171441588418464
0.3598116633586798
0.3782584896522815
0.34394324737704524
0.40628061501172014
0.3529491936891761
0.30206642043416426
0.2924947785590501
0.3465647037786323
0.39194784102039815
0.30398137142943404
0.31747494804422255
0.36939808801132606
0.31662252237739547
0.2656839367061618
0.32615806404745284
0.35316419827034745
0.40284914363444757
0.31218316031588145
0.3654313921953773
0.4801904072431706
0.422075798635733
0.3619283337617032
0.3692624893587412
0.3299077261288149
0.3535637671396608
0.3365414412186468
0.4462887639213052
0.34042584490080796
0.29861566515591537
0.36001028844487415
0.4229912277904032
0.33011972502278175
0.35092160315607257
0.35925499556272156
0.35893121916585186
0.4003362686996349
0.35386102914134054
0.37337347222711575
0.34844370830820964
0.4161884495268108
0.38532302174381566
0.39777650986138374
0.33464197001773
0.3869304860845412
0.41575162525721543
0.38487379660518706
0.29167682539663303
0.3853136818058246
0.4612682469060719
0.4124435768018002
0.29563973841429947
0.4000242466730247
0.486957211169992
0.4529297587873168
0.36764980094837146
0.3550739989978235
0.35560762474170227
0.3515593393545506
0.33764459923062
0.27019878508907286
0.34555906186305296
0.37273492313282763
0.3847197324529666
0.3258598000497875
0.2518572535660272
0.3897385059162183
0.47511691619078045
0.34057989206220357
0.3137035701887678
0.32260833467598854
0.34878111371595233
0.3205934513928042
0.3963819221727664
0.42381395744361133
0.2839874873732704
0.4140859916614405
0.3957476733501393
0.33463809453638854
0.3519581771815164
0.46407723846546883
0.43159040986386726
0.2845354297356805
0.4146869621961403
0.2820783864511118
0.4624447420928576
0.46855167854153823
0.4065783388321803
0.31110304794925503
0.3585248852299153
0.3421293886853598
0.4182877192152117
0.4195891792865678
0.3599876343588503
0.33444800612774556
0.33125746201242834
0.40641134994147127
0.37707250942071013
0.3620776977484244
0.42351514230551823
0.4482371302797466
0.39728624857133576
0.4385106239683722
0.3097473051431712
0.33776674859280836
0.3449407405893013
0.3974101953280807
0.32651410002034914
0.2197661933809825
0.40948968628942495
0.34762817189960515
0.3898187559378531
0.43800366025597265
0.32241235531699036
0.3853549212756668
0.3603908741485311
0.45533512855027886
0.35713114756524883
0.4357127536853568
0.32645261259953434
0.3662545797809791
0.35451166344315604
0.3905418788386305
0.3527399936622843
0.43257175183759866
0.388699614935036
0.3674476252035044
0.3532563360948504
0.3828136268183782
0.3502403504309946
0.3891173124974899
0.38273083032398225
0.3726763455894449
0.30226345982066266
0.3165144195913306
0.33036563816037284
0.3069607082979619
0.37461559492424096
0.31847397513116166
0.34014962790028985
0.30498746540040395
0.3669257795579275
0.3228461279334881
0.3452161323355412
0.42268387397349727
0.3673367786278149
0.2921323686479618
0.3437476237624048
0.3054534660304507
0.3980667108283417
0.3090889741675442
0.34128235891904446
