11.082819273427804
0.7791012605468923
0.4338845959087726
0.43595959629087244
0.3494980378404773
0.3496510412319698
0.35664711905146784
0.45640034312177663
0.37922318503491886
0.3218470463334622
0.5085472941432952
0.42669928650079714
0.33751961236362343
0.3673856843832626
0.352663536934601
0.36571174366547743
0.37334828487613403
0.40392924719161644
0.36862558877646767
0.4574240058714215
0.3656751031301276
0.32538478273403115
0.34210649987138214
0.3941929868781832
0.34315587571782086
0.4083338298717954
0.36538282498533514
0.3584283794774292
0.3756847971064679
0.4364738429953487
0.32831646398250697
