0.6685529262690126
0.47786469184786445
0.5608377409966978
0.7213896621357869
0.5388224374884122
0.509197285685961
0.5920102674004217
0.5183080539095843
0.523692740152344
0.4999252450658923
0.5114728951263584
0.5862017868716006
0.5689311602443561
0.5035751539767895
0.605094044860805
0.4688629799394814
0.4661996779054847
0.5491744299918313
0.5473897333403044
0.4933099060904065
0.6079015337667929
0.39451179708928263
0.49310180059184244
0.5456743989275288
0.5607942960014825
0.4830484464613236
0.5647506932342179
0.5660859563738695
0.563114816009725
0.5309219696775788
0.5053248887613009
0.6072957336357415
0.5737719920377752
0.4861548101647348
0.6163899664281302
0.48006341763580623
0.487232695963161
0.6391757214978576
0.3635545416265787
0.4544358682829184
0.5775228271495971
0.48655339088259325
0.5121304906882226
0.5205405282926684
0.4344768575215045
0.4132584123335916
0.55690097427216
0.49882589577539677
0.48252793013730827
0.5497232096643443
0.6023817296115033
0.4762951686366859
0.49529287446798065
0.5237050974010659
0.4834512565777252
0.42546362283109446
0.4510559055473431
0.5381771813602656
0.5031051531374983
0.4772386451157619
0.5504185504918961
0.5705614661680273
0.525499130484285
0.511004108390589
0.5291444615663279
0.4099371705858786
0.4922332871472837
0.42144400264283416
0.5283617606010397
0.4821125848350995
0.5056947990757531
0.4453689483743854
0.4649925559098567
0.4503071893330458
0.41934358827374635
0.4331082285041242
0.432060282045381
0.41741371555237555
0.3742410687769059
0.45973799452258474
0.46301110878284
0.4639449645852774
0.48708235947259965
0.38462223786450306
0.5475497400692707
0.4257928249799033
0.4017889721852876
0.4573102153148498
0.4806292537324316
0.3784930519286233
0.36127707840936546
0.4309219091576531
0.3305820332079677
0.29947279472935645
0.42019623078463175
0.42084578933083394
0.3933676018890668
0.42604264543177606
0.38380781275406456
0.48966502721212124
0.547433620373713
0.39803886230661406
0.40891987268653496
0.5001619296621467
0.5035382739904588
0.37799807074655983
0.3750915244823229
0.4014187411186541
0.41808503553906007
0.3777770996248753
0.34126335868955215
0.47842201584903216
0.37569868392335953
0.2916381319454053
0.38889558242359257
0.46020344325253
0.4991872773461401
0.4148419672279267
0.42217358675962563
0.40138687171015613
0.5343597227309799
0.38086103301879437
0.34639194402168894
0.4155618833151203
0.3854662928147945
0.37692424573105315
0.46331066338440074
0.4126934726374506
0.3788771115427952
0.37331971481933873
0.4600776962689713
0.41017024125529866
0.4141574322684824
0.3216362552693788
0.42752947455097934
0.487842966620107
0.3054632669801521
0.3956415858531195
0.34081500533903525
0.47728164291876507
0.38740671966608176
0.392368365870532
0.3586910012002508
0.3705177501834268
0.4570477686255889
0.4305283446820608
0.5286707129031334
0.4048586914472374
0.35437783591200883
0.3779164624967321
0.43576868402347235
0.46747884433948034
0.30627564527821644
0.30279716146015784
0.33037799228729664
0.38409022452000463
0.30900313685817643
0.37188589186752297
0.42259849634567714
0.3807901612125092
0.4476439020443541
0.3918068539073929
0.43393544904859693
0.3646787000371122
0.3215212175087793
0.43580840140993615
0.4206973508895737
0.3726027688335242
0.38483567257765317
0.40754267391784016
0.37079618156883254
0.40755576345520533
0.39268154540161027
0.3697812585397187
0.34216886696290827
0.43280788065453507
0.37609690319927985
0.3741873836962227
0.320776272825279
0.3537148034384878
0.3909857890819677
0.4132944592949925
0.3736688516222275
0.3613219926337292
0.4027233318157371
0.480042568859075
0.4923459715212902
0.407673791363407
0.3441740947634017
0.3408499555612239
0.3553545595609679
0.3961415042064369
0.4759281944344018
0.3639449385221882
0.3597327374816182
0.4109393902733996
0.3769257751032843
0.4069339242066275
0.3604451833048104
0.3366373568848762
0.2735380669806391
0.35932235109998834
0.33088242628398856
0.4102237103825776
0.36583864031942515
0.3417976971565366
0.37663412504941285
0.4067420330839109
0.4427571571132826
0.38473640287123023
0.4585824392179653
0.3868321686537637
0.40718445375550616
0.44762605062205
0.33430905200566013
0.391636541291146
0.34676647111769626
0.3672213262613944
0.4399643079872609
0.40098665420034674
0.3081740440827762
0.4019595375580023
0.3607047317513742
0.37628452176419
0.33002342680446295
0.3867688577811553
0.42235335343503333
0.41780721703926965
0.404047992172823
0.3820603694013399
0.3352509919017516
0.3823195829952682
0.3217434976297226
0.33547522993949197
0.43833305004759787
0.3599525551154094
0.4430305206344021
0.4102117387490279
0.3658482853134527
0.3310676986872721
0.42024607792581137
0.3884832292239021
0.41670629264771
0.3304041436264653
0.3486224413707693
0.3353117171756419
0.33393180606194584
0.3409461894908549
0.3537435154635077
0.5141889064720465
0.3148104308365351
0.37577338498290397
0.305387587868655
0.3338599375884311
0.45783737789895856
0.3893689977479291
0.3208098387298009
0.36563060935930974
0.4245850989664759
0.3563518891684811
0.3606166724088607
0.32611250351576926
0.37784976148484506
0.2730999736158004
0.3052375149414257
0.24859065039114703
0.3994334158639122
0.3266793833137403
0.3032794746000861
0.4952992508754976
0.32990693337461874
0.44522515336397606
0.3527123827830381
0.3597807686125409
0.3883394295332113
0.2978455057132125
0.3946387196658581
0.2784529810873375
0.41613467416349353
0.2948816032106326
0.3719951565881618
0.19881309447391576
0.3613454622294706
0.28705739683676224
0.4257106620876651
0.44831157041652797
0.3388753754058035
0.2771594171120124
0.4468293886775336
0.3726260765243873
0.49006017030803073
0.35461085775489515
0.460641820505885
0.34104275550780105
0.35615194216729196
0.2611642195438805
0.394051985927936
0.3236729385663432
0.4725220194107378
0.357162350612211
0.37767721009277383
0.37980915957443706
0.3759643505179149
0.29476956375560903
0.3120419742434677
0.3919144430529295
0.38679018288777983
0.3508438275314879
0.3262024842286269
0.3422552047711399
0.3253347238086168
0.40545203964756527
0.4141876470946513
0.3100272913843181
0.40349403793404787
0.33953377188030814
0.39102653885997857
0.3856641342975242
0.4941047168812479
0.29028540125826807
0.36731855501040267
0.43567817332720804
0.40862087400998875
0.3055534648305956
0.3937116022807807
0.3743124637213886
0.39956838314987125
0.36711774098762373
0.44866803999563226
0.3545820211952789
0.28639468893750814
0.2941535193878978
0.3046159831424573
0.25997248538091433
0.3674245664360258
0.4067943512364647
0.3960102873278398
0.4668142880083522
0.3508927818840987
0.32547753422591336
0.3859105818635363
0.363219768200441
0.3921867540745185
0.3871974915243167
0.34093167022143145
0.3004464392812335
0.32647007041964526
0.29847531030242475
0.33943046856859327
0.3158070899725536
0.3095488789386323
0.30040734679240555
0.354522970436026
0.33118530588399486
0.3616386339382709
0.26916378377606004
0.27773249243994036
0.36040100248532586
0.34244881213039097
0.2839560813685704
0.35022060244637987
0.3988210481373277
0.37092495455513963
0.35982859134406603
0.33380795933935087
0.3855674516651256
0.3318793235020422
0.3059040697320537
0.309625030064151
0.31490439442200635
0.4760288540434993
0.4184993314235888
0.5094639212517703
0.44546693960643463
0.31194469171061323
0.28873242992940223
0.32058693535348604
0.4202583146604719
0.35335392145973354
0.3838311539425597
0.3390018953529417
0.3492969536711805
0.372514678489958
0.385808468861656
0.3637769434477709
0.40092225572621815
0.36707346442576677
0.2765534612293574
0.46768622192769466
0.25935673365911294
0.31569544524441157
0.3220161313253299
0.4426653327692097
0.34528039074394906
0.2947799346772489
0.3711821963486501
0.360662811396297
0.3372164586388349
0.3896640836052683
0.25236540228184695
0.39523557159497014
0.35899117542793024
0.38869714273637956
0.334184122127867
0.3190767008993254
0.3982994013883138
0.3388671737690654
0.36826454999098746
0.3031657839367642
0.3275125103099703
0.39812472255793996
0.40103206045164297
0.33948564285934557
0.3471246184818599
0.41997364454653224
0.30285297755106866
0.2974623596383138
0.3139723359766941
0.30366478793473645
0.3721108673579723
0.3333852156092953
0.32068331652375254
0.40479137991830694
0.27295637522251387
0.36587118868326046
0.3501705208297812
0.36058243787326855
0.41634551792502894
0.4695479454328426
0.33658817109001093
0.3407047741741431
0.32507383024566283
0.33386535785099286
0.41706027238913174
0.32404676888160056
0.386658566217213
0.3702289232738284
0.3823916101843307
0.33490932601511675
0.4502144988845441
0.3861486306904177
0.34443521634026725
0.31242985439533827
0.37461277263963494
0.33014161476277665
0.37843227173251226
0.37258070923718845
0.3646398986970526
0.28282546645133166
0.3415295938404673
0.26417562037035897
0.30271693232203956
0.3386181130294213
0.3773377819194184
0.4174191513703575
0.40524722035052857
0.3838056669353558
0.3667589747419358
0.36789498256777353
0.3946728401733732
0.4098551309412778
0.3695924353356907
0.343636929234145
0.3478728164113838
0.4201720721640344
0.3687586721853426
0.3095294522103218
0.3577512443628654
0.3050451754178824
0.30704817373057824
0.3906139930824485
0.36914806582945414
0.41439071449240267
0.3186862008913259
0.3240660696316283
0.3197011552201516
0.3160611502293525
0.3914625808550922
0.34320776588293844
0.3258188119376903
0.3277341086061382
0.33064408983044274
0.4365427423008183
0.358465969523033
0.3466245213370783
0.3611590105461805
0.31078753564248324
0.4004878763697653
0.31584003345345607
0.45464785036101835
0.2814469199403123
0.3432025970356763
0.31992848460873025
0.29804088038298376
0.34830898036157787
0.32789810598765273
0.36205952060012275
0.3375656152269569
0.4111607697004148
0.39513178005387384
0.445682718685215
0.38362779594362967
0.30339760280843525
0.29901835492930506
0.3440884098950119
0.35838043097808525
0.33945856395035917
0.3044645503293689
0.36964532149924145
0.3844522568474718
0.28802202495310397
0.37517001476524753
0.34192288938657234
0.32539389584886497
0.4068620856001838
0.38965733453934204
0.42687959147198723
0.3769951544551907
0.33203312878285457
0.4215430439846186
0.3948282600830526
0.36003167914403383
0.4296975580582058
0.4031397110971753
0.2962128997956741
0.3712314429177726
0.3343683709003594
0.32092301228151116
0.30816753000178737
0.3181159583122816
0.4043196252716698
0.41889029508821296
0.3791168057274742
0.4047440622087677
0.38848586730471646
0.36354276924655743
0.3256266723265531
0.3652146369976903
0.33596738981999147
0.3266690524878642
0.3370681892971895
0.3464480988119708
0.3214722385341326
0.3798113915377986
0.2917554327862231
0.44391470935600863
0.29672395585419115
0.45843462748285163
0.3010423160378179
0.34532532816975786
0.378937263392194
0.40795621108414404
0.39684957043425656
0.42993059397418204
0.31053545550017414
0.3436919631766514
0.3018983724770746
0.4169961420303723
0.3138603873587902
0.3148277802859734
0.3230751274624951
0.2520740419084661
0.40918856959305666
0.3100583534912924
0.2982515656515649
0.351693830485465
0.4125440675613437
0.4391769508118727
0.37160806673749597
0.3555806959953744
0.2853868264747937
0.2734900121242684
0.3434262546878368
0.3339945284240382
0.3344496609016655
0.32017243317124633
0.3446315929256224
0.40685018914927373
0.3873038231426649
0.3302844367560239
0.3887025799179061
0.378448018579171
0.40296046963805393
0.366604924050744
0.36942482029002777
0.3473967212537171
0.39399673954263437
0.41376791747347025
0.359643670457938
0.33622359361790516
0.38677787961565563
0.3545158477511636
0.3725477147479744
0.3569150336882532
0.2491526107531459
0.35088529132927204
0.3669068797929962
0.38099127287702467
0.35039379902005335
0.37626833723950465
0.3554374785376761
0.3057709699519792
0.3402990816520635
0.40595255754189796
0.3691923708651505
0.4494807948745925
0.4072797873158343
0.38483212873888706
0.3714298212174716
0.32516518252509685
0.27910697616308683
0.2834704901486711
0.32879961780367284
0.24597932253813953
0.2723141798943318
0.3354762886511657
0.33880608217793745
0.3557207847577616
0.3782949761113018
0.41755072549525524
0.36717555863483453
0.35634605683429194
0.4624807604771565
0.35776917786351636
0.42638492954324236
0.3370856731085378
0.37654846013152315
0.3711684026183669
0.3280953932542616
0.35464650008224785
0.37400186645113326
0.376358218102978
0.36247406718896474
0.3026966155114782
0.34423811133722027
0.3311193215523489
0.2881959721590812
0.3816296388962641
0.3746321208092268
0.43224726719760137
0.2849946269059024
0.3552530728059209
0.3594083073490366
0.36911750999265
0.408599865666933
0.27210711492384126
0.39743446456556036
0.36706215668383474
0.3341697939583207
0.3745255779458846
0.3278542041282688
0.3565831514377031
0.4214977525383435
0.32776718241840774
0.3145767920809282
0.31301371977393
0.38775928637065865
0.2996451113485641
0.37242691417728624
0.40315606439668444
0.3425850248917787
0.37757166943683623
0.39618162079770713
0.36735921383631986
0.32372627132951143
0.3912956155519505
0.354707428026995
0.3931479898843466
0.27665695684466096
0.31494107713482716
0.30992484242437374
0.42840810570577265
0.3609277622332401
0.3577666327370806
0.35913283334718155
0.3853923217653115
0.5199681588420054
0.3661538698753697
0.38939805295249963
0.4362687767751549
0.3529299996015271
0.4069370268140872
0.37553735306202385
0.5026167597348359
0.38407023254347356
0.34932770239180405
0.3543842525292801
0.4084007430155039
0.4104798536853988
0.4039390597825048
0.3325939219104322
0.32399552561460193
0.34866773101230486
0.3845923928525077
0.3876461223612749
0.29929816774079426
0.38198194875385283
0.34228874948935284
0.35183075893200555
0.3458833787916806
0.3420025229472861
0.30310703277710904
0.33909402836247265
0.34242470351030485
0.3954516214251349
0.3797012700014051
0.39403846969020045
0.354066335206486
0.43626633320736585
0.26645168113006074
0.24180721779850092
0.3493416589462614
0.2267239509887288
0.4251595394147351
0.4035086575769924
0.3283844630685703
0.31933046878519644
0.3394448718292066
0.3185131457019252
0.3215860779285329
0.3258359408168188
0.37509039302703573
0.37985783848848426
0.3356281830519653
0.35280812101820014
0.2958712396241489
0.3919933639090742
0.4312542375069096
0.32741230572855173
0.3639037567984785
0.3741377452429854
0.31142609375646024
0.3662901226634737
0.39772445949707763
0.30266010309963043
0.36174682243724277
0.3655193213875264
0.355258367572087
0.3038533611041385
0.34760313261866205
0.273998968823286
0.31119149440099614
0.3199898170029769
0.30533057337101616
0.3790546767088708
0.2672543604586873
0.33507002772729944
0.4553343137107014
0.43700843121406224
0.372809154009394
0.3563000940568286
0.40461958911096846
0.4234394362807056
0.39290288189466205
0.4056041252997056
0.3812956757685908
0.40002331362566196
0.334620757811361
0.3276321984237627
0.3202701969990216
0.2614483019924663
0.29799823861087205
0.36363551640336733
0.3903737357541608
0.3083321366021165
0.35553614671087713
0.3797782201458688
0.25882831003364665
0.32333326422114345
0.2986863173009293
0.3097887634784913
0.383711411570426
0.3997293667448987
0.27729629711624815
0.34248787633984185
0.35008651657237805
0.366220747680644
0.3586604700074086
0.3814383258904297
0.3370843779272094
0.41454179631651367
0.293557288061781
0.35139633259477665
0.4043289210300604
0.3202668384987801
0.3033446750861457
0.3837194058613123
0.3408952662397937
0.30373660844666267
0.3637655335747575
0.3654479962237585
0.3248340644355926
0.3541649112561507
0.30836462084202915
0.4119597129890827
0.33630491578261457
0.299093198785355
0.40307182300978384
0.2875683945871357
0.3596836769808117
0.29398955225514645
0.4148346742024522
0.33029978414469696
0.38505447604565735
0.3352825118771225
0.3392431181154044
0.2765098680395398
0.38021910337161957
0.33242595430157745
0.32196656156348724
0.41465983262580974
0.41966753099268006
0.3078972344254958
0.31635343764484375
0.36787298617792935
0.46701589820173345
0.40933306752198473
0.44742932474367453
0.29569850509001383
0.435236715345547
0.3491606790511128
0.31394453976957676
0.31594962653876624
0.34334410470612003
0.32424582945631913
0.3198852970864098
0.33165189367595954
0.3455793965102336
0.32998718122307324
0.361283818567008
0.29415031949573794
0.3508616784872654
0.32690327383002654
0.3756094329961932
0.30412965256929814
0.3802344464625163
0.38456940400451856
0.3087406053460682
0.37626369788392094
0.34844160507653205
0.3943122592434231
0.3487676520627347
0.3768293676641328
0.32135513599176385
0.3333868621918279
0.376765447930551
0.33657780868462633
0.33979360921205176
0.30900605795782715
0.41582236556523094
0.36468782814082573
0.2931864285213297
0.32066724918098577
0.3606435398650817
0.3434341634320541
0.2518188432116858
0.34630935498040305
0.33352748890041384
0.31804093425815144
0.31855290567287703
0.3595651689863489
0.34332046381246206
0.36233731083084214
0.35781387560925104
0.34941685134130557
0.36840187671238955
0.35835815996122106
0.2715024371969615
0.28849926105275153
0.283460536279952
0.3727515565769184
0.40437029855963896
0.31336401535730213
0.34363346330291317
0.31931172331544555
0.4490253726198895
0.32785597564128993
0.366860842030655
0.3127699927328131
0.3422672098535821
0.34186501894863514
0.3807646365039052
0.2903702259632059
0.42324676461934235
0.3704710314816608
0.308101156028038
0.34662246851345013
0.4753384975158923
0.36200001276893495
0.2902647032534733
0.3743304334018964
0.3611251211484439
0.38304203139454107
0.3727258895278263
0.3543027618513773
0.33767464685484894
0.3324525062666129
0.3131591717458143
0.35274737653071764
0.38329385994969134
0.37975845972719235
0.44629187698830475
0.31246574674714844
0.29628982264231474
0.29262480259973167
0.27325014671507497
0.36080424943907347
0.36457085009358736
0.3690003079752305
0.3633574344933392
0.3583264439863941
0.32939265556148345
0.27509016380039725
0.3550292335911798
0.3785981748049863
0.33572338983208205
0.2469241543472319
0.33795138824165866
0.4206201475027479
0.3298679044623468
0.26416768127962204
0.31467722294054534
0.44188914718201716
0.2880777895705817
0.33765860148546933
0.3649687570093235
0.32423961711972915
0.4529019850489437
0.376447170312811
0.3796906000144903
0.3774286256372248
0.3036318323450917
0.28966444429166327
0.335781209338048
0.34955899898899145
0.3968381162263483
0.29105714010853617
0.34172664790133817
0.4101074143461519
0.32234880466551985
0.4276379581863187
0.3941967463079631
0.36607249670473613
0.26715291026468646
0.3518354132123076
0.3389167904816892
0.4276136110300586
0.3242550309007892
0.3127421086273994
0.4117868796792273
0.33139220234454797
0.3949972240761097
0.3053746836295257
0.4166816748288792
0.33593191578291776
0.3570571114022166
0.3336225475786603
0.46352430199404887
0.35654121132952227
0.3532399407000669
0.29613271929940765
0.337268868558542
0.2838405688413699
0.3048794503529598
0.38715464884334316
0.3339478703421723
0.27432077025247553
0.2536440404803749
0.29835312984512213
0.31257484725338386
0.4567513091507592
0.4197760813259435
0.26508078647556915
0.4371679979465231
0.27614748786373206
0.3101858775832817
0.38680473504186175
0.34099924174140916
0.3670266722165477
0.42699434608762943
0.2615345027357443
0.2598815258900965
0.3385275524775218
0.3886621179363472
0.2955764934384755
0.46487957336618313
0.29961389294053076
0.3524565652073462
0.36384307582971925
0.37084783555954565
0.38507370379720174
0.36496605991680525
0.37396604047848697
0.3533794404529184
0.3335190315024711
0.3533029181169291
0.3391992119859887
0.31217685356850866
0.3033469814237414
0.365328261412912
0.3923751795321038
0.3488488751198583
0.3378378479733004
0.36121580399275044
0.35128112808623696
0.3033000216273905
0.3124384456449528
0.31124043081241803
0.385916580098348
0.5010785158042264
0.30102827157004763
0.35574834856139614
0.36584009642598314
0.3444391804797637
0.40973422589361425
0.4094857173213832
0.42524638224932176
0.34628051924045167
0.3156235736230112
0.4257289337815055
0.4147395653954654
0.412325052581459
0.3764310601815996
0.33127566307045336
0.3474579368545762
0.2830171787004931
0.4279346496445711
0.34291797212642144
0.28622623219637683
0.29314013004944695
0.46111631420193644
0.27694266705510223
0.36173344372625366
0.3557625553388999
0.4457614288493244
0.2525861139657635
0.35317171798875047
0.36274378955692155
0.3332739892406336
0.3561266231981145
0.39799025545828687
0.42310300205721235
0.3171954763336894
0.41186844705058
0.3509734995244962
0.3601181402111753
0.35717907675225663
0.29719298776123393
0.2880625221231327
0.4628114431447468
0.30217548984602827
0.23575859564371793
0.4084650666013305
0.33831733015727483
0.38508184552774843
0.3548198222560384
0.29114096477209217
0.3536104579338196
0.38386076494572247
0.3494042806590486
0.37224196023612094
0.4035139841564509
0.3102128030376848
0.4557696676659015
0.2774541609479011
0.35649106372337774
0.29944702989974803
0.3712709281302583
0.46760363348006095
0.4135805179359789
0.28668366985603255
0.425788448483238
0.3237835928149141
0.3018513888655497
0.2828948099927971
0.3376998215420098
0.3299209206209561
0.34837420195425495
0.34301769500820156
0.3169088308634929
0.36148230028892936
0.3110505795559534
0.4403280051337251
0.3810845562738907
0.34529725646963366
0.35531278081238427
0.45122393255651577
0.4031825408351083
0.3794567305702734
0.31954120336991926
0.4190709695386408
0.4020781928847801
0.36328194214783727
0.4089910600750894
0.42116317189852237
0.32811475365788606
0.32171588112626137
0.30191385774501084
0.29236996665803183
0.34000214413237817
0.3955795668324467
0.39359903356927944
0.3168116278750059
0.3169288310610059
0.40656810959732065
0.30735168027251103
0.293608043768707
0.3721677133191252
0.38606676027065434
0.31678408760821497
0.40238065475865276
0.26185652567709555
0.32449224705056984
0.41154678750847173
0.3323463928922645
0.3196998349650452
0.30025343417593475
0.4231216798191221
0.2946333532743849
0.32429087696282416
0.4368600881806902
0.41741518208646483
0.2952946253585845
0.40515706504989263
0.28787269572997354
0.4630203102867406
0.3794601534753827
0.4954975794417454
0.28498528562836656
0.42412574814320825
0.3693131394183721
0.40976742565424196
0.3984410437883216
0.3627413049102419
0.35733150485227755
0.31508172243909577
0.3826657454880762
0.3759301508386355
0.2927255490348514
0.3426048409052806
0.3079079929987963
0.3340822433068798
0.33526769430355924
0.3687790259934749
0.36843434802308
0.34389177423961526
0.29153239989660873
0.3179214676157309
0.3568609797068309
0.3252429832717056
0.35180516053122296
0.45118638522586646
0.32299078618369126
0.30121364658869615
0.48683813625668737
0.3882380330370217
0.43884536353429354
0.36430832595704404
0.38939201806743684
0.45869235964285426
0.4000495159178221
0.42091177862906476
0.37750908912938486
0.29823409042639
0.3488141777142536
0.381035501713703
0.38424340721992345
0.32417225407782607
0.42078542971641864
0.39085425913326227
0.4745541286655275
0.3077506309037549
0.3782224779424636
0.28730097487722667
0.36445799647437227
0.38334665063971957
0.40534744053622696
0.3907211547650711
0.3302900831755686
0.3783870985923201
0.30127452799055204
0.4054660224480906
0.37336519502816323
0.3280698634424356
0.38547877408729425
0.3639119977994799
0.3406935577251379
0.339652929633033
0.2871138933733121
0.37991370342431047
0.3345967596765689
0.30465345322963544
0.36255995318543827
0.3109228956132948
0.31511431981125376
0.313255386003484
0.34141283023820557
0.3140960248220124
0.35274916786489485
0.392340818157155
0.3626819224207067
0.32236909909581263
0.25192099884271446
0.34405102312077934
0.33882920633568975
0.2776161173872139
0.36068123359283827
0.34394364868475424
0.27674580311424396
0.32179365637766427
0.3578181536528456
0.4200700760095292
0.24120705330686154
0.3835095515943757
0.34502649336286045
0.3642691701494376
0.3368450763152422
0.3812232305575693
0.43658730941258295
0.36792436758179653
0.3053629010006861
0.4032107157428889
0.34637259110660795
0.3301712372165154
0.32807147318519897
0.3404270910957941
0.4043701988876321
0.3690888553084652
0.28629922391747037
0.33466645252504745
0.3269773490811609
0.3284198861558863
0.3212804630779129
0.36875463063078256
0.40392567852038147
0.2967038675999676
0.31272147183647087
0.39357281819013445
0.3924080161544195
0.2974022573474562
0.3509626192726868
0.41053610794865103
0.2799717758635619
0.39285035323205386
0.3102154974961228
0.3732899994298554
0.30013167056033024
0.3500678653000103
0.3429248177711487
0.3915918900617376
0.37561138392835214
0.29872411721990955
0.2799277201499888
0.30507867878910194
0.33428238886469747
0.38284357560784144
0.3020764316586522
0.41325782961403457
0.40582918660859546
0.36972146615051915
0.36322713221085334
0.32995003135441314
0.410637604454733
0.43708959414151966
0.3329453392652473
0.3264123391515575
0.3286621193314065
0.39824422709883783
0.4323325272188181
0.4020934639378551
0.31186784102018594
0.37391793053766
0.3776295331182909
0.33334104652683205
0.35282808432951285
0.3991047932352336
0.31993430246820165
0.39958557389915983
0.31357568228483634
0.274389044934349
0.4490477054059238
0.3887307738732726
0.40598941560839474
0.32635119121230505
0.3024733907835622
0.3393018773798353
0.372406865731851
0.4551715211216897
0.3814425351592198
0.36043024857929484
0.3721732464564063
0.3629380721134208
0.3313584053001841
0.35755431890492884
0.26724966648509163
0.3383485523843605
0.3105620390055942
0.48855468791776047
0.34139014165564496
0.3908018939289979
0.37055760849394404
0.31603642505439616
0.3267589525984386
0.36515379776367796
0.3580159631575879
0.3485003804077693
0.30662027272987435
0.34376584586354664
0.387786582024241
0.27327064190886713
0.42451813097464425
0.30567644821450346
0.3339612578335243
0.41923278774886835
0.34697777568733457
0.3161140613167373
0.3500908783352068
0.3940590531919723
0.3483789005952163
0.3368763590070623
0.43106430715695543
0.33099047253083935
0.34089400632861316
0.44585198515677454
0.3189952025668922
0.3172807902068814
0.3618374304070995
0.3136050667709918
0.3131734963069626
0.3491801770150789
0.3175084232673496
0.359188372879234
0.29340018145302954
0.3570278546713273
0.3544504445529426
0.3624012269694954
0.33624635204067976
0.41268224334487796
0.34318423022585715
0.3967389922813077
0.32397495762933265
0.33052985196034357
0.2514496977493912
0.360796450158605
0.28463587847622696
0.36583607127428
0.33908074240174485
0.3128429436701302
0.3885257992750977
0.4689875662261643
0.3918705522406996
0.3944726661698938
0.2962913776012413
0.360720553712859
0.4448882897738986
0.4047820197066027
0.3421146420893314
0.4220275406906232
0.3521594947424745
0.4010979867545189
0.3833824849488838
0.3077892286074211
0.39281198933062467
0.30066068013562075
0.3334644116992621
0.2883178675351614
0.335391310404278
0.30712893848187156
0.31250126964818353
0.2916965326143208
0.2973765721532974
0.3430069379021802
0.38439774195590215
0.43004408122261195
0.2888324431306574
0.39195051460071245
0.3326235194991991
0.38872793226386665
0.38764522742464413
0.30298425456333855
0.3305224312596985
0.36624145301095307
0.30972853006112094
0.31075520662706446
0.32908438254437267
0.28487982018331925
0.37643975578040295
0.36204055936921825
0.32753434556881744
0.3158261672632096
0.41030720735528514
0.3008518797305946
0.352902098017975
0.3419170581220072
0.29087987707727575
0.3532570968284032
0.4009982063809485
0.27708368774957687
0.3173107924784693
0.36661425076763327
0.46422628286219697
0.28424917876064787
0.29932443787948215
0.306128447821698
0.3831553025474299
0.28186022900882446
0.3195475258825209
0.38848984691738236
0.302556089517733
0.31163928382504535
0.24970123285374662
0.3653369881705397
0.3137357359100314
0.33643253737469136
0.36389258801499974
0.310770835372034
0.4246994286473375
0.4039525036592697
0.35317335941530986
0.3030360820137242
0.3749814016140557
0.3591664476416979
0.3229228029938974
0.3995083081771859
0.40723489084147546
0.31374261756803296
0.42404442488668886
0.3558745948677101
0.35595558635569685
0.42366932363947224
0.4277170889392239
0.3876792559073116
0.32305705917370264
0.33234919010563535
0.334203647509734
0.3831694248239555
0.35427614905258503
0.3703302276387231
0.3569408446284491
0.27389270538169036
0.38680772735858027
0.3292748992651651
0.4230001093250806
0.445580884197862
0.32808157642630775
0.4224588067125704
0.37410986604090823
0.44071553071698716
0.3960339017910326
0.30033286339761706
0.49506287498069484
0.4669222744575339
0.3389337641815483
0.3494033641282192
0.37414297984290784
0.33165816065165615
0.3410297062247217
0.35912834982703035
0.4641196830658196
0.36927411325489723
0.3160287675004938
0.3239512325193787
0.3835666631198587
0.33457920255489143
0.35460143742039035
0.35735020853876354
0.32991281793225957
0.33646889933050583
0.35860868189196493
0.2876673817398697
0.37487493749115774
0.2940027064002784
0.31797319174762584
0.3440562363913022
0.3600455950161415
0.3961844643411543
0.3161147773399926
0.303330479346107
0.3631988140918783
0.2761583345510003
0.3446817217609204
0.5400064874829518
0.37572099303371115
0.33423758603315545
0.34554911927446214
0.3525309848302758
0.3756721599692519
0.3306204629768381
0.34239916588438846
0.3759005316095006
0.34721565742033694
0.3187938959246342
0.4073502622485812
0.4018490782545854
0.37426990832298584
0.4436036439292456
0.342613951567037
0.43866754636697053
0.3381112647231643
0.2716216150678618
0.43680932474390327
0.35789452451020004
0.3615689260123317
0.4414927461638799
0.32222389238991717
0.3617511938579712
0.3503308885203172
0.33915787377855683
0.31608312901644936
0.3331775372678076
0.3071913054051131
0.29678948244114006
0.3843393982490142
0.3694488128879037
0.4150224106812729
0.40204823712348337
0.31543696083273254
0.38480467426389936
0.3588866378569351
0.3275497064581433
0.351548014862487
0.3081504349026768
0.27006075740703994
0.38918308383345845
0.39283921208139944
0.3367811424550585
0.33094693439568723
0.32748835303601487
0.4545253259404034
0.3103857384197299
0.36996223026267766
0.3674185050105386
0.312584114042287
0.30313777905921996
0.30713949538967084
0.3102838972979286
0.3559420855020215
0.2959676990902334
0.31034129001882294
0.37667525883368985
0.2246153539227094
0.3879085523214627
0.27965626117237274
0.35972862846242454
0.49901351183708986
0.40053172723184016
0.30025328410662494
0.36561366506564463
0.28504758241537054
0.3467452256014172
0.30344685033624613
0.29616487353649573
0.2687256866291311
0.3294427788355614
0.3184598122697022
0.34183397696663875
0.39647722533312485
0.31305299677365594
0.290251498326137
0.36122104793740256
0.32926888088901357
0.41766895715721014
0.2469252909178679
0.37030534423057726
0.2958058078072875
0.3361015289454943
0.3224319185349106
0.33263557046510506
0.29205253987471047
0.3358395753974579
0.2701320799920898
0.2805562752018624
0.34616842649055307
0.3347852627787136
0.3351216884599441
0.2755711313168704
0.31675119304949484
0.34821741342564577
0.31027416136279296
0.3701823502846281
0.41392884785004896
0.40507847741017644
0.2867939632402352
0.33136430950921475
0.2963170907415781
0.40966585624304463
0.36942535059429216
0.3655386828661186
0.3146677699671956
0.33616612076720426
0.34802242048751075
0.3072786403828237
0.36164492605346715
0.4564382680348952
0.31318872558407207
0.29509326138373526
0.40899964160937285
0.304959691723919
0.3349974022702754
0.3170582598253787
0.3341153008484182
0.3424186432744638
0.2868762132590901
0.3366466193320844
0.3430115400505407
0.3403558578736681
0.34910531336123146
0.426066041638937
0.34125634393482096
0.3711512901189652
0.33608839160707676
0.3716815950762641
0.32661991893368286
0.47415077870921846
0.4207148544510655
0.3418094722275044
0.29961565122912204
0.3262226877259217
0.33594745512183927
0.3898252999288635
0.3501806811276125
0.25225852803442295
0.3601520880620737
0.41598302911052015
0.3555795415334089
0.32226441775901954
0.3051412748537103
0.3945404217493383
0.35444281093035546
0.3475548289410615
0.38861487904939107
0.42504224144879077
0.49117152047733037
0.31757466455877154
0.3444774719677623
0.4011912954611284
0.3467398672632713
0.37476220438994773
0.2743502175035113
0.4314290320542787
0.3199121855649206
0.36208587589439706
0.33509636387114444
0.4197201903988
0.37735612157908555
0.4647458943225279
0.3505325029297178
0.2633931544784228
0.3985261747638387
0.42151493537901413
0.4343191897495162
0.3381645642756036
0.3520038172547673
0.34347537881945944
0.42217925729361205
0.33909587704535304
0.3279701602090627
0.42101275410612304
0.32275506020455724
0.32783323088183286
0.3354937106709373
0.46184216617355645
0.35478776307341897
0.35560595273035567
0.4059085762914721
0.3334496421776844
0.27328419415896443
0.37945232591462336
0.35302782088102114
0.3360456465625372
0.4556807929292334
0.40101841537957333
0.4017595579083406
0.34863626805479725
0.3758787160257561
0.2790426741145301
0.3363014489982796
0.3360522812526109
0.3035664116860055
0.3290981892485159
0.41857523009270275
0.3312885488203211
0.33430174342573604
0.37630095239924644
0.3762568132495628
0.3787149012620938
0.3840876080421899
0.24252250817827128
0.33784822535400505
0.35469893410424896
0.3151461733013395
0.3547469530078383
