804.7981110523624
531.1938384455239
465.5781370191497
248.1832546535857
267.2544275293257
147.02285830077608
120.08509491833675
121.16003087289373
83.99005421848048
61.98400190697516
87.9947490712442
107.79727454429168
127.8519164612518
132.84458869683715
98.48085282351221
120.04635364256006
151.41793651072814
148.64945041763684
143.8878194968513
119.84343174036864
80.79530054931152
94.16089235324111
104.42338777489972
71.18308582117079
57.972439847809696
72.75101169122426
77.96504071751332
104.79293271556706
135.4332201464823
106.76428517930555
141.8508782821003
79.72625007150907
85.158894300224
94.69307541698481
65.99629580850961
128.62096145246872
87.94285174396703
49.38233629371765
69.23790632127778
182.25362981564922
130.63633923691012
109.93640123956465
65.42886159817995
107.4366389903223
81.99411638718192
86.35045495763474
115.91344532787315
111.98698648093183
106.89839424895926
106.44705993326295
81.41965747390799
66.15891746724614
88.1155503664211
68.15434879922356
112.0959843979821
159.46391812127484
77.23273439656097
90.93915808478148
119.15324885773633
92.16794637739142
136.00043361235834
98.54884773458723
87.23135678300702
114.17185189909551
130.31872215584056
74.67126666772216
88.7994214419274
91.40185895394379
116.34508943204287
150.91250785584054
120.40950055387145
71.3299322586772
101.4781157705383
86.2305141127642
85.78432667321664
92.53643586222914
106.9841656566194
66.30531031793426
86.69999172654566
105.33080035353257
67.62626843989477
88.09905689092136
73.01315232498932
58.02258345202361
120.82618018940543
116.07551845703543
173.53988824693275
90.45420484867363
111.72679099545194
102.85913498419956
66.84900763470743
125.01488615150129
47.0760133084379
93.74011174602612
65.37997651543229
165.9184159391969
120.38748573801199
125.78851217616607
79.94970695958548
81.29889969932785
93.67418800039009
74.06841679920005
73.31403547980806
79.91337338716943
150.34923689712733
106.996150531253
134.37603056338162
97.52007640047805
124.39091234660754
68.08010496299272
98.11185518730996
109.50718021237593
70.1735736513012
97.18816690744124
78.86484401920362
147.68054626773227
85.19655695967067
113.76043748063283
89.53503694286596
117.00556332841523
82.09705088676445
97.41772884330878
84.30107763022023
163.6357264029754
72.36833485280656
61.53387192261969
82.48355150228677
39.75822010662876
100.07421517944006
65.13288855654928
53.245375800354346
100.51479574971265
120.29081312804468
115.71531692419623
93.67155597036623
105.65271008325708
127.20513868931229
138.2751208583548
103.99670699136709
109.13528896975156
68.21091120024951
110.38590791651986
121.32609129286422
84.8868220668702
89.63045897298737
156.16026905498367
89.70985031835778
79.48812675474154
83.51230497398112
92.69449084629733
121.57319146676191
94.21497354180978
85.15602672294435
91.21548155223687
119.93782618596333
87.86414760804563
106.85880435683603
62.4641303679977
85.79656316373777
122.34892756910673
81.41305193138338
74.70093065206102
67.56269069541565
93.62960374578347
90.51001880645123
58.353092547651784
113.10306887767128
53.077952119202344
149.44552390601112
79.64566235467043
71.35700273514428
98.4743353862275
103.7509716200397
60.36516030340871
81.53158684972351
76.56710387994842
117.90007735938191
87.86808072350173
96.95521590169326
103.83682176191797
109.07918942735154
78.60715622003987
90.29281115984755
110.32297255705541
74.25106375792882
86.04774841666736
110.61097648659404
129.63093711446757
103.87768561737917
97.35015846101622
79.56427496392665
80.01611197223664
51.623483143661865
65.59240543913063
77.13105306007316
85.95096950048685
78.33525954304487
53.783632070642454
91.26287124007733
155.93444888138228
82.9076011705126
67.84593756263794
96.7203362022299
77.24503896606973
94.44269869568589
68.37670606234553
64.3651677580908
124.62270790463053
74.167404145602
107.52779766956648
103.27288631629754
91.2259162371097
154.09718876614434
82.87459389902405
91.87143574156536
105.45101794879103
119.9838353744169
153.32754678226243
124.0795645165767
137.57606526886468
101.77305005108444
139.1404550248927
111.10336437331098
84.85889087121828
81.73627224512117
73.15426214589401
108.8149747930891
123.91871942403274
70.60941852299669
77.25528404269436
118.38850979336229
49.14873455592578
91.97100286118449
61.83351311761393
125.2529795084606
154.69181088957623
83.47163195543665
116.03748008314301
107.26529250128682
96.52248500317542
109.22809715975235
81.61996795021622
164.45467214423937
93.62504742610213
89.21457071288596
59.82926611595166
70.62345916611655
58.41120727606067
113.98791577522174
106.32657038821858
92.88427336915825
70.87061737404319
63.03603990448647
102.14325067300103
69.26570461546291
71.43751566858573
132.45238096735557
132.3840698082346
102.9156333670511
99.14038862247598
107.51459148180065
76.83060608730973
140.54659737406942
75.85584993887383
53.42550156097303
101.9985697019892
103.7946862581524
85.0062668664733
73.19080017876894
91.43826915549033
95.34638392414244
82.26880925747801
113.19382907817841
56.84441249149168
146.13323427688886
80.49729419027294
61.129738567128655
71.71913565075211
84.12509319984038
104.24267597262306
158.66106569632373
90.61289007373354
83.78076442322882
100.14956660986762
128.55924235212288
96.9012084913217
92.10497790003895
71.80130876791733
90.04409459369275
75.48941865559851
62.05766607657351
62.686434888953954
95.66409563056204
158.91033024897754
86.41628743867025
67.01194736630521
71.00326566017321
63.814739137184354
153.40346996995123
65.95080910221014
112.81808409264895
95.44517127709706
98.9896488110715
68.56382146284884
72.5901007409692
71.65899130246522
67.20996445112385
75.71484613848935
56.315105059443326
102.23386368178078
77.07695190055108
98.80195871960005
56.65494377379867
84.88961367139338
140.23854561552568
83.5295340192907
102.04602117098946
68.4109145960262
93.14117052024258
81.46799573539298
95.3507127481491
73.63764273364612
56.50505865869406
81.94243904005137
60.34178327367694
63.290853773439245
45.696963618233916
59.16585834457605
82.21244412374209
49.431162801141205
83.5807369792256
31.21080245740871
49.508341952375254
66.04551558519215
43.69065356965181
27.58222462855782
71.15945953528929
34.982705702517144
56.27516381173305
20.69950964051843
46.10384109847802
79.60376851061723
52.19381678379052
75.60687637472768
71.21860543228253
32.474031401903574
93.16600196137813
73.84691375238698
66.22379710613069
43.93100633889725
64.1789229616195
69.68052725474094
40.29768595974485
95.66901486655223
121.50935704605254
32.145145181425505
51.282447702720745
85.25546247003142
29.498164416271607
21.05441552812071
45.87615103126211
41.12061495025661
75.83825144481287
79.06443544339247
53.93263225270353
31.95388675742202
102.15221610669141
20.497980078632736
25.32543091873187
59.02443184320557
44.150270745243105
20.98161076543613
49.13702125344802
62.503180822605344
41.05851092274103
30.055344718019562
75.56143297532842
23.58080871171894
75.4678676538812
45.957346723061896
96.38454427694813
69.88085069752672
102.25090934165024
55.808848307473866
24.49026536002424
82.83839350932784
38.97949382599116
68.58238467403945
72.04219581983976
60.643877012707314
55.52674530489941
39.480444044003086
32.1595033330099
43.16957128590553
54.74358526955994
31.523864514177824
37.59475572758972
37.11151595877576
68.20650540405188
41.31672635041629
115.80245673220911
92.68761780873696
16.942758434275852
53.71494894537682
53.17393190696412
69.13320842741705
64.57498393402179
31.878656602109007
51.73964967465333
56.17311474359361
46.517366219851915
91.66570671049861
38.49162655142099
42.56446321105872
100.30284606554443
17.978568048841407
62.61854187833674
33.864346049078655
26.47721456649821
53.653686051680005
34.18091070900077
43.559271038810465
23.48111470636523
42.79238440564406
59.62767718158758
41.40386962972678
28.137246162772556
59.80996923116524
79.70020329426033
45.115340867179036
47.16955447783951
30.302348141860413
28.148353503834112
24.413333943397202
39.619470410469496
43.641361444753294
30.82837045482692
49.70327203045385
74.04829484103787
27.35039890461967
84.06476502865394
64.84220033137305
33.66229875274473
24.556384129008293
39.8563094143433
38.512846862994074
30.326250049117565
43.395149362990814
29.973463030503606
53.727943664726496
32.399778598087074
38.25444186931505
37.346674654988526
52.22944303580995
49.386680215178934
91.34609920093041
25.201546977302858
42.774970523974346
26.154072729969595
53.669395531195555
63.75279637302835
72.88402904244089
60.50506353541747
55.78438406012387
53.71878483787273
78.55596201367142
35.145934352131626
36.40927784572599
31.71063755515222
19.255330702307774
56.663174655828165
57.58063153950601
16.86506948707615
68.23647066512486
40.96478509065369
33.53404370175785
49.286802681610794
68.23909163888358
24.203167384052524
42.78384799046893
56.390665920366786
29.35702860665364
69.24195372642151
62.73425249917091
82.3770282282581
27.450053301287713
37.14522439234429
82.48342840018891
48.42414163625946
19.07195519606876
80.10498060616345
54.95948508660693
45.22944261167185
75.34521365955456
14.00774423539845
29.083962570484406
19.449603010799557
74.9437057272808
97.67288594493498
44.21258939334691
44.99659772740874
51.36258224607306
60.211380403422844
64.93387596548982
41.73368826634561
57.32077898358621
55.5822924767463
38.98149227388923
59.25753177814694
61.662228859835146
13.09162144975821
49.64027132724611
59.30095990297149
57.22392035296576
32.99141238562452
9.182454913921493
63.679959521744756
33.44861073677022
84.58726925886351
33.89724996340997
50.27521041341338
33.130003797928694
25.225073083346633
57.09429795467389
37.498590676914745
59.42880132495838
39.40406780749055
47.89030138098006
50.22064056111666
44.72702825657342
48.34609204710067
54.95015041292157
16.071842393168755
75.9216499621453
78.29374500310703
56.628995344850786
32.59199998851675
43.53665615352703
71.68141755929358
35.10949961712049
40.72548091151695
62.1030569894804
50.59589642960026
64.12384806107633
42.553304581666985
48.52636002411634
35.26838691217965
67.20118399326319
69.0825433925055
44.115558210751566
42.360407405369635
35.67779737634003
62.38550758903164
17.059634596343702
60.59528261819498
44.017814709912315
80.96289974474894
75.55222008279037
67.90493827473664
30.84301637186156
28.14392698265919
53.17211706023387
117.12544307833663
25.10769885107993
101.16899691166243
20.83768728018217
54.93817547262172
55.362075610804325
23.88750705981744
77.46965595732757
55.92153180319196
62.36678527717042
59.12562936751762
45.82114460562095
62.52592892999223
37.08882196031679
87.33375707575792
53.62540324046361
66.99765854643803
13.473953905650646
72.68936682358087
84.20989668447277
64.10010522447755
63.762236177333556
95.35251918283812
28.968645090978878
42.28730644646243
42.679318839938325
47.835902627450544
15.287716961132828
30.559659305196618
38.717574487011234
40.29011455360067
11.059584269275641
82.58735399872003
7.000955909033936
36.356183374591176
103.30863232239744
39.17141399104603
24.312468677451836
29.416056124217764
46.09335415678256
42.10441479147262
47.12484012259609
67.82208744468782
77.20043341311299
52.68551315522577
65.86861894628306
35.92939054386924
39.7752108452565
33.99442741722146
24.569552466355983
83.4316181293185
99.19208178338063
104.86601729263893
14.612876152450779
23.15732531562109
15.629097004108225
25.18920012553312
63.96223749972892
82.13325257514967
41.64245972697609
40.010720783540854
55.3771881025916
95.97655784484158
76.156012972624
100.81174689615662
59.669126733303656
18.39168405033703
53.06867497862849
36.28436216750024
53.40210585865003
67.44795296915018
30.558907857048386
33.56931915850705
50.28166029775668
70.05728236294716
22.993459405492843
73.5790210545719
30.0859407032455
41.12149690703308
67.4261751625656
61.43971925434148
35.28328624975786
96.9198968042894
20.738970516964194
47.55032130882153
74.6656578151467
44.0916546484823
60.77671572421958
67.5166564860403
56.41021138822779
45.40229413305968
78.20064320253043
70.13350981847127
29.811048977509063
53.64553635497479
77.1037178339401
113.22178713644912
76.10320212410659
56.4553313078871
51.39230986217657
73.8047585494683
61.913401906384195
59.1040595853852
38.90980657061435
52.0676969445367
93.94135466589493
49.66272124428722
81.90340383629203
60.33087159644123
55.03162729739623
70.22930603487526
42.29005314894877
73.61168833334823
62.39888775011
21.277278136633658
53.55484669939163
28.73634800007185
51.03426124486879
35.016514870688276
15.866398536096444
59.75873825044108
37.34346995088819
75.33780301999923
36.997580693794276
22.918305788346576
63.76303107857485
34.45558448624836
85.89250136738377
71.17228955872501
41.95008444109955
33.80813278912495
66.0004418798834
38.28552144179439
33.463743994257115
35.92232190704197
57.72608906119522
57.795787847420065
51.67365874546397
32.47375529545545
40.68888943840571
41.72380174859517
37.16904121687789
31.789880103113628
39.32476144199061
32.46029244941415
81.9244596360551
40.46169082818609
11.357926993831969
47.307102634306986
69.90916641895734
45.731518670821444
36.042946623148005
20.81470516169473
25.912169175143713
39.595724447136966
38.6163438551764
65.91318739162578
20.704457268250085
26.63643107179492
34.89612348548569
81.64100629311207
94.5912082234192
18.1858333255462
66.140069297773
18.774198239899462
64.04234434636832
35.555962487478524
39.812744098940215
63.47538951740741
68.0174231553626
27.969529535222403
28.759247775401313
14.801793995154128
40.856843211560175
12.13976454473379
52.2934141954739
56.664188124435476
46.49090851423811
14.910496832764409
84.25558949759487
140.429570359255
48.26391361373299
19.06693123749717
63.70050132247751
55.41394098594956
48.079968794183
18.494230348676773
20.35442707926231
35.13603689661128
103.44744572018092
38.53707850560265
65.03681764183533
19.579349592020552
95.13499259441237
47.247102846387904
29.814639057965614
40.42880023767475
82.24124749348898
34.665400080236346
82.51140412371915
24.92079808292387
41.861255883205764
56.115480648590776
61.76115653479288
30.168238171082677
98.57454414177724
14.238388827627052
46.62576086181233
26.958124106032223
59.81382344876022
62.70189536444928
48.96469341939528
31.691623771128935
56.75395721749765
55.86206514721093
70.50717332987885
42.158786027055854
60.706783383335086
37.3380063711253
30.69172518601287
82.3041632308121
23.10652353951609
61.620958804357585
25.727732949592983
25.215141911013607
46.40770328520055
59.51442786190804
79.85357785163465
42.55565963029909
81.02451877141961
30.674417665246345
65.69823082631225
50.16990702805925
42.33682937369173
34.0202452457461
84.0534250696324
83.36509208364147
54.712381156509096
55.89132306437358
35.10422375426663
48.03356219792842
60.80896873613947
70.42990327630879
63.740284631331356
64.65633152552564
32.6412151430859
28.912862782183176
66.2858051599865
45.914173169556385
55.17471308914045
37.66619411086769
109.49160045529615
44.01632533960475
78.84569999186922
17.568846938026283
38.115813125648785
35.95232024895318
77.90089584522754
28.11242212525167
28.90382756536456
19.154712869123326
50.35506816397529
28.18286017246965
46.52811989474011
30.782265475017883
33.635382161961886
49.118210026424656
48.65138021146233
108.00260451871931
30.651405105070072
23.616380519360565
42.7003780644833
73.68706878031975
50.26338603712788
18.18303075608204
89.51587622853316
23.659461580566326
56.90513520276041
37.594122685489836
39.408997108828395
40.992156072977245
39.28671322898425
66.66898036865811
57.108216957261426
24.396800332520193
40.52787325583836
28.980704044348
47.3995192480413
73.65036971731384
67.52739768701821
63.25335542422774
37.183950234323305
54.322325775262115
31.494132318655566
41.12164787521554
42.181636957830406
59.23921223848999
65.44417231324367
40.9719735046764
52.512916108518596
31.17833861201721
21.890675680437724
47.65263647399054
112.16080309192714
68.3183913096566
50.11313280093995
76.64682860634535
25.14155022276653
48.30098291325923
11.35866853142424
42.801243943165055
37.69246600282541
41.80722462543173
48.14928266680879
62.052984511360634
52.465518136436295
63.215502306317894
23.260078221826227
72.90937177693394
25.71035062681222
29.204648146718466
18.53786564398444
34.62649572163382
36.19780483824899
52.68859083613653
67.20570505253544
59.05623278522979
87.72656065994785
22.380909165518233
74.82935717802698
45.40871717399596
69.98335557955755
27.817309155855646
69.9148864494331
62.990322986139866
57.28494283846145
49.779483538090105
73.1523783211721
22.83414967040664
31.668006478698
34.37822056109289
47.35975303243292
39.50639839347387
53.98600271911308
45.39542889884334
29.235448339680215
30.91515098026357
28.27177283404181
60.477892836265546
52.26492653375203
84.94762956434138
117.21566650928119
55.62517478562916
79.06932821831823
56.25806873609491
41.32085447722353
51.765201191889595
83.05244359645106
52.939924815595774
36.15889148214585
56.14337220924984
65.84032865425729
74.55137385225845
67.80672621496913
22.698380455050067
44.67412626243845
84.36488871359148
37.912762382122025
45.11613554378421
9.329315323330464
28.983632530269038
41.988896344724644
66.06482296918222
52.04910254125771
46.23622239732466
32.901076048198355
44.10544343815005
33.339207121276225
58.708752783615616
99.30653593046213
42.1815268925298
72.14723053511773
62.46458065543954
61.79234722911989
47.1433893202719
64.37135196108524
61.04524603812427
41.843986841309544
20.986012371001607
36.55337586029345
60.90745002386836
42.46742373474808
33.844232878549356
46.1374259118899
42.6861740174121
76.02546136835566
54.55697665661485
48.17241289358411
64.16206511153605
59.60996822514788
50.139830317173036
57.944196250226035
106.16073508093966
29.120444450707772
53.496142589293896
39.56728184358163
45.49888510398905
61.03806363255323
18.181442983086324
66.03431124738465
25.75330376706925
56.570318948564534
88.67691355654937
55.290055502669986
76.81704033394229
32.56309829938876
51.40116829761708
43.629650244582464
50.02210202513759
64.98778137638881
62.7055708026276
59.66239454464478
52.04460252012476
27.080080837938358
34.757296256471776
43.85951106542553
75.30913072178076
47.20064408052798
69.62806453024103
15.722611747699816
16.81521342025229
69.77648733009852
58.98346113818461
60.247804408182716
30.718122288271193
57.97677494046432
55.76989442971973
43.60540217140604
48.55094197548407
33.05191108156983
32.63599566211618
32.243871515079995
27.761230169172357
21.82405719201813
33.03197643747342
46.66746735271416
48.74133466328316
51.26459367341213
34.506584399879735
53.76144527648271
73.5428086600161
91.09680462843708
86.8211931378606
41.03889774984566
39.53014378886384
41.863335351501014
55.85626824487805
45.79855774223415
49.18299795595435
52.35908120407278
95.53503696061644
30.72814672485194
68.01682648187658
84.37506833182701
43.268090614291516
29.323250129301403
40.43722583931287
38.48741289872067
73.45096110058485
25.970083509242148
73.26435124813378
33.3219490163547
50.107942667617564
47.06715372098944
58.82523860049852
31.497743009488293
61.4852172311364
41.000834611631085
90.39605809025718
38.18671500566022
22.969490723792845
47.45659476983837
67.81062962030151
15.918154257047842
50.2314236994324
43.208935207134466
56.233624660416694
50.27916989124399
19.49758022609674
33.202268175616254
18.372067483408646
34.6099781620543
34.00685244980933
49.06664890583105
60.78615534566033
25.202397747522987
41.80527765267605
63.32178770809129
64.76405037010886
15.712956015686789
73.41235736991047
57.89385645186399
62.42764500350159
29.334374427178616
44.56915252473129
40.77017638378799
77.37815732116796
25.621729765867396
20.096998502731154
59.16422499024713
47.14458488975973
29.294472483476667
33.68031967117921
155.1999667905078
70.19042121067739
30.189739658826465
68.87510415920283
25.848694387063055
51.93687095771291
43.653377640413915
37.141447972131395
104.91561970815795
28.709004119787608
102.73670965361039
38.20987125308423
42.71787012378987
54.73368393049086
28.12934091177662
46.68561817212778
38.052046561529465
26.570514980100608
82.36015284574631
69.31208636095512
26.409456334723757
67.8266385827363
87.31780605154768
39.03354078717763
32.65976403281199
75.45972300241918
50.3015330196413
92.51581104745634
32.162279207142056
86.98222980036775
64.91863187633403
44.61104960223417
13.717404134831297
67.72539900196428
38.27511310568881
58.029561934076824
43.40619071096206
24.7254839151758
111.95769317572346
29.832721702348437
51.7305246198921
40.04482215049185
75.17495668148375
111.10912298371403
41.81362598827618
47.1334509157604
85.71387659136911
77.23576952809572
46.67454882583841
51.04090006932304
35.03661773631227
55.771156179726
100.20495444769703
46.88201592463712
50.833206448938675
61.550281102161875
56.51385294533492
58.417323502196226
45.56828527391893
60.62954142157191
91.76412400688672
60.02822251613284
31.038106027202318
49.79168942796136
35.249747683508296
69.20995461806257
23.944082556621048
119.5291175398157
91.15563483914872
55.46001554839732
31.972862229002878
30.394719424348672
67.21631157790337
56.49653291137299
16.129903720853136
41.99708053247452
33.773481853684814
52.33031907432788
91.12325933145199
42.535786395346015
72.7788563333217
47.537826094311264
47.18907655895833
62.42134406151709
57.911321237904026
57.638068637582485
29.325545462497445
32.6027980777825
27.22391812070662
45.35690718782999
39.381172804857535
69.30207966841753
82.26286960398278
76.31618903001464
49.5982977233002
67.1896273007442
46.219909507087294
92.292153840144
58.82383566084908
58.365727978370096
45.26413835010266
47.946569506974164
21.62577721371383
65.3452795064531
31.93084119829238
117.77401654751785
126.10094033995436
17.141791901854795
73.20037059055215
71.69300173040753
40.78772990599585
61.67311024161766
45.74802176937041
96.81250793819923
74.12242786493755
48.4066026275731
64.45130172372828
52.449721532415964
55.5267681883364
131.02322374225983
61.68066508554474
54.04212597141287
49.63536079536293
67.73080106256185
25.374006799012953
70.55539371405678
80.23999925892666
35.47202488124563
26.550907772756894
54.46964252636201
32.63153581229487
29.74788476136212
57.316353572703285
73.55646712266254
54.891100562988925
64.08815876082134
52.252175538118706
18.414112571802907
46.68768081009376
15.879179068754807
39.537702885006176
42.03810268829359
62.35374057665529
49.47045049471027
8.348029663624565
24.56117129811731
43.10888802484932
64.80971264127705
20.64774488699907
66.64474391901477
73.67545850575392
54.933896292249216
53.41911098454908
63.748360270984186
51.25766296802875
57.66706531521246
21.757841898364777
64.13070834574683
45.71568683945959
57.0823171899713
36.849952696235334
35.97965200358503
50.298743510273766
42.88155344373054
55.73949195516526
40.93324761398935
18.400908841760373
70.64364223935978
46.470050655456276
37.72465555502599
40.653294997948365
50.17742137427068
61.6955768647264
41.013265935795225
53.23293491537151
42.66216757164181
34.42074818195026
37.63695875709037
52.11608321142944
87.97374600595641
28.35254039020209
46.794703772848365
58.490508472205015
52.35692770081002
69.71289586020546
25.520524738836624
24.953950852634215
32.72883106976345
38.368796169444366
63.19047405387721
52.77152902228296
80.79455303176037
47.80034505101764
77.82587313278448
53.50271887113832
70.42942437807557
41.97220016861877
58.119537999723235
56.34549842964729
103.13763082401863
39.32311617439762
44.469324130155485
22.428450909993334
18.021624427861788
46.49122978999265
58.99292487112241
33.168010001040464
36.891952852770885
50.137961086546476
66.44169530157052
25.150931369293495
34.602772701155644
37.99317942648821
64.38500020604067
70.27634695653245
42.88809057482269
43.75486793621035
29.551663393995586
41.13983642667449
77.6489407841435
91.33110829728201
22.292092878846166
46.12210290944175
15.631606374872362
24.761262063966345
60.21326195847122
52.75609072878654
79.28296524526401
88.91754155613953
45.321730727436794
55.39931613142534
44.72461257087192
94.57426190114293
55.90008822807507
60.22544784633498
48.01768611277605
134.07813122871607
69.51289640431743
16.19712211195437
32.51248898739279
73.45232989679188
66.53716279674215
78.61934920810086
16.578830940566057
59.47248117867643
54.023326592822386
63.64017949203997
47.595762767139696
45.999780431744185
90.25996883246592
36.93030942472448
60.33635192472783
52.47330146429107
49.59769613500685
26.110512383351107
96.38761298983049
62.120725395202314
56.65706393790223
21.16282157330806
32.3630691718176
36.70052676324569
21.625906716372953
40.25540192262318
21.913464120518107
83.45170884500077
48.21108452878487
75.26818663845462
14.68787997708272
35.32527122016248
60.374072700486636
91.7180241469721
37.44825959934894
33.27629466987058
41.44317851043116
33.85589524874861
42.60702436954797
55.863238412754434
77.55030263475456
52.54838942469648
24.96822469618057
83.27711677866296
40.42424701678844
48.21328649232489
36.09831958782376
34.10636229190351
43.51870643904652
38.02379688811394
25.670755751439483
73.24103848191363
78.3475448051143
61.32895147524183
58.448237444523386
26.243854274201546
16.10414484481636
32.05033942186575
32.088837388028374
72.23291758429052
37.64804806518258
36.292950783545315
76.0880638193037
28.70186872796105
43.06356442398075
38.77114314689404
26.603408888085774
30.188258147782886
66.12475550416292
61.76346700815666
44.327807653673425
50.895873757155094
36.134964691479325
67.34235328820316
43.280368538847455
37.49561855241003
29.68630394338418
35.23844049574216
21.179950620476042
39.516991832429646
60.943726440906744
18.47815398578007
46.57672935406568
51.974065725789885
19.478554710310643
31.888994460594294
72.68512941715294
59.42547702496845
107.43761327096823
37.60937232031427
48.019945936298484
90.58015529343054
50.66531739349459
44.40002975024079
44.83675833768639
31.939279633986928
24.345036810998927
6.688805666048396
64.42470971773079
78.1746331589676
80.83529803599478
64.42745085361874
24.103009954196086
33.692119723737335
40.288243878309736
47.61402950123008
40.69836036607569
85.2639129651955
78.15315100540013
56.906358370991995
65.55308134587439
28.700093492347424
98.47176447927528
20.401329826559873
38.250860801587535
32.5119456296438
81.64033575905692
22.745890408366915
48.769002173760775
22.345502304977316
49.38679506780316
32.066212237621045
12.941674021461319
59.54810806516563
42.981760077054766
35.88892855779551
56.177437815341236
59.89767716514544
52.86843566063726
96.34363476113447
41.697230458202135
57.62200870088028
33.7276002264349
77.36984649815513
50.674469154216006
50.04454099411092
65.41839283316719
48.05465321601295
41.703451836835164
44.681970302083705
52.22407662045908
40.91522525279806
45.73143000662988
77.39504004938748
18.83392693006555
88.20297428145886
19.141822028318842
84.76930875429404
38.99739262843685
42.201449640673424
95.51455510754026
58.09847525818076
33.94269738437068
69.52553679192982
35.662972356069666
97.33355591022736
38.6158041832487
67.75286062541794
60.514871390901995
87.79867408961113
52.709663786578155
40.196585929619054
39.4492257414827
26.682267376662182
30.50818941330618
89.16783157550466
39.247886776739854
46.68605504071922
43.309725031995754
40.449322063391506
45.429047636580904
36.58146288824627
57.8481632334097
25.224644510160243
24.727430374323426
50.6801965336946
72.52382531348182
59.40388659154756
24.387406050878788
42.214382968678315
54.40052311219473
63.66501224009043
42.25229653606293
82.66829247684932
64.11642801134907
62.548911635716266
52.0073151790463
47.44135229631316
91.1731344433005
71.43344361044826
91.52971426163647
88.45279453151088
45.61175844336248
37.41183804398201
64.33980037513847
51.481466484678215
83.83719868333885
42.161863686717844
44.292553655963914
45.40633559821086
94.49474148891711
72.3746126516767
29.582259767970946
22.926086887173604
51.2409896071647
52.069758644173426
13.08691274448354
27.696731598383877
49.40416568075716
44.667828492386
82.3306035212219
70.99175509419095
78.71914994107615
61.41110750058013
26.847018740231377
30.552828819138366
27.5683733667205
14.355892773201479
50.90708757996547
36.24080441257645
47.05339077553053
39.8842466096814
52.22342617202014
46.21018143232038
59.75934500606669
28.996412565562252
44.14357670805655
66.37471639090396
51.673790112458185
18.571652987997584
59.89851519448758
81.53464487481845
31.573700256120667
111.69238479684796
31.274258523907744
66.56872482659011
91.5784243187517
81.0050522935921
52.559194381769835
55.28067321791005
58.90273129915903
51.52501615860545
42.527249993344995
65.84375497565031
29.030396408806936
80.69997534144359
40.92654768939616
31.106488391125747
34.84629477712483
41.4236611029378
58.84449692730741
29.70058994848434
82.2149945896416
57.66512449955068
44.303460775499495
14.86589553469182
25.752072086567356
55.152528661852315
55.057706021543204
40.65341469195243
40.86807318689043
68.44859468514653
49.01401788875016
48.86016781210279
50.33749317897688
35.75740290917292
65.80322130582924
38.31647332067025
18.587137742275807
29.003241121653033
29.752161162089873
24.185405638644962
48.68497820799206
38.555950287772056
26.12067211398565
50.464721002033045
21.188958817928565
56.51213280887397
70.94260420849102
76.05320211867685
59.838572213094956
61.33245160730382
69.76595422693329
68.78449713543652
44.54036418592718
51.759934174167554
33.48060339061188
53.896720615815596
40.17761050797561
57.074228093726376
32.64836553085407
46.856353778204294
44.69760317035122
55.6661336306106
59.265131685483695
8.904710559450596
50.050996247609916
64.90931597551726
84.56584943718599
57.4041363579777
45.928473245456075
63.0573378631089
37.348160873381325
40.562276899631264
35.76801603502981
92.43755603022514
57.85321991451442
75.1543508043944
63.71086888689346
48.858554673987506
77.07245609191725
43.38084459162266
33.24202099759897
31.280118555882204
17.133723335182964
40.14203616171648
61.14205035048841
80.57616302770701
53.37867671585934
39.38019524835539
34.301209168336364
65.72003689465609
34.79961681448069
73.4764090411696
53.19355545362484
50.738448193667296
61.52813029139891
43.54065614352729
59.49036188505071
57.12470866804424
45.90309578685595
46.46412611239658
33.79441681801127
40.12423285717145
61.439687587139204
49.15533809942364
79.18720843859924
64.35707836857112
91.68934337340843
67.46750986847617
48.96775527937801
25.276896035786255
91.15436077146548
56.528690742788015
22.668316647484794
51.39479882038243
54.42450869685103
52.69913156325393
74.72246465560323
28.70536755175528
15.797275044871451
77.74547762070505
15.089712765872573
65.69675553453973
48.18202919342822
10.788867153410628
17.185960404405304
42.588277072211625
83.07309466451679
46.01947172087264
49.1397890703057
108.73114275664604
48.508586138415595
52.06378168785778
12.034451821332928
30.681215639457545
23.28363077990509
52.884375916376925
17.612395328834943
40.44862393783417
45.15740076906765
76.42062968762156
26.061848983512515
25.81890931044756
17.656759435188434
71.82333646651426
71.97286170747117
40.12183703880627
33.171369965848626
68.91780702399794
39.914199723090775
93.6659590635807
53.218453511143096
77.39097871768908
81.1143609924594
34.425525172995115
46.79849112298549
74.96563559879544
75.25912446881136
53.17368416465759
60.40607575462595
38.42607706567118
51.15466563580592
54.658763379689645
51.57812910219819
30.28817311966193
57.43177106948989
56.69262855843843
84.94978905332975
22.560323832191425
34.50624002368329
54.63546374486331
35.37824816579935
27.210866684190137
47.46489051054995
19.632519041446546
67.30437046113721
41.90981026005024
18.114282994706848
71.73354466685801
12.552769967058012
27.06262741109947
40.19157243154453
22.225011940647622
69.42039845304365
29.03316731110337
82.11269822053208
39.049439339870744
89.20909247817931
57.79362523030398
25.187172712461596
27.65274999921222
40.48436688574072
75.29408854916146
39.23251371639906
32.930889604133085
49.04025830417794
47.89432181979603
47.39871018766652
52.85013026460247
18.81128076653899
64.35016374940783
49.78264271548835
72.05069676351106
39.86052260149059
31.956135070500412
43.35579085366671
56.41203743133275
32.912357682509985
56.29819547648762
39.01180244798611
68.95321923762984
46.61060288878445
12.764217769668457
36.37645735340331
14.800668220139707
37.327312868003965
76.04049824116747
33.60428035444809
89.87877164708446
71.47411832626945
90.8906424696787
38.737225051874454
89.2049132702685
35.504733739388975
99.17736456575378
61.178487589928174
71.41879071551178
84.2916218292574
38.51420837025457
46.72563868637638
50.84395423071084
88.44663522123038
66.55927078968128
55.35459225081453
26.784350253544474
56.34912580114998
49.024665135172356
56.7000219072319
64.6425698515522
46.21968650165398
80.91955076713246
19.906268890821117
60.282816438147755
41.75122572428816
41.353596199232655
15.324086160423613
66.62349501023012
27.670853050536437
40.47743481687621
34.6459362400004
106.73731291131843
30.186416066433313
41.738335768810124
35.72203626268644
35.85778797413195
18.306095572568037
48.359292074082695
43.0738915047846
66.49802251005795
87.54959454019
53.75759076672245
40.29426260573892
24.365262656573883
97.76672679086576
36.79315861631633
40.352845311189135
65.19659834534957
48.10269528180258
39.053767076490985
35.61106009585238
19.17191615720085
66.05263425241084
54.69567726971902
73.14697975431262
75.95957949276756
82.0468671628983
44.40229425055755
105.12401438226784
41.28180751477395
106.81653492990884
57.35761442178071
65.08309942508751
64.33534006714038
31.13852848565576
42.18228684003901
41.63802796452414
19.339139636658953
59.844094145969315
46.80563426732822
40.444534217930524
52.60563715501038
55.365418887728445
38.45855320087615
34.572019381620535
71.24561306267657
46.08370503708219
13.294547934182027
31.782492031476416
39.76181126961927
21.16086699794532
34.99008792874261
75.66029034181011
60.14423181317762
111.81141531494497
45.29321432288333
34.17533589417277
81.05602291858807
46.12600556497059
38.02731309496324
48.676733691152705
63.093397165961996
18.10115664134882
23.798332513833703
48.20847276814727
78.02236236070264
21.043455004481594
135.42129988178348
106.17603059915082
49.88814072074376
17.002161500590198
53.061038846090305
80.59724161484337
46.26888466870005
33.83822341489118
52.98766929199643
40.00202725134189
58.254437111044396
25.402794938718092
64.16364496252744
40.483720238693124
110.12040588545608
39.24604095196933
80.6109216350827
38.93576340880719
34.808055689083155
41.27595321062276
41.442429803082334
56.55619138333054
50.73066197216072
60.91295464013648
50.558981859201566
62.09626240163728
16.75748340655679
67.11922335850042
26.896125630209422
44.22353082275355
36.981462626706296
62.09704081256279
29.526943618439955
62.55348552401065
41.97598164153828
53.993487725837866
70.70964795670693
54.26429565404993
93.04855126678842
49.91383329957257
33.77525476591906
60.29374919035575
74.57564889585116
76.63312177788256
30.64821367335582
92.42696803237082
90.28914541711872
64.91984867984428
99.9520386532879
11.278578663947696
52.41538217145254
40.386388056659165
75.85593187283038
26.00082818625273
50.15513144314562
65.88175968403839
29.556734153467062
41.31374265360961
49.34453476160755
13.983303342452563
67.81510726514483
72.7483538009412
32.890196669149326
62.46130442512998
21.059808498721054
36.74565661861972
41.19014328683518
50.6193194338342
41.65166935029737
44.103927238954554
28.324564898365086
42.8525942992154
28.288596801624248
36.854900973041964
30.87546127442746
68.79537614820805
56.91342182220864
43.16600938180649
23.64659369897958
26.88127765499128
103.68400913500496
99.15038148558405
42.55019714768425
49.98058542512106
95.69721783803409
45.96535458246395
84.27995601478827
88.95910461952923
42.809932685900456
21.226350889672442
90.53391399316969
68.58788418276674
18.88213469915856
17.663745008318195
34.35744602602255
45.666433096125814
31.694995917091635
46.07125812454463
30.063746883050673
44.229992526263246
34.898410183265305
90.95800450325015
38.294798433962455
80.80518481551078
58.173466285194145
61.43328954327066
40.16103052191106
70.94831656088455
31.645170954833468
40.6283931609272
85.17484233846871
63.69439904969838
43.22019403500412
105.84272351953416
27.786772468869987
