187.00805526887348
147.9030989086408
88.08131856572669
105.61327595091396
87.66846815844576
81.8693577233909
73.45395686630773
63.34818332360711
38.65963024940292
54.72464303357767
61.844615755489876
40.88181878680031
28.462787161430974
28.970472902782962
33.93937409356068
29.804033849424773
33.1883466628249
21.13809149805041
35.432413018683064
33.306926415799246
37.0264403192456
36.74480697887485
26.104002078191762
25.29621969914593
39.8316848715481
40.736405287768584
18.58510116801076
39.16213753526177
33.125002742862506
29.01128957494354
33.90389362703242
24.734604686510757
20.270391008027456
30.149432022275448
31.631349912917432
23.277602032316643
32.57565000429649
29.393994834647945
32.89524630786326
24.108533825890436
35.38528193605476
22.422147732010124
26.18319821708626
40.88502859487921
40.640505863432196
35.58575552100451
22.807879916130837
21.21417542427915
20.864948125723355
27.791091528128565
20.638418026756085
32.26675531638728
26.319564588269305
35.67298481746764
38.09272716403372
29.24194476727716
41.47132294536816
30.25989496201391
30.164340298004866
31.056062544721353
40.27395771869847
29.379142769952338
34.377124594892194
26.14448325320352
42.96578771314789
32.92695506709151
33.398916109353856
25.73554384639446
15.909939299006599
27.555095211603653
18.931948196852453
28.2947345592848
36.91828793922745
30.803589393795367
30.3064374734134
18.338151913414073
25.96462224413675
20.96650448249681
22.6279299625325
49.9367801193388
37.03037837119007
39.02284701812588
28.422989468816084
31.023636745757386
21.82332077469295
25.68613718857048
28.454770958744763
21.215435064706668
28.511850722567157
16.64208628566203
19.463023378302392
19.73786162444088
20.78194250567383
23.909465048236928
21.839042651251845
23.462651963915356
22.72035103057247
22.061199587034018
51.040140250165635
32.494003261492885
29.08590395668754
34.99885499566085
37.83521019639935
18.745009452766755
20.10989021092525
27.970713625877437
28.45535500461836
28.328265356575365
29.745755525336175
33.07239683372545
28.31286961806663
30.194023624363233
34.69074635372806
25.944726162939624
44.493102619602524
23.21828886757345
17.86725320940288
27.22534628099993
23.623591073505427
27.331500215643413
26.733259718760323
29.916699620067916
23.461407463636817
31.901692177290382
26.26939315441743
24.539218388139894
20.461443794991073
28.318201307963687
21.63650365363569
34.5120066680442
17.049759143854587
22.934025001370525
24.927149652060653
41.83220851167446
25.782727816832224
20.01009822567961
29.95649122688307
27.436925143091834
25.44415925171371
28.40789077461637
37.82224111952797
26.207491659365083
23.21871481303088
31.559566100093384
27.05667444688636
20.59135305356172
24.902960261066447
25.899312392018388
42.30849947694963
20.346180568435972
27.56024259259527
25.016757420928982
21.488520522259247
41.0474494213173
36.208760064659664
37.378897844864376
24.307397024735568
23.08090437357202
30.4607291137232
33.69567083723653
19.242927591618216
19.07966536630871
20.732360491683497
44.633396551638235
38.882689976293186
28.097423213591156
28.534469281568757
18.95472147264769
36.362288674948964
27.703811602160243
30.85566312002308
22.65037284230741
26.42640480583313
41.41146198892838
30.03441281718708
26.192934116255046
23.772597848214456
23.014948680855486
30.05859084835494
28.653686260999812
33.94527285097881
27.462105614707756
19.180627329961826
21.70995541115247
22.42279918307982
26.500954984655106
29.278791272673782
29.37816507817395
30.606224768671375
21.500344507160534
25.945812397635425
25.71059543968575
28.694628482469458
26.851176050701287
23.394858899824168
18.4891566034362
24.123237628553923
31.202560634868554
40.81418271915662
26.62248666768073
24.69315142444581
31.664852628339858
33.67892018889063
37.08541473117398
24.47693631254329
39.62259819105467
34.176128163589695
24.20719261277361
28.198943979030233
38.35073289941936
32.60289782361161
29.24071936749947
36.185496385094176
24.50847053816004
23.34462649529533
25.499853498870532
23.16349238004844
26.247170311911695
20.19064864889169
40.0843661130117
24.11466377733541
32.655577316450014
27.840943312796867
31.726271408613854
26.74638622955622
24.380874422693662
33.45820652736505
22.555565484315462
26.53215965074333
20.63569397919458
35.570700421876545
26.560824001549406
33.292099799713085
34.68356974192295
26.312549270597053
33.263596151954204
30.7182097248138
36.54216509187261
32.27656618679033
28.799759081832054
22.182537318228395
32.93142136784037
24.48308748000584
31.79138854982381
22.063395512467487
26.28243433270272
30.19217275449875
36.62444077668988
27.215016100846874
28.840019339520744
34.70650011383316
30.35922652375555
30.540558759995818
22.397309714591255
29.38266107758584
27.949663027933187
23.28887514692143
20.169977930883963
15.862229702840459
20.51550887527832
39.05852487238977
28.373196187696827
30.37118178356865
30.43851071008687
23.290999453152345
31.36015001227107
19.070385174854763
33.85353695702488
34.56162018498074
34.443085701130116
33.2476710495039
34.48795518149199
23.425693707319947
33.257961981290826
33.72342236339138
16.621505314585438
20.77912964130477
40.40600583912344
37.1616672702477
24.486035319465763
28.339572607940415
13.487034653175446
24.07001031978231
37.57357264348986
34.60237928962204
19.005937062884186
21.685484156268483
23.67450438669949
25.829302439578683
29.991300512120105
23.626809430915625
28.52579623933128
21.91040723551155
22.71359261564758
42.23086356771354
31.236979338736138
23.62562493403239
31.62081035672408
26.803111815403636
27.760415884548774
26.537667359443812
21.1701193567206
29.98717768383066
28.500218859582283
30.164888094412586
38.08702609356832
31.82800723065139
27.950877406999187
23.349854218344372
29.159397949243193
32.84545867018194
26.223256676932316
34.148336645150835
26.75457454393101
30.98594521577404
23.223897085149325
31.24390034683076
24.467868624940134
31.374936879244782
16.80191665521432
23.496181028792414
33.39171259516715
31.997940419849648
28.599812040839197
19.5434880100626
19.3315831217291
31.399220542530443
16.81211239619385
33.59058514037654
19.946786880333825
27.485520386904778
31.314255855237487
24.147575186315688
32.3975090464767
39.41816109872838
33.58072929429576
41.078175951110616
42.51826309953746
33.36458016461567
22.69331466001639
22.279624827297315
35.55017059414202
37.135605565865774
25.61965259538826
29.213144332542267
40.71690944586444
27.757251028600304
37.641852876626736
26.81137440813205
43.19618990171962
30.709077945650627
34.94081651555749
17.50144850712538
32.29082266617429
30.66839536732722
26.622502728347865
29.194568950219434
20.445375076520182
28.329279402165135
31.670865670204556
22.914740069373966
26.316421282904944
25.721643379534136
31.089340144156623
26.438839512470196
23.839528363128913
31.799459770538103
17.410170413939728
40.20380157186044
30.529321696651664
17.884718654707513
27.65141444127856
34.05809193093769
24.93142344561602
25.388604487841643
29.748284199990234
29.10581206207733
35.661068451780935
29.80706310853465
37.26335216047685
32.25237646614131
26.79851108997658
27.01017466003784
25.889703320623774
35.934180657813734
31.39340774625925
17.740330555094214
22.57226419445685
27.527996903777506
29.15368282590009
29.75386702975944
30.578793088591866
27.468669146706944
20.534008443030753
32.01064053673065
21.68012179813516
28.312678277706517
29.050575353459855
27.739922929001438
31.488600510698557
29.30578243844002
30.728023931809616
26.63838008405346
17.873964054423002
15.440842416636002
28.47155573944868
27.959627239534097
20.26992883900207
21.15161568513224
30.579126561512375
33.418628692622995
24.520164681351
22.240007611929443
28.307311535533092
39.47492593808413
30.623131103479306
24.48914998125341
23.591200770463246
31.738264734686105
27.869785462383796
29.33748948360378
26.99090020598308
46.709437572827476
29.461824639326505
22.242386129793847
23.88115695127714
29.733251353455238
28.25809880752371
26.292891919511852
16.494680163309976
23.088952135000717
32.11668519159125
22.137265819418527
30.726771857619596
32.69344181525584
23.843868876129267
28.875331668225567
27.62344435183656
24.590732380282233
24.692357699248742
33.476851679921005
30.497945453930704
31.69337670276054
31.541462572052794
29.67032955348386
38.645409960232776
27.105162642419657
30.346550796923456
22.270521883449078
17.300784129043123
36.15016501035113
29.640548604843282
27.647024828129226
21.19409013892929
40.60617856621665
27.934037396443685
31.16633662314559
29.892038302380975
27.902353493974935
26.651522477126893
29.922772179081765
26.798465847022833
29.289462323527776
39.23995836122517
34.00127888605339
33.75522555873905
38.33551079047182
24.70249788797172
24.10249464866256
30.23096709130051
15.842846195381503
35.932692173789
30.11130840470708
32.2545511444475
26.03466319779309
25.561767028262043
31.340013541508593
45.976266807556605
29.010130224232654
18.430605153009875
38.40507481819495
24.829397952623644
23.280413410723007
23.018036329747364
25.877416058362662
32.29163303853662
32.45246986214727
36.033390096852685
36.09841000985666
26.111709222438744
22.279197814697657
23.471025551553318
20.69032153905126
28.60984089271032
33.19729217869689
26.0683399511585
23.953629288222693
34.89280984576163
23.88631374294605
34.727131254420875
22.105171169012568
30.39795367991609
25.330005080342566
24.39353712629405
34.478710361189194
28.93942770557654
21.53045363121609
44.976947413709084
24.15680127188635
34.056849558374296
33.160346098809754
20.49069686320023
34.49561067006287
29.16833402799662
33.026921803457896
30.274517488720065
31.302953284880488
19.133408031275234
28.11146760653592
31.131807569350105
25.40596988833068
25.657505224536642
21.576914536142382
16.59190018442392
24.35389361641313
27.992976101478618
19.380370993244735
36.31015073995984
25.864258057663374
26.798474577667008
29.45780782100217
36.88694507488804
25.85088534090026
28.803797790271723
41.4217849741733
35.9559863764967
27.817546105107844
23.488240204386084
25.130179124447167
43.756467660924834
23.180158392799672
37.625123662691045
22.895183848994325
20.903562046652894
29.503031882311582
34.18934251306181
24.21352622886217
20.10477143667739
17.864122396258022
41.283242008529356
33.045126369930905
24.088607802360062
26.97189007378107
35.68212077345
34.96696095402811
34.64634213297116
29.930688559432856
33.07528376626657
18.582471535113783
37.78329560462782
33.36363662678451
21.986621093572676
21.481465554393044
54.86900407094707
20.96403779490153
33.809241799397135
25.019555143594356
29.339190565982364
19.224242265143157
27.134874864634256
36.45816326194479
18.691932966130945
26.62869449960901
22.793508564834777
33.81890506138683
26.07792134296174
33.455233048386525
33.910525089607226
35.059147076099016
39.19037927645373
25.653392804495056
26.756504295965232
31.695969008114943
21.346177717680728
32.24132590388317
24.42918171848334
34.63981455987864
23.501161255377475
40.12489309157433
35.03191362390523
32.41902410745902
33.21196334088154
34.00134653810426
28.911918939050974
27.84506553823945
39.00710415797349
28.97292313516574
31.273251622246377
33.43012955494204
30.117757373292225
21.7956524747153
25.42863467195055
31.937569390181437
24.809977516686736
37.46238974550268
21.56888516147405
27.261399002030124
20.054568321601224
25.14288938694361
35.461390427887025
28.595627297433424
26.115258223994914
30.44515660664226
38.213596970171245
19.118623659006378
28.20870720774741
40.20137086138497
20.599033448445
34.48751490721737
21.10685454189313
34.88041383784706
31.446569162077985
36.59300610735753
38.122109136511654
32.4669259385468
27.734503895851198
32.24763823495388
34.178058884549536
25.628009674702028
24.856078501964905
39.761223662128224
20.942472259003367
27.774705620079494
22.19553688190913
20.767576909650383
33.71525528017824
45.60838623593097
20.542428701630026
32.21460305725387
30.225605065725553
36.27869883725526
35.82864186792472
33.892685228938305
38.37232397772776
28.849466374348882
24.683013067946195
24.71287251923118
31.18638377174746
35.30221451553844
18.99449323308475
29.725004789783142
25.03154195633367
19.113167250406317
26.31038251368053
16.3920964443699
37.245042500034295
22.40933909953679
30.170430467616242
38.59209083865895
35.18268076097207
23.568248595559545
41.83774742332617
20.263601325058424
26.249106635999464
21.549071019882017
35.93014001918607
34.02892047389262
30.404522833237834
30.286556571580125
19.54435792207456
26.765568927598988
35.102695245365155
23.7627629863425
31.986937305948548
43.128349947338194
37.549594714416884
29.08090929488352
38.765411954230814
33.914898273850135
42.49935213370079
41.321495092644895
28.63100438423782
37.57442128269036
34.46976543830662
24.989411740891832
24.306265559441993
33.35225513781611
21.65830489371024
29.47466301814714
22.11552255127377
28.0181210747723
30.205735640612826
31.732599937348745
23.057160531223598
16.34726864355766
31.573821618299768
21.863013291173136
23.76984029631005
26.269006328115008
26.400622037409917
23.539566867032967
26.190855692180047
20.271232463970126
31.030499833239322
26.283535943390408
44.892666547699804
24.911997157267425
32.924373417989514
24.240064424403457
23.441525125619165
28.359780625253794
26.11389570176883
17.898516507999894
32.982449429406316
23.324195047157176
24.467065674324733
34.547997083249676
38.5974341370108
21.809969232703036
36.89636272181905
16.488359240023513
22.978793661951592
24.153476796736502
24.8350379792496
30.02200075410627
20.305034029920183
24.51405732471613
22.4645091740291
30.376151284478613
30.99642488380435
22.30643004465713
23.517392727921944
29.65264331802942
29.986296666561348
29.755168532287612
25.941193896974017
21.080394813631536
41.50456690163998
17.565644381933513
27.16203442123668
32.38971084239049
21.665459199332325
20.128871707204848
29.38995060907919
25.85236362908469
22.62122847517717
33.40976105350373
23.35958802403635
23.78407484829911
34.405531947079574
28.921083190337942
22.313555021561672
23.974912284335502
34.676306886447364
33.82729368150772
34.82655701732464
19.152247180491198
40.210150060251046
44.36202441437394
35.799043596691945
22.27993257565121
31.514738918932384
34.736682991843765
28.901304020641
35.36646285507785
34.773914081293
19.091484577994393
44.013586705607786
20.08982357985776
32.71129996872349
30.543404779345874
27.680362597110864
27.81938955045762
33.03118946877608
21.952969944439932
30.68822062044208
28.911416170923243
24.925668657577805
21.372782773171995
43.75015079637939
26.993454829049796
23.260420821362395
29.748639137083938
26.68054022507936
27.45056773307762
22.94511352954962
28.60955231043728
25.695192140738055
26.539535441360773
25.96682882968106
16.84952056287783
37.16274908452753
27.083088746103577
21.96906134295681
23.94360376518037
22.935453680833294
19.347315715252673
36.35474766713218
23.976131050408185
28.79657392637376
29.77746275669675
28.76167111260401
35.32490668028711
24.80799254196334
29.58035843623852
26.67490254553804
24.94876148341992
26.571325099538782
30.23179972204054
48.724785910603906
36.21801681111065
30.296445034564417
36.30962616306077
29.28405607559003
30.86042667228756
24.507967328439076
28.47226639839957
28.76261032546185
27.15961322843415
24.785507277823054
32.85413132867075
25.569555035943765
20.964293990479252
26.177751159045805
17.166658595723433
29.19579534216068
27.457200227322335
26.881736242252803
20.72023492685986
32.6166123188484
23.190310046506337
29.351183990380264
22.763294962860847
21.04186802681289
21.091351775942147
21.338469532129984
34.7797096711991
32.28042784393397
45.21048783356942
29.098391993486583
21.747810220233013
22.61974712521166
30.28160396847717
32.171257599204544
30.589006087702558
6.793248136585104
34.264003978136195
22.085512006209107
28.14514763145151
14.929358342338869
27.021422580995015
30.732146218628326
25.80822171348842
26.35789508277539
23.19753852770167
38.420382124736264
30.366202943081937
33.385884255818105
16.30721201223331
33.5931449735234
25.162145329797227
26.364042844158288
37.57191061472628
40.21557656395979
30.858105922672724
22.47907347132467
28.365024079996964
35.84729977422161
21.858992600628824
35.073457831463735
37.84320170999799
22.00591236281424
33.87521013380716
30.85326841844729
26.82132942419633
20.131792853917123
35.25736964136671
23.34893265865153
22.651430242612832
36.95863063796796
30.32853206588072
25.35054350063809
23.684148737960935
34.98268284824443
37.610677811810866
34.297106232770616
26.413041213152784
21.308839529961563
32.73531069088826
32.73292188059191
21.09407375218236
31.426813015931177
29.686647600257153
40.113680282803614
20.266641263611273
22.366699805729652
19.409124390705013
32.07787180586855
31.255730703497207
31.637211712097983
33.335367033665314
30.683368174930063
28.023458535165567
15.295885383906402
23.26171160744247
23.70867482825237
32.29790506834732
27.798025905997132
24.355464692210013
33.88626803566245
40.373056218358734
19.426462416543195
25.26337966761355
16.815842268505527
25.619872432219598
30.730628258901948
25.955406478785576
19.553585926531923
24.335378837193097
25.39403679961859
22.71134237973957
20.171988643727946
40.993383968974314
34.86609317064643
25.30375749675843
27.91973206358081
19.129188661762417
33.17519519367012
30.704009269633232
32.17343885473636
31.876032721307425
35.03082814118366
27.174842584203567
27.404577931748474
26.117938347823934
27.371397019422172
22.704444730482184
29.019214003713316
32.723732156560345
39.9574834662571
34.0636827813641
21.903852016864256
30.043472809438143
19.61793577457587
24.27475591169665
31.920197894377043
17.536036805458302
32.592170680176636
23.12482212774005
27.911986204979968
21.60042948390402
34.48326472668963
16.72690097235264
27.39139298363444
25.651002539773753
26.339473310944765
35.52765758133036
30.91685580708534
26.63189014567856
25.98915181834185
42.68617614818485
34.29561877217531
11.217364860122576
29.721549222455714
25.984251711579237
34.57844900846995
20.297648285816276
40.11881967693574
25.07204788963936
22.996262558774067
23.443240857844522
24.83984284692299
43.51695653971807
26.110238041123857
24.383182682222245
23.524322234750734
17.485069025726602
33.557329552119086
30.604361187738398
26.144227613590438
31.67097601312821
34.4211633017392
30.742208378493597
22.99012768729408
27.003400517519587
26.658974788923977
35.64334398479188
36.08340566480576
30.386494443479933
32.09508885012753
26.063809701912312
36.82107509271981
33.37026309372409
23.15567082319456
30.02234577071057
25.60586656226701
28.99694863612038
35.20978685079853
27.729733805266626
25.327230676983415
27.487454807972107
37.95021027167045
24.457682771729047
27.604190501983112
29.70070120507144
30.63631462700268
31.215820904936987
35.044765345627994
28.530034519091906
33.76786434702316
29.610699697431286
33.42264034021969
33.916187879900534
29.8183293930527
31.217212741817924
20.789631269491526
40.51193418974483
23.08290581168661
27.031773781220792
36.68452703573272
35.47235385668242
49.86392273375366
40.60215563202417
32.81344231487209
17.50182289757796
19.124224053729474
13.869739777072704
32.621167850045545
27.470191894555885
28.67887584174958
26.176251176960402
25.73554649049184
21.884233368484242
37.74867662769559
23.28273558097918
37.01522545590355
23.698203732344638
40.35388703058688
22.996496103939215
27.072945415130746
29.772274840610148
26.1239021208381
35.71633314009915
27.684673251362884
19.080233079876766
31.088195696537607
27.225355690295423
33.31416347016704
27.920506232899317
31.386528758029353
27.462515430821497
29.536294288022972
36.05200843574608
22.769179258502916
29.537551203146894
33.91887060516444
31.651779043750427
19.221014438396303
10.613447128341887
25.266457144525887
33.71235650167188
26.668470520446895
17.412422136220908
28.234851150663236
48.56726672346262
23.322421350070503
32.19089899471892
23.84629246466886
35.122895412868175
29.58633093066564
44.40864113893588
23.864376315955763
26.952488986968508
38.263834799502945
31.69376834108305
13.049631323313857
30.541524611756753
26.37341401813594
36.90877383324015
30.733059468018105
18.333403246648345
29.458374282157024
31.386236876952296
17.870661784439992
18.464283408360913
26.404721057322426
34.09537275995859
30.685892057261427
33.68323240900414
28.221077818612432
32.45615805149759
24.99075740724503
23.95703784973823
32.20288014536954
37.869480096215305
32.467400209238384
23.306896468631525
15.455034042462795
32.665789829776706
25.420372203476116
35.48245210901395
26.43978528847492
26.323906970796717
22.788571373509
21.08691786520126
27.173504570885825
39.016419786987875
39.10628117089896
17.299548928281915
31.835231954728954
27.519360854445313
26.24655844215721
36.36642311334028
32.20564292713426
39.72613908136411
39.55420545198034
26.253721337026043
29.256226018738634
18.92749357717956
29.571767816696887
27.70310648058636
29.730504993630042
31.81653787222105
21.01056835814127
21.229504675110576
29.000864074074716
31.460953543445637
35.11170734009948
22.173470404570942
18.42886044247846
26.98021266867888
24.13834629281363
33.65873364832744
25.353602570743938
21.30430195714135
30.40310848203882
28.145662801450875
16.270474728531585
22.36532258458539
16.68209162857869
20.59157183633571
21.28255847107225
36.0070577779577
22.223465427320313
24.829290814731564
28.41224506981198
21.243742394283235
25.31807867782832
21.71889573812301
28.110297906556497
33.06375487913468
36.229228933395056
22.77510049636113
22.739581142610827
30.911542525838424
28.018215848448207
52.18075115639289
33.23023326763262
29.912172239238323
26.717764368359294
17.971979786141347
37.14670799552221
31.458188158485594
36.18807131070433
24.41560762590855
32.96937453600538
29.25415680791718
24.74828162503005
25.311018021690053
37.82996940370912
28.170191613061984
35.07563501491802
21.043381239376988
32.41294905099636
34.79505423417575
33.499416737523106
25.922642383503707
32.88191768231502
49.8524338185596
25.413662361039492
28.938019887991295
34.31526111029644
46.089654810694626
20.183989725748198
34.793795235590785
29.090479257994556
31.019530923222185
25.048477897604066
23.056625753532327
16.80259813688271
24.663791148946665
38.343082282109926
25.468488566290294
45.35868076918065
37.52511097956075
37.96912463803094
23.976092803098293
20.784166589361273
20.401523565585315
25.344400811693585
29.582168985734153
29.423101305828265
25.71166561055928
31.341192420102594
28.64645652227188
22.336305696169507
55.59055325029244
43.01787574719202
21.78333605571367
30.871882874692396
27.89603231778625
29.155878486183756
32.364887806651396
32.818113361925946
21.833830473215485
28.239453599304642
16.615554912812183
21.603996371583165
25.32302979392628
37.81748014884401
31.845842249230138
27.772226132024393
27.965648102992002
29.089025749933356
19.278133987319656
27.07351880507173
38.433210483783164
28.98514076494814
23.42957690108533
24.213336394570764
28.050470468311804
20.009878267066313
28.576513865150876
20.640988942490313
29.031296496303234
26.70434154556312
23.696488578688232
27.504969042364415
25.768183660505795
35.83664789086931
20.028391952320575
20.417333506011
25.435852188105358
20.396500396848825
31.855173836288035
33.88009461512003
33.75266714831477
26.882650457499114
28.011996866853877
27.841174264563957
28.866032222917358
30.74848222949348
45.31237525359531
21.615478168879285
28.00345537573272
23.872560781922857
34.14638435972917
38.92162255821304
26.869139041315364
23.025364808283975
31.105953766623458
22.81831501401288
30.398165891917927
29.310441447549373
28.010106330311864
25.756771633023938
23.685180420836975
32.47585357278203
31.740481258341248
35.771741893277756
26.419446054202883
36.781203794431825
19.200485960803523
29.873523927756697
34.284696956873795
30.08011610938067
29.132930125349464
37.01907153709294
34.58098657689698
36.02427962233413
27.5638500176685
37.31924706329748
21.99454671671452
34.107255790346954
27.700110875558664
33.22876530012297
35.47694054595066
26.504352319115537
26.22342108973073
27.33269938373832
21.31079080095785
23.222809813548402
35.671271604730855
28.912901651604283
28.390995634374033
40.1903549190542
24.283624426205574
28.953772480644137
25.774564336350135
28.979206580998557
23.81473838849682
39.49029882008731
22.97825812432436
27.194314938543947
22.895303174779784
17.181456415230954
28.709305698505737
27.958081970033522
34.3066441796352
27.56389782390427
32.94080277747348
44.72347776514997
21.3843611253746
31.42456645293288
19.373575147617565
22.288417434883844
25.29705598554183
27.03731288992715
38.60799997816249
29.56299612594155
27.745041038448154
31.168879669146136
32.60801893916886
25.361412611135968
27.058299075495047
25.496484959951776
22.86789384002694
20.391653223804372
24.475180773839494
21.893909193229643
38.79782216684351
23.517304827890914
22.833712301922596
27.73630963022197
19.32231496597465
37.10662848850087
32.75834785771327
33.58668119936232
28.52603933415861
35.57841710396943
32.156710216540965
21.6529440683853
20.353823658150493
34.56641794813271
23.34105474109197
20.84271862707391
39.989388692834616
34.18053961667655
30.49126383544008
35.02353617476558
24.072486148782442
30.0238995856366
31.41411588454262
33.099264477512854
32.61181568548603
33.84084234525935
22.72749144808565
26.17357387850217
40.46905394910612
32.7718486234865
39.11305071594113
27.783072298172907
19.468293064463246
35.21873860699623
35.590114926066995
24.703320561835202
28.589790926074006
32.851866239726974
28.287691362319322
29.103502623751652
20.92588380940874
29.884310129015795
22.692540447721967
38.327633255115046
28.80662340714406
38.62156724343293
29.50990963353585
30.261584230721333
29.627566390007182
28.74039879639765
23.437279971882848
28.870948047784182
18.019423044843943
30.163741063844263
21.499949934699657
32.456655021621884
31.140396730607172
29.120154044370327
27.887499970012957
32.786622508483134
24.758646773560788
31.671377036292764
21.843531744648608
25.504080593565742
39.752492870819616
27.906252248865233
25.17613262807475
28.2153498654853
31.401100683108414
32.79093593113554
31.628045560223168
19.837679511404612
30.028144230568138
27.79527911099604
33.97513275488106
17.489073689797465
28.821263669966175
28.221039282810622
21.497066099856696
29.72190308330942
28.807802595554712
25.65125452357281
37.56185939849298
19.979210064622787
23.672351241464806
34.454647544675325
15.496253612158231
21.01445827075165
35.24426160345055
27.56846831599639
22.468333349597668
31.39295098675471
17.586535940218816
35.340833672041455
28.065782527326572
26.98013530079617
24.819098324565907
35.2607676798549
23.651302639435308
23.185393978087603
21.698386899066296
26.609960629867825
32.12972738228929
28.670543743436994
25.52657983508585
37.847794256622606
24.42588139661689
29.309498372235105
26.558514665356586
27.963419248245653
30.173698082185634
19.77980909563079
40.60757441608572
28.704218394910523
16.371673146207964
26.541135469798355
26.0225953093006
32.377900377322284
41.74200752882303
23.790741318516854
32.49709496632131
32.63489397641923
39.14858260404722
28.782282131910552
37.199048534616004
23.510571070175427
38.69312591324673
36.718489263120524
27.383202782440712
29.249404894235447
33.0574834804932
36.831645329937224
22.94577670866647
31.111494194802408
20.821078644359208
29.121962378264154
30.141490807649845
34.671167678257085
15.549603090298818
34.9580430195303
35.3935855238337
30.11651183328144
24.512627608823877
23.539999885448935
32.260400806222336
32.96316164540828
28.481976866490506
30.224707665175533
28.131933824268117
37.39130750645545
17.57211292651883
25.861191627913627
25.49583074092307
18.32395286082658
26.004830425688287
21.59639879105349
33.67565572755127
23.902892816127768
25.865226544760667
27.65859009900882
37.88316768972739
25.15940803986546
26.038060774571893
25.911355915181204
33.61664139980251
34.61927418632951
20.517900859680356
36.453813349546195
26.16070025202414
30.878375881113158
24.56919846662655
23.346332463921904
25.997785490669788
16.908640137195956
22.451538803729647
23.214086433396787
26.80501081901029
19.915165049507184
26.99261366742433
45.9327889752536
38.25835710345215
35.4145622597592
29.67501251536041
23.526792194657258
25.696372203819163
31.022273890964502
24.078914145025088
29.538542167744552
21.823330390460765
36.71687626297099
40.778074965603764
35.342161887581014
30.01441263213151
24.839439136313413
20.316394877798828
18.5819086721296
24.790112628024293
35.82163377228221
33.510330485433215
45.85421693733679
31.39524602323921
27.759166330980083
29.682577924784535
34.87106068101912
26.597781367485872
28.782132961367335
37.422540807020525
36.40157111275814
19.8420394002734
34.160888210457976
29.719022116493477
31.923795003384015
24.16198939132432
21.853177622805404
25.011959191457482
32.796364282671
32.90695616834298
26.86904950871999
38.008482909540135
26.609695059322334
31.207527659667793
28.901772077648367
25.467881196145015
28.48138225167688
35.24881294831822
29.483416232033655
26.58425993131249
26.697703613139094
27.869103183120924
23.461896558657465
28.51591997870524
27.343624754052335
21.995745289963423
32.50874422688521
24.61701139497943
24.826975210962207
23.810934592603044
22.227950538567974
31.662763194747594
28.52581066463773
27.86403116063133
35.95180618105838
33.51400359980131
27.570577938972658
19.722728611995446
45.66558363807327
26.779295956711245
40.24628526444584
24.940243287103286
32.963379497365224
28.0008186283177
21.99082673404192
29.363164640148625
31.824027349302668
27.47023809803048
35.614104868412916
27.780158212385448
39.11631994581568
24.569816342409155
28.55412835975526
23.208495224684686
42.24086458544352
27.784956073385064
24.848105192573918
29.304729269101358
10.795189170202272
25.54660664485646
25.41213725047942
47.57995940725443
33.14800385537171
28.248441630309507
31.16125180756391
21.10901789626281
35.874630388246146
37.91893664304058
31.025125323736745
37.89840566587079
16.63250178315926
26.425707099932005
18.7089540465468
43.008820341048946
29.323332341040874
38.85129725718943
44.462527798736744
32.23331607990365
24.953748697720354
29.961145011587632
24.210170200284455
31.372960056258982
26.13970786724269
21.332023131769937
24.920383133670367
28.734860221241487
18.98633802708641
30.83351101435865
22.666962063092992
34.23820696036906
34.37276533553562
39.1774044608906
36.17725526609691
28.482759448049784
25.16741910596841
29.973390335538397
28.13525361022092
24.15387314163464
27.50553799287891
32.20625095581504
17.37753480829511
30.040347383518867
32.252167266344294
33.87058717799978
18.170369948793677
23.61048648414564
15.452781082499826
29.779294988654602
35.3116956478127
24.467310541574935
46.62219268765539
23.57560236658033
27.668426084380283
25.082090621086582
22.791941063417344
27.098124745364423
18.995303908790596
21.263105168667284
19.098572349657108
24.230699254890755
27.898634848295657
44.149436129597035
30.83124383906507
31.121744811514283
24.5705040267951
19.858159291541643
31.86723572697341
32.20699232706613
23.51169075271741
29.939629990633478
31.69619164839229
34.32875533805316
42.74670504266066
16.650708311569783
26.523749672088755
36.51890939140074
22.25342728009717
18.22776127118803
25.41191009329965
36.8198673715186
21.143734464376756
22.401870626783655
14.99725501015077
25.399507575396875
23.232748685068774
19.107736695576605
24.87918798420515
26.508886491654344
29.54096273365781
31.282314364105453
41.96038917721149
33.10500269852382
20.003190139689785
22.951821128401527
34.61197045290467
29.51983969609122
27.672047238327906
20.468057939136653
35.5709414377448
27.694619563533884
30.416455217511512
23.980729283848103
25.770222033787178
25.749877485538004
39.184258884991216
42.520884853633156
35.79730675237647
30.078735261743688
41.27873830804018
22.117883045173656
46.17238938661115
24.360596621788012
24.330011948093123
28.191923302154947
32.73768096387145
29.601378420931006
31.11916161576881
23.308155658675258
23.21431155955311
39.56256961286376
33.508263929335044
41.31661189654797
26.04980433907585
24.404288678029307
40.60365588938758
35.836462959269866
30.901091579240585
20.238853668075055
35.178151030733716
41.558672877705945
26.607254294550646
28.28831572470029
33.56857073381136
19.98932242972714
23.785628485968118
38.48427385850723
23.191640766881143
37.72835449929811
20.7567004035346
21.12271441821112
39.87570070957011
43.108722393589325
34.76038944748077
30.17205458225912
18.84757438088281
40.705433539009036
31.303054496538774
24.018260064635907
35.37911598889893
30.336688415636882
25.728914255532352
27.229053916489733
36.58232739792249
22.6680297478959
27.610383918412722
23.633150875118346
26.848129506466456
28.978570640377164
32.283095042327446
23.77746634953216
25.826143529882284
35.99819429402929
34.5080604312022
20.463390711024037
21.55046861617439
32.260090630376666
31.50800315151596
19.92451895837876
42.60141484537839
32.40911675570341
25.577112654719585
30.536171465768785
40.517045253514674
19.76525450779036
25.182360563154475
33.10813611626666
36.12870198831673
29.674620684310284
36.07150100389417
45.22744002423257
39.1332633693788
30.990629561202677
26.94101916701094
24.78188856526497
27.15859136423792
20.44292658712712
28.307756859254663
23.556348173061327
25.15766321265021
27.226003082299037
17.469754322335444
29.285416657628506
47.76052390080234
30.047918208155288
21.184646630198937
21.72928704296525
30.73075950061284
33.68811000615624
21.1358170843868
24.864185961314327
27.482451898223587
31.039231053654028
21.829231507507522
31.776120233627296
27.51297881838394
29.588718565144926
26.6636211171142
33.32782547261648
34.12884435726548
31.639507063868567
27.140689391786754
45.37874693571525
33.613121386450956
28.987800431881617
29.180642950214697
38.1614381524441
22.7716366371413
32.344190352864274
30.8688682995255
26.408643896364765
24.090149482995532
25.940166203201407
38.54608641708809
31.3589358210427
32.093166002815195
37.57153908131597
23.352769408730754
47.224337696625746
35.14319129424707
42.4092721883213
27.23989040707564
21.404878409072257
38.49527470086946
35.28327710760409
22.667761394508812
21.712837431499317
20.8310602410529
21.248281985904438
25.488034084690682
23.789432551221335
34.44931824222488
22.76756446357764
32.034856379772535
23.713192588996044
25.28234100251099
35.48761184620518
33.34521656860878
25.24866939160676
24.773451971555925
19.50936405953147
34.5758179503367
37.36913836107873
27.242580979927617
18.184738176034024
21.654622716000528
35.39181175524812
23.580782987930803
23.6546753843908
19.422465577063846
38.67704831282941
31.48283820506117
38.315702286031204
42.33700514645523
21.26790289172333
19.40512147138148
37.18326594159036
34.906605349935326
29.632056242366556
31.10742646966336
25.716832875215395
39.1423186117398
27.81692314420301
29.057261516613053
37.013954427402716
18.720222351353122
25.046439259075942
13.445511083010175
30.015275437370804
28.852574279040784
20.501980017817083
22.683794025159322
28.23506203896452
20.771722109108982
29.472470040547982
30.202505707009053
26.563491100092662
23.704254263081264
28.948270858622855
28.265030431249833
27.27706819411907
23.201130967963067
25.271929340438497
20.97230929828146
25.429369726906366
38.02149906010913
35.09685239489904
26.42073058611183
22.37825960941297
35.18732515223374
20.013209277163906
21.937360462311474
20.369505181112245
19.77512356279109
28.441563682023958
34.15731597474815
33.09147534148635
27.054221123880932
22.079865730025155
40.65731799929373
22.93496589312525
34.96303294214847
22.43664181050875
29.43766308684454
36.51747339672845
24.46748746601092
31.384639014659538
23.820237171972607
24.509275630835813
22.434766630702224
23.66367796055244
36.360881062815785
40.32356371699034
21.751735886145646
28.948303108579164
19.887629330406
18.428556023580274
31.065762053471158
20.94887427336924
28.588739526670174
32.87430005733615
34.33241659751141
28.529176463202322
21.4383978918175
21.25070231708726
26.47625005768023
38.86851092640086
20.863891527234628
18.492421702537808
28.83061397290505
37.38419694299617
25.676527995358384
25.75774860074639
32.27695075723234
27.132516955274603
18.588345967130458
30.651341862330227
25.66527007315512
34.054944082634755
20.254857651144196
24.794612558727287
14.810287904666126
21.076795230864796
25.61617990416719
32.160288614056086
22.329760566838523
31.262214002046807
22.052850463355462
35.59196790836624
18.270556802310054
22.697269222347767
28.570093239826416
23.996903115890557
26.315583647254936
29.875442159497673
27.83291297378852
27.787626847132945
23.05479237273235
19.10855748904509
30.24645919061883
21.410380841641004
36.7788904980843
23.54283610462554
19.48127690098157
38.03808419114698
19.469611861808765
24.244386958824997
23.933537708016942
22.728621776851735
34.36374579172359
19.859271586062714
27.244556658952696
25.481203037833023
26.837591968196055
19.709236061771946
35.042245731737175
26.91094155510364
26.53034647381561
18.306501352851686
14.289074453739062
24.21828792136886
29.839540664321458
22.316462171111297
37.66857481845912
27.861284909149774
19.897764199698646
30.498165029432535
22.241743615627875
22.42971846876343
28.15248212280966
24.21120825166164
31.79348654313019
28.563386915792254
25.452867234175258
33.24256926897403
24.113743450062763
22.461644541704455
31.599963609978772
33.87561725945613
22.961071660111504
29.941224684531516
30.493940859253517
17.72262305886495
20.664673194416178
34.353291791410115
18.848184230999518
43.64687722974515
24.516440731744503
29.164971128744092
28.818002596824726
23.504648127747256
29.862311245388582
31.923750493877005
28.384359503433377
17.478227471173582
20.240974642322378
30.572340199215674
35.84147601289208
26.59782701482383
23.73407904335818
34.637410028338806
32.43313281843193
28.26085158934799
21.7307438186776
23.815710840930137
30.361281711289024
32.83606520130201
35.62610000977633
29.761953928364722
38.789121093353444
22.124190697396926
28.483818419701347
27.09259852985859
20.620221731495953
22.985048702085745
28.44942441378085
31.91077405789989
37.67967162747471
26.798421113034898
27.09178091197495
26.786885056915327
36.650486333031864
29.597194783965787
29.559390218045657
28.62621822339988
18.8313995834645
26.248895009289168
17.10507048180806
22.553668097891432
24.4081814339743
26.557292112740733
53.216601007826
20.203053074857877
24.776707651944825
45.81298571604385
20.47995919210416
20.873661256706583
33.37374129639081
20.665905897006738
29.463836006600598
42.602514592517345
37.27911297116754
28.601136438702472
43.961453616399766
32.15757058586399
30.17229002311054
18.215434506287774
21.684041386943402
28.587573389052313
25.384857324066452
25.573829967423293
29.908993951377592
32.619294434016425
33.01557118111689
29.839718001476818
18.172466264301836
33.46870680883624
32.44931294444734
34.03140849898333
26.110269312022115
42.269863983379935
24.977315325916354
32.26926827631472
21.259607714177314
28.749249633240105
24.769820413870487
26.743587746695873
33.669933333614956
23.969393833183975
27.665138299204763
35.73816455410119
47.67151803341934
20.474180471969905
46.25202269289852
36.75945304357957
33.853669716612686
24.927241257320897
25.746221223246323
33.71614811944649
32.29613561350638
37.63673027525918
27.056580971895684
33.183002940750875
38.646133419290884
28.584723374684597
33.41025758399941
42.35004214989762
26.50754290484918
21.66464682534353
33.498608448305525
22.276950386251297
30.082618526021832
33.944812994798355
32.7342133211921
27.268044432081197
35.909368102020835
27.067443054337332
29.230755658024936
20.387035845500094
24.576834264500338
30.18038207964221
26.081057136528536
20.219668993518916
18.55100859862878
20.71906905414877
36.36543362707848
26.66476487359894
26.964613212648846
37.74898379388752
29.77339473469913
24.560958732435523
29.494409811863804
21.251449367485577
23.200210267490657
28.9517831776746
33.15384292574769
29.45439679586663
22.048243946932093
22.943888468028124
23.923105820409482
22.698772252251885
31.847789815567317
42.85995631747391
36.0704873910837
32.30775105520475
23.859807885991156
29.72277475600188
31.257874967232617
26.64887368722557
23.670186783476492
24.39191523947454
33.849951667349
22.92656368294419
30.788704141782347
21.570064004684998
26.240152102576747
30.429167924972727
25.383201909939157
22.778728933337778
29.176007317309228
32.08172079915755
20.451994241287505
34.69166353364482
30.313775121854835
23.08849185909206
22.960130255964714
19.796320765046328
32.44277302423716
41.31835457142049
32.55970089398811
23.53830721996941
37.260761472594936
25.4445682552154
25.976831061556986
27.200729601481555
24.752231122210112
28.45992526639093
22.484008364635212
31.306342799853986
31.454776874922548
30.85566896826174
36.97784538879255
26.174375058568096
23.24921878934173
45.53450998294442
37.52666299325668
36.00117348906454
25.245304542310542
47.14036244982316
32.244811986162865
28.548798345561817
16.959437031384336
20.0846802111425
28.430908034654674
19.74919352682988
32.820121790014426
29.00818345255873
43.62915893657957
18.9267691587766
31.728504130881717
27.4804754052332
39.17931200275904
32.450661844322454
23.452202787394288
20.207414570898504
24.18996786193339
26.957224310399948
22.380052659258745
22.376908875662195
30.317516295160885
19.671055077233675
17.907771948738375
24.209316696420064
29.465347000376767
24.297427003950876
45.168236860339704
29.454124309594164
21.647461609668557
22.38388850132759
36.032981149079916
30.5415672193616
29.263159043428356
24.04330043918276
15.749100509375605
31.95796153500921
27.334120890014972
40.17158541776647
31.561642234523607
26.237971752789903
26.153255215123245
27.97567429364438
39.62368018304877
29.37585094971774
26.760679068983674
38.28090845102646
29.49064216333549
29.842406440645313
33.33241741065625
22.605116148206193
25.992615174874356
28.301439604384754
44.28937708026731
30.542195738453714
32.87498832029247
29.404254235780208
35.150898269260686
25.09380031184222
30.748130946339668
22.28035416242575
27.893878716319882
26.77136376657617
31.975153211751785
22.729678496378313
27.80781335716015
26.525833065420684
30.148796223761348
20.343868184915774
18.150762714915913
32.30572786301048
34.93788607274125
24.237581636067592
46.141575899787625
30.838923264750683
26.702285765261568
29.52546117764225
18.39988226420476
21.563705108465626
14.403792210579189
30.250838033203305
29.343479013880636
21.717588101364292
26.90434512295977
32.218851177508945
17.435017983083455
24.744187014574557
23.713310744266604
37.72309666989678
42.331250094101705
32.367152019608284
28.658664832090235
33.406188966662484
34.09509632700829
18.394061562715656
28.55007750523911
43.74277752196997
26.761702388907743
32.362303551429235
25.829635387866805
31.898396019231328
34.6339707895597
30.719870677924604
38.681507855141824
25.97558765555994
30.34357246670191
36.88757620791914
30.81875070460364
29.763914585666246
35.477527024656744
30.115442211262888
27.51613103669122
20.44832602218471
25.125186837185954
23.926728457780293
27.028562472044555
37.59817096229067
27.088832189881767
33.83122566390905
31.159581164626942
22.340364891697813
32.41446583241646
24.764540533165057
32.70036629736143
26.36604949732666
29.305171103109846
25.40004839673878
50.82672353006902
20.574036900086494
25.19768375709252
18.99268704532173
34.738957194460646
23.81692391277902
30.047412433679337
39.04468691513454
31.04804137946798
29.693527209872865
28.732499458169304
27.955344283602557
25.29581473072005
22.612954561741063
21.93295424142234
30.85478454542906
28.739897082430137
24.120713069241088
44.30874057077964
27.171549336457403
28.810705487764128
32.59541813197805
28.956913816398373
23.77709726423909
22.889628368162487
23.84250519061124
28.03324658349899
31.9628949329164
29.293687915961286
34.12709564232459
33.97742990823336
29.541027492047416
20.86752030675611
21.984716305032652
37.026699025581635
30.27715834589777
21.063679093373764
35.63720030343103
30.098736696677435
34.697205437516985
30.91033519167496
30.823456920615072
22.603125099384858
34.420866862566704
23.937400296586024
19.360342931333836
22.763304942489736
21.397811145687374
30.9524426578365
30.550799901915997
30.349429006849498
25.767243809722917
30.092275741612017
27.294968874374558
29.253674280713376
22.591031873929385
34.41067679260609
29.505429868734094
27.25314927441711
25.625551960302023
33.037245558622665
24.21308345872365
26.330518175916783
30.183155587964848
39.90077184830632
26.608308356919913
21.53686867672607
34.1604351084641
27.494241340559057
25.54877051733293
31.000369341024157
33.88355844003302
28.50007888589713
15.473477165430738
25.415979588994748
28.299971446219384
31.19340866492274
28.145018632915246
26.998633391234893
32.6335808285057
34.47176473395876
28.809580296156774
37.16167312624984
28.354599716380207
25.416983374607828
24.362009413356386
25.34415230612328
23.802120971896255
25.026443770218314
31.404030351284234
25.46426219748343
25.75139223722809
28.66806488697813
29.060704125862962
26.73542262225371
30.812212873383675
30.401923062462455
30.205285979433434
25.76242308464543
25.943287464926374
30.66776636520434
18.026449811938956
22.008237071554902
30.23386166581428
29.469085545600077
37.23713735382179
21.656056572214062
21.70869730654062
42.640988539218284
21.628011615855062
25.466597650146223
33.71160982191624
31.27206740364643
22.393754825195906
23.993259112198555
30.35299462745841
31.436788714978714
21.75560317516812
24.357148977453345
30.067069265960612
26.252272113464954
26.6395183765924
33.99492804249594
26.778906485729454
25.426146450563376
27.547585277829334
31.592520329543046
28.415762539266765
35.31930926311072
27.683532536166066
28.475154217159428
28.6730379712008
34.79977441632073
24.027647387484237
30.55174952722057
30.694933294987504
24.382580964655187
26.85559162329142
23.482368069749455
21.34624985153051
28.983460965301276
35.65446954189277
29.32582294616325
28.14865027204942
31.386627143679526
39.174403365115204
25.08938586366251
24.156072752292406
24.981674125184583
21.95463694602664
37.59372121181797
24.743075239808505
29.25366814935601
36.35948966847409
32.058099836309204
19.42781779639719
38.44968016875874
24.718235261083958
34.21508732133247
34.80213047534422
22.332591614743624
21.96119948985671
39.37164921021302
29.416844846355843
41.96336641905003
27.3843672455773
26.223304957974918
19.907060170704792
33.975331888985075
21.12624413469929
32.32951985875637
28.580509319845138
34.64112398487117
28.80747171395522
23.10758868887519
27.144719589929377
36.256069922184636
21.486873779901547
24.928977629634037
31.211169267269163
28.223416908772613
33.55428203901199
31.48408123711507
39.06348507011192
30.06931726948287
37.09351146462275
25.845779632720234
29.955213042173202
24.677918705656353
25.19236178204493
34.18448007929363
28.779784106098248
32.01297206967589
26.01371997312476
24.73779542128495
28.681843484838026
33.069034756205035
24.279952026765702
33.22454249899524
27.593851081715233
22.570046055271188
24.626445671080504
26.93968281571569
34.67307766964732
11.735578796931545
28.838015945902335
24.689639846687694
19.528163409448354
22.292415612645467
27.92612593336543
18.046287379518777
47.661155376029356
29.378143425498234
21.962038066707866
30.950186825853248
28.585679661722796
13.324259644428746
19.62454602247477
24.622365054673423
41.91689205611157
27.26093934491563
32.64981930591064
30.431744297874886
22.161984952782298
21.93746448524705
30.926878669127888
29.00429712408569
31.364049926093944
21.843947881666296
26.943392719174618
29.82671087654075
26.03978706329149
33.550063613155174
31.687546151168313
33.246045878889085
46.56521775607296
39.25462175934627
29.084801983842407
36.31444793177728
21.352291738869166
28.691522243968663
28.481576768248296
31.343187235177304
28.56979745894933
37.660937901516604
16.927227011544453
20.561830854993165
33.017093111889075
29.336090303992503
37.82378758034683
38.84617174042541
21.624193703401705
35.81892241879287
33.00597143475702
35.999565459785146
38.09648747404086
33.81149289339905
19.935775947044874
33.615024778322564
16.739760676909224
28.95596522690972
23.764868704169825
32.78377191910808
32.830037288274106
32.403254792204926
21.105164425949365
25.491736454123426
19.66396863102663
37.545349858410795
24.91710514223477
24.735127617661405
26.046455333191105
29.703157792717498
41.15512421210677
21.20520889007645
31.877069379991497
23.54676434536687
26.382137355357443
32.71011176178429
25.768700067046336
28.63606263460758
26.726962881987365
27.79019320857622
26.6598522919785
35.52227047996636
26.048692802863275
30.4610472264152
21.666566538940337
34.07941413624049
21.721347309967022
31.003981261232553
28.284070090463974
25.731706416530965
17.977725681748066
26.04722487889281
27.59214341787316
21.66924256971829
31.760364486576925
30.552806837852568
29.43684192428214
24.351425561656217
19.00481120151794
26.773403811979207
48.99006359685964
34.33493603743709
15.490510931636367
30.685110022929557
22.959803173797354
27.993737011442395
30.746204451134385
29.831296665079794
22.772305829718217
23.87289667476856
21.038734398533425
35.36009056588064
25.96634748071367
25.43732962285893
23.050251740160945
24.719951016161943
31.13505199406012
28.993070414005523
42.00630856588673
28.8791049108594
24.560756204324218
18.02445352349422
24.26692566723751
28.641816848597028
23.793366905968035
24.3048307492928
32.014197872143654
26.874797325631363
27.897942722084206
27.806218479956158
33.829025088107294
31.401234788032635
26.912201614469183
22.89063165473083
32.90221052928787
33.28883739039434
31.030465556264247
39.18889183003873
31.879348735039297
34.9819948702284
34.97716800050759
17.438051811861367
37.53328606222562
31.137921380790885
43.11668599602079
46.39257022882053
23.131161135429302
29.072209121210847
25.557100763039998
22.656035830890175
36.28067255894683
25.519784007305745
17.586967620644643
30.64646435325491
35.98717658544211
32.78136324070847
24.78030339181405
18.187246955907376
21.620414857950042
35.02773046671059
31.029167804988518
24.68978356141504
20.145198832797533
34.419624799338855
33.55237563763004
26.506718568695785
24.32159576443703
33.96824473048393
38.679459320771414
25.02369092481717
26.216976735083552
26.817723307136326
28.359922832982836
21.45084147586779
41.38041112429398
17.88350824780731
33.73282175343374
18.02277788867366
42.02240070689773
27.103859536154197
36.07561219787476
32.88959158079698
33.153875343994684
25.486968459659153
19.89213020989025
35.93098486577082
32.83318776986827
26.76124969592097
29.766126588768817
18.026825827806654
16.94948562375708
28.49154208335668
31.10753016179509
30.758331701107057
30.69942796068046
24.852710831982904
26.886390913416875
20.39850986093515
21.645771196552914
33.71878131422698
26.839990775390238
30.546774048145753
27.546910191850294
14.327378818127881
32.73390035254144
24.094101050917793
26.96041742949733
27.671591931011108
31.644754763159956
26.629771058009926
31.65585220823334
22.341728598449233
25.94483928610688
24.523169188211703
23.2066947555613
42.39342298568786
25.1336250614099
34.67186871350892
27.685017222353913
18.26582825308414
21.377107307701156
32.268557130037074
39.707548287937534
24.796678289206557
42.88692026716194
24.009814288102334
34.26953595299595
31.324711105432407
18.70637832035646
38.69358323204221
34.19867094251837
35.58529033689885
27.818140002060478
33.93723472213304
43.15272446056789
33.80413050096429
29.39619266420859
28.593362807363754
44.64921309224595
26.196724998121248
26.833228289310227
32.13558073737148
25.00377714526833
24.776567978659976
20.76436237981713
30.296140366852114
25.288197313281778
20.210535824875926
29.41918765937737
31.96957208987014
30.81785089000147
21.21965547846453
29.088536202226916
21.818068965224754
21.302294535109912
24.056627623781228
33.14685572169939
36.550799454134015
28.437629746493425
35.258007735068034
34.17125078016478
19.165809230535416
21.83801516017824
18.20866354550097
25.59383151501312
31.368775266398835
35.0966772559682
23.349967378059837
38.763682277666426
23.40297783935645
25.309976162191898
35.91642959688306
22.931460455173625
31.897234810860397
31.77050609605247
29.742040679310293
32.063564465075906
37.361481370822645
43.35960603154632
29.774345131802214
26.517108313560346
27.053124462007506
18.217379974725525
21.61905380671219
36.08940400586522
22.931717990090924
30.069633360796168
27.502805362304517
29.479871812807083
39.989820011670226
21.257671402162405
27.397497278375244
45.01876475820292
28.147876076531357
24.326659009516398
29.00606716642215
