189540.96294491555
155611.0810894828
126505.21739427616
100127.43007590363
75972.3989080355
54656.13531450805
37262.0627514507
23746.997886917787
12563.686154345516
5871.776601898589
1863.0599259399735
124.87781840725769
480.4967485604166
2173.95922725924
4795.169234107305
8029.423452063345
10589.048977505812
12724.345378417132
13577.785106879688
14098.295175228142
14250.90985432529
13236.355415083046
11794.734991339848
9340.310041814302
7232.641803818056
5445.112151912739
3703.946518174371
2322.545994785603
1009.0201987400942
494.60167413084395
103.06391284257796
41.58630776995595
298.57019391499085
605.6969651488075
971.4197631617819
1378.2784419392651
1697.9625367104316
1917.1694352572313
2125.319042444712
2040.806895092263
1837.9852112443486
1645.767480910407
1563.7123336315458
1149.2160348996301
740.3466137694811
500.6932138964836
286.84378624443735
152.89542450240938
82.12881733225352
33.17876307097939
55.63248731648556
111.90695731365135
249.4813623651881
275.92693116670887
312.6607417540466
360.7444785566102
366.7828156728708
393.1483044989496
287.9172735297933
301.9640063735676
218.22079726121842
152.7668522415948
123.7534494468484
98.48159574219396
55.108850185178284
63.70976622848359
49.21163212581578
64.9679447337624
36.71889561898021
69.99130097903044
82.90779967479408
105.69474381179067
178.9856659196738
107.04326476526211
114.14848809465819
52.167209728835886
65.97043598493319
98.24096902596735
60.68660804259024
45.264254746598745
19.926782743413323
26.436294744362925
35.392381034983075
67.15590944785373
50.029054870751686
41.23035433418127
108.75411428851022
61.87197383654242
63.825774567729
44.154238490685685
47.140791298560536
49.65742868009437
61.746639240426745
44.26495327758268
54.39096232034463
40.207711806387785
47.58188885433533
30.702276847811405
66.98845408183752
68.83414477668171
92.05237169176871
21.728451400203973
13.2907621525063
36.781104075877124
37.76255155457391
25.729869581678912
92.68563580809668
81.73869498260379
59.30831518401074
55.89177092792382
33.773177499945255
78.6449749669651
41.64936670245931
46.38683874476385
57.661585285048744
66.21299826263106
86.82893087324217
40.97188273968849
47.54015892901934
24.289209562628216
35.883119508208914
50.06798636911006
58.57640204890253
70.2911078874849
47.664207846884956
72.53856937046855
39.49712948399601
21.919257700812974
21.539339559326365
60.39314176204789
31.374356793339857
56.65960511220439
28.669956857188982
61.092497146803815
42.76378885664205
71.02682311032669
79.1561218661628
21.87924052856065
34.24734939949956
62.4710179356322
65.20505087941524
56.68543121108709
31.841984796631824
38.89675028503511
52.52967747233248
46.993196090818465
38.57238897503656
47.66992490023721
44.29486667381713
46.048506243316844
36.2029883764993
53.06623590626187
29.656495283689775
58.35013058376918
31.231918739914473
34.40983808971813
52.52848028614739
37.612035473734686
37.938053575245775
67.68947541928394
35.60788784694991
36.7982040044875
30.086992025168254
43.598526707923284
107.6773853636315
44.83889658005466
38.32981283345694
19.276094374502854
57.32260852360326
46.246990364174906
52.55868073450722
83.54753679300669
29.40479552584404
73.85570778443386
42.472730404858744
94.94485396249088
92.60275158560341
62.95763598689823
34.06489137340909
69.03288062089898
47.90128068990601
18.501250660851273
33.94547742535057
86.2064032265375
40.59060716213941
57.512165510957416
35.20322448013657
52.8084545928701
46.29981520481569
21.090897830694956
41.877576191599154
76.97768826374237
43.63404367745907
41.85309632798542
22.656611802482903
66.71777941262262
35.03340775429754
63.91816614305251
28.69485063515946
51.57255929136664
57.08770598807759
68.70535844104595
54.72741304337057
38.99439389992005
49.05048761129737
60.941049256309455
80.29293057494947
36.12413418740886
40.02149377316798
83.24693119401549
24.5645828359565
37.60069983738214
55.59533718144015
35.20326834016745
47.215891076457424
53.69812132733189
53.63176190295976
30.527935585772326
34.59110928320705
77.17150172704356
26.10123153874035
44.132956206881055
65.71143376057111
50.72629145835184
35.82728206366537
36.16771164546791
32.99320193571422
26.816464138594498
43.794843044402384
32.380810928430975
46.84609181390947
46.60630675623925
38.276996814785264
52.459858687043905
20.772987042269055
66.49944731123757
52.99996895604359
30.66584198673081
30.004581230325694
56.62098390512615
47.38283205745951
88.40001856660751
43.17773658191918
24.920897993025417
74.25514760454884
54.97479751437204
36.330436247688795
47.90210492284076
51.52876134307781
49.91142079359866
51.27392934425732
27.217208196572823
45.57856989865734
23.447374663146103
15.775632375040749
16.952845167464588
19.609127042940017
46.67479567062538
49.22236349229255
21.906138575621547
54.089892491592295
69.25240737349672
61.97957511185616
54.15590070408444
26.005478589961633
72.26178529298494
22.385940648344555
43.30971910129271
41.83651468595989
72.4490209785391
80.95458574103573
31.38960808577551
35.36114225472173
71.20423085207076
49.41687326342796
27.685693793801025
49.9104303182092
53.16606067408017
98.1285477302483
50.00469308371211
58.86108164873109
18.42020554764923
66.61128492586732
23.59973109717472
46.40116083844009
38.13403808900013
17.759763692210647
65.63949631100621
65.39942681228706
31.33406715404718
18.981046821648267
41.660672680064636
23.09593842932272
38.929780072696325
57.96796119525133
39.01302051630356
62.6188834223125
76.09310309764781
38.83945804104901
47.92461378555764
31.14909732589452
27.483779698769567
28.690267771215076
65.24507068307074
77.56083664402023
52.654687255767975
36.59594389453573
43.873796781028034
82.10334649309334
59.275765648072685
34.299946840803734
41.2453564547779
20.483625485191386
28.52511200933476
58.53228972178108
14.263552715662057
40.48686925824044
53.883343048175256
24.815833003023457
25.539789449697775
32.077488876463676
94.04410521227513
80.24328467693095
43.333427936645805
65.5685454544879
34.61984056444871
35.506255780135476
82.41202207274773
19.970165015817827
34.29792919231409
42.74788168462093
20.798589338362586
17.272003402782243
90.2795780048455
18.153023876088557
42.3526859892621
70.11279215383152
29.014677058477663
23.93470231450268
57.92206131048552
15.757437724973972
31.121060700463776
47.68038088129726
25.851153989456936
32.701727436848046
27.51387493892212
63.17981438076522
54.45260404002582
34.81887586319131
80.62872097054057
33.89111825160125
31.324266622110407
48.405960582454014
65.6746342731658
31.370415112146954
27.079640701900825
79.84277165060526
75.58879166617382
69.66774599201123
47.19983042398625
79.67349506362761
45.60237634509188
52.412305446481945
26.964731445256458
28.28105405636281
42.840871882152484
63.254895901834786
64.66341764048109
20.044367228019834
42.4759505387115
55.05928920142817
64.1632855334091
29.383400548428302
32.75567946962133
41.75460484038817
45.7040720574008
26.005827191093662
42.49247042010115
73.95172437511566
44.10250411587502
93.69040836800959
34.70467803985716
20.499442128536504
45.27912257328014
51.43247710638425
26.426468103965885
48.291976564526855
81.21101807277712
57.27015014001607
66.6879561719334
23.185438964084383
73.55594695039784
39.898418308098236
30.08350352849618
101.9052148217022
51.62244760941247
24.96320277060869
59.70532796538435
38.49034858313455
39.655471411627744
36.35375971192468
48.59933429734791
41.776772312244944
30.895452804133495
31.17327933338127
26.757801612197778
27.151783700614867
36.75248544978112
47.724485052689005
25.21600609404962
30.368010076222106
49.976707938164935
64.19625321353553
44.40184966421812
67.55751780616524
56.661896918555435
76.3297483327737
45.07014148278737
31.910864395412712
93.67694105505855
57.85024902837104
24.16875463301965
24.22226812047252
63.866591241515216
60.225608015885754
31.71773395342977
102.37046732105968
45.314744174370986
30.80718594330668
36.534907384126356
41.31356879952541
78.6052535733539
68.24498181812373
103.12142740257426
24.596703059614583
67.63941181132016
38.866908246186775
70.62554834087247
44.25478084725067
63.47868703132063
34.16633575658741
60.32246856295187
54.20071102615446
39.65892916714594
51.90862676869238
49.16732798250491
30.029119590468607
77.15216592442361
38.473273891693424
19.830206137029506
39.21036629365087
24.992156903471354
35.655724723588676
22.067545805385993
51.38409847095281
28.9691900254692
42.007203673740904
29.312067136948873
42.49787487180801
68.54603792230516
99.18635494068418
55.251049369425054
84.23244611302813
54.292631862191975
23.339273422650887
71.8361758818132
31.409986650876238
28.33914604502416
28.068176503818286
67.82429761664297
62.39449248577969
37.762111211981534
56.26058673391253
68.27360036594372
15.188969265512453
47.9789512085699
33.24161944913016
64.00069482566082
47.661562160431664
42.710684541513146
51.200904491490654
107.75910136725602
46.803931111447156
62.28003366645025
89.316684201917
25.091419017133504
18.132961283096797
27.266274899745856
54.32191822567296
46.21718415312135
35.11382535356078
63.523539225657466
24.6276630363318
59.451014603035645
39.12502910550851
45.655230628527086
43.06300050373258
51.39791722118265
87.05525893830128
72.10235334683621
63.57361767197895
69.64173659556702
46.67571107491412
45.898184990714746
59.18570509441528
72.59377820398136
31.484375520241866
34.01629140988279
19.21136075931261
24.779786436234037
59.01081963911652
52.0193326554755
76.53563602267897
26.33586675064442
56.284031449822834
61.82349360485762
68.35838063008181
103.179343842152
20.997065326831635
24.626168960832267
32.42454482419978
18.862953075490775
45.14532830116651
88.21416354883993
55.91818880002823
15.83350985951378
19.108102107940788
38.563164581509085
16.873611399220543
68.11121569939539
82.49995389507247
36.830403394534606
73.46232274067629
54.075746054842085
40.47259496250828
90.1448782002826
27.10806290064237
83.1089873599156
54.108494614990434
49.24744741574282
30.613635622453295
87.47630120485029
96.3917936641916
13.817826405491198
37.2341847628996
41.371636071475685
31.08808685809311
18.58624333771155
19.23760515288413
33.500233886473524
129.246915390453
34.74589403686015
32.063037136245065
39.652064401171586
41.39154354781397
23.63630654336196
67.08345640511344
76.63589471933012
41.051774244619075
21.00224453550723
24.294398465935817
50.5983515096339
42.53918042056074
16.80474035051664
50.803304134764836
55.835626879792585
30.849492477012287
27.614864913356808
36.703463665270526
85.20330107896639
24.08382378725191
81.01521019697016
69.94171466195367
18.536741201149333
31.75668303216197
50.8089405053788
150.1081073549905
46.38667181448903
58.91643009601495
71.53049697283362
51.138413127664826
58.9063562446111
49.68592813960764
29.134413212147557
92.08278777952408
52.707633989413296
27.559610029084343
21.07097559747955
77.39113334466238
96.33574704541279
55.20172015181917
41.47713420091209
29.66383578151892
52.94070122794808
60.024636709380864
36.669783836779594
19.633737257154774
53.54249982754759
36.521638793947865
68.16462438791152
29.569414371688847
29.68158022746769
54.664470459465456
55.14419259258386
59.94434168030893
61.429462243889574
44.46396934739895
26.57364619232943
82.78917293538179
39.24191460827421
46.40904382644374
33.24517242220462
37.73427530982876
42.35431280896296
20.797056068987903
50.83976987019473
49.433220062760725
45.06763392191987
107.23896232911754
28.05058175948396
53.83808798892416
50.87429127333245
18.750785963059265
115.79137577380396
58.07856801344886
46.2127867746434
58.92235050831699
64.83799994892178
49.755615981555394
29.325140947706156
57.38640123679743
31.246239075768045
44.190532163486466
72.22636945903977
24.863655956824733
36.86367915892731
30.463024753552464
39.929429096410324
71.65302287517612
38.418328281179704
35.338938612408874
40.42159988852727
60.92927699894363
43.90154239019354
33.017685202801054
66.33712827638402
50.20408583233961
30.74838829945098
59.07262052074566
46.44556090342418
45.64499586300311
86.90655741035441
29.91492836815619
32.04186675143981
48.41130612102829
44.06358497322118
73.72197159924649
15.932691605942154
21.84059786189402
71.00837834546208
16.83681168473867
30.201319541400768
35.21597709453621
70.17451110008511
34.4325756874052
47.51157306432223
12.576563640890889
20.53542549551811
30.023823971737528
43.10162857083565
67.06060483556105
41.91483285644764
58.451548649311434
42.84229615043083
28.581605903358355
62.3430173976799
27.96486140291107
12.73278804959437
66.53150871551726
23.257833190280273
39.57465381709858
30.185337239604358
27.549854563320636
45.206113187784005
35.91354667989999
53.6486846315848
47.4300613540196
34.93621956207662
43.93322586317831
19.819937353539995
81.75767268167691
44.19100196482581
26.606921136715496
42.82688331986842
36.94200826807991
59.79060671158588
43.34404695548735
44.39580086361786
33.833064604782344
20.633465234373617
57.289441315030984
74.19124286484018
22.5435414333993
26.492007242153875
49.79438991891931
39.82092812667409
18.816061711293706
79.29469030414617
16.143934295263975
22.67526230339498
56.6284102964163
21.496274568622702
55.37156438737868
38.35172872402076
42.318594656489495
13.571670416059389
46.85684180575947
54.59695697104585
68.16791649268468
75.52014539948743
41.12964540086122
56.046376192745875
46.36847163677622
74.61677903342932
58.60086857861815
18.79829122774767
43.889883898293036
30.668927231043753
14.436451654758834
63.23289622345148
32.89301984526624
41.95350277499928
17.947379906761455
49.669070072081226
77.93379073420672
97.93627020607599
57.592820009795574
31.747716950085735
45.07176913274134
56.380359956388006
50.07963043520428
47.192835465269425
22.932842214310675
27.418926465603278
33.47343193300161
42.048801476578305
67.68491389725736
61.11825007874143
22.881160261940636
53.33894509632244
17.632556627744265
28.595294075392918
72.9923192296231
18.753190101881657
31.85641473254721
55.55290409402184
26.0232953108864
29.0181297126328
26.462353646699512
66.96541902952934
18.941621547176528
16.79831818720559
92.20707271947094
44.542958283915674
66.30067541548617
44.420334139412425
29.90965728005853
52.33036908174756
70.64717953344392
47.868394683764045
49.84708137603674
36.019864176979475
82.24033011884042
38.91372530494595
40.66297779241827
96.26532894597804
68.02200113941821
22.529847996063932
27.748955058397968
16.45672952236097
71.50937250067008
21.61042977581428
41.64091762142715
74.10767650152131
76.07125392221194
39.08494162289316
47.656277770454054
49.723584851669486
25.7121882903361
38.72183684531132
43.409084540508815
75.98974917492917
105.00567283505137
81.0516066862047
83.44371364027384
47.24949887615172
28.816500095907706
41.41144859940578
83.95736883693289
23.408683342725055
44.46431130505803
66.76428865420155
71.46042286010325
61.169293253860836
86.3525153458019
76.1609803383264
82.42022675876999
52.852534030810894
35.08152547399601
39.6912588118578
39.59203080645038
57.7847845798882
77.21647803803083
41.13758814961721
66.93067045651719
61.64585410500712
51.99146831317235
28.391397127631908
54.22380937196386
39.55358867580516
25.13536043428003
22.389349802815158
53.67323436275513
55.483244927723064
50.14055856765187
37.49563578071377
74.31319204321629
29.758922542218976
51.90844962323526
88.81916211443998
58.359798566003626
21.908781859223776
21.91192070293857
63.289794012173274
41.337815606870656
53.04501907780189
17.258514650052955
44.121387211225574
74.45515659178066
22.829924391394893
20.254910068880196
48.63749750698884
83.12622817957728
36.69936058159378
61.699018420581595
24.439586784003335
20.730520028645522
58.47627091114859
23.12095224277238
57.438874180389874
42.92653288049306
68.03435966522478
43.41129318384968
27.635416825068233
57.588471961190166
54.54096341820538
42.72699096325424
68.71308105854268
67.11149771177693
56.78643443764078
52.938298250987245
57.59491337605659
65.44693573090235
101.2512003542471
40.39108115137475
56.722277474147134
34.02734356217162
33.33034916494668
16.147407331868116
95.98817584401466
34.937174769926955
25.10759196455969
18.31160003431485
41.84692575982636
25.808429733498855
21.001059455282668
21.178810741343387
15.630850125748829
48.45209381326616
40.54759894167723
54.929359059057205
56.38029701598083
40.67720871471735
31.872979082300702
74.50126371688589
14.104180741583495
55.31205841127019
98.23004158910123
86.54718585743873
83.66490795980451
35.86084188646129
49.248214916725054
93.86655399755843
62.94694870323387
46.13543767585432
41.42584056222528
16.30534749909881
19.95947034687891
20.567357361307188
80.96180270532636
14.03619198963744
20.114125038490062
48.85610918144045
22.42628505434272
48.392082656141824
41.18905449930336
61.38875938081932
58.850472711783
56.50141085542879
24.34032284452441
53.015631517931304
49.63985021397615
64.66581903746716
33.70485002236831
41.14523359035614
15.546680540712188
60.07197693884774
52.34979544158976
60.83102452940407
64.18810601463221
39.983640938513574
58.37311079471033
44.274548265693056
54.64275268207023
27.071398990307433
43.11504646632587
16.35198605918805
20.301558902322583
81.39583422664283
116.29516608586322
65.42981628816015
56.37906462810006
50.64358963565335
80.7331733358749
77.8880755285536
79.59805628808809
89.54234872476391
20.488222684775394
20.650781110593908
59.117807147636285
22.459876557347407
29.000384985990742
74.55754708402117
72.06125735175
66.89564549665035
65.99241620198963
36.65615417884231
31.500528842130144
41.74616102742829
45.433365738323644
38.51893655794674
43.02585730117013
82.77444715330785
56.09425260612531
32.99023201283106
35.46216045348013
52.035629813119165
41.46233850103571
19.648006993313068
45.772020410587075
18.442346732064934
30.389096549951798
38.58214614208077
34.405145014509316
43.87218937385466
62.34754576638001
20.953616554183586
27.576299745339067
68.16219474094267
59.91485919579047
43.60646094361612
48.26817963628546
77.56081319085352
55.781141357995324
39.66621595106131
27.858980833026077
48.00649937571821
38.274090307363615
57.186141929227695
28.69488172201619
24.911602792721574
59.04144349231618
77.8391750448987
47.954611105842915
60.51741224324895
83.79482569308243
56.29381476642481
21.8436609106758
34.364349048014944
26.937370358587508
23.07508109104259
72.77746029272643
40.333898101745575
19.66119315929607
62.80057373734306
49.519734741459885
61.02425833126004
73.96358997162034
40.449648817967145
66.28404078694238
23.428762518542285
36.40585738936605
36.424340365516336
33.16780264873498
51.42754051113647
36.980084452151004
21.76503011314485
61.38897661408206
32.15983247791122
59.32143323833352
108.1156256008335
69.90176146856216
35.241200381457254
51.24082712875793
64.0041459021675
63.425479308679144
92.75139073442328
46.207509353356755
31.325013832491788
38.677276976922656
61.563291746430856
22.73914663713489
50.70781254124731
27.939132232334156
23.160265537314405
19.058543806364998
70.93311158395167
55.006087340435194
50.77548744187107
19.68706591281744
57.51387797387183
43.93820400396756
47.36083803216909
31.294576831361148
49.07032974679499
109.22237046151378
29.008436001046924
18.709134523326412
31.805265214394673
84.98498760665427
75.24106577681142
69.33106724425402
43.04679871307056
97.43201160217522
80.14379362364804
50.82594866524488
53.573873826792784
31.5398970859531
54.71586211476212
38.81432224008261
49.614191605472776
33.30622859494453
103.73690890931123
49.659294454793546
56.6881347698333
71.5742528599604
61.38205536539476
70.30166119494406
57.781264543247715
75.731206841616
29.33379768448682
50.072498968393944
38.17435449569301
38.74569490890591
59.108571912547426
82.70467124236417
47.265253420396064
21.91389862465563
52.37401047334005
34.859551328823365
97.07324192436197
38.945182115066714
21.902264338881388
38.57250609078079
23.505457264835385
20.820035885967314
21.61413860918171
28.817882730498777
38.24997077992253
21.16673763524145
22.656342765793003
72.13211445227206
77.86388609715549
55.929109616285274
46.593987346890316
69.30934436108502
33.21236246061604
43.112821145610795
27.032388722303413
57.74085714851105
19.975989784274745
21.867825953605962
57.81062078602359
32.795066125016135
38.029060422633194
37.66894746293644
36.90849218275116
36.17708220057466
46.23203637209079
38.45767535914162
71.07330210008885
9.788050995659328
42.37421300440204
34.17472681342746
54.581881028692095
20.353674665203094
76.32474652844978
58.483011557912945
41.315980136651106
67.29564755449586
61.61062985801971
78.44647809991785
48.43023943351605
50.76384781126089
60.35305857421957
28.794416582486924
30.332277424674224
36.5318449312167
77.44980729222054
44.44937519298507
58.536361239457555
45.34069495777454
50.22827200143759
58.210512054028825
58.720169283202004
24.83527328144052
34.492792460780294
15.357731789735945
27.842833929214716
17.061985200487253
46.271435427417934
52.15470256181879
46.15331486329887
19.30885118115817
28.102714534212446
30.930714632813938
39.427710862210425
44.027477693838904
29.059967629194638
34.219061798537666
87.58492124369037
31.508446121947227
29.741976179329566
40.150964603118844
30.035045892480106
22.482914829851534
38.669333558271
37.0519200720293
57.53073011750922
28.471812241059546
57.06320226146365
22.67662918614691
53.89520725885316
28.479148861538732
38.225104246172755
53.740665033933645
104.800788933723
60.33581494150815
37.95683159704098
26.025287767313266
61.660315821050816
49.56802303638399
74.06572978081125
34.17006919239202
40.31271668075634
37.025546095031046
44.49839753415346
81.97641241606722
48.53346628762663
34.87813523372857
21.821838141407287
40.89190845808555
58.12434119247138
64.53500072423557
33.24618301969128
63.0878629254811
22.115533839680545
57.91016845569461
52.595504688161384
14.253015748849906
39.92525484316914
56.13435730494485
33.13834078351384
60.82481976022941
29.00238223257105
45.59882305921163
38.802230566624516
53.90122714037913
38.67960816003214
98.13360358623017
40.924145043758074
54.781627930412526
25.506340654999406
55.36865545085784
31.985520353621315
25.63505537543953
30.738899392914952
31.17929569503641
48.45588447621885
24.60346732591419
55.22196686769634
41.381480669616955
60.16694221481214
33.98059729066475
51.32035564087144
44.21199221256172
37.437509135757
46.485541878486444
22.480425899115005
23.92080111456806
60.67413993777616
51.115728833052074
13.270914173839774
105.90330654761698
50.78853755178358
97.40621013209176
40.45856586089262
61.633031281191144
34.506533769189375
68.86398299994708
60.23523750896814
27.02655049719553
79.96480677489932
43.435980937204384
17.813405229439986
79.57791825645933
99.8012146020489
48.607422963198474
54.24580419543867
24.30235470423805
32.103957327738094
56.01766973557743
49.378756535328556
120.67258601231407
61.126651407477596
13.262409779929829
33.97718075617847
65.85714180419701
52.308867149858806
25.26939185855877
48.57094032420186
29.133554175944692
21.705887527411708
19.20871556180003
86.7161775180158
40.212004703927875
22.1308079651564
74.64553477438574
43.82730796569715
55.02227536511094
40.19761723706804
43.468715684101376
23.648530122052456
65.37783214770025
54.42508167371839
46.707618369813346
116.56382145683371
53.34790342725482
28.56861334980821
39.14229399719392
25.095614266521753
23.645099843028653
71.29950451024831
12.222589917952181
53.062989901603764
58.19131070532998
41.41634129809012
26.121665722659777
47.69566861319085
17.453339854153704
65.84557560485835
31.213547937365664
76.28197660710178
20.48943033307363
40.510694606538614
16.47965922756243
32.341459663332394
80.52902791497253
50.59626406637865
62.734899445990564
21.61070023928337
63.17363409534153
21.4829116174841
52.28178398372519
50.726332547549845
12.520101648791707
66.78061776672516
18.690320380263206
23.26117213435055
42.46915285340338
45.15894649483005
40.24198939610644
63.1905060058705
46.09908391183951
25.488765258904934
30.778099863306423
9.060812446950965
56.828922511599586
51.743466361804636
17.42949112008328
11.419606837220993
53.7326934944504
27.49621468355659
54.59605059344894
62.823038426486455
20.572186470845942
13.030878298028698
29.272655382470287
30.462610481222285
48.07762386265217
42.102266564917244
41.653989221593875
23.286397411608796
39.630090620934
26.29759645925569
50.39285255506828
38.588590610063946
15.398336482538452
52.273465455358846
24.759613265229845
23.81489124564337
22.15273450879765
13.736090946681134
14.788437976931313
33.620146543223974
13.777511743161098
18.107585208970804
66.61088238825137
16.138700973776793
37.4257261272656
25.69145383676631
31.701190652903012
44.39578386271809
36.59678758956822
43.53162620012526
45.64336849868649
51.4221464729458
35.826196533000875
52.344732734832974
51.86558332612366
17.532850659082534
22.595773756701146
68.37516079245344
33.16303112823562
48.81656199729407
15.74019089582745
57.934674168752096
38.7924836598569
16.360612378803076
8.29694592930542
42.628391607607306
14.324236858145214
17.362924390616435
44.23080390465458
36.071111856067
18.76740942806486
58.540801961184854
35.66637196175367
36.14856412653232
55.492405635537864
43.55124817991486
54.37762446000583
41.86892044455444
33.22484829414299
64.02191248939813
12.903932065492565
21.724204736567742
49.02126800749175
52.56508676028413
31.91521528845247
35.67780642354365
63.417899468316264
47.80378467095355
37.04833153500843
40.40101248305869
21.391148848863097
45.19659197258321
16.735092170003256
39.73022386381742
38.07870652401316
26.628747900001965
23.278352887539793
30.318470888600263
31.720314281637023
21.665111289836418
29.35490188434329
41.78441901670434
11.786538403428787
21.602440607448898
5.645063951668179
11.335011028722228
26.016280198572627
20.90601800628083
22.834807580195733
30.16289701465983
24.267890872169637
10.42558077938978
94.23915152571095
39.37055801479197
28.449801985329543
26.8110884056255
87.96521282451891
12.894664123726901
34.531765829157955
27.60020487584272
8.101534480142163
60.803176034366324
17.804907596019774
57.4551172588029
68.00077191880519
31.913582874682646
19.68482565325532
32.30887866124943
25.064511229586177
24.253441700476436
47.84752194238216
37.28042808266396
9.760391031786837
15.72547120502248
7.769011871126972
31.549516496044106
40.89207252041671
14.583089432259252
13.848063073340612
20.264165081547155
23.55364269038325
8.310992552765605
28.10959951340423
9.297760546240678
54.20807403355966
17.09554022751944
6.246753636107609
30.680078461194665
17.522270995540012
49.857741269034875
18.793640560463857
25.72550521372674
93.16742956177842
14.17213638196638
22.211435671519265
17.400126862518395
32.541806900845856
22.942940266752398
11.632598444515018
69.34717156456071
14.709117661588655
21.337876925206327
31.89563644814703
25.460103404798957
14.51729680599914
14.45167886808934
29.428738604295773
15.41342447619546
24.976581065206435
13.219752042012924
24.525294027979356
30.376410981660364
30.956113138165602
38.1874834494745
26.70434812763111
50.2724971874968
21.772966574150082
44.13982203777936
38.110020956200515
49.00653323724594
31.79961774187819
27.05056432839641
21.339617575569473
25.199762622873983
25.434480283943973
32.72745437036853
35.71830629719474
7.973608979462571
24.700929866379834
26.247887385796314
28.84875188976046
38.10170193344664
31.318788935431584
10.519744155728956
22.153331655189056
7.243796730631884
23.21242361877611
38.868923257715934
49.366463306532246
16.19829240856065
36.88465981794354
20.48967785337405
26.96256030678163
26.266145040792683
31.950484879967718
28.691687433053726
22.11700983969507
13.732830681203517
22.03895182197602
30.699604378299462
19.609056754831762
42.59905029947153
33.04088402152881
29.475049406189935
21.141182065306037
14.866641512992903
33.254461461980014
20.02641454521828
20.996342376052006
15.153796518972834
33.6458297894135
22.219150461983286
11.072254526439554
14.69467877829774
31.226982811382424
40.98320616245886
14.082810159830098
16.851982556856335
14.940793872576135
30.530273773543996
21.574481726609264
21.207496051930384
16.351493287437197
42.13915926509435
23.32339944343702
10.050141919540541
24.736015639942142
9.992893173144623
20.339850126736803
10.297652221123267
14.537070683175918
10.446466309267635
25.25094746294534
20.89522012870698
29.92449050359823
39.67325234628089
21.969748545062203
9.054640540151022
8.236572079821494
31.105786629449263
17.896640641051512
8.571388017632628
38.60292315565198
17.32678343834784
21.541231132416183
23.891955087713157
13.991500400589485
25.36481015185267
26.69487002795126
19.923371179428322
17.124949403315725
17.32664909441121
30.035152636086377
15.078082244878779
19.386823565961016
13.502550069926974
9.142343540680754
7.399973664035317
16.017048419471976
16.477413251579694
26.02618934459113
17.516031503797926
43.22761467677011
20.223354951823108
27.965867930339392
9.825054902146789
28.500927921953178
37.60279636318591
14.45118021322586
13.886361856000216
10.699460618839247
26.915242356207496
10.768016742250966
19.53276696240099
23.92356193933392
33.422716307705294
13.924870690184395
19.20495358768499
30.439905803306182
24.609481676448077
9.43143308482377
42.01013165853478
5.3331946737105795
27.17603561099842
17.269095967047583
8.1582353604757
9.13322426685902
11.783566300251145
27.721393836898677
9.211247570612668
22.798106076173223
46.35711090507732
15.40183933064625
17.965871950729028
16.962684068322645
16.885730450240334
29.67047889961318
21.721251260785852
12.572483313809965
29.877380318350443
11.41895142647311
26.68041708121948
21.612759448518553
23.633279649875746
22.013403079907455
16.54276230065411
20.695338569776695
27.862476258794295
25.00004956359174
26.727081855233862
29.218384804799136
39.25129365420683
26.27934298939581
17.10737752655396
15.006234221600623
13.088282347880536
27.32064897245472
9.122303094648727
28.36281774621594
38.24146149461398
16.531556895157028
18.212302770776194
18.2241727082175
12.43106149161439
28.171552038487008
11.116943039553625
23.625434164425826
21.517564723919655
32.53834422763007
15.263609147255957
21.65069919686696
22.969805523925455
24.90107795724445
23.233881163749277
10.324446204242149
8.88637295632324
23.953827359155337
16.814071578599552
17.72725181714936
9.961564105262422
8.322910229221769
26.19378108689694
28.539734375418625
32.9359364007681
18.968946234105637
12.820391814696666
29.454955616957136
19.92670807627365
13.661214063002417
10.498795181366258
31.456297306589498
5.412751430813216
21.39985547068719
21.043802462286695
7.741947982238294
37.02160011447243
10.105729222805461
23.9621793326664
15.075781600699163
56.76285560372557
24.920851139736968
41.358278318813596
9.93446157036764
14.708803694557629
25.489157716012258
11.70041444217457
22.81118884044189
39.03150791052878
19.68065467322253
15.993719988638228
24.15909698765277
26.59780448397865
37.21243686312713
23.577344699602083
21.362502091449297
24.76347503278377
20.045726520778608
12.937147396857155
15.489687023791493
21.582327099957336
16.523938906005377
15.017074343623623
29.840161072643767
32.798592734829526
14.638422572623297
46.74435034835417
20.02778089690426
30.37377801718129
9.532021990955105
12.67308491007135
21.658324724448956
22.625133503521326
17.16640330151918
15.682329422201438
21.03738783048949
12.103287065741753
10.570406385978288
13.935692869526717
26.059047523919755
9.820174266623452
30.253125001443497
25.50921046561907
15.387182750590874
41.11819760950247
8.201099475313338
10.785113653798591
35.109851490285024
18.14372844515588
25.34055791887732
29.965655835123705
11.362131303911612
16.37339903244367
20.999743752958114
20.183306888857935
37.83890642065373
19.796019571645
18.95190661068773
7.763216753885368
29.762779113310955
18.452796308973426
33.595901989546604
28.73328047041848
30.122471359276688
9.623622709506522
17.518657946620518
45.6002649577273
11.245794969905978
15.973507153234271
7.009856194865985
20.38836386206451
14.830197858438016
21.38890163298573
9.10270872330241
28.116009221263255
8.687027195292915
29.615891408200294
9.978092663285652
11.984060065159587
15.137403436256319
11.654629699482138
14.052435600607174
46.6148160187483
32.01675968608868
16.36188458481386
10.269180812951134
9.459588432416663
13.297631283595862
7.906736699719014
19.88790184517097
16.12696526073584
7.877761793279562
20.136576635921895
15.445452635018283
24.959341385312314
20.212641999245935
9.809218179909275
11.154926274902973
14.902639882908428
21.715989126340197
21.83680336215486
23.062542036559474
22.83782702675597
22.420795797179416
34.300641522546535
10.46227571049215
4.339464376279548
31.89460406746955
24.208067422482117
12.307824232179671
19.61745138246703
18.20256462506991
14.003178022571792
18.62208603912148
18.39931427772876
16.501402668232235
18.358081247117216
14.108368562787579
19.386579245182396
12.263278068982935
15.653304020971829
16.095691333112995
26.815168997488836
9.62585059646465
23.00343610050913
18.878259867009884
13.115190063826557
21.932486415447663
9.704317092868946
36.37033914507819
12.29485531614176
19.433226873277214
16.585788820314313
14.123627406426442
15.20154973825604
12.1286062970944
14.983057692046216
14.090777944458447
11.686379901761415
19.00975751890615
24.190886796541918
38.3383309702555
22.698249204239794
15.02208405509761
9.243121539101336
15.964339801000577
7.016977047652655
25.202819280805432
17.842899945333066
6.382110516347258
10.218528983674998
22.31241384885979
13.593944954534996
8.800951677526491
28.30571825094984
13.506961879067237
7.286113350684718
7.217080373494898
16.472804841441537
17.501080917357783
28.10023710070833
12.740148179231708
12.697069626316207
12.007219168875165
15.364043482618058
16.560150369514396
6.494526991664121
23.102256503960962
27.790048654055166
25.901521014430678
21.119905841646148
13.08593156228719
18.60766990033551
15.042449035875908
9.075586078089202
13.65323733027746
6.478906494035658
28.946793115234783
13.885749736425018
12.870442659244308
10.407913035276756
10.290826510211708
11.061962416296883
16.78619348029366
30.513053996420435
9.629310925753778
13.829461251564995
9.641693079021826
21.06730309363513
12.762679273344071
21.220370194108675
19.854759863515053
23.39586467663478
17.853020216853945
25.224609177743794
14.58399402821323
12.056496608290706
12.13623070952939
16.797546381516035
11.453915087808493
11.307615029921948
19.284073623392757
15.557485903526572
6.293667090215016
8.425009144728774
18.96738347441703
14.409938756718779
8.18041346783259
12.131015131917467
14.549343829437724
6.059047132455449
8.310286647162755
9.674480496790801
10.460117186828699
13.215294752518403
10.33725380427354
8.703507406535277
12.238426886803117
6.266464522081786
7.478714960822703
10.486208809240283
9.589372558657036
8.070298932100188
9.29312356041114
16.678360648687356
11.374026099520504
10.238537764356966
15.860802397209655
15.17406516457134
8.264226261315036
19.356800314309055
5.655829997688067
15.276282927589172
6.322257491500638
10.65630933149772
12.989497812298945
16.14630409266845
20.506205463582504
5.824816668607804
7.347521223815547
11.986512593689998
7.549979816391156
8.423425822887095
7.3974213742032795
11.593510551670569
11.77752023843939
6.438118607518742
12.867794830176441
17.9705734148191
11.044916449301796
7.618597684706723
8.454816325198463
21.297217133570435
14.44568268504431
6.368558211507494
9.752241484882589
10.22558803294599
10.426252688604126
19.560741966584676
12.8304722519484
9.98329325334231
8.206909306405445
9.790526500180837
6.741719831405954
8.888227203828574
8.544807113886277
7.182745030407306
8.496960499649427
15.768691470284624
4.9156741445339405
17.634983840439244
4.427573865206201
15.009187470408778
9.284959777723284
11.08660471794754
24.321231736066615
14.189485269349023
11.705724579634431
8.57011513715829
16.274079094876377
5.849086852833469
9.734826737557846
26.140362687430375
11.114244591101304
8.050982345091809
18.455128148771774
12.749243032355373
7.081745045678911
15.376601850585184
17.261418808673497
27.86492610524876
18.149285929780305
24.09789424943813
10.2015254985033
17.6197070467585
12.527322957099027
10.35611616800312
14.717153556496731
16.595401403072454
6.6685676545696095
8.147342137376375
8.043225238680733
9.023890411944624
17.477025476881884
13.394148020045352
9.561701029446336
13.379429440935816
18.691699664347592
16.522441800071373
10.505221725305661
10.666292349091995
16.86941367573616
14.224201907598946
12.0694714048924
4.802877236407309
8.634178354235237
12.977894759663705
13.859616796367765
8.604366130528438
1.1103445436778598
16.18910864879778
11.778183430490916
8.132539856844144
6.0936026302794914
7.740714972781121
8.30864387235432
7.665708918169542
8.82422795823718
7.892737930606762
7.763606172333018
10.301763985169442
4.585484341226833
7.241170936261239
9.221029463060166
8.784217993596137
8.700861788955159
7.201638194391376
8.623573082644088
10.345972178774264
8.993825446826985
3.3996815852679765
10.220777397966108
16.26436636686085
6.650742575942156
11.168440247902087
10.942199312105974
8.658289480106369
7.362496926020848
10.299860404116558
8.0339999986977
9.06015540790907
21.264315010706135
7.420915611288341
9.17659770480171
7.237146358586526
10.382257180911866
8.019422537069353
5.903320795442952
11.405849560285292
7.473627457999221
13.530458446321317
22.799307359006495
8.805225667104256
5.625693354743514
9.382921777667548
3.645602259085553
4.451021146030628
4.806287454985234
6.475952377603529
8.800705872380542
4.8165170225881955
8.36454445292918
6.892502189577801
13.353161237704086
10.295621981295351
9.352304653261486
21.207002271866422
11.363896867636242
8.674183935287196
10.624140425290719
5.382773749705037
4.716325712539114
12.682944918502157
6.007788338382224
6.293795820030645
9.839730864853532
12.071244828604945
11.155049066558508
8.020120030817491
8.86828575564014
10.570595749251614
6.26883183872446
9.138333525012095
17.091180794616605
11.000725597426575
11.349898529237747
6.378809125639229
6.469880238380616
8.251527644974885
9.52746125589183
10.091333476498162
9.768412894343337
18.690922549941295
9.798878958128988
8.060798935414473
7.172578519144144
8.203641304973896
7.2647605128517965
10.85135308027513
13.584819418544953
9.365367883126249
7.375534974750199
10.113321647472553
8.75046767170781
6.509780876205129
7.48428594552427
6.649850053294422
11.411659949380223
7.19583503876519
5.69007776878895
8.479009867705946
13.719621125425393
5.489631372550852
13.00228689511171
9.487825372635712
9.88450484061167
7.998687993819494
11.406261941274126
4.126112145568981
8.297510841136761
6.130849305228283
6.8482013521723895
5.825094255838343
7.90077077246648
7.161190606001848
14.55377435835174
10.116058479131555
7.142232170331909
7.006190106957609
16.546915906299397
13.551942702181055
5.062678723126858
15.314775763086102
12.594875949289113
11.132497938807724
7.555311505623773
6.237638089887667
8.407612907074723
7.591539356203593
6.20349763438987
9.000266311441543
8.298443779730198
9.455800357875502
11.700905114311817
6.2946410583575165
6.231162603267084
9.398505011929057
21.196057765785856
7.562160256492434
7.96155402361894
19.48842985270544
4.460637810658427
8.316245511792422
4.704712573689604
9.200940263723089
7.765249064736321
25.079311355598488
4.949692904514494
5.7691347501584
22.780818385142084
6.076670606106283
5.865010153406051
9.4777022515583
5.585894255141505
7.485577581235339
6.939030631613016
8.433858884382104
4.423404938318741
7.241877175310991
4.242635745541096
11.783062573008625
6.099087066900697
8.283536160031453
10.720615755672611
9.215796120955805
5.674540292370935
13.466151619473287
9.628412116756392
10.031619691047743
6.641710707777134
6.012869628812495
7.25341559146902
5.97177501095506
9.802820496440614
9.495373379475444
7.827247037076199
4.76612202016284
7.375026071158699
7.114166663641405
6.965542832176222
5.44865646116734
10.037623288496794
6.4954037122586294
7.469808611192259
11.19654946947126
7.18870910358647
10.214729408957934
6.4166034322932886
22.629834552152676
12.567779427204034
3.755968942911504
8.758174827472406
5.249083919011202
7.969317228932129
9.169321016723355
6.633452383114431
5.462266023607818
10.51958272619817
10.709993153607154
10.69861541515911
10.947542637661952
6.3010339695020585
6.664633184953475
16.81691615004065
6.7142136285380625
4.162050005479827
10.994492727914695
9.600434393043358
6.05214921536678
10.216446314888598
11.368024952443454
8.612580446824216
10.074733167444752
10.102971743715704
7.604991846797013
9.196487444373979
6.466310115185675
12.782637644791636
11.798878844446325
7.72909340225031
7.558088085163704
15.541282756492192
8.996330260771773
6.951915915650761
5.792168034077088
13.680304935086909
13.058510560988228
21.96842794803263
9.13120235695914
13.95300507587987
22.432671206400833
11.85797113690723
12.815430464974517
10.28633831042741
13.286011564863943
8.749274417689108
6.089846780956664
6.601595677012314
11.069705082090666
14.285053711195292
8.72004167572728
6.207873860109081
8.981831908070491
14.45040740390365
9.868522972013546
9.26706892306704
8.670212855068925
7.481960050726958
7.373413124517751
8.384592827642741
7.601141541205295
10.17961740961643
10.056838303185804
6.8897764467696385
11.316031897082842
10.54965530818248
5.753438459132753
9.262959207810564
8.535886445978063
12.904515687507217
8.149024959450797
11.138712557602235
8.25650658547973
6.363559565763982
9.413700849645826
15.92699700395031
8.725694435013557
9.391705864229655
5.742485793484925
9.40915961014364
7.207722131532791
6.451701101592443
22.807033595464812
6.6847918345619775
7.603211529603289
6.92732973760698
8.373406603645426
21.0654571549138
4.821357273138335
15.737335467224897
20.30977872210617
3.215285641600165
3.4780149702882706
7.375218382060064
7.656875234840192
7.688940775036762
8.951409993251012
7.112163754559993
8.344050719687129
6.89740933850219
5.261744753403801
8.935133049267877
7.358571830169702
6.209597099105527
7.323762593613525
7.026805343150891
15.779518856040495
7.119140040977855
4.723355075228194
9.026919021079935
6.6270430156788285
4.216151180200598
7.557795658774198
8.328164888964167
5.050738164817604
7.38587567257282
8.512665520723822
6.348880844893848
17.31856994645524
8.140807488200776
6.4212962965428595
5.741049302466159
4.110155592686077
6.621378158648163
6.863149392991495
10.005749048526404
4.448141648378132
5.556507769444835
10.480219227289476
4.5982298484042
8.12142224091127
6.102165345242403
5.841129539583085
13.269741302343402
7.791700981674023
8.04217032367752
5.619536882846694
4.46501557016611
7.960625997093864
6.640289881355066
7.503331184611885
4.03014980284735
6.871243374104879
5.289605778042956
8.505145376945036
9.271776495335722
4.068889527709322
8.952992407532099
8.261507641814132
6.260298743439038
8.902311458105215
24.332807919561088
8.87611789588328
9.20005273600344
5.2403898416274135
8.051203494799006
5.743290058170537
6.940195137178373
5.544781822303286
6.5341103702566965
8.001408413853826
9.397325819113245
5.267940931813773
7.488550043432863
7.0986114877870685
5.83811838065357
12.32202014629267
5.360562466945818
7.088929172951223
7.952274383502571
5.149372908470033
5.091317537469635
6.781957737746319
20.99794543691545
7.155261914444804
4.463353653255533
6.570921281007604
8.258964277968781
5.600471281665741
4.2260950188025355
8.222815637937298
5.234059998778904
10.083575984222392
4.997049878486539
12.442690237741429
8.795923851705071
7.286070656867932
6.885327099050306
11.31815967157537
7.043156598412538
3.840465024317505
8.02958587671422
11.531582301963144
6.888839689704182
5.633937476244978
8.48221327214837
6.396097919840832
6.101941385266647
6.12206209445266
3.925415572036407
6.513235505097185
21.176250694077204
5.432713631796067
10.51652235743269
6.540924153789004
5.448798823287905
19.322462003334053
6.821901439842572
10.919673674153696
16.78464619887242
6.95498166077525
11.731620747705646
6.816752835409838
14.865912159335021
4.465124969747304
12.60836749604975
4.075995749291323
4.306254247991345
5.96884310337955
5.758996249190853
9.034734442227155
4.535038522334144
5.272995068284871
7.331475412967239
6.226940332236332
3.904366121598199
9.501447662169513
6.299217981359534
3.9129676567212055
5.115925979676744
5.46043466341128
5.588091347703824
6.482510036985224
9.09846018132436
5.817496667721776
3.856771438152457
7.1924691207318965
8.30787752498423
6.207106857436349
6.767822142018347
9.68062085127727
7.2588793335910005
5.396953806495034
4.225872760045021
5.447030373892763
7.27073101364233
13.095454866890927
4.514445598801625
22.767282187465078
7.127285846809888
5.893744062676522
6.042137472580326
4.7903559055202845
6.3910825299604195
5.0717132062775425
6.741153138638979
5.290248514152595
4.084066513541836
5.260129234973283
8.334429739230536
4.270594041742074
9.92321070589463
5.102840485803491
7.364639310779617
5.544484775976628
7.801015630404111
6.546337129271873
5.631479952663655
7.392175034141493
5.313480455706551
3.630131565221702
15.228362672911992
6.343642584192684
8.68262304480903
4.43512430839055
6.4714791298908665
10.687520218347915
7.760880121669301
4.903418037329046
8.819647881316465
6.328036648968776
4.647544071284228
7.134508373206455
6.555010302072361
8.84672486103017
3.2513903186931334
10.431119398339101
8.498969723640977
9.411409829898528
5.119588801971321
6.070716967032273
8.82750981570051
5.032073735683199
5.900299229795027
7.2596785336088905
7.088553930884174
6.024736362106091
5.103498759344704
5.064250805614704
6.8691623555216115
8.492162540113577
10.670680649864828
10.250547150748618
8.807726626908902
8.601711131924079
10.157487405637928
10.896834600133817
24.22974136187748
5.097715034504981
3.290571875589859
4.533477328360124
5.425043954146613
5.889128417343793
4.690949756290353
3.629810975951331
5.339202088643202
6.8929387255318995
2.801338393937134
7.164511467658792
6.1461936316524906
4.021650298178388
3.2319017693344145
6.117067799668975
5.789562866072255
6.919103653110525
24.738075882235847
10.560957964221702
3.461124294656338
4.192010685436719
6.763710045844603
7.726683499566238
7.6645847912570035
5.815551498089754
13.580699302794319
7.636331266667002
3.100536987955584
19.28298264606952
19.44317148987979
6.041061654268785
6.884592374517566
5.188414008355595
3.609938202893691
14.981043171128997
4.4884444329451965
5.0544108635584974
4.880669008069417
3.9616672471323158
5.525151710017115
4.679781118395621
4.837287237864418
6.943315381542485
3.227675601944485
3.4981219132215253
3.5660018685020076
4.749683847427946
6.520503243113159
7.949008299366751
3.709040512929506
7.995538221361338
3.748073554529616
6.549271312049227
9.519995750782991
4.076993085424521
3.79274896507163
6.727126853808726
20.25724293355792
3.2219445196790035
5.65255679864423
8.454613318662656
7.542691942900196
7.499783721851245
7.839039410716704
7.301551776561534
8.605668598308128
19.3347122595719
25.84655074460643
17.297818880521714
6.546011145835889
12.258690899102783
19.21642889961825
13.231623673779769
5.369358394629704
9.741743928728988
22.626917334235785
6.2702246240038635
8.856801255253218
11.61898195691248
6.346119900639356
2.9443515447192428
5.932699503425799
5.8319774712238415
8.70849888901499
3.3153349347867365
7.949873725120267
8.100759414314167
6.016077284689412
6.205612392998355
14.772219669732484
9.010562719961047
17.3568968510391
8.090915857722234
4.809910590883342
4.73353743409087
4.2161679778503895
4.114432669061408
17.88158667420035
8.590349220448788
4.818334132713238
5.297833796150672
8.471746148377793
8.851840604835424
15.393061162664438
3.961127657875816
6.418423194535114
15.223075945434914
7.17176733649709
6.542969658912807
18.999741788087203
3.2182769001738296
2.9250616433725467
4.111582869235283
24.297664160060336
5.085287610430974
10.785454626447443
4.336192351772837
21.873662212553104
5.537193956812056
18.982891356944847
6.974449927434542
13.69306549304361
7.859119409388226
6.384023307525739
28.853391810695694
6.379808924067873
3.1385409190579265
6.068767806107061
8.923204330867739
5.28622291382353
6.245750992604926
11.910612100954303
8.489097715269436
7.51174523785899
6.989808001399996
7.284606155847655
6.511769446979927
4.560969348619503
5.490729465035327
2.761139463838931
8.652947396122043
6.67563572618948
5.702497097702337
5.692932586605497
4.097680623809679
5.994504884637796
5.477481738940844
5.168316069880605
5.746260653703039
8.048379461125192
5.784965149950061
3.7350469659914483
7.488590265099735
3.5394412604286476
6.741562284413481
5.786599022217703
3.2441079682779512
8.305607810178756
5.268840996942992
4.40233402727405
6.9168692212557445
4.693418996120589
13.603931288826859
4.685483981307593
3.608204048682505
6.105181215789698
5.890743887011377
6.98699825206146
4.805766120922918
5.674338008286897
4.753724712891348
8.783213358770539
7.2223628833849
2.283622739135957
17.45608873080257
6.511544590437827
5.7967337263066225
6.886563651382235
5.659731233636927
10.06415156288312
5.273025077174521
4.280384219142183
5.092607471957409
5.0369536512689095
5.838215396389786
4.819374865313873
5.062064827042242
7.017379050395178
5.414146100890048
8.116706816350181
5.312720500920422
6.405854925598488
3.816117712536317
5.816247957030607
5.6118302200249195
16.123651062915496
4.896262411816875
6.456415733450026
8.594949365586842
4.884478222372121
4.599641295020185
6.470967884036033
7.6210944607919915
6.7000343794888835
5.525999100119554
4.690720433044894
4.387889351008228
5.377634761920524
9.030130940649475
3.298074310416522
4.3844717943354015
8.859438263186762
3.8752031771779722
6.2701694825603145
5.409171003533421
4.613900270590753
6.3798011828386025
3.485875483540702
5.5762644244495805
4.688386700106539
6.352713494356685
5.266398538329743
4.1168445623326075
3.748994116752666
2.4854630954625043
4.280500462705194
4.786953784182908
2.080073087202456
4.470295057884856
6.138192281445994
4.836641524284592
5.557961775240161
4.249429343638459
4.393207969710504
5.121139925530253
7.026667986809416
3.6216940697772184
4.410515188311552
3.7379451441185383
5.406974387716981
4.522746252641503
1.860758391218475
5.122196843857083
3.4701622895376665
7.092434663642054
7.317943302787004
2.5674158954499355
4.990377095625562
5.587929146068197
4.604368586804626
1.8826549110430864
4.579800005763538
4.870235015753753
7.751609231195701
5.131715901263415
3.8163354595369645
5.693704413803876
2.8819897241541366
4.468658099294413
7.287990585670243
4.25735653675249
5.2250767826345985
4.495594761573894
5.4144976257125075
6.21780014847611
15.982917135582062
4.8260747045538865
9.366414706109811
4.445463011037627
5.3019668948378795
5.01070094782495
4.7906019381069145
4.434549579775751
13.293028086864823
11.079768343419612
7.207354417471352
6.1917570286312955
5.906962129551405
3.4316298040023745
3.001607180048079
2.9874073203485128
8.811030380209536
5.74617987978471
5.994325542720541
6.581878043759983
3.19606715572558
6.518881954139393
15.905194747864423
5.369251138965576
3.604861063701597
6.748530464565405
5.219731094254517
8.279200785845255
6.339498901282211
5.2833083568253825
6.471638615736716
5.231753585477572
6.084441235401881
4.0077750432830195
5.072174005839752
4.38125195159844
4.5303260770099465
4.417586926630524
2.758702279755896
5.495673087621142
7.38446462803061
4.81757414769696
7.059800382633612
4.393339419665187
4.414746984663244
5.247421287352469
3.326149713881768
7.046781937016093
3.608128538279066
3.650622890043693
5.386283172150106
4.892791533624838
2.356493868951322
5.487200696787711
4.894271942227587
3.701583835096574
2.720126601862515
5.528421659997298
6.0141566032081695
4.317067250450262
3.94087805928451
4.284798305423328
5.218805142153336
2.790465215658935
9.412725907209449
4.197406375026967
3.951105649519266
3.741103351614584
6.332115520476028
7.374385557249371
4.912839605759542
4.133039582733609
4.886353417818423
5.913068858309475
6.710143614968373
4.412420175858328
3.553654634173838
5.863800343860466
5.782418292649374
6.95573630774839
5.245211345058669
4.960430322793147
5.757507145700501
5.188625671662075
5.117216503674827
8.405272483784444
5.410619022316789
2.5775714643459353
5.1090497740305345
6.897735323397108
4.4171641782987185
3.6592052095313097
5.044294394280361
6.3974197184515065
5.670588041250676
2.9201036207764557
3.8831939839913536
4.348193897167284
7.775041640204293
7.2116960642445935
4.767556972037807
4.509768545843946
2.964651121035789
4.128465222817567
2.5404809389392846
6.454769314633124
5.738452995119487
4.023410515210739
3.2563366591899854
4.9352298195503375
6.789002421607723
3.7978201643096057
4.1623222188951425
3.1353990621988044
3.9456619729461693
4.141277432426132
4.135134023134067
5.679331800877432
4.306104420573962
7.475245782798341
4.123423704340456
6.642408189167008
3.754373381147659
4.73938196611264
2.6275120909750687
6.102056777745315
19.70699036566692
16.026101733306774
5.718231966612792
3.900252367293845
3.171684508916402
2.832816993235513
13.645567980829934
5.382186023288795
5.739379538387324
6.349186838217967
4.501150785796198
6.595495325054508
4.925162673568086
2.5278891837787087
3.217167930418891
4.787350653417862
4.923005904009221
3.191691919661363
3.931379688150558
5.316625384372449
4.09981613706094
5.142060200004661
7.004480276607848
7.256249132605406
7.379201349098747
6.008197933865694
6.670240509281883
2.592995946415713
4.570629018155777
7.5180700814519055
5.779998591768181
5.810941902046511
6.456680389339773
6.759647185458596
6.011681850237791
4.91605832829222
7.154130532454996
5.112270139961519
3.6734478881044037
5.163692264034035
5.124089988059254
4.098265656015975
22.296804500429616
4.077496164825279
4.037640926561189
18.8705182785872
5.2915260205631975
4.7843022651015685
6.50703897766187
2.994376774876786
3.567251729903208
3.264859216240162
4.633915083536182
4.31840491027398
5.1737797955225675
15.711196360135348
4.195515097941275
7.333531018920319
4.438558136085285
6.326593910524335
3.10988308658013
7.11013919024891
2.8462530261126506
3.329700994754842
4.024160330552699
6.23665716179069
5.433920722296929
14.456381442545752
5.1847492576579075
6.283385057386513
3.666743449177496
5.583018403560166
5.237627182906959
4.525515078227241
13.256864871786957
3.036641215415897
8.274290892539883
5.559797076506151
3.370841438875581
8.513799209650301
6.445978015986448
3.5862743265948738
4.195870998644376
6.928132908054309
3.5325189612373125
3.8693828518762525
7.730621041794731
5.000037451849917
9.368477292963915
3.6441191535809714
4.3870283604691425
15.472270293230475
3.2457951184918663
6.779237894658043
26.772552910924237
12.1744257811174
3.4062752300398262
3.1888803648887523
4.9848298259248764
6.002561829442008
5.0135306104012205
5.70303115204686
5.4855118080247305
3.5636952482239534
6.499042874174213
5.187638538498353
5.538759368522779
5.7611319862308354
5.183491979439333
4.235751881242328
6.310247467213102
9.155158686431085
3.215860844021971
7.763684895283528
3.3806320642894794
5.030675434115199
5.600248099212256
4.498672767649166
5.869542580144587
5.0377813187996034
5.007239699835436
5.266009021496922
3.610489450661255
6.640809803248689
3.714972984421952
5.126060958161452
5.714857888077089
6.200474266976802
4.442768589537879
3.6581866639196976
6.778123517251798
4.123004295759476
8.743881477720596
10.690437082487266
3.880239388603124
5.867476789940129
6.3428304165033005
4.728045422489643
6.0521154820476974
12.1502569215947
5.982219594352845
8.190866859611509
5.792359584540088
15.152929676829373
5.200615079333645
7.068774310006932
4.304890703700144
4.865175385736065
3.927447883049696
6.754637741345477
23.483088676420266
4.721477686161086
6.463671970304137
5.72690247461137
5.667721610482284
3.232158359879816
4.2778723194769075
4.7876155526411
6.650562355487029
6.498965092057294
3.115800204519813
17.899536494219323
3.8082793838196363
5.0926281383641765
4.432249883652562
5.011412176517529
12.262854062420148
5.764893972957559
4.890196344097922
4.462374049251243
2.5478014664476265
5.351517472307079
7.1775310096399005
4.673374585586539
4.245921157151873
3.5893742132154904
5.051088493932308
5.144563449999935
3.053194884778663
2.1431505489011675
5.361498110312189
3.6465820477981783
8.389411890545192
4.17893566568049
5.382637655255764
4.958387835967894
4.074019926117442
4.852219475333971
3.5394139570989136
6.433112305788457
7.508239463566849
14.307658806639726
4.710409730074519
10.79165124867692
6.4093246075806425
5.704403364371418
5.5080356769034005
4.612413319678983
5.345650353979575
11.704713418173217
12.941492208354436
6.078380434712131
5.050200894214433
5.976454983192603
5.843611167622576
5.669725788427716
18.779733730407404
10.219966974606876
8.84438248132755
4.068172144031821
7.2109426855821015
12.960151803015174
4.738228700090543
8.983672783769805
13.917478318580558
5.270351784010485
6.911865760961529
10.361251314642026
4.400871733945926
8.52420476454809
6.315053925398657
5.320919905474618
11.518566050340016
7.986695424134213
4.7668711847653995
3.4977475353968694
6.8768886651324745
6.753882046912947
4.668964696115696
7.2526969319244765
7.6663362899911895
6.3779891446362535
3.5639377981536975
10.868838175361017
7.008003740253299
3.1528849477536083
6.917562061692836
6.700427652226394
3.168353423052183
4.255181615058258
5.78528906458395
6.41082519301144
5.153984338568909
3.398922263222784
4.327648311190259
3.8966862402044633
5.793683965259584
4.046888160385817
7.535608977532515
4.107276679648036
11.387321759213442
6.963258883250554
7.015359443196491
5.011928684992656
7.012936222476204
7.97678385608362
4.1401739090593495
5.463464567519089
4.461066304917049
5.863646789635569
5.027320294028825
5.952117062006742
10.805271522749221
3.462147201148035
6.103627709666738
7.953903420084736
17.082529805875765
3.0749427679806054
9.638283109010377
15.916592980186305
18.674510213713262
15.760847678902795
7.20937244275017
7.948783827116042
12.152097673410044
6.520869727500657
3.4134898389437223
7.320921728228488
5.656452860392489
5.290501456833149
6.891817372197659
9.304823635723828
4.660006818463745
3.2925001036020225
5.0960853585300185
11.021973248712856
4.996921688201101
6.534094929608179
10.960324147464743
6.940694684437449
5.908107759547361
8.124773431373846
6.945343255801864
3.931960672734753
24.602111706221137
6.8681611432189875
9.657971740009957
10.708045772091154
5.425416106453942
6.196615175154439
11.243615202660463
6.982579319765966
5.356135182225184
12.522629866492663
6.68426554777468
6.886966007768461
8.890709211724745
14.414642750678647
7.262931980036077
8.4153459925743
4.563262646238639
3.1493177638564287
5.5076936801555005
6.147530077766806
4.451148696297037
4.340801123863119
3.175543849580304
10.225062116432783
6.131087999853492
3.697283731260363
14.73395316558993
11.223983427110184
7.339799466600222
4.4060648499747606
11.836669704053818
15.821633413867803
11.275111605431004
15.381371591132407
6.975528492293585
8.540646236950575
11.059608464655573
4.430457856252541
3.809967715762461
10.398141965936817
8.819024076941337
8.111443561217122
6.38066884202652
4.203448136053326
10.73598920594241
33.769732756087954
11.505343639357001
6.8643105886717235
3.8939694071463955
6.000272076067057
7.479555186702074
2.247627481963344
11.377420466776636
4.883928258305776
4.642854911926741
6.436156846084606
3.744489209066669
4.6379243292454975
5.117148526013213
2.7296962786146204
3.971711644174288
4.664160831490793
5.909502981560495
5.863672042786756
5.126037327536892
4.140972077065353
4.414213701107726
5.552626554446563
4.542299515073903
6.874849083453408
5.556766238922791
3.5613462653296466
7.250268867406789
3.5346346839712703
3.3243043465143467
3.765137612341744
6.9631546303180745
5.947284176163926
7.138996721922723
4.326421350754074
4.047524263933904
11.67866766009974
6.320429164498696
6.092550773208838
25.00661563709415
5.7258219565145465
5.128831420921673
7.034752850908902
3.6814315824474004
9.829998226012245
3.4635349708969727
6.712078260503963
3.7590276377011707
23.69977370115772
3.9707341351028544
7.181079847075235
4.906988016520247
5.811981662356618
4.27150014998119
3.492786143447861
8.111048159133873
15.60099222093233
8.633994314246365
5.887503777250734
3.8825606105914305
3.762742839709242
8.37788689379403
2.5707713280737994
14.353991955891715
5.135063560140008
7.3044685454423135
4.555307062170391
7.2640750595062125
5.114431236979681
5.361361101016306
8.843576509184143
4.577172564750439
4.78680180131296
18.566584748791573
4.399903043785672
3.3399971221419307
7.394380163714538
5.091278393074961
2.6454754618216394
5.509538770825265
3.4767513533441665
5.5882927156376985
5.049010132713852
8.221724484803467
4.720466005521173
4.549398150980021
5.416080054609231
3.139024579120695
3.2367559294834822
4.464173254313598
9.299421668611672
6.179108160555023
3.992842986523009
7.225589861692577
16.38939257479906
4.249683559505681
9.367423026185444
10.004947592777366
5.443291975622056
9.68169587403023
8.561991495054096
5.092544639172945
7.757437174349318
12.511188316616748
16.48005126297105
9.740170498465229
4.810454422782737
2.93396116651524
2.8972580066979576
7.056525196871294
2.7249442536980135
1.7271556895943583
4.565870283230063
6.432903321965671
3.2598844069955786
5.482515982004825
4.420578088890024
4.169783666070459
5.51022556091279
4.049849420623286
5.015700881745895
5.382578130316664
13.232889796473108
4.9586360637376075
4.977445094839695
4.142765298467048
3.8845956440747633
6.121408395136355
7.117641285463204
4.928918197880353
4.238290245340961
7.73498374943127
4.84650233247979
4.816297810268267
5.922859992412011
4.471868980708163
4.779668959523837
10.635209172844872
6.503378960224391
5.9028373539017585
9.036830640484633
5.155087763482779
2.8129685057368756
7.43771853363248
5.829041814851804
4.52779047782993
5.126463958070824
8.898730206762
3.880533915999598
5.47310570299907
5.9100869927845725
4.435392462646134
6.883933425941927
7.652092930606474
4.622850160973443
3.6573969739927117
5.403313206213922
6.270074843555866
3.3227349608681704
3.652333501804756
20.748252171897025
6.341594496016878
3.4669377078922765
6.404888094359529
2.670336424762765
4.469706420429471
5.150484526195717
3.928762864189614
3.9369156405076433
7.588480085749691
3.154706074566523
3.6565871506817276
4.725623573730388
3.53342993737902
3.8622172277796576
5.025442021708372
3.969939140610885
7.231845877605463
7.192082839277996
4.64646378442489
5.6066069662417455
5.777183218747952
4.674236513597741
7.916341292231375
4.877493135288347
8.10068974861803
5.587840020751984
5.109400666955747
4.691750742504684
6.167451575215072
5.356070757681188
6.686893433764903
3.43672348425338
4.483610260683276
5.423874530372085
4.771208759772341
4.700833890116838
3.7642730101775395
9.695565588381871
4.017954424615436
6.2383088730956775
5.436779338971831
3.219802174077613
9.90808762382409
4.554342406370166
3.046958930996409
6.569433589381754
5.725115804923665
4.371389754119423
5.922037446697071
5.327757641407147
8.197372823631198
5.238063050815808
3.805348660935986
4.609118039208313
6.727562337107491
3.8618750739820302
4.310209036399662
8.938299480106874
4.9304325062340695
6.3332874320227
8.679170241501897
5.98674637694399
5.327790096610452
8.10968777377137
4.2510157405532105
7.471754117652788
6.3664350657692435
5.601861953700279
4.722240521288618
6.595478293233804
2.7079510165486145
5.8441088314066985
14.964137926267407
3.569302847873253
3.568341811975389
4.534829921142585
22.20699088658746
2.9015946471478116
10.352378207925508
10.722949251213837
19.637582945189777
8.80501937998477
5.338255196245148
5.8160101210952195
5.3911067733230595
4.351305449781895
19.991391652450076
7.533659899108761
15.606128297666121
2.1263646572999986
5.629013023662338
8.341999647882531
3.5638942496292922
5.9440072738157035
3.7802489050672827
5.474770043674991
8.953728095596926
3.6433141670217752
4.96755834196798
7.703368590690046
6.112492020263944
2.770567874866575
6.228081420336064
5.173362399392657
4.191037418920438
4.729649578647712
6.938233437855399
6.591936192404802
4.60532427191769
5.360531451656915
6.0151003225819935
4.9021743066605605
4.18688514246456
2.74733718079223
5.919337913744545
4.857200584463292
3.530159591446791
7.432684951823434
7.193856070798282
6.92317733941031
5.132300488932402
7.335076723564621
4.871759356165211
6.582927064678431
5.433664804272067
3.9606711685402787
5.393877882972828
17.252607901170112
3.4008976804381357
6.747926607566102
7.410530577814013
6.5842187933386045
7.67203970492557
15.78757729298915
5.086671213241205
3.978853996049267
6.515683996063022
2.845776930152379
2.970317329697586
2.7865977075223176
2.768282439660453
7.492098140790852
5.780089114661171
13.02153461330538
3.8511149846362045
10.679798295867998
4.50032559888758
6.712656886562621
6.175940786822713
2.729328380137166
8.709381262219166
6.554024433769396
12.923564520722314
7.628502667451962
2.972882253776966
3.663899841513199
5.14126657382587
10.02164339812353
4.966072955806693
7.922449768410646
5.399172651613893
3.495083406909072
4.15288532285125
4.069359185140393
3.8451510547405117
4.130220376165651
5.634076159644852
21.24821160689324
8.44579070351549
9.63352718947221
4.690521206158637
27.409350065828963
6.029709321323275
7.625560002434748
10.845073240114948
4.033578624537074
7.7163855909949435
8.38146425579598
7.810946088387322
7.57226334927318
8.936643910990101
5.660258915642266
7.497328142260554
11.293577483266365
6.07160446752276
6.157452559526522
8.980810752067875
4.609864916160225
4.748297648759331
5.716394065518784
4.660215988256398
7.591866634095432
8.75254322148126
5.679501771658658
9.564272576584859
5.6895888337387674
3.078576718295982
7.234410804250878
6.412801441652364
4.335648573147041
7.5216963435570285
8.473142501839856
4.20791921058436
6.2113133395678055
5.8187391337943275
5.805093863615249
7.8728406316068185
5.016203309510107
6.204841680265548
4.565833513784854
4.663919833904366
2.7544836292382886
19.896036852834513
3.4754994368193888
5.460325559158638
4.852926111661169
2.9565676664692857
3.463598280673845
3.995624526592767
6.814479351005502
4.802672967408349
7.343171311050183
4.935028208895474
4.261760574530172
5.215707322138546
12.978840726110807
31.263780746872445
14.47874907060378
11.2595682345199
5.146776712132473
16.05283028633219
7.881131668379069
9.364923852807099
11.388420937670636
12.41109224724828
8.33215525581632
7.440711614997397
4.0670962339076775
4.920939893383386
11.612649081905946
4.8837073149375545
11.009639291925556
7.237498188586927
2.43592557098976
7.787794207434941
11.377421699098079
7.183193002411614
8.76428971066528
4.887141565348117
4.318180198896163
8.179173869227773
5.361827089193641
5.22514073091948
4.526268540262396
6.020644146247417
3.2960974836083583
5.812276353345227
7.013705821385852
4.910920575176814
6.622034623771392
5.7406390391814135
8.860344709757364
7.617855128779455
4.25387241548263
6.179149469225503
7.854774259690851
5.665013099937375
7.795954294593675
4.822281004485992
6.608414704149376
6.1779147028448635
7.3551490042713485
5.2509464785381725
6.291551698628774
4.781111437475138
7.333566708386721
5.915855755700197
7.767354228340535
5.5979976780052665
4.6617106203210215
11.54630109390693
9.81505416832786
5.119186517681648
6.650642757495137
9.52351690289157
5.228299455212636
11.092506924148827
6.340944201042125
4.954461169302831
9.49708951784392
5.357940387497097
8.114185834483857
2.501249648246991
5.340329273616986
2.2514287002370934
3.314739917236563
16.713956343716887
5.9470758011661236
4.631533504485783
2.7493762136814826
3.2948898462675116
5.687696747013245
3.2526547977501057
6.924261621817955
6.753617172846573
3.4997331389549475
13.821218564969309
3.1004790769895356
4.9356161039895285
2.0802809194234504
3.904473514164723
5.742821061001524
4.439392872653961
6.2898168145821804
5.053403192073362
4.773654854585158
5.894490831530455
7.318663653395616
20.506698184102024
6.348497501097911
4.705928986213732
3.1185468029029066
6.9425271247106926
5.240331002839793
6.514621146291032
14.125263533134119
4.614059140065866
5.960408888280125
4.04161982212476
6.349928327026929
6.997527121376453
4.49761320007896
4.63488984008956
4.631802393334855
2.044425817350913
5.833102936048474
5.400646117707457
7.306225012257032
7.391442498281814
5.996584221984159
6.982306699476254
2.7815211375405395
4.436854762756747
4.821890448593066
14.220798073809027
3.515727276641208
6.5785207653857
4.575675446542828
6.7583207002559185
6.360907579865452
5.56558738711106
5.113647011733949
4.024716957829511
4.946197657031849
3.1095666953710586
18.359653658347447
4.528916681891893
5.830687609159158
13.924150779705343
2.525742270429415
6.067468612590957
3.9173065345825626
5.396716849499359
6.916618592382198
5.223152545724249
5.248307287053679
3.915211656874731
5.372700127217687
5.121044508850401
5.634672550839056
3.7953159561492527
6.755512061752452
4.335789416340502
2.777394106790607
3.42247831248437
5.600054355724566
4.994182494132932
5.3164055000848425
4.663132402029539
5.077162119625796
3.5522821119579455
4.475072991181115
4.573663514415591
4.966222594078515
3.961450225109691
4.889692463647201
3.7489931516439166
3.3002981168536434
4.722381812366503
5.842337065813914
5.834592880428315
4.542346350737032
4.865823524644503
6.968015513152112
5.130064609217317
6.118278220197623
7.890492682585179
7.083121930760002
5.387737560631194
4.616854674112908
20.98275820494426
3.874626758527118
4.911835794472067
4.9604711382224265
6.8784384749910235
3.514107170704876
6.33555426788696
9.353238393204464
4.726960099449195
12.136776554245131
3.9351012197537076
5.281356761073306
9.079832014633189
5.605149157686021
6.997119266799991
4.141495477223421
7.439215762726595
3.3375450831115505
25.922140348948634
5.1043304847914985
5.466068761584298
7.7654999074664195
3.7973654510924995
9.06708334968261
5.261394143833742
4.623227735631804
8.621555359773705
7.711943928956151
5.243957367528504
5.7432335494092595
6.737068863260119
5.528578480931853
16.25899421145607
9.438822918982634
4.187884797591302
8.754111045496467
4.076805501651062
17.03434196927079
16.629087857012294
5.906485930428959
8.08587118924051
9.843046446395716
5.026546115275836
11.974392480513332
12.592889350741904
5.049188727961883
12.65206861916699
4.873653522517383
4.886860730969806
24.492280783646272
4.2533617485910415
20.102722415082635
5.2360647083585405
5.917407893464722
6.067502134745925
18.022994666805644
3.732114454141348
5.571701372819351
3.6405748244916403
3.777208846581949
8.610648452117738
5.808858667694293
4.263195703741552
5.5251369704486315
8.701522089281603
5.684541640130618
9.934051530838643
7.204929856703755
5.507028848435076
3.425612624536005
3.717917739953553
3.541545756253516
5.131554915710983
7.491526008246292
3.66299131289722
4.3402141251453905
3.3491094382636533
3.143308161012108
2.8530311613512946
3.0484529215964233
2.7408990766896344
3.879560328362694
5.3541145704242314
6.2330310513446205
3.07592749739708
6.129013459376348
2.8836071300158106
5.7285797462824295
3.3869872474079887
17.447132546768536
6.423404907017425
4.628359782220634
2.7729520782097574
8.190855299502358
5.685526418546682
3.9077968023857474
5.051787723449262
3.0135410830822935
5.418538036135876
5.665667575528198
6.078820054793577
7.673833955244068
3.6365970560612833
6.506519494360131
8.516761882858674
5.501804520183772
5.963095072581029
8.859308245233292
3.5859025102841433
6.857993295302755
6.171108836955157
4.63137189689501
3.1890860253627173
7.178270598456368
3.544206768742207
5.226465799127208
4.714846471647022
6.820268330591037
2.70687126647502
3.512197061777589
4.0713298875292105
6.20716004301217
3.53869084603811
4.053038930997551
3.5212290939334285
4.578723931651801
4.083345655786209
5.1360889833487935
3.8896342045414527
4.0353245125451895
3.661608014445033
21.673679391432596
3.4202391815933724
4.397407630827235
6.161953765901951
3.009312444532838
5.898732735236269
4.606288982971911
5.465251457016676
2.320531985328379
6.230819368745106
3.6821537870826417
6.417646145887576
3.2675326774834828
4.535478486612588
4.715769159911984
4.7113096862378665
4.23458795535444
8.825174552451058
11.133003258101091
5.89290805691969
5.399262968945325
5.8945952061221565
6.595280568029461
6.666428757835041
4.911419854013495
7.071536910376862
3.2720562729588885
4.29947400674754
5.1492265649333255
6.9486116890305745
18.358485080430444
3.1011560583191837
5.6323778438402945
3.5952204991852894
3.715555976157673
5.0066310504237155
5.280259382150895
4.436013802771689
7.358977208500458
1.9995149658241052
5.4734685584027964
4.821735192360276
3.054733883793571
8.408805239235226
4.97169381850117
6.238004928734145
5.382361364196705
4.857465715177907
3.683382031507385
22.05160483909061
8.269063932990212
6.702226572944417
7.351759789923755
9.98807716294265
3.9823721496565927
16.92588939049482
12.908005144892194
4.5132066907707005
8.247164550240276
6.692929021698808
5.344973144486638
3.549721914913991
4.164234788129184
3.6131921528229505
4.532995491752948
3.7340144848266323
3.721140248174411
4.755955901306684
7.134726804243233
9.34604358177301
6.722221834861151
4.9042451442961505
16.563589285242788
4.718159072892538
7.84063464196894
5.492228420055078
6.084792257817354
5.036615047696456
11.481968782170506
2.6803857644396687
6.556625713525205
5.255579033373511
5.667213797208088
5.219959738956841
4.726310184669111
4.720965082516422
4.798109404204793
3.6941005033856293
5.740973327496408
3.1665909599362116
3.0872837733418343
12.465028040777511
5.583335042998909
3.9815174816142043
20.465892282653225
8.494742560105095
6.714547008681857
3.167092057940441
5.5194516148831125
8.314492214444593
4.604376894509685
6.058798362692618
4.8327179529952655
5.92530638714432
4.340370394113989
3.725818667722278
7.049475587686558
4.64733077061636
4.760674602605662
3.9722355322962697
6.298640605788808
4.1183814572272945
3.9230306713381133
3.5032664461893828
6.858296358154817
3.389139315777302
5.136444328513166
5.891151684395059
3.605795355882166
3.3164783874503923
7.231242916089485
5.932867522147917
9.114181602292728
13.318039673229812
8.266371311331836
11.82582431116628
3.187833343655562
16.45123708326483
7.108440200136711
8.697859330899487
15.442143865839606
14.221804913481337
8.566391366583163
4.54944699102464
6.004619773614304
18.276927352532322
3.6495579247818393
6.2026738604718945
7.176803523848915
6.819774332097819
3.9408848237450376
8.374619040973082
7.411143143166532
3.1625640713909213
9.917716184917813
8.675050914885658
6.360501542537227
14.172450841848356
4.556541372404701
12.994149812706574
16.88867977152486
8.535408221771627
28.28286160206473
5.122307773903186
28.23983278333923
8.699854779969138
9.002909827629027
10.339885663612506
17.54535570318718
5.836471251166915
6.133777685359247
3.7390289770533083
5.722249910641093
7.04621363688008
5.112550270269725
5.812553304761393
4.254701179877818
4.020889877148474
5.771377177266734
15.031579134402525
5.446813585407052
11.25512238256499
5.20785458967043
4.875842023774333
4.976320454121397
4.380140864429689
5.130091083721515
4.344666874565596
4.219733828952037
6.256023577918865
15.90528365316125
3.2417694579136547
6.470728155243107
5.744284426781226
8.19915196861749
4.82789722005205
6.179421108578845
4.539177090118078
1.8077906696137156
2.678776249419187
4.420393993085268
3.963803053186411
5.086781472423517
7.8635000504873185
3.787846263037636
8.528920067260062
3.9975717650819655
6.151612719356417
8.178348013268629
15.73207381456844
5.4812696426855725
6.070642737369422
4.688523176568796
4.858154392758403
5.268479065016521
3.481523831724134
6.246722264016468
4.122528978911217
14.44359090276342
11.197469808016109
5.031131810875948
3.369944794328579
5.045850191977199
7.114383972650487
3.6072473925392314
6.8144043063217214
4.472579658297432
4.586113134131747
7.6463390584637425
3.6206112333849876
3.565415034435562
10.473560242825842
4.306266340653772
10.584106883876608
5.819321770824812
9.528080907594841
4.937998066262551
4.0224944933669535
4.06253384320524
7.19541960412185
3.689540675363693
2.812262012434918
11.249725302277252
5.170067333738043
5.0766290414237405
7.080608084988545
5.419080228583084
8.046484097718269
4.221692541210641
7.79962008127319
6.347621305851655
5.793814498088919
3.402461379841553
4.673751198411869
3.8829660843471787
5.0310509841478455
6.454108374516456
3.8664070436031435
3.5861609686085165
3.43201118296
3.9932710343711317
6.173680322960155
2.7296833967213
7.911624660078181
4.6985500137696405
6.3035326908274625
5.0538630491948915
2.2333095876919495
18.70378648697852
7.630790253191526
2.5746174789804592
8.089472318833991
6.287141444087552
7.7522457741830975
4.880184652341623
5.479250348396277
5.380153770734849
4.699641635276867
7.60376515942589
4.4109867488737775
7.668202155727477
2.516207682617122
3.4153686646418593
5.084728385361305
4.808928547669638
2.8861014776065534
20.171879743144594
7.360413872740293
4.811890160385822
5.725140463729176
7.7126801298731635
4.617459650923766
5.654984115011992
4.631477217210264
5.171990170121244
5.172184372470926
7.730588045309848
17.599097537279548
11.116328981941669
5.546150709936199
9.70231410767705
8.696147670673593
18.89293152393761
9.158660562349244
6.6809733742343465
9.308927272879744
5.567723182649266
5.190337312496697
14.862059846628032
4.262111955839585
9.825765940092888
5.795698333001317
6.023670598568769
7.359773962933095
4.9119017233290005
4.884954358819702
5.231799911882331
14.46782802333404
4.658552108213315
3.995421772570895
5.390569081417601
6.492426037527474
4.733562925638033
4.483895674644966
4.783536077502597
5.454755108279679
3.0765407438475108
3.307553870471273
6.634124042946492
5.247558992206104
3.8253846592817187
2.9672772859597067
6.084078637210739
4.462322394986751
6.260229520304936
11.777913160229325
5.048475873853257
12.171492563521113
8.325501012835524
7.531259716653911
14.83431008111552
5.14406714385193
14.987821236581262
6.6416764260177885
5.244249922147434
4.611671259192166
