321.4849092201732
139.76002533923926
61.366694131014135
61.05463856838998
58.37389642630245
86.0749624152753
132.05328125010766
91.78306776955613
87.66692667166508
111.45823246642898
100.8622004555054
127.02515995771509
100.54684553605865
70.02496479652605
67.48227114856239
72.9112265825374
89.30040771071532
98.40408162339129
122.42041770076663
199.76953896882281
139.08913550050343
76.49568455064856
76.10728849329335
132.98355264606374
132.02574001037115
115.46327886155755
80.36799084403424
114.84720310558627
110.10882906910138
119.94905119618649
82.65095539759123
146.10687194032096
69.58509888803904
115.60264011645008
84.64239122715873
125.92074826286985
57.75516160303577
109.9587013485458
90.04467550583414
53.39183704031717
85.58244205366418
103.89007264183118
56.323498904574976
101.33210054828056
68.16249581111754
109.12129474649446
109.06825951381603
97.57690524181645
98.87472928312985
118.58927635708262
76.20801465442429
58.721670966705005
94.92082029189109
86.52797002780194
93.64368538521705
99.45862565443102
100.1745012922495
90.26449901655221
66.37161861133222
106.58364253538342
84.1024598822228
90.75133885033
101.8174669106069
93.78151240708904
82.59510009734122
107.2578580237665
70.3361800863329
93.92661194996889
111.85116294833217
124.1535868476145
118.08481348632138
68.14682543163492
122.68799830824541
76.2654543012722
96.55649973608784
76.87807680854765
86.14644408230751
76.01435421655317
91.07449426880518
103.61644613072556
167.50730916153785
79.91344049076388
76.146025566909
143.80958280388066
63.4765488021975
116.45788175553382
127.11078493541103
94.33601433966491
64.65693505090572
89.7602399395929
51.32531520589103
82.30123399282253
97.88629435464932
74.90011035699301
105.51130386020317
70.50535784917994
85.89476956938667
87.40173398254052
70.18506935783918
120.5186709912194
92.91751217757344
110.94385067912864
70.36515918897057
112.81191394495363
97.71529993509269
74.28518177277985
75.29703166890394
66.85190320102421
137.12932798331522
64.98953495135618
113.7734821094217
79.5000346251274
94.27632241973333
70.48209860426323
85.30809723796838
104.36069631622999
83.14255467658721
109.0349192207392
69.82328258411763
77.86571084730825
92.0524706471862
181.68130635607884
117.25806156786243
81.49731914009074
68.53799021699994
112.22643234834939
109.71860533721475
104.49663690450315
107.19776560586752
69.65324085512337
87.69445310344976
109.98102732341192
112.22851844520838
105.18891519217458
106.72058894198955
95.96873607139015
129.96367230944395
99.90599402815965
91.7149632213968
110.48838022700286
66.30937831749853
91.52369904712138
74.9334381399121
102.76278565368129
77.28261197313158
75.48908909005789
134.46812062270942
130.72278743413128
74.24808739802312
143.29063006636804
74.26834475761878
88.49946319070303
169.97077941793452
112.42756108103565
92.09718754928787
113.36454508431622
94.13064881280313
128.10855237533156
74.01609757152895
94.63886726412393
85.50135271040624
94.52242724026036
78.072656479335
61.05605114612798
72.70440840624984
74.83098995391784
76.67101921187654
65.75830848233667
66.53552202568534
96.2350698995732
63.81235111100047
70.84734283091785
94.22470597307796
93.21300418993863
86.96715899649375
63.36306609543427
75.34863661606106
77.98487609081637
81.23729420894558
64.93819680106645
76.13636070125035
114.7877525428016
84.82019550603061
116.51333709363693
153.0489214310003
92.2675614190436
92.57305355509689
59.698852866821426
71.03284643337275
122.13673766749662
119.25277930631437
84.82488062234471
72.09459489562161
101.32258582901682
64.6810768348913
107.03893381608731
187.0175007936331
84.65329309011037
137.9594193502083
81.53751424306273
116.96645913662948
71.07909870284645
132.7381045838987
87.43157247563704
145.71066205869164
106.27253602627154
130.38984076224992
84.36748724647967
76.92966087888166
102.24987934097169
115.50258857604996
76.22521009162763
103.98423525594123
70.47865366523098
110.72877966678894
96.63784945496191
132.45614058584704
119.79258858351439
99.24172380436393
94.62945432775005
99.06685506679447
65.63869452097441
89.70895685976103
63.11300655986346
109.74070909433782
126.50562854194325
72.778392777576
159.95557265779573
98.47755373915274
100.54255531198955
96.01059677203305
105.24768957503288
166.20485428459816
81.94503915362148
98.17430969250147
87.5539994910734
106.48172167694013
79.43707730304766
171.41678129646402
88.75297807303272
91.14083552754398
69.21546396040202
112.1164993600515
95.31011987679672
97.11697598895685
68.90150043554894
137.03344227569542
92.29877542863976
55.378071662045095
112.64556808395048
82.0048060340133
93.66161316246412
81.11788691272781
97.54737297797624
76.99420304506755
65.58109562182368
99.97464414004247
73.48300624105097
74.31665296829169
94.57702318149701
125.61642978298511
55.02262447087236
117.2969944182525
78.32020097052784
74.79657512542435
97.77144599460179
76.11835095794997
105.25854537534754
108.41384485638517
104.50601456154472
76.91699659353387
57.47119952012506
120.78213657225999
72.2744729262794
55.1853725285536
122.97657022777109
71.55332480158886
77.94281580636442
81.2370519661073
80.69870255134813
111.8558687267246
104.0226146320119
97.7660612469303
199.3287326371808
68.15175914501887
89.56821580958137
51.20516409222735
73.59679544057782
83.19290901960612
91.68761345055921
75.72085242695523
78.64204333501134
152.81476173310242
100.89880229219573
97.6938206556668
178.39123252692823
88.72701995995376
78.04907236665069
130.1100809936932
74.84820789285168
78.3102778699002
109.64587178097129
107.90371920921129
96.90387059976968
107.3048995899063
115.85969413417632
127.27426910550233
139.44681091371027
120.04598133800164
71.94632674232504
59.98749767377179
63.811119973042494
77.83468325621189
91.57915109154399
69.99971212634715
55.46173191822311
115.04458389837569
87.26907636050791
102.19573672552204
69.45679981507399
94.64321216083928
172.44358698956262
74.88211648048151
98.64386612042834
69.73984095298208
103.52905456188238
106.47958897866248
108.53598294329028
132.05426718927137
92.24185196637771
111.19272077103895
59.33965824080786
89.43728480143837
62.426968509522005
83.25871294436193
61.44437865692587
57.18514204793439
84.17530123311518
82.57284143717773
100.1976900022447
85.53054641108335
93.79974090045823
82.65690864751967
48.05438271562695
71.56278344139264
112.15842327687879
128.47315034025516
90.38261126422373
76.61635531797417
111.67535996505869
79.26887734895146
85.17694172400712
100.13124933158475
70.87613053075202
60.8580902747192
69.45228951636874
106.90987394744478
93.50876496168299
94.12303629237472
92.28557225886536
100.21479919261999
141.36569933565355
93.78574856832378
121.85507677841984
116.48849748609014
91.59939290820948
57.41712926642586
83.0166443944243
148.7366355148399
74.63038252476953
103.63272246437157
84.82531722914472
99.93496195748455
76.94637895488263
118.6479522195953
95.09666956745116
76.23945543401376
83.89047912564355
81.22433067268102
97.1284683395106
139.2686060723062
112.55927544148065
90.13053595332178
164.62927797352208
82.8144155557021
52.82045550092537
136.4825193235345
63.02995247724989
166.52354506185839
166.60525631482358
80.0453857703007
75.93048472786722
111.24293251590507
77.19042063511404
100.53634123490767
69.70311313632169
92.18227031900025
95.34308389695684
81.24638374715303
73.8575326906372
84.08142949823475
110.87288370654743
129.7815988987263
84.34743637256568
48.811585379016854
65.3556710238856
84.31507923584641
55.8867977414638
117.67976950871825
74.34131590027569
141.53511426208254
103.93833895981388
90.55285521157721
109.85946867927225
79.54504475751347
109.621515499367
91.23924530771825
66.37156918277785
87.56556916317786
84.25135000849224
107.44910689874814
90.15293189697641
74.80146087952512
100.42339236455213
117.65364133017928
64.91774889484697
94.55727331710611
62.29113910715558
81.13093710135003
62.436537759385914
111.65965233642628
69.29721330146108
119.4333837830827
107.67554058368403
101.14152114113166
80.14860737548676
173.093488477962
85.78367625293627
67.8455242835387
82.53917272240885
139.01361929629104
94.15537264549492
85.24070514797413
74.31427875167942
128.86966195551665
88.24951598731056
129.45461113196788
78.08199179273358
79.24681663981178
57.33410129624909
91.71147383520167
130.3394505202173
150.6997178484144
70.82089806460843
105.74135064569303
101.95570985173785
166.60059012697846
153.9335809083802
76.83723535831528
95.02704606403486
72.56445315048762
89.61761017795234
123.2384534731016
70.87567093084152
80.16617850015648
76.61773494873219
69.75669683624044
51.72842739927079
152.1504692308385
63.49479688087249
75.59007236613363
78.86885405523492
84.81842290544596
81.56547731123493
68.517795522941
147.76076071676349
102.5380828337231
124.26291276264666
83.10105553399954
87.17577392839637
75.65625894934371
105.68059811584132
76.15998892018833
101.0485375875042
99.7854159754593
142.72434399478666
118.2566672857879
70.56642119420852
73.42486810693669
64.45044750429048
73.41704668039007
51.361904609200884
141.18940296984766
75.30081965812452
77.83356629736883
127.78126661404023
96.35042445880458
115.4500700929451
81.49729059708861
122.9824720524481
147.59353302468276
79.2151909875146
84.72153141422551
81.95320918514317
129.6425794750667
86.549725633505
110.37295423779416
120.83549717251427
82.26767321797193
76.75816804329477
69.77546374862959
88.94677486092488
88.93559789848756
100.28949634422439
107.62830775081159
75.67688033116754
103.44907927165316
58.30852109601183
100.28724355760123
99.6603138391112
93.50094183516231
106.48718068643095
70.20241908763403
57.11136804520925
126.65739740166686
55.801629511027805
163.21370512564437
121.9472880378086
159.33106704264483
101.63553617405495
108.69368416131209
117.97871828127167
99.44844315866142
67.40000670312524
66.84031745396464
83.61863488937263
158.0397590228499
99.59230257598162
94.03907732994611
166.51926881173787
74.37554021514461
118.99875741827648
101.37319288634478
79.14891597440057
72.265021671992
104.41922111565222
77.29623909055073
107.88903012356141
93.63981499835565
123.06827876112334
81.4947376700126
58.23198873886882
114.86700810116737
65.08293714597794
52.0915698829139
69.83497347774794
103.44830303197341
107.96833914606103
74.37409392027187
133.29018949575928
116.88391405885012
113.32501166192101
109.2627437521917
55.634665097599814
85.57891851655184
118.82429572148361
91.80059641911852
63.26754246549204
96.17468634428353
121.40478015907658
118.2353391570994
98.79726295998803
71.42202041387608
138.68671681356238
152.52037791307953
97.76499153245986
62.35247463191923
94.20104587069268
66.8345298306169
69.14969158271226
68.11269484378624
117.32932044293976
91.42713791195574
132.15850396283076
101.50716387640644
76.55706144140433
105.30765990934326
101.89496978596524
99.51169885682994
119.335805606445
112.02038294116137
87.3839819296764
88.07032144503391
72.82949606170936
90.3754711569326
68.47059807652252
200.62197879323912
67.47396199395452
92.9278922608092
94.91614309832296
94.96405815447143
149.31914768020448
116.10688155846715
72.7504933855298
91.96037001880678
129.5189817432398
98.53864432236968
76.23130001338654
77.56212933853416
109.39089936345505
79.34982190230693
90.1074976476924
119.4543308001758
124.7864431141721
85.80534364586335
83.78646196545594
68.1032650554753
60.40595194232736
63.38404772816823
220.50565032397208
93.67126659714435
62.775522810892944
80.56486234513636
124.45456156453767
85.61994517383631
93.65072069270846
100.02402279263379
125.12403755876997
80.74829332044456
76.73731347008213
109.62774600699376
88.04090565790726
62.562805698987624
77.5047255427962
69.63175490998881
87.75914219180495
137.22023265861426
118.04535602827674
142.89643071130433
69.2623420200624
114.13237297074832
70.36088704645415
98.96948538363817
66.57206077389054
90.06377013427084
68.67498524675892
84.54144981053821
85.13389740694073
120.00575826475226
88.63278479975187
106.41164349235322
127.03038486729858
118.69962339533086
113.93469938551264
73.03595366851229
112.36826619673583
105.67780707061172
75.41463957540985
156.31980395781076
119.3202734128698
143.2635134351092
89.92103657156409
88.14507567372138
79.93378504238777
91.54162153679496
108.88368286395549
109.30438493723385
97.33413451099187
77.08099060231824
57.39841347491822
169.6559469560358
140.72128059112023
113.94139848451657
56.6806996456076
97.43846522821434
64.97941087455561
64.83670320210317
70.20820552507944
75.40792558094029
68.9795443976492
90.2994207354379
109.889031182996
91.38965940670002
71.09740247523881
132.12395979070098
79.09230140173423
81.84420488086057
106.76969407911534
139.02359002430137
117.0740560785206
132.0294898408404
113.24338116321925
81.53534053564275
113.32498686634487
108.49565951402809
66.06311065245566
96.0317412453231
121.17407846518311
63.83853131399307
72.90737017812168
91.17658316854622
105.86400772183764
73.45104036951435
109.80290708535065
49.16973790180541
62.52092677477559
61.98072021549487
65.06077649546317
103.0355204338617
120.75708625430524
83.61536647656487
112.84071519631375
63.417838118653926
57.732904924036546
114.37812015171667
85.46243708166625
108.09978149158309
68.20072830064034
78.16597536127719
72.78616547069126
26.113914292273616
38.96510056698265
61.15680383789376
40.345927538427
44.475708718161236
26.57161553640346
40.88277650034697
96.59893098848768
114.19006695850898
89.12652527511723
41.17369799895872
65.10812625701881
50.50983780136276
111.50777121807833
33.15025816009929
80.90617653591387
20.84549226220794
32.37058334103006
27.98047299947864
71.11399432740379
53.49717647048894
80.33282858507961
32.887599679721255
80.3670689192702
51.75528544945413
44.44058053377946
54.99557215243425
55.467129911855
62.35067062460183
41.1563062736855
52.871624257892414
41.977154242315564
58.93779791103739
53.65829000019395
50.02731907154101
35.750321351441386
56.16814264809431
65.33819429952817
104.87115317555529
21.04361477291349
41.02325813260698
29.684159448452675
34.2192933512962
93.20645060113439
61.10316978580633
42.97161261500338
44.23057098428839
34.20986946007629
32.964813978831806
67.02925383289964
39.21681785045215
62.14748065563901
70.99574420253727
24.0817463078929
33.61508651283098
61.115018872556426
15.723768234246624
98.68119055245526
34.92565928573048
32.176877718062194
65.69834190076617
78.58728067555477
44.83379885976011
55.340499550125486
31.561972294934847
34.93724197871034
38.46062335617979
64.37778801404524
47.356924793851604
57.95884564064869
30.210862923233172
59.70685649879712
36.210558578957745
8.54649055370453
42.83872059218089
59.724703422201465
28.46230398848991
57.95162897739989
58.6621076552044
67.74585396115039
74.12156858245824
41.68555137964343
55.486777669184264
41.297737855230295
36.14023038778839
26.9742367488853
36.29844663682935
57.747924140906605
31.46472214340008
44.712094488678424
56.76336814215477
38.53078110158468
70.34512107735148
95.97275208483262
57.15241252847413
34.42705792650529
22.55128957877089
71.69650333311262
23.540020529959918
63.39808257524668
33.04945792576649
76.70594573837262
64.86847289902681
54.4881978467892
47.03766570810432
46.3253628568411
19.1491651235051
13.90554430789092
44.15267198887184
57.75372662955122
47.06723261237663
54.037529465081114
45.55596422614725
44.111233458010304
54.19279824857587
60.70360154960673
43.52270266114412
25.05724581694089
66.44127293364463
21.01486651042359
40.294821355092886
27.6105733658293
75.96110797546967
45.63446679024376
55.710616575261376
54.57824001827285
43.73384503196921
46.275104772675434
45.34561917995408
41.09555023270951
51.859216017664856
42.945873559774725
37.8692372255444
20.94073132080344
45.89953759384067
29.545690791294238
52.87827981601324
26.894146617108234
54.96023689483577
21.23341424703705
29.417457393184883
86.38355665295724
32.87637041789576
32.91307859149309
43.92678302091255
38.307449663087176
61.99985038883601
59.64984290267142
58.15069439023074
23.302376259934853
57.83346638869301
38.25841840350795
52.075243388216016
25.19455610207439
38.557651950054336
29.559442826804478
61.17036154872255
56.23919600591801
93.08176121696577
115.89531439407436
45.23507231466731
27.274446161109704
42.03737631987573
78.09475663980407
74.82671253305462
21.753986531496263
60.77734081191135
77.82297333728305
39.35488727421964
71.43947254620959
91.94271202000948
44.2689762907646
26.687229986227106
56.533099808626716
20.87620585945557
55.85136914518946
63.259781897377565
49.13863310305609
24.232561613646393
39.039425462273485
24.801773931304243
54.450361599986586
28.947512217955087
109.53701233316421
55.15737067781491
29.562312161590405
36.77667001339924
44.57655231013231
99.82091474348393
61.05693512099758
56.05817901780633
22.02965168120735
96.14128646593873
122.57017412762643
64.44420075726045
55.43052391681491
24.85781445838635
50.22338988860871
44.462300975360606
36.890763046036376
126.1169099846462
15.302908131466552
74.88623381271631
46.09621856419509
50.7904010345242
27.178932223807777
52.252038928603014
38.88486876806193
76.64974702137873
66.12928743987145
14.468505651825724
70.72094541205887
39.3823412575909
63.25036535554837
40.90978389099666
71.4492611365316
75.58037354135762
35.192117967010354
64.55381808629856
51.45571215066567
16.318018489696996
85.78664210116065
73.0356108509755
69.7554655034778
43.29876568474748
22.223493379430337
52.65693524789129
92.3447183368793
35.54276555373566
58.120914916906116
47.85736093154985
87.64849025823158
50.70698840588411
57.552743974002276
46.80705852219398
79.11643306816273
92.48827137539274
41.70510812120457
69.18537372050841
47.085592600898956
85.6462168539666
96.20461140752423
32.939607529224034
47.897470677041944
29.69349869596245
37.809268808471515
29.32387313080361
46.38871556077309
38.717180617920796
83.6066104979643
45.658863892862314
58.5001886784573
40.8247478010459
33.309912815593215
70.00276999609348
21.221324132243584
54.891960988390274
46.27203574017383
57.53255427882055
47.4756272872709
71.84651265128979
23.856269327006327
39.62482547686625
46.26478888718826
58.782805770049876
41.48648118809844
10.073758802531813
51.14691064714187
18.297120712274673
43.22947040347152
50.13877497503978
77.17358427386063
59.05269450502955
39.43717688905207
41.33205201254665
26.3385578960553
60.106007964930356
43.88075248337716
75.25011719963551
24.787006134854973
59.461443669596036
48.40858335792147
22.327899764206794
69.31561460829003
78.4234175252089
43.21398925796101
25.87371245196557
44.725573966637135
53.97842790071501
70.66789874277545
78.58800294621972
50.67422702433505
68.14803298861139
16.48117299347852
78.64256141625991
62.9896447887518
104.13946407185941
77.92465967208632
54.79604130305119
56.36284966780585
37.86521864099139
32.852658006894416
75.8529390067656
59.22499226906933
66.59531147767873
49.97255322173903
79.79349837663138
42.877209006840424
59.01266444663222
33.30090454298187
34.75336888932823
33.271663238671344
36.76103097282911
64.676423497207
49.32384421472116
57.424624019566004
44.77189820204399
89.81868448026
32.0502808701495
21.320761545392024
22.809566779611874
43.77375402094831
48.83301164310545
32.48261734063374
43.93927687330633
22.148309356466058
55.287547839441174
19.898075418978486
75.80097638162896
83.72090457858495
55.56515378571779
76.48730913789717
44.68152145939993
30.261088334782915
29.470654082914788
36.3920257453563
42.66312445360416
20.510626724925935
47.33136011361654
50.722788491711434
24.842310705189654
48.03615081338522
36.79116486260065
49.029265707319254
45.41230604379077
82.84086554590338
31.67437543077634
31.10521111378483
40.29498080986916
14.182771422357934
48.664504238986986
27.207912712856764
52.18900077883989
46.13632632005041
55.56014100111676
78.94039117484427
99.3695578169455
43.18415488539647
49.1791228264132
19.040996185807046
34.07974853191681
53.258311025319585
42.160900178069895
34.58635805226935
55.98893521290322
42.39087114237208
63.46606827652658
30.699560133457688
38.677630965341095
50.10342652981898
39.60270865380514
116.1103437720925
56.15555190613453
10.683673679047619
43.287541408446245
51.68762519521027
65.52765403294025
29.57091006819602
77.89510687104071
66.52839455838753
81.55504512846204
47.446329716830824
57.99125439931326
27.576353146910765
56.297853769219344
23.23792580790315
81.02946060566953
22.399524820841798
30.563050731937665
15.165150537975208
17.00003859810357
46.78539588679955
46.59408842178821
95.29801298233758
34.68910940014503
52.15396032560301
51.77720187290722
45.40858701587307
31.76845454637112
81.79808494105242
45.1690966733534
33.29172161132339
36.14381346556131
82.78679620183937
44.25083972047348
48.97450652896202
30.51754719088637
33.372745768000925
60.4438060765191
86.64364346805277
32.56488270261469
41.90961073475077
24.052283232889284
66.00256314164892
52.01857608735219
64.09481335790713
26.520483381630793
58.96433695221918
61.971029616645104
31.365530769780335
76.76639644988103
28.77388382859989
60.56166627728066
33.258849138140675
44.49443495400492
67.3259644922516
32.87132037377082
30.99701518367832
15.567683880962171
63.759482325864255
51.504297487345895
41.06518768889223
40.68293418095866
67.14072484202494
21.669280808975465
52.1183113275133
26.223914960291616
27.874250725430922
39.74250884246415
65.32390995203538
72.0666057637829
82.61015284084
72.49478263506987
28.52141816044828
79.04107434635596
55.35830557489112
43.23959038837928
50.02004816972326
61.59461443582097
36.588530227696495
45.0575194200749
46.574841859409865
18.334171746348844
51.5347981287411
28.65842182546133
32.20638535700368
45.9421562821365
68.51829078339861
30.576895002329973
19.03310326262952
52.00866604265846
51.2606036945858
33.5764584541868
102.35956123857083
66.53582343049557
52.124471334420164
67.17796193214166
24.79642626388477
21.011646430696654
20.93193761038658
102.63450259739679
100.95498758350838
81.0659376050378
30.131322064330618
55.22243937593127
53.54615382779823
66.7046032124381
39.95331610035895
72.12303655699436
52.52415282409218
49.96456767457717
47.732612707630906
50.96048239297115
58.59243196481173
66.54877648617004
22.41333296285632
49.52379777018851
64.91938832305883
56.11978664048244
105.28407472858092
36.56351902169293
101.9585699903654
33.09587300903999
35.739523500880935
57.30027473992422
51.51772593219012
62.49634474215886
52.860488885256295
33.64707463307353
50.75489845125024
83.7133178338962
83.28781337498208
34.92237180510873
33.24279364835941
59.85807172446114
56.895134011151825
32.59664290853053
62.149588449828144
48.89335466600833
45.31658282013914
52.416863543627265
56.36500859473611
47.49383982446635
12.715201649169245
47.30271853073657
25.201614657747168
43.91997950247595
69.79289277261564
84.79896049725464
53.33764269406894
64.22509811909121
41.21659075110553
40.539370577557285
40.4005002719157
98.10149687181642
45.392735025693085
37.70190895428631
68.49489735874383
36.020798732463525
40.45648341363442
50.98510410279088
29.97215062387143
67.44805093488739
48.27106351315554
35.76508612729842
59.95031485756083
28.55542972594445
27.016483537945852
29.647991001264785
39.894740276430845
38.57419680203177
108.28380291611879
63.867458300128256
48.91655175355643
84.23826843799014
29.72410310313495
53.32790997943724
75.6979498737077
42.093860934627536
54.29200691295094
70.82439810343995
76.74260105343387
87.7434399575885
54.295293546359034
36.61510055331213
65.42002990250327
58.50194177500453
36.62608474258456
43.847639301284794
17.56037108367315
54.642228006907864
22.799408433856613
70.24837332607412
40.427655282435225
60.77077414740002
23.52620152525877
45.72008018173678
52.56799262279043
56.15589693221834
24.06215915436404
28.03155058059853
62.23311866788271
27.358688540623533
21.257480946197223
27.666879793413234
36.4078138455329
35.493302465784524
26.558101136805256
54.5458241557244
13.676478737682274
49.07433700354954
56.819028527838235
78.76874813028255
30.982253405946388
38.68672806090386
21.275288045302748
67.06053185178969
61.6420952579122
37.320541851018575
14.234297044234639
41.720417117375916
61.78547751673439
61.43513413903163
38.18949558115683
66.36957001971318
30.208062877935678
39.66664595831368
60.671003577075055
39.28770115590962
49.07319812580159
69.18239010192057
58.16673960771461
71.3211498431081
16.11674496291709
62.29375593822496
30.779750503383884
33.48264380959821
45.669468759552714
46.5339161638572
30.531423940257802
75.35507803197552
82.41759846143376
68.52859501159585
54.05020354841156
68.86812540625549
71.58688203883116
35.496988688961736
83.18511405688686
37.08111056790776
73.59990138472493
60.50219135725416
73.27679187624435
32.95520825616725
25.782284061834083
19.631870121108822
31.4821582672676
99.07608793404542
44.936222089381076
53.905329888627286
109.5215947774864
40.999127125553024
52.46319900931364
45.6332107097336
63.149865189278096
40.41488994688423
69.35406845014636
61.117010374706425
45.96803482566572
73.0934393054373
87.97149406850787
67.7954087309586
54.376263501777025
45.59286975258385
43.53640516003118
31.685977068010672
40.256814043015765
32.23558429911336
73.73299043559794
27.217142051238934
29.81272865588705
28.81169078594759
76.69786457285525
32.05426713570878
46.079787366360364
42.8358864184809
79.35554600542787
22.626053668992334
24.255994462474032
84.28481361244637
42.444730678113004
46.69623001914394
35.555204892973805
36.55561555006919
29.04513252782706
22.176800668301695
52.57189478315792
19.456411169598343
55.4751326529449
29.43982746856333
47.336517181648865
54.92224506351499
87.46311930237977
49.25599487131146
47.885795550395656
48.12405342832374
90.3529911451863
30.92303962222724
47.04438984310746
65.65554956398766
44.031614378933945
51.280101805280744
38.76637330820114
62.869665730014226
37.72024521141326
62.264817526055246
85.88668335040728
72.71331197434088
32.5279574357887
79.62674113066373
113.95680641423908
58.84431470177787
52.14794645143124
69.90500893993057
65.33617795607283
66.88619154344838
48.30517650901026
55.98735277680975
55.99248612075144
50.89629696860272
90.0759764419967
29.629647947639203
59.16867032319296
43.8841670885643
25.17925314350512
39.242639469488196
37.24456628250227
40.99012330049033
39.37560753035431
57.04916718318712
78.35046151363426
39.22349661869452
54.48333899825448
40.222353863238595
28.922706176293282
42.099631042539826
86.46791040381535
57.71687714188193
43.584695258207475
93.81709408830189
37.573494078985384
42.69745859542059
24.522775611942947
57.13247887062792
45.83787032776765
50.95349361722414
83.93193498913539
81.60230634078242
37.96478657304143
70.99540988185417
41.00094057177529
46.91224082806838
68.31186312461642
71.82451892677533
34.770526304416606
68.82756562256583
44.050416113603816
14.170462873431516
59.749895629410545
29.91395653908162
45.19254069499825
27.593454323447663
51.37030231257176
61.0706746028127
37.25585093550354
22.728098047130214
49.86182125828511
36.37514244846834
35.27536595450898
52.631599751286814
27.112891217313084
29.83885620780783
91.2227078140415
94.35650763683864
98.06943847407453
84.77023350991777
36.57313001453786
31.560555079295316
46.09025850801667
26.168513611597483
60.95985351232668
69.22576295704505
47.330187926575945
41.27229661687661
61.49643372783221
65.00997035933122
17.639827080397595
32.160003869768964
55.052519850230695
31.869763841542888
64.51596969858863
33.317846061706966
30.63117223696532
52.70050115380336
44.808010898375116
44.698410146770996
26.041712652780785
58.47904771208293
68.70228579654693
22.237199122056566
45.08537042191049
77.11985059776391
72.6979532333257
28.75665181745635
70.11137996919186
41.01279151272385
36.088813843346585
25.1174642299304
72.38090432783312
45.67171190752458
26.913116892991468
77.70319025135008
39.56252770365358
55.966789360913516
48.06217158804426
25.7540956272548
51.78512888546981
53.42365665375832
30.09448322959632
94.33285302304704
56.08552220648985
40.669417888510196
42.363512580056934
56.71948999533632
57.088767551466034
88.31159555463358
84.91977736454969
78.34236887436118
37.88259405295295
24.551280794395375
30.640598103727918
32.028981454048434
45.80923881465799
80.53128662091966
106.5703588680754
13.16432917702966
36.89612064550747
62.901773636101645
50.931295923324626
68.61740229173104
23.999736930256617
55.79155876264
37.55928911462928
44.902193137753116
36.731537297126124
34.28362390017784
68.3334383063116
48.97497446896584
67.83871655980545
42.69424616437792
33.467397295945105
63.99826364850314
59.26861323285612
68.58528698082397
58.015638607325535
38.479259720367594
36.1128327771113
98.86124370001764
79.50072683393246
60.508702335526266
74.19556262342427
39.01683332613824
24.985529429769347
81.49353662783379
44.76411050812747
42.29168812377115
50.63652079125467
37.01121433930917
15.971655940575003
65.47938165262262
15.246416610388348
31.484019836831482
85.40382786084706
65.73333098557994
31.955162786907458
26.525919155852307
64.53345343796475
53.16089583212029
47.94094220412059
32.606220750272676
75.42561892786122
82.80328061095067
35.09363996140451
56.350729478544324
95.07439756463799
31.001912662953433
69.40246939892361
76.91856652648006
44.22843024233071
17.325959876046156
27.251721031058462
52.03227845862113
31.68045278472289
57.98981496213488
42.645293306056246
42.88720109952824
76.51048158981716
48.081494544037476
35.97735212953296
48.431549889335486
56.61762746410031
83.63504113745499
49.34498320131115
44.27266809654935
49.727754147236794
18.855524500591393
85.4827460551329
46.61785196977249
70.09324468428295
113.43307520613435
80.22184723895053
23.075571794091022
45.774989432117295
64.71985960422568
37.6138375890467
47.8801247433058
39.44577367855668
33.94864427309866
16.810738283999306
22.91197557523618
41.13320505793552
43.253485611623724
57.94470779373467
61.602338305888395
74.75725964765972
84.90103727573874
67.11574664467959
83.43369816922859
40.56873676910583
78.99917462246033
100.86644524623551
65.18873760053383
80.09896535108957
33.89944428294726
58.12501327296562
33.89177598084977
36.52632732561777
54.71678423517352
36.316041701034806
17.379802854366385
57.31106839452791
52.055543736248765
63.754777033251784
66.72278461385777
46.89401265413887
41.4354687601572
72.41673512496969
66.97034859333577
61.80420601073319
20.844076840393797
35.40506769722588
17.555282488617998
42.83012581705589
34.680754655173914
50.74490103345944
52.913347821167335
28.411892390095566
25.887115472170635
24.933676746531034
40.594150413688034
57.30815551679023
75.40921421853197
50.8580707275498
17.137608170867917
14.431776705545174
112.69771198732201
26.493413373377628
42.9559623917228
56.37671852593462
29.669845208810063
40.56307374566971
47.31708448042563
54.8357836873439
76.64018583896754
51.11995660291664
85.72156025579625
21.72650092295173
83.33723469193812
53.9418178948164
67.12865058734715
62.17645549494294
94.5143775846719
51.90418738583043
38.051086899374766
24.18521226367526
36.99244052799815
40.70057545697619
67.20567433331327
64.77960749731308
12.04227714658909
47.63310172667426
86.89274323101688
25.249749838511775
27.781221729131417
40.129805662184246
17.694519654138887
20.021432204037815
82.05495802874323
52.340889738891384
27.174515969339524
39.257162562503495
70.27892314020644
34.12866691589387
38.378663344604625
28.73212722797373
45.44598361710958
40.5671704387062
42.97751846946645
47.61184196332057
35.75788499490999
30.04348761084324
16.456945107945582
43.66892894522273
59.50711985951931
59.4617258301365
31.192660812804498
52.55717560624322
33.585395037845004
61.695964758551334
30.674619149930983
74.13796994623412
36.665105345912856
50.326606973565404
27.268286571677447
65.73525832442728
33.33136201887351
51.96768231396518
48.79431597138004
49.17185941902307
107.20513771086806
31.31952968521726
90.7926501246915
58.883691606306144
48.36679753290988
37.724419298683664
31.457469714870463
41.960408387520495
79.58381464750136
63.68017497301069
70.33462563797015
67.96518192236714
48.71105562909993
25.881305689380724
27.980443076629523
50.98101911363499
53.50519587572741
75.13185808520001
42.653240293686885
37.539385810761736
47.042358288118336
25.776065695229416
51.90857908545413
83.04593468666536
49.94444025501201
27.79006870275069
116.86661947257791
41.03519644281382
82.45971899351403
22.444505733179565
71.67373702746605
29.943722149114656
41.78420756641613
56.79331457830976
38.0333695082311
57.05605220744096
33.63976225806331
51.41991049460605
91.51817502967636
34.897709143409216
37.146710939746676
83.74812256890753
24.279964170893116
24.000426598631783
60.406980907334926
125.6307304957536
59.526599285860435
60.83944778945034
90.96685012899695
54.21671334681552
45.643008287648236
41.86421312945786
85.01326998840777
101.08314626532618
33.02988528322097
39.19998264803423
135.6487399189605
76.09474268599465
54.07298377711509
55.724054727238034
64.0749941225371
44.02147624610942
78.79065573662857
37.41426751964102
76.6016348863888
46.18603735113563
24.49530937155299
53.08205536429229
57.24462836884586
114.1769704770294
29.802561530639828
50.537501309899525
29.831093652321066
56.266093845253614
29.108791967779407
42.30600610436919
47.41157033160344
77.15218193734871
103.62578801758553
35.8425289139703
67.89429851040877
47.21038771907441
40.399200080990596
92.29606217243696
33.40244692358977
77.81641558590553
55.963488227304836
36.800494228145396
22.120929312352676
51.37838652435769
25.66436998535062
49.340237682823414
71.1857491377564
61.32673194229016
19.824341398685565
27.380676762777835
30.395007386534772
125.82654784514308
62.831558968807045
54.7661521341629
24.9968444627248
35.268893079562716
45.71276471339385
41.29866891152468
73.43847769389976
52.50813605589527
23.708161189205427
64.08560172086787
45.38080805879402
28.181018195406583
39.170877909733335
95.20914774333066
19.629802960671412
37.800868277690505
108.74639053800517
34.07814232275052
36.908288877769564
67.1886848121272
64.25055374635895
43.84052110947286
82.90551308222366
43.742233848380586
49.43441198085392
50.68810906629682
12.245056325125072
43.954674338368335
108.71380513380674
62.06263493043658
87.27197252540493
26.407355097867104
44.64627640430558
39.607481897726494
36.278125325862376
57.50098625976062
51.921994914699845
61.79749151762456
51.04750722761118
51.53002021985061
56.53385681448256
55.73068077230623
15.602856719413563
73.68921286373377
29.62683503237592
21.050656237534827
33.330807969023134
36.23107608729362
56.36969545108356
44.197574933211065
57.25563281075752
45.10710505896801
60.05587195751466
81.66386075558603
78.74969603328859
61.96340880487816
57.908052301308054
41.65573238504155
48.16788340192117
58.446540877911644
59.31755787224796
60.05617643794715
23.665594170299165
83.04505735286789
64.0313342236449
47.24038074021264
60.513714044383974
39.416359547251496
53.73040326423432
81.96951028511037
53.76219759776085
19.64767222118702
42.8738535410632
65.80643713352218
60.41260710815083
14.476388578786025
68.06294799981669
51.27984567286998
37.064639850040706
48.67939840724953
52.63302077001727
56.72180548188594
21.489940711232553
58.591931459821254
38.18727263971916
72.34408446222386
61.2831359844357
47.88000037683743
57.45174511213334
61.04247972676402
71.02700341752691
60.61608367086788
62.690977803768966
40.361172147855825
24.600559698737506
58.6390747191266
35.61147660288212
50.62805712579669
36.3736675366017
80.87900657094616
63.56909237523879
75.85848240334063
52.3940172261027
46.26498587416405
39.098681738231875
65.32016181335062
48.69434073973512
54.0438692526302
82.27050593699616
42.869233614198535
49.66477290154695
75.49063754067548
91.83599809059369
37.52932982694933
20.25330435949183
39.85541130767247
43.682720020069766
42.89442456523728
76.27077231607116
47.71687554394809
23.764361308524528
30.646906757389136
43.00371059530905
33.96718059707625
31.836413857828
30.796810507915577
48.00667322240883
23.801245021749477
18.5705101149342
102.40210781424662
22.51592999715753
50.06394668126052
64.41497698851269
37.783190384456134
78.56827963144875
59.36981819772784
56.63310228344424
62.87596336049035
40.35930031295833
41.12071234619842
59.56249476223739
61.64892325304595
12.97828781744246
24.23648176921594
36.66752409704433
18.68360005570912
14.413050359075635
17.903633933256618
47.953356264688885
81.25952934280325
46.72135112016364
86.52593807237888
20.87845010583166
102.66610413882992
60.71415907862868
85.22949806486425
83.55294291329429
35.802761944396764
49.96351731442286
25.54563573222587
59.159209337493614
52.321500903880505
18.71883416304875
53.09839621089613
25.837709718485076
65.41559944987654
60.497426222520225
54.179654817052956
64.71309171003385
64.41860453686552
59.61626963410267
25.43876099784902
44.063993016754104
47.48807406984687
16.946512371040157
43.246542975873865
18.55020710803844
48.42165522434604
30.64226219448682
72.792182890993
37.72022979180615
37.83367730394609
65.33808421694967
113.14625473784812
61.434801370904324
78.90136849105217
36.92068676835996
30.334005774992402
69.07559698604724
52.386441862052045
55.931932408656834
33.93997460489939
52.494173575701154
40.5535448818765
54.893489948222474
16.99133272888682
75.87794139752992
54.156718056744694
42.110577575700766
33.64597347295889
31.896027843047182
40.63599569882039
43.98068862905096
31.953615696059025
38.26394087788119
65.64453404299626
71.90644224731192
26.97916216921299
60.97059317334945
64.58868813667254
47.771806609933776
44.85174060809566
26.441584830087834
82.63878213692874
27.822018885808887
64.24877173286545
44.3821539578099
58.44489291058037
78.08890721567793
39.577800316499754
42.45392729800817
44.2997972524978
39.73666109154519
91.64916936588821
26.32854840546084
56.758318264085304
49.072003847804126
19.5342802641382
51.46091358606915
69.90826892155752
40.67850719083182
96.39649223886391
81.23074099868734
52.02263243957651
69.9236400160538
63.06132396551183
28.477633145697272
61.00062954425135
32.66117074740848
92.96921451607409
55.848665134702834
23.391648935088558
52.55207112549879
28.598674944465465
51.2359144203658
42.65697516103928
69.02219134158352
29.168885956804434
10.862367580776715
115.28692633701243
60.585182903382176
64.37449086194387
30.518234233770414
44.48878402660177
80.68405669113034
50.374642996682276
51.78644184038438
67.51068611739254
28.392080390499896
19.858771885955235
17.678773704215647
47.33213808128164
13.021591624714649
88.47746777390604
21.801238170088194
85.4563580113031
59.19365911014272
68.42351832389492
53.316334933575405
40.20969158149128
54.06021530210494
47.1210864014453
68.5044940321406
30.985612111429912
47.128570549819166
62.831162549028804
14.343992873292635
34.171400239083944
99.09789126097743
32.02347002101865
27.07501830492426
103.85666573286359
49.885183688930724
17.73445998224513
58.349908721529175
71.61307401015866
90.02584183504206
83.7458387861402
37.34903498970797
38.2796589477751
33.868361930929666
54.72281634458852
44.87739564485225
24.74403906284216
26.109737940652057
49.798427194478435
23.843834375328584
31.918185337681937
39.8033766394775
49.02677173433355
51.428686510007324
45.09706755308693
32.95607723328969
34.214289681183956
25.99288691995641
63.42095781451004
85.78069723832306
46.20386122348087
69.17972900249363
62.28781858434922
52.244742322145235
55.98086338572933
36.718259516929834
37.59291871679987
44.70578656010351
28.227092407581004
51.67605174294414
20.22962013333679
27.73967858390305
36.050375216476645
84.83138252775748
70.6212371235024
30.148351491449926
47.27270217435582
80.05946340159437
26.957292714798477
62.35962841116679
76.40547811070732
54.10700952202642
44.795635208079396
51.592633654535916
94.27442414848748
82.91342225419599
62.56661292364855
45.303709350618824
70.17570555039686
75.08454623145177
53.706149106946974
41.077151535572554
39.134365263196145
57.44344169915482
108.8351047331081
43.25886776284985
44.68471802764097
34.37035766536296
40.51552608833772
40.02037033642173
43.68516337171046
81.61104869988036
36.06391118994912
55.56172401616403
29.877399294503103
98.0881729277829
39.438185278492874
46.95120110407078
10.129556638945907
62.10121596391346
23.689559697175525
58.05100104398275
120.46544655733022
61.02689905212058
22.235620490580686
39.6951352004675
15.095909174797814
55.571709768794605
37.45758760618997
35.873205642991685
46.212902142298404
53.81037032803106
79.9451068304499
54.729463222856765
98.66440274349715
38.21608188658789
67.40313318528388
41.40329188805856
29.074259136186974
68.11097560121793
58.05474851015677
57.800946915900774
47.96885718577558
51.361129340071
32.5408499496736
72.91013381222996
122.24818453278874
15.886237768806405
61.30473424747931
36.820456443971
26.429201574801546
60.39106938138957
56.03733430010216
36.885436020403056
21.645411964631162
50.36358110795124
93.69683294340105
51.10691579182431
18.916177491226968
82.08166956175367
26.96499660970381
45.990205570820784
62.98931560500714
50.30792161803143
32.87817676683549
45.71420117276915
69.08266486433689
41.160780929994765
100.0750907569148
15.119918430158172
47.76670549936385
16.883278523201632
42.536907187214176
63.07593802558149
60.32318614244192
103.15413025408616
31.608105763177
53.665487733762106
34.266266149340765
35.7812087626426
52.501917770935805
72.25222654270492
30.939571553745033
36.68321679048812
61.42367539566903
34.34545112216494
24.116372772895435
20.553013412889044
39.414853479772674
56.112220438308825
48.59232831278334
42.58733708818096
86.34748246632836
