609.9996672033203
569.5424423315264
620.3966673341678
552.5624062288363
548.8709746902465
510.3683020102821
394.88987777887127
526.3919356731242
476.5653501553749
485.6985306670435
394.2114214000364
291.3399316440881
434.74487317412337
405.25806845071673
347.97372294451833
344.378869197996
312.7937028854609
296.9555572718939
318.4791980297058
279.08800710871503
264.91447346755604
273.3915665323188
253.5770657601074
248.46978975844246
222.98357476728907
256.09862704408914
207.26471572074493
212.91227368562323
196.5282620624653
205.2688069510863
176.21871179275414
180.02136967776025
228.04598491832326
198.86446625481085
162.05757802452297
133.61892468655554
210.97108228896548
171.10775398041
127.94949478849973
136.6339228724718
127.60722158916353
139.3722874781814
153.83659052765216
151.2652596960977
102.58589577218325
119.739393902682
131.9632041008505
97.30101848449414
94.538232568415
65.17955963479262
127.43567881537905
98.83566234261542
99.59344646138058
121.67487421507333
92.94482814513817
87.36677227387949
77.42318052417751
102.57674559823968
68.44112887376946
40.14525076340681
121.39747324296127
55.98157502005946
66.62153216215579
65.97358996944685
59.840518442137835
38.971490409606695
73.2194555051926
67.3264489258683
70.63413335118297
47.84924688147459
41.834898624098926
35.79394606558339
47.118157506429064
36.946333115298096
57.5007485829512
41.00805187258924
35.28807673215406
60.41592202178953
37.31169522676238
28.5026353391408
37.89201450097048
34.141872032701535
47.20641044297092
56.36919757869009
29.08802169686152
31.707886571293937
27.82773155958741
26.420489331211083
39.353556949235994
34.88450596516239
35.556574223391365
29.00494771370289
52.96774213132773
34.813525373253334
26.035502056781247
31.089155707120973
26.201691228583357
18.80233513726617
31.716563015252024
27.001671109425885
24.962844789379457
18.854708691989234
33.25183242484391
25.208148077212012
32.17333664937569
27.699328072456282
30.496314309017077
19.992396679090017
20.257063737792315
21.611575793354532
18.998795906920506
11.382198685392124
25.09359307880325
27.31050440486965
19.45062115132331
20.170369869005025
18.74349294101234
29.152664978271147
13.440761051325744
38.32535139258878
30.155177630443948
21.02654154101962
20.784670020764406
26.458938980885254
26.12227688061456
28.234508254026846
21.639807423160658
15.389966105822648
18.249168754576694
23.68601968248446
22.157637171420426
28.661508732228246
25.335212863219724
20.21704524531099
25.02333433437191
25.066758130051976
22.37155193369617
18.293250915251647
20.87892794270424
15.89229708176372
22.81257057305596
23.089965835681674
29.694240591239247
15.869635446302546
14.28098539324483
27.04097738514537
20.760179626448213
17.297649232094532
33.97050076727825
20.99301004075987
27.148319158305885
23.441718926435247
20.454557969745156
18.476903929309472
24.54719870342932
22.085671179113046
29.24333893347516
26.339682982570977
26.012418197545845
28.431000674580027
23.37708139564471
25.135212712206005
35.61823156450846
15.037944852301703
28.460777738293597
18.28257802701642
25.781573026675225
34.38605845961099
32.251934851882766
18.424771070460032
17.51634468413328
24.226477118482396
18.225379067934043
24.84851598124035
32.26509925594308
25.390506002466033
21.3427956208626
15.14740938973424
14.57160569830216
28.643635108302867
20.776508599892736
17.421646010257994
31.688470936379055
24.651893188378114
14.501906173300638
16.383990652907745
30.547938099663664
23.17878729337334
29.70651506917093
18.012006390609507
16.60697436644131
25.148612302660823
24.175522575711998
18.61892797845841
32.604295303221974
29.22569005742715
28.781813514379568
19.13337432506033
15.587664967245288
25.605959190887294
23.255243607719542
11.56306914535137
23.22491519628303
22.048367206226544
29.825008640739874
11.737005675746518
27.74885475149092
24.541723187161576
33.56725602152951
15.949323274400978
27.551301243386444
35.914766659032864
26.838277634940756
20.8680457748196
27.354050742325548
34.454766021754466
22.22857198406882
16.446954342269617
25.908111130181876
26.848290566204742
19.662041723130322
28.830707595878263
26.707700065090528
16.68660285700555
32.66623114224885
21.755612270952753
23.137997572159296
26.253547890858115
30.580858965845124
17.641980167562163
25.601509788239056
23.282100448592537
20.46991829105245
11.36019031028515
19.401825314816698
24.52937760612372
17.109716969791016
25.188290532450203
13.753320665969524
28.62806719385465
22.88216331388693
22.129618427342752
27.67535706470402
31.39207371630445
23.12684007831683
35.888145170850535
16.833141473577342
21.055357290679414
20.450246521042967
18.265854246234202
19.409262216848163
28.523238911256403
24.429674616876017
26.31216506043214
25.576313122591337
22.638200222205793
35.95329226350083
23.222840309452746
20.666679513998034
21.13946570816668
22.129882964645162
22.941169386865727
30.24118958026103
21.634698994849533
16.026642045929634
30.48686506645352
24.934729525465517
25.210815959921
21.906711168065023
12.498654862205136
26.061375221254902
23.21925996189721
22.9965201835249
28.59925192872132
28.57113805309681
36.363618344747714
28.29958162651457
25.822293155282644
26.33433291237336
26.69234565491758
28.819466576966096
20.573130648360095
20.218195648728514
21.313074137348313
21.375122724500592
24.616539061706476
31.778345002143254
24.087241116324545
22.755741282778683
16.809199349404906
18.601469851544138
17.079668362994532
31.741449964517777
29.24416268962611
18.520039405443907
19.16750960514319
25.529429727542347
21.704400858907203
22.388680835807172
26.43330875693582
22.95398924803951
23.651790409572428
24.70520848077581
21.936635236055455
27.12940384369251
31.184354329288176
23.829330776730913
22.29806520340326
21.143296953558057
20.446074695874284
13.133656248077946
25.146807709372048
27.4536928460686
18.173461247026378
18.694693489961246
22.265028359464946
25.472941679031376
17.022952255630617
19.581866178785702
29.68185266601559
21.24451373350268
18.562794874349134
15.942538099703638
28.63832791431209
23.62668204423736
21.23058684159915
26.312186430293753
25.254929272084137
23.18709827713464
15.4641737211706
17.77401336129767
19.306988901537846
18.46548136234124
27.07903836008061
23.39801557701785
22.79167807325334
18.063757169434098
31.336859463991928
20.438838934124668
23.350875955517594
29.545973737406662
12.811938232580436
29.121823595242645
22.673075896728008
18.634568475602396
28.61488489748955
23.71946044335123
27.89326075377103
20.284100499760225
28.654215461161414
22.215945941581708
21.04229242580794
21.335100095220085
26.468329755419497
22.059216894898675
23.862495349767727
28.845581898163463
23.092334443700494
18.220871583803742
16.10792212956428
20.193229323991474
32.37949107386851
24.858470300733
30.963411717705064
30.8535629234089
18.146020654480147
28.497795836836687
27.946244771815778
23.169914149838235
23.12224454279408
27.335353050450646
41.651844693519116
22.240765551523538
25.11761278389813
21.424677138161577
26.63211826121771
27.744001025762316
22.19896585953302
14.175206719420498
39.085037459521416
20.81505426768734
23.62662818096196
22.231553548416986
29.352701652938517
28.083542031981075
24.231961628170133
18.714796144290855
20.238154318400404
21.10128158006435
20.166180608688936
31.76104498157321
15.636481505655118
22.73699113318079
20.48450990711557
23.752460560619134
19.902487757023955
16.420532551553606
19.97679115277624
24.176590324735784
24.75673364218281
23.394308266156543
22.59917711095932
27.945753310833908
24.30550105787814
19.087878547000702
26.811296882945395
20.73240620688229
23.632949973726333
27.109595591355017
18.314492942076328
26.97020505790388
29.54606604320083
22.527440330799603
19.159939677897114
32.92602099654074
22.45367451830333
21.31820509487512
12.938028838057242
23.514358363203897
30.542264624033177
25.250008439775073
25.035951177306853
19.044581908598367
18.046216344034182
29.801153293457094
16.353801642472995
15.257884697893934
21.004702427986153
12.589301307407919
20.844979908875082
27.24441954591754
20.800253584178805
23.370882150141096
26.94723591248059
22.72025300364836
22.172202964947243
24.288458788429278
28.067746147234125
22.502341998714453
18.784082006565143
17.258115650417956
28.58240310252776
12.9710661983094
29.2232866293635
18.897750176616373
33.74405857478133
29.34693626964173
23.32822602961495
26.53646495709659
23.058908530699167
29.837120987292487
24.759706759026827
26.50833236965816
16.14594025656377
26.121473616229775
12.943760033550127
21.039382345089074
26.247751176910008
35.14707211232994
17.67958699542438
18.379481934564147
24.395882943200196
19.805484548918233
33.949105140516124
16.525816314156454
22.720129771077577
23.156942472953492
26.63052287672294
12.431146158196865
27.98842297870626
14.31502029062543
20.335339609260075
23.2080472127109
19.277966884059733
26.130776951162808
24.29427249665344
25.02878974030968
24.81488381096885
10.217014861069423
19.97618327080045
19.71878237588587
33.24122116637102
21.159730662087565
20.44677576081348
23.54669456220364
16.632620050508375
23.578506070503952
31.57248639587187
24.028165485314382
25.794903901722083
21.66911907769319
21.911649388531366
16.86099683461867
22.924358539289553
32.805232253120515
32.5007316187978
33.105772567934864
30.279344238511058
21.00172171748635
19.482950063511666
24.0397484545141
21.062482007550486
20.255106127769917
30.9148298727843
31.278287438992823
23.86526892379442
20.7113047594101
28.509394006674288
18.591903905167396
31.17195188955308
26.27121503710832
18.10015263718849
26.461199594567585
27.970644898012516
26.2985150820805
23.46662865892387
21.806656974157583
21.801045094260026
22.85729860282516
32.812195458170414
22.00204544599504
23.455632302904494
27.973634790570628
24.385833525981155
22.821198444316295
17.188787891599492
25.667076936262585
21.843900657863685
26.97619149843446
25.52807235650415
17.494536654956384
17.22668098409274
16.2532942558316
13.454045668737857
25.463538299242032
32.196507291871555
24.11058169550323
14.64463017194612
18.2845564199879
21.50926507881256
13.86054537559003
34.445023387394606
23.469883864332843
24.73228023959968
16.092242323690034
23.675596549105137
22.255241598685835
22.058841252784234
22.22251334683529
31.974278103581984
27.240295626677252
26.4471962850176
23.981478188530865
17.69491838310678
16.099674493559416
26.84332464078137
27.091622602953507
41.536509465099755
26.135902968088043
33.32217224631383
20.45200365652472
10.321390263376559
23.588890897588566
33.534978060987264
28.217589606662706
22.10493584073136
29.36179930692281
28.97433308461717
23.98679993417186
35.3685303838797
19.771777009194636
20.561710409547
27.247148619647298
35.85928675848288
20.096447066179085
25.517409161676852
16.975848486070202
29.90153950045632
19.29151003999741
24.227620146012896
24.543549585750362
16.739504289961737
18.710106884506157
25.77407835210501
21.325779103852035
19.74117263478446
22.293950132680667
19.536041601358804
27.835019389056882
24.843743396383402
27.167010022219323
20.298531783895957
28.792135605174217
37.665989579300124
23.34073608515768
28.534017676297857
22.198151319028568
23.49949012131386
32.05787514706084
27.353635839707724
31.867065698701197
19.250953379053993
28.030178573478494
19.809153501506486
15.835754791716235
28.45106985648236
43.04796677608378
23.223243498163754
27.934939597215774
19.878462005083016
21.503549078975652
14.341025787299122
19.736665001898984
31.623398546768712
41.08402008430076
25.93968289716354
18.055916238025482
31.455189163991527
28.113240322842753
23.452343374627326
25.02655425502045
20.098781999440057
15.643269609023339
20.443831137700634
12.748324615997536
10.888203180759021
15.427228282332612
21.510146866892153
19.99930730211251
16.38906502213078
24.337004974034517
15.865894309550493
24.867242946211668
14.242921917745097
16.52056340565403
33.34758229200393
16.50290857633306
12.509862964661464
24.82307661030756
22.73900900711053
16.78241400944772
16.94878009796377
26.104728029156803
22.109073895364357
22.631417216304655
18.260876762044166
27.614707365350473
28.376006501317885
21.23927521569912
29.66713310317034
23.579441801145126
26.924081246379234
17.483069297587388
26.45689543875442
22.023878486784987
16.77260275362841
27.85914144404203
26.903662220023744
12.894453141217685
39.56768338484882
24.810031989115938
28.22268387386581
31.752631687815818
29.38648824411788
26.538942097652342
23.641453264268243
16.718226546480995
19.247704122991077
15.58704053645347
21.985188009441632
12.611359833708091
20.500156747940963
28.37162924203682
23.91928808148515
28.8506806313242
31.754756651071464
25.495910757993727
29.0816953727858
19.393460454513477
22.02164571403988
24.045037306880676
21.00371051321898
15.799307312235452
21.62039940771941
24.121349721467194
30.582108174803984
17.366230821204475
26.72412895266628
19.593446176205383
29.05164319140516
14.539135012622836
21.456791180054157
15.578158811310598
22.111022264669494
11.79777661326503
22.464209242369765
14.49720553281206
14.905381097905154
28.549130917041882
28.296478231149436
18.80383554034382
21.998703661668745
13.784635807756382
13.018994650002014
21.945722946591246
20.383751341910255
22.69132976878275
29.02496874811316
19.61054285195593
23.34677252759832
26.059562117132927
28.155910788727827
20.339492757086248
26.5683870946652
22.189957901693603
16.219301983345822
30.509833028559296
21.58370156516057
27.70517422963557
14.413867996817102
17.54820930328312
35.750812113238275
22.235168123905808
29.27918491984276
20.620158651697803
32.19600468677092
18.878540807846026
21.163696732668093
15.009472281774983
14.016237442444837
26.837191096293544
22.807601390711653
21.260775798919713
17.001438061498245
35.635428639655736
36.090863460617655
24.605437332393294
17.787456477707384
22.97232870655828
16.080029923314505
34.92389531594106
25.41098356899061
29.9634978748296
19.003790756416343
23.34104773910756
16.256976667411728
22.33080497718659
27.49079974017219
21.27493327603941
19.450443725463806
15.909690495670892
35.59591338506305
14.169092804450004
26.561416697809143
11.168586222437273
17.700808297130735
32.0010871318821
14.52754242295691
24.7795684400785
19.38936115695991
26.607484668576642
33.56653115077268
19.964259407316792
25.746284106954658
24.92827079127769
13.22028400170516
33.57497608517376
15.060732013394581
17.117454090238695
27.652057715901368
18.943455917945634
25.257716206704977
22.509151373680034
24.770079107755272
25.59728547480779
28.768716387091477
31.25101678944412
26.092848864330005
15.384727061546746
25.397202472916327
17.825226435486115
22.01274230100325
18.09396562410359
22.943217713313548
32.59134653682783
30.80655644559477
28.124409713320276
37.2999651040511
36.64300020126879
24.059448895802145
29.627265882063092
16.67849900047062
18.77554152215036
13.814915608308137
23.99721854070301
28.915926845181943
22.8332731807322
25.790767474052213
25.866757844999196
23.2014570242795
29.5570681950363
21.27872268491324
21.141409041710855
23.670154816130797
17.761651651388537
29.13986471157263
31.09659902559465
22.889121936504647
27.94877078990555
23.5572360970236
23.585079074685925
26.753887654016715
19.724679418495967
25.398698818079108
29.646593328505006
16.006732899145057
32.296369862878976
20.845896306401592
21.168832976142767
30.851798736496693
28.62467487034114
26.268398573046063
25.903284329389848
24.81914684299733
16.953981217880777
23.054581304579383
15.47351953904245
15.23743318052039
18.281146843480915
19.00401909372289
22.003945187425384
26.865182977135355
15.650578187139946
19.193731688411
17.23452407044569
23.17309293329722
21.783948843816674
42.09481112206202
38.406032279499094
24.928356623803865
15.659554276943451
16.215468654119096
23.350287202422596
15.598409296124082
32.53641729041289
17.579136667863445
22.67600236987917
28.927855596432856
33.44048761299264
22.555849772875554
23.114243760430917
27.38611593692634
15.567365058485253
22.90317018164868
30.791346023300193
20.251879060178805
16.304346873957734
28.689844271026605
17.21495461538017
26.81841127870835
28.33918675746322
22.14087394038575
19.20713204327634
20.612125704305512
17.952133976162308
29.395387559219
16.23069431562402
30.200084626326294
24.627219156709458
21.226203448845656
25.950940509079096
23.56422033561266
28.535764909285582
21.00303782372802
41.01411050439775
18.24899070884552
18.186981315041454
30.370867318251705
17.810037532967954
24.473041219106435
34.0965747267845
35.609630871188465
22.9492543249445
24.43361240897632
29.345396023870517
11.716354776598557
27.27607890303809
29.626498837223558
36.75900928075278
22.615061894675616
20.36057675906852
17.149202327572414
19.37687802470999
18.439537743842397
23.15086374009642
24.25883632737629
13.987189440586375
15.49070067515804
23.070158295357267
47.13197640552836
17.51275692775918
24.43206120736797
24.354295821814354
27.348689637729784
27.713762646017493
17.080271273586483
16.209045806419542
13.715389613648648
17.091182226751698
20.279143307626494
22.53807824232127
29.892928230611016
17.024478293267567
26.0066738537293
16.3775196224682
21.616438258967733
25.49584867800877
13.217683910327379
40.54666781525679
18.717650814295023
16.241839528860382
24.103831062218127
28.06905080618311
28.07686766172615
21.167232836573245
20.081653696614122
17.823448951778193
18.37179269803264
18.689613568150612
26.317842411344845
20.574821244396492
18.066986319066803
14.837700316532251
29.988905042951234
30.904633928130878
15.667533270730926
29.225626563751998
16.09054555994753
17.630049005614904
17.515239882527478
25.914089066010217
32.861292167536334
13.517541053057352
24.516521239078305
25.863835346277792
19.336337822546554
19.467055285280523
29.607765133848275
32.76734326397846
23.150876227914953
19.993290543539526
19.724704167090724
30.229978870264056
20.173037256594874
21.075510456225942
21.28117848980985
20.144733137697056
18.901674172242146
14.89397920373773
25.403069716999894
25.335701869174603
36.004473883177575
17.948046144535134
21.198389687656295
31.154535862826005
36.60326751023607
31.5788179277156
17.68836699434763
25.32408436647871
27.977033481407265
21.969485063452655
22.581254065848047
22.806753554824127
19.715859244303356
22.185458527206322
15.998235618250483
23.513639184265568
20.68541498621319
15.11168575949578
28.85709100486828
14.914572674052412
34.22899324957196
24.999672759411204
27.425354600444052
16.742547857150495
31.036985612731204
24.365551789023083
17.86179403888606
16.318509746894453
31.4970293839938
30.667724611749787
25.130421976939658
19.14272165297567
17.659368145212564
25.091470999816224
28.179943033120512
28.4974762621641
25.615138371054496
15.735370225109241
32.637268649460665
22.00293498658464
20.63019201471601
37.84232544918979
25.6388577913016
33.28496700811212
18.607747262331124
28.938751760580537
19.285120704699064
17.066894742504083
30.117502470630363
22.298878784246224
25.337133327117506
28.449425487374903
33.933607480565406
28.89475437790467
22.316663427534976
30.404396790990546
19.79351432611553
36.56017624150721
27.26384929620716
32.145510788371176
17.49296363838992
20.84422595206326
24.231884690962087
24.18017189672395
18.71961673347913
20.49020062762205
22.803720655018672
27.482330656811815
21.721441476599175
24.6749249538561
17.69031431589391
21.713906089793614
15.08001193809299
24.01706739791005
21.16759416765002
21.636144376869442
22.676588929224
32.770212256430966
25.16456654491801
30.498656977601375
20.649466029964174
17.47573241922393
20.52691085597208
23.681408184503233
20.235199208291842
32.24975217473243
24.632033410944295
26.89891788832643
22.163385414160487
21.330198647328828
25.85045067826222
26.963320938930664
15.66281436285928
24.892218124994812
23.777430276270554
28.815970859058925
18.668668011351773
20.581901395033096
21.753053521135215
25.818310002509858
19.649530283302628
22.686172496837145
25.097445082649077
16.586293857087092
25.491168297307215
16.486859938666754
18.610523081570214
20.953433404234563
26.985463713626046
36.50419529235446
15.164513743483996
22.564965587032976
10.891359079337178
27.275617538387458
22.72293787665445
12.194916584056683
21.75692265359192
24.203093782246764
15.971055172925078
20.38451158888823
22.897367076597998
20.587358729589525
21.75996259129694
33.307318226709846
20.52535687734126
13.245682061511008
25.854228262840877
21.98386693843771
23.155097752668194
19.797281875007187
24.43876556064869
19.873182854507366
21.791678379377753
29.641276991810678
24.4397832570638
27.618236223216275
25.958439903712826
24.635688680014407
25.144081659807753
21.539485929485615
25.10256823298778
29.098928025850306
26.507648682786904
24.188318632033546
38.00974582338119
16.657668319185383
20.47419953450132
20.0138657009397
37.21717049980233
18.877867948639693
19.47255401136134
18.004212439788784
25.94375025023432
33.27499076190618
16.01603404977767
25.284747632370525
17.14641011603608
17.914772610902983
19.054648419605613
17.375927130824305
23.379012547478016
30.231380060541063
23.89177981046908
21.684158354656372
23.757103715860474
19.838477371217312
31.922499891792878
30.320302476004972
23.520417317859767
26.94775611287768
16.940154234597774
27.638001909827146
13.631904081583587
34.68716404638255
22.797365537149343
26.2454013820342
15.79218172950505
22.516380481841846
17.633693663064157
35.4677981401936
30.057360559640543
20.532805965794466
21.812012287502398
15.413924470294369
14.548829884492479
30.511704654619727
14.617505225988708
25.726218094160792
23.56594741574195
25.442747353251903
11.724511518038454
23.733374927964146
17.53326155145985
23.949049733118468
23.64182071464689
18.695120246534053
29.190368777890075
27.08057163934176
16.98897432382945
18.916523097260526
15.01197845515837
25.904305036698926
16.407014672510662
15.201260654586054
19.394234368811244
25.40887840237861
31.99290154219171
20.16943286840264
26.55885664987863
23.08599821355988
20.26725274122045
29.88007099677052
41.36172565137059
18.061521055125326
23.69134828365767
32.09181808586353
21.303254695527265
18.49000707620175
12.598943995712297
22.253799805058176
18.616607706877375
19.122230706982414
14.786694248950374
20.214791566750844
26.26133244039942
24.70030875235675
25.547962384413314
23.365611329674607
16.756116394770302
23.87239038660247
24.29024038834811
17.474563694713453
20.320228185870402
17.534420047670814
30.965252237137502
14.480352856444945
22.26416741355565
21.44533229108622
23.13058933438761
29.453468963687286
30.87785264594944
18.623562557365705
25.053337134942815
21.202049435280763
27.235273646329777
25.858703527383692
31.12064534093656
27.827603724151366
21.752624679239652
25.657793760589982
19.98034695940703
25.190220822913524
20.32801672938726
14.867502754809664
26.221114821430834
23.430316351602386
20.20794609739268
20.31374606250536
16.926574991336526
24.740449086802982
20.32949240574209
26.120806563078858
15.660339397296056
18.05934417793621
20.367962437718358
25.191200067619878
27.5952725820066
22.31261497678979
28.68257680116558
15.823234145153029
40.08458258441373
14.893311652971205
35.617367637520715
23.452502112779023
18.665518817431295
27.095837624720943
17.50870164848031
27.22644966922383
18.250066407870573
19.08070594802868
29.786293870998108
20.209900611246027
20.95289440393291
33.909879628722905
18.140190162487485
15.780213767803247
26.190892447456655
30.610701432325126
30.178593682218906
31.81455703497942
24.14960927661407
31.910860764965925
20.440178921737143
12.617646733858475
19.268924452439812
23.92959633544107
27.027148381268812
24.660678482861247
27.49497117096011
24.438497374471137
32.69716413781042
19.97903195757001
19.785720266720457
18.250331161264445
24.734729726135438
15.615505537763804
29.913078176419095
31.14787251677495
31.936161989593515
31.22802626604031
23.496639015195733
27.93356801417271
30.986284481114936
19.054715445178992
20.36104773161891
32.20546291864418
22.468201926613123
24.00020376586955
17.608448033602212
35.46062938654594
33.97779195685618
16.690098321711467
27.591177748296687
30.363272556462732
20.526474963638673
25.27274942373787
26.771356938172058
13.552516563253938
29.971453084794714
16.85021214752356
23.89878137535281
21.019625129083497
21.558478441744736
23.83218785470175
44.393502207374944
24.059667561085316
21.673211963408885
18.419369992182347
22.33583440276816
9.691571159713842
28.379643318966803
21.623524337279125
26.342308702555368
17.33542156480366
17.957749268243468
23.652200267469627
15.549161521083027
22.31378630450829
24.71824786763127
31.712735836374705
15.148076722800493
21.707046222697368
31.954625778711716
22.955727583218845
22.68301807239847
37.09199241429666
21.871007920696222
14.621747859870432
27.312541838752054
29.28176759702762
21.720296485121597
28.1458571253251
20.57197328271016
24.233597409365792
16.146831660782475
20.489005834506383
20.06984392281382
21.755991888959628
28.137762842451792
40.42716818928469
32.05363653860748
21.14287641160411
30.004812723985868
18.98537784596081
25.92519906651523
17.16160191493273
14.926930168217877
19.33904446777766
19.41035597592328
33.68323054283023
26.51164825737818
22.908078098339608
25.04062962580408
25.483112464660707
17.221629981526664
20.002510788343457
37.898732870947285
19.962945546714437
16.142615216909356
31.33328140205891
23.06161189800217
23.3411120629794
13.359406475989974
23.49589752181984
31.626867954849295
22.334004376989192
22.20172144638658
27.138080867575198
25.36104417583039
16.387670933100157
28.90110263380139
20.076583910627882
18.708571857935016
18.020975372613872
18.959847904697995
12.712986383502454
28.57023874042136
44.62350043623213
17.696248831762095
22.987414206301366
25.637158227123034
34.85397605477014
22.49868577749347
25.431188193663136
21.468902088796302
25.171969423012126
23.80419172815672
25.540882351761223
35.93440220304897
28.19483127667251
16.299438787257632
32.85603861381226
33.65688662807337
31.11726770930253
14.61184986662713
24.805120105649152
17.97363746250803
28.19411155049346
21.70248009036248
19.028088602602146
28.791562746318228
18.145662619937887
14.817866779567035
24.260489733581313
16.54786325359042
13.673022282008294
20.903165936022507
26.15986633549215
10.180379825560387
20.181652318360584
23.20012456325674
12.776845650104557
21.875928640361604
25.088169602283834
17.28939105189407
19.76959015261999
20.756213886896276
32.114257622494975
20.93961005796407
28.49655274494607
24.945801365172713
12.729336251597903
19.71718377227086
21.970993277255282
16.93600401262098
24.793864899009492
30.882685732619997
32.537823807040425
26.7092539863821
22.615549257901595
28.52566434982603
26.7195998789086
17.3028818017829
19.373778734972422
25.032740726632873
15.932110776324013
11.764538950685786
26.921111430156795
39.528750652082515
20.205885659585515
21.187983488943203
24.956509515663697
26.40027101890982
19.40651218597629
26.049558938627598
20.346488759513807
25.41157925134255
21.49174698143648
30.3779668018931
18.504026978282205
24.207189703971263
12.366983701903553
19.923629347284347
27.358337271920284
21.82503446363735
23.96372271269228
24.970939705448664
21.28704770778579
26.43692932222961
15.489891332000008
23.464074743151976
28.644242964115406
27.88294524747598
15.053560835692604
19.31626974912737
24.306645227350035
19.19490439913943
23.999502541173342
31.85685064918501
19.040252552504015
21.070856007029153
30.0353819037675
25.44807006938832
23.969323843913514
20.12273957783057
38.797059213314114
26.732137933391797
27.230376503530966
27.52922125873207
20.7027963599213
17.49860212380136
17.20425633212074
30.536050337060306
17.521942783376375
28.34454148976924
19.99410052737637
34.6457276360154
28.914199455406788
16.4584771994791
29.64154460678541
20.10805072754959
23.336208091475097
19.840019116922303
22.277520032719245
20.365317712880984
22.93046988901045
23.772640023492784
36.411163172363516
25.135936029746542
21.589852083706003
13.100434714752282
17.364512884957556
19.848749782676073
17.464450008966185
18.985394490863165
21.753432646248942
20.83989631760284
25.509653751472207
29.995107494841545
19.136891487949445
28.113988867209727
23.702975597221666
29.62594123246661
22.335591392528816
19.233040843038175
35.37208622259768
17.03173242499719
30.07939905507199
23.969330689320948
19.032193017146177
23.340602365157945
18.446277560707802
21.07854502238294
21.968106981458618
26.84629106371053
15.278150827707188
24.88579731727695
27.540902946823298
22.387174410742297
17.728471070768645
14.620071820255632
24.494639900046366
27.05823379323991
22.1916979361313
22.282160311458245
19.80007351193254
18.855604994794568
16.158867775790956
32.55989458258789
28.44282795345422
27.739075858635786
19.67778844863768
26.293889735574922
24.238159869841613
25.611801792416923
19.837275734354026
29.190289298623895
20.16144624064674
28.065722480192985
14.946328703258075
19.71514176157946
25.80046882815924
32.681813506169966
15.578773221917572
16.043247202069217
28.97248047305247
27.490502524830113
24.150869482438093
21.851063640218875
28.33714312547975
20.334978239003497
23.591735549800415
27.928002792668096
24.285027692162174
17.283747694875213
26.857591713992473
24.141128772274858
25.170288760379062
24.858544781651517
30.290206822277206
19.74876364796401
20.201535568374883
30.957532958751983
23.61747705152849
28.262640102685232
31.64139672952016
30.471600667152547
10.943791683679594
21.24397198815351
19.560721889453767
28.020802145850727
16.500364994916406
18.681991577903105
29.837942685284524
17.733506513108523
22.724594210322206
26.506465413279983
20.13257664485775
55.068465037217806
18.70617789967287
24.439722852245122
18.547931386709102
22.35133115355866
29.679750336712512
24.22215569524152
19.44810846583693
27.20293870436708
23.93888664683471
15.763649154765568
23.563741250972193
25.50203016745841
19.050344323941033
18.980876473155377
18.240131841883596
22.59394710155386
25.822000535731636
26.037300471810575
19.576524148748327
19.431094819139595
24.994816006766836
27.863805571007966
26.811160189924394
20.709550246117818
26.59853842616549
18.791798726823227
21.71903595113001
22.501714782920658
26.152509656417934
25.56181796523068
28.054884604310885
13.884926106414671
24.818394097658526
14.8578350011672
13.052368073039295
16.767880058542907
27.70092468879065
15.504383373968755
22.96995734296072
19.374335498859665
33.33341831839484
19.005587735092806
21.217481407762865
26.257693255826283
18.794726963836915
19.41001076842156
20.964424587035026
17.64273944164043
24.40507180571958
28.514327910521253
19.612455457026464
25.719126183497416
22.15451000555035
28.434682616122792
22.809426307686138
27.058146804322696
32.21190487368571
35.12416616593029
21.574997099223804
22.40512156765417
26.541539417849947
21.000521864488338
19.842159008108133
25.22354319409807
28.43857279803069
14.295353113848444
25.542339395138242
14.134148052613515
23.974367503904215
23.67103833071516
17.333524867965924
19.512329485572785
18.781212128587725
15.73799032310022
15.312299237838763
24.863455435810774
22.844380765071765
27.822644398132446
24.451565197577903
32.787821715199904
24.106152791142506
19.44791704363748
15.235942007569756
24.706996268696717
26.42038956559555
25.573472959962686
24.220814819018248
29.52884950342926
23.743604428081625
25.562632155379006
24.90336903288258
18.237614753206056
28.37020962553976
15.804529526330274
21.72615294764542
24.806222007169364
19.027565760125498
18.45401968126975
13.654969676697254
26.836901143418963
21.00476414030372
21.257929264677465
22.43567833855242
28.425173505248193
29.515133941640432
21.864957703967587
27.391542997372593
39.61648446946829
31.32461014078577
32.82253810232931
27.251014287354014
35.82439222919014
