231.8168836790421
200.1202662923525
181.14696134102985
227.39502461682991
190.0571752861589
168.68316585090685
171.06525301488182
163.3368215531815
149.8279690055907
140.3612123327411
115.39580630124387
94.2613036737224
104.21956937579976
116.63550241961485
89.07788507827044
122.62336237779084
62.104438050376984
52.616863267565925
71.23247790591228
81.43568671613038
82.04361931732788
63.755337657518275
64.48087048981132
47.11641519333677
45.39134930988074
35.342606840122066
42.32040272433472
27.71849259212957
40.64561273947032
16.980375181755868
29.39100655986287
31.030884398246794
23.113633259618773
19.99804531111267
26.571932048726744
25.29188594927368
27.9387677415949
16.78516105548386
15.796128241076415
21.229778956840303
11.762680699868678
13.661860937298279
21.622632135515023
16.172368365333696
18.606065743960208
25.848865678704087
29.829934870117615
20.95897145353763
14.97236547426177
25.274925744350675
24.680062144169916
22.115748786331256
17.370947776045632
20.784987383238303
26.666360753294548
26.403160573950668
27.06027152382623
21.816754552079036
23.083455069076848
20.418623061192882
9.665068964089693
16.58128456615164
19.189906971389547
23.212633642948806
15.249617419268976
18.586005986319996
13.921460122387364
18.961449676169543
22.300780655824713
22.29174171257646
16.82119101930291
10.995196900523798
16.04375405866218
16.53856455226888
11.351805806538477
23.267450106623563
13.512469962549995
12.814928238745615
17.372038202974803
23.96621023162475
16.675351318949776
17.344430843406066
14.281777826967554
14.486345336650134
13.781824190703936
16.807592367574717
12.048064689921901
17.606047908031968
14.02920868448848
15.926953244342098
17.957915963048045
13.848849573970625
25.20836916839528
14.69304757687574
21.5580617995615
21.29267008573263
12.346633756901923
15.513538930379678
21.347222746956753
16.217457642074883
20.997760204886447
10.616963710556286
11.08701448008302
18.535741378304273
15.388749216879571
14.91564443132855
11.443129254765955
7.923897990687752
17.174137653636908
15.799728003826091
16.98219911603858
14.041715065622565
14.169761575249288
15.703917566591787
6.621814076885232
11.227562342612133
15.663644692525047
18.96258720278594
10.418329826597661
12.12284014705036
14.865724379555978
18.51763910751573
11.42431536994382
15.904550496084093
16.521553762713413
9.625691210717768
14.524164788702793
21.55718028454643
11.989722533305486
15.581582231063248
12.536176261236747
8.627755211089184
20.474383491048386
12.008679380269491
7.654618641805472
6.969559581187437
14.39221490610234
12.798193073435577
10.216880200608113
10.050267375337695
9.17336170856161
17.388345192670357
14.673547102425328
14.469863985630848
11.724060206465337
18.176546903057794
9.615407711484853
11.970144213101506
19.35423029980159
17.46337988017412
19.327113052247725
14.399142389505226
10.724442682907572
16.848650873268973
15.645723465915609
20.42005952251589
25.29669310636956
11.98826987041868
11.110493599644096
15.336273205842039
7.403893137667077
13.551078049986376
19.806412811839348
17.148084567282375
9.35877760644161
7.310043899632747
9.311869121188325
14.02553125047096
14.186689146300424
14.803771851263612
13.914705522909742
5.844256466034228
14.386017654088185
13.332917090144495
11.378743381200595
9.846287169827972
12.993984480909152
8.403023238364606
11.790536299825142
14.111756018018632
14.926794651424046
8.91120096859516
10.624963391545933
13.571010474955287
10.777727082852211
12.26655891090369
12.428944045689159
12.920311976303807
12.770225102790816
14.529974254998729
10.765958863452155
10.926098981373155
20.681218813512356
7.553486083170252
7.515092432776004
6.746193517576911
8.768289242796662
13.189976135145583
14.119980585651382
16.58046139938741
10.08141336805787
10.905658563333388
13.015341419015245
11.992900394969903
15.458040552561375
9.356207338602793
16.92519411224942
13.920022159812262
10.202606855256402
13.074231353290111
12.704789860900773
10.526606071783055
14.688216914590866
9.75611324424587
13.728400116301634
17.11501188125333
11.592675313298853
6.554484575234255
18.45395835864662
16.22955545675388
16.85690559420896
11.580182299122871
11.597114479030772
13.346158951116577
13.51033624424775
12.081330956109513
10.283914130017079
9.480453155536638
8.350418425509579
9.619716824341461
7.017777300191617
6.003114868188789
10.356845459632307
15.454713106198861
5.596469571650899
8.391446580675112
9.53774183045684
7.816445039240789
10.593813548215879
10.480144471692284
13.235854750690038
10.25968783894858
16.89257777659826
15.345386676034007
11.896228969406538
13.432295283727914
14.119982682321371
8.60819572395396
8.705831920169645
8.46126447557433
12.251933025214601
13.077174898216679
10.426694518187144
9.047684775072039
10.809606107741546
14.471453085362421
9.306010358706356
9.739040432013137
7.547603500599077
14.093056113063879
7.692860729537186
12.912373691064477
14.39115706547654
11.599678893153117
20.76383323505251
7.074257602662478
8.639925194894877
8.998326902947365
17.63612241752917
12.512536002655464
13.573229905897346
8.176253670950613
10.085511959032731
10.527570481794793
9.548336272026974
10.263548147891234
10.920825817712398
13.923570131184771
10.693019139016997
14.472161755296945
9.711733959125546
11.229906206245351
7.135750703928065
16.06096695854985
16.769195545204614
6.840411206606349
6.668716007646373
9.249117678538719
10.25097752250216
12.03905940343365
15.419675360012587
10.15815155115697
14.241101146932857
9.536028428671104
8.69861489012463
14.227789748999035
12.372222380457384
9.103561425146054
10.409562981522837
8.665054587245464
10.270298094872125
13.570463345164615
10.717382346844877
8.998935207680482
12.581916113586173
8.583800313927815
9.272356938189285
7.594198542395778
11.104448687085027
11.807009416353585
15.27770731219928
6.596453266246086
15.616006449287429
10.13756698204968
12.717560927953963
15.490289141995495
14.764687643428296
17.70609664455222
14.014066085379854
12.80695647496608
11.742839889161367
5.856538832678276
8.671311835618283
19.570110539156044
21.80621431472933
18.211454788356505
9.323552828371028
7.315378295456407
11.34549108377985
10.519145870846039
12.858766868122107
17.77389588193809
8.725928631537009
17.70809647902312
11.350859463371057
17.53256182564311
9.332784621242087
9.011755443033236
10.698013562960602
12.661985493392184
10.819439837505216
14.060684680034342
15.77290664951431
9.845556304324413
11.324565266657814
7.363141164660932
14.489627398395399
14.410773651058683
10.156833596956897
10.873744498415233
9.278083926385913
7.117250495953099
10.162511982113802
16.39906052049838
7.799444164806206
9.406105754465472
10.055029036887628
10.974432094862891
12.415118680542442
11.785963807939147
6.959826668513881
16.157135481800207
16.862391385152097
9.747918332548393
9.792668580549929
14.094419167278271
15.716177784633187
16.253987789170075
11.897114179959159
5.447306656537175
11.498483806330695
8.327942340187382
12.72641307631956
7.8478282804557296
8.93071519756325
8.949479316501806
13.27568053539119
12.22255452257052
12.512599742498098
10.219538858401094
9.301692970543565
10.287728656994204
9.224823849806754
12.081797645929857
12.445480957919305
10.587524825370547
10.432671700499856
12.76944968386227
6.99813545737795
9.90328973441874
13.864171268897628
15.080195626423595
9.56434718049017
7.349330173229002
10.78388324567625
17.084014168056523
12.358373773911655
8.883743955274593
8.556455665851152
9.795802021628232
11.669233759333583
11.49180178967201
9.42492403381131
12.34491365036626
11.504417701298479
13.67701283017613
8.148236281148364
16.303104723406673
10.802507514250701
12.282008481582293
8.2783454689194
8.888347849810668
10.79505422652994
11.976290467445178
14.06460091862741
10.67228980351185
12.462226384663252
9.855032304612818
7.905165108468229
15.02770090678711
11.931623092436876
10.944023780143372
11.081767898243823
10.824275915423943
14.592100379200957
15.300648301469893
13.864554816401414
11.402882229044705
9.837249753050264
11.157339341001594
8.849468013588663
15.063241874461339
13.204046173896405
11.548056486536051
11.27455039848658
9.948084896652547
12.978549409323842
8.424455619743341
11.49886835687049
8.782051748537254
8.925004638305598
10.848567617396746
9.972865997231233
9.68656485027655
12.321423332886154
12.562131939440716
11.109347608280363
12.502258701165193
8.195998577181317
12.529503742210272
11.437773126439179
7.508511638334402
10.131730398225097
19.688088411657272
9.126202843015806
13.446302193165854
10.439606180911328
12.480294353663412
11.198066113088746
11.672067165783119
15.362615901545945
16.864460257433457
9.553711209024916
10.229955363076801
4.506913449350316
8.222951864688728
8.966016126636097
9.3518542195355
12.689114790102746
8.07074395263725
11.582935686857596
10.046118173292973
11.142799780208868
7.34582259781364
12.378069688944398
11.093152945000869
6.4537361765655925
17.071286621648436
10.02212737048384
8.933030821483431
7.800601207296159
13.253084635785523
12.563613886681424
12.953815661708717
11.267559818476094
12.989064250403024
13.091188145390387
12.19958887039551
5.794903276119818
13.333175068266097
18.27237988293647
11.823859506354047
5.363604634574492
6.869202276469346
13.855617587705613
18.39792314687671
20.992388004362077
9.340199986193175
12.023170412919432
11.30322179826039
17.332345795837277
14.533590533095566
15.350952766105683
9.665340553603485
14.69489132023189
15.819058480367868
7.397779367568457
11.738472254621634
10.3412458347355
8.712813581366145
15.902344072196017
11.416937247581787
18.52054149058257
13.059070189594177
12.440333193313927
7.307933751410197
12.679571615017043
17.214350200813858
8.32551306389818
9.989209179184883
8.071492765301635
11.949127195191899
13.737893302917357
8.960330193906325
8.331596982861459
8.13866680888285
12.50445781488058
6.3858310747308416
15.248721149265313
7.593434208569186
13.049003660411385
12.737988014171625
15.998522117661873
7.044749932764772
16.268640417083752
12.882257704256702
10.365037899281267
9.656752535315741
11.619180160149194
10.43532031197117
14.585791385628797
11.152669478545649
10.709136767484294
10.007180206169803
8.481322490043521
9.763099554686141
12.837709252128212
11.584145596964026
8.46010147055337
16.376304770681028
11.347530639867163
11.063337074264307
10.361307883952058
7.899260412315552
11.194459197320548
13.098627292480321
8.675769216446001
10.935202785460353
7.871946805845388
11.000932683469408
11.315552444306432
7.06643518748878
9.201980476601491
4.595234682441586
7.8634093029164385
13.815080065264828
10.172009099297401
8.461948024130185
5.528763078231785
13.210902951033834
4.64659996985843
13.32281004653135
12.188448004898987
16.274927417549335
11.745645252268643
8.491823411423262
8.472438305865484
10.882530987213478
6.520617150554525
12.043243749595058
8.846783134407502
10.72461335374635
10.742830840305064
11.254678068059723
9.8275952851289
10.0191772056825
9.656205861910335
18.406281428513015
9.26468066495995
11.050877162028447
8.640830762944756
9.240683226284037
10.121303992853607
13.552987237518249
19.422512112258993
12.430263632620322
11.488705733819877
6.650640471146498
11.080182816468081
9.864779314323286
9.273417209853703
6.882331703382756
9.463974122596465
9.017268826954977
16.480266127414662
11.32336813655385
16.74115966927533
13.93232968031994
12.837210524551981
9.54202948479433
15.948348465705688
8.870634003669585
10.258955548328434
9.5545052732919
17.249982787492478
9.922858836497953
11.245201958014654
10.350966958865977
11.325526057302895
15.301429801563854
12.43293278361615
7.369936252458857
8.348459687034813
15.084686168879191
12.21908135882732
12.864498580261444
7.233421117270529
10.202047049477265
10.036800036056288
14.677452693608
13.072544781975209
12.563147013066898
14.654045609926042
6.28144630627779
11.827573773970741
9.35523055871941
15.245913316754054
12.217957420758571
9.759373846763559
11.163081007681798
4.892513805661221
10.103173340497875
18.110906205212522
11.253269676241686
9.620810254031813
8.121924393214028
12.715137233847337
14.153466674033261
15.652733043965124
9.80798100090344
10.969653063874222
9.08183338750538
8.902542680196545
9.865193363917136
13.095746941008759
13.469242522551994
8.13107531948308
9.565327141865367
10.032613904293125
15.015941455697071
13.613082290710619
11.333682596232016
15.31708132635045
10.762449275786071
11.039892327284983
13.31591160424793
15.731210003687671
14.123016571475725
7.155358814060605
15.219230479769427
10.808428007308997
11.201793225482563
14.759074864924207
14.381879974972126
12.537439396684128
10.992679108444772
9.017425528872144
16.506161901854004
11.36294232190664
6.6808179886309995
13.217393876447773
11.477005549090583
10.83572267587836
12.748669164643642
11.794203823677938
6.551469775974765
7.449931514285782
12.20752602112895
11.12684886797586
11.696622095891424
4.9534484749270264
15.392730635480193
10.298645794210358
7.468527175764801
11.577401808408831
9.535487541830767
10.582216480288988
10.262459412656824
15.945785325352698
7.874522556787262
13.128901704904594
7.301911264852107
9.87413282276364
8.438611829053352
9.93968465726521
9.241863965403283
11.777820921082585
9.225259667756186
15.781470872071454
13.598734392885742
11.278289718984698
10.481353011884844
16.031554225878804
11.87308946378135
14.366828208547789
8.837858508396774
7.928791372391266
8.125456450216511
9.720200384685471
10.454779135094094
7.229948039846174
12.16088067452782
12.573620631366985
10.888576369241244
7.939269476618815
15.590149223475619
7.809006320136498
7.9968015289877865
9.246283928781796
10.383401461312856
10.357479390165444
9.469462692628843
12.730260573063315
8.797448600329409
8.387218380121206
10.814532919215413
12.821963071078565
10.880537424853456
10.000799223154285
10.402302817662827
13.52590549491928
12.281908888647505
11.093592593187832
10.72092516364936
7.129265915035229
11.584077177060133
13.596289051527407
9.147252859917685
10.658705545703214
11.765051809578884
9.756656934747662
9.812103489355577
9.48113770054534
12.709472154820356
9.152788510956665
7.938917734866396
11.838879899528662
11.207322068443732
10.383270208826213
6.502036484037871
11.25371892542695
10.169890080038074
10.582549950339638
7.589428880396798
11.381776035772113
8.708344897969635
9.616992498672827
9.778905625112658
11.265165310503257
10.74090318683848
9.19577003273675
9.771557292932393
8.225635698466656
10.082537911153565
13.33789241460592
11.475773713115197
12.046634358092609
9.133659224909014
12.48916957067381
8.913222644996498
16.93679234477837
8.151819101930814
14.915420165647342
9.223567510559134
9.012260035059377
15.356046632881966
15.225644839198418
11.389483508636893
15.552029810690183
7.803188887696598
10.473835728218008
7.204934408553394
8.706928354979382
14.974575273019386
13.031052528561407
11.941653061487196
11.90014165738501
13.525496663552152
9.971199223539243
8.59610079003912
7.496396959488277
10.482350318446521
13.04335020666692
11.181676234128517
7.865926421059401
11.259917979516443
7.706644771190733
10.862636713756654
12.078401746697413
9.523754633749085
10.023177991783687
6.250328179871638
9.401423708862392
9.411488032930912
7.334809693238046
9.876446511631313
9.015876076796118
8.416973368368927
10.823712484518143
12.246265317048728
10.423575434767585
11.79158665718803
8.647710730306603
10.966641575034924
11.717860176105841
6.07205441587318
12.560246354552474
11.306017826037627
18.043337660859056
7.258122443539368
12.351032770823931
11.835465833734384
11.345049595425722
14.951756446360653
6.376329481004557
6.5288314505486404
15.800136182524543
11.803743982102768
10.018953154077579
11.35507767941781
7.951601299776653
9.369128201163768
10.874571230860566
10.753486481609572
11.571476728664813
15.064598607778173
11.221862853140948
11.347830719994427
8.658362771497563
8.530082764306792
12.814789680230948
12.20804051973378
8.410031970616869
14.699681346978133
11.584826726255944
12.057248328529527
9.77502435031233
10.996932034553662
12.724311096178036
12.061768013752639
12.111815939824526
8.712176814249434
13.694869555154066
14.64766594074006
9.189485855112736
6.665163382368121
14.337599005825558
9.224885441666911
12.086971733116659
9.053536069657872
12.079362880777838
7.662075746878118
10.796199469764902
11.840471629538388
13.153465145238414
11.388618339312567
12.481485368014956
9.019213008601119
9.336462438746574
8.549063031955557
12.376283925527144
10.331772407197025
11.248151398125849
9.646831612371386
11.82529289913539
7.753029031571043
11.750229448056787
10.44751343018175
10.339220377022862
10.255077200383166
6.714874880946614
12.895837933811553
8.553785556308101
9.357191050335633
6.79571926599753
12.636008048686184
12.078335333649576
8.34698252752004
9.42479498951951
7.338712435412435
7.397819719443414
13.700862827685247
8.645030249659026
8.791392953371851
9.121136004552627
9.377586114183242
15.434436795597364
12.886668807272445
9.652955478467337
8.802039721095827
10.793225170585757
10.293013334002653
11.067057112922376
11.304579322332954
6.424007162543595
10.809523857352184
13.678467340620267
11.507868291137981
18.033092570190234
12.630636157613957
13.201966342374805
12.187290369869825
8.543064653419496
8.233947497749702
9.54405074981258
14.435980002852112
11.106021047577993
9.225492243940314
10.786544155106226
12.222654694841317
9.82732081725564
10.843473663550023
10.168684047190792
6.563210392550765
10.689712339828116
6.234382418241177
8.419284494358648
8.920423337911746
10.131225803155486
8.548788504544985
7.619608237218449
11.93545578212864
8.93547014520497
10.125863463008477
17.482316922191053
8.627597822942462
12.282425733508395
10.318979260270904
9.651136894175572
8.310869327731497
10.068547341612579
10.54476446001882
11.168006595943544
11.974868430363683
10.231741379924287
12.71013229161077
12.118559606656802
10.856329856615298
11.389206735405704
11.028579855147113
8.339253017962477
7.458814991296155
14.490806116758243
7.977286753542991
15.532770823444414
7.005569786878879
9.234789835631405
7.478360918622105
9.328526711288534
12.438954969450734
8.808761366823932
9.042144187604798
16.03537986118237
9.393548465700142
8.091030152531859
8.836604792885797
14.402207306414144
8.991479675926916
12.077041737016199
11.558621175305957
16.61336070591028
10.846372179539612
13.260672528000232
11.245673160594981
19.49115549748016
8.468503666777016
7.87818473456124
7.609830922240015
9.748969580627925
9.91115243789063
12.026436379229477
12.780488881063508
10.055181127324946
10.304388552043989
9.48659621291069
11.207088577143598
7.580169765180707
11.406880294320544
7.165095248289953
11.603698574829105
9.92361823196287
10.98960746422359
10.875367226888068
9.092433340826684
13.188851547576409
7.8680889409511305
8.504512721606437
6.288959852928356
8.357723636311686
10.16822315094405
10.921030213979018
7.859792745700224
8.209955856581615
5.244232945149562
7.91903882987655
14.415312404125114
15.1116162751208
15.62213168649659
11.373135123400866
7.899097807061077
14.280877802664872
9.34647523747946
9.768516553415592
9.953919493092316
13.6500928447376
12.523690214451022
10.370651788833626
9.471961680894914
11.532902022875897
7.677870598915329
9.208448525732424
7.172089242306047
14.936237389565985
12.016006674374056
9.22092800132491
10.232562114772332
9.200149003962082
7.55411238777644
8.713315652896961
17.053836344881347
9.398781246979231
10.805579786464168
6.3091173538180225
14.550968963077683
9.10075488417506
11.134430325130808
10.28683338405781
9.465054141438419
7.5048111895433225
7.4013519170238
18.00305159730578
11.14984429804666
10.472053132453583
10.146810414771746
9.219885181403859
8.309288559030513
16.207783963503992
9.471705329964825
12.939606206306504
11.419646703528445
12.4710011360339
11.143574154079488
13.99767458215245
9.693726197199487
6.215250713618196
14.32513361341833
8.460064877789595
19.14151437959093
15.876673144272848
10.176510884547199
13.212507829422712
7.652544624412854
8.79064129262571
10.914716518716055
13.54370497664731
7.04540483126571
10.138273707414115
9.441852138167791
13.707756907458101
8.264179012929795
9.473938959009038
10.718141803910711
11.670609070815662
13.555723440420921
13.051532729881712
8.781606226125755
11.407336855288538
10.284397400905323
10.02442567327082
11.439933125239873
12.564999809820797
7.904916581205559
8.957683067287302
10.035087275746644
14.3600799013126
15.144639877649361
16.488332697783786
8.87445344561262
11.941562527906235
10.97176636029491
10.883413232062141
12.287835207283607
14.514805471418551
12.116082670241694
11.41057715566033
8.31849524845943
13.714079841813057
12.042557654704579
9.484334256392087
11.075188233581118
14.571560559070388
8.990497450083417
12.071651443652268
13.503861127285447
11.359427862036691
9.720596483286243
15.224108776337166
9.49562799390301
15.132925801839741
9.530515227919816
9.976612523410516
8.638447513458827
12.558765649885778
9.569256890150433
8.643160178379524
11.641611082754148
10.150835408050366
8.37386700941132
12.898534558280225
11.471573383598036
16.01185358999469
7.693178570401163
16.110627800291123
10.227512957057886
13.19068717914763
9.883516982449429
10.657661924795061
13.093092442808443
14.755728428049883
14.148980628925397
7.755194135170079
11.234553702405487
12.855851737425247
8.892783760803592
8.478856972555713
7.280104906053324
12.898968681420401
11.373662769804383
12.055301593374576
9.040644569370418
15.128885106722139
9.496197370659928
10.300816437218472
8.065971509662038
6.340723468270559
11.909379712226418
16.96928772841531
9.507972870218579
9.747892553285707
13.352237173714308
15.832177416671907
10.030989252784957
13.234215310412228
10.231765691607627
16.11033394328635
7.064921419611552
7.446885912563246
8.258603536976155
7.643134192160295
9.057751592839413
10.208860702968346
5.933119212101953
11.59219067155787
15.91013612788199
12.133288632686337
11.618388657843608
8.879436905734256
10.95383687298823
17.236411655498046
9.197532313359767
15.370729988968575
12.128134113905677
12.568556935813993
9.73918458125752
10.769074315675825
10.204095897933293
10.178745783626962
11.32532979305502
12.236592241061711
12.171262413804167
9.604920550677736
8.470827479848705
6.39365943329757
15.537758580156666
13.644845147734175
10.65917728314251
5.555084593680454
9.180345342304154
10.820100954578434
10.727943289581535
7.882713681346798
12.100014745622321
8.660339630196257
10.965062361191483
6.931688135053456
10.164869030242487
12.811788733742583
11.314454917242509
10.973115626986111
6.718363612881204
11.786288019114279
12.01276473853415
11.028510113311613
17.93813581406652
10.669317493580042
9.33365118106542
5.986454979924904
12.308981017094265
16.71655592383151
12.330570209747837
13.038883601434003
8.000216996497809
13.881776138520232
7.874026412068302
12.372108813469005
13.791452280873834
10.2920414795842
9.07547805327292
10.534662183441997
7.373183412175359
10.81998804969247
9.424613470038343
8.997658788769765
8.782073093875535
12.117840851426893
6.81476366486847
6.788868120197629
8.853392525746026
11.4513321136956
11.819923286276651
9.494307701267095
12.115304234483562
9.023995566541789
7.98371246122821
12.006829225503957
15.356302292732064
6.833475677205904
13.389571369080953
8.913986052365198
12.441611155739045
9.31268877986061
7.553746864633043
9.488968235252623
9.643775673520473
10.573919538683317
12.374468413199464
8.185613787405439
10.178159587720689
11.413153046616472
11.033793703220297
10.741150722437412
10.876891286457106
12.02526810211855
7.047059646481616
13.313914241118074
10.79374604455766
13.329636904274778
10.435842928381824
6.371461392474427
7.1850193165340155
11.05472717188739
11.78819357764317
7.712178364401442
5.075046258050408
12.711920367144094
7.47033745702506
7.146391900285005
8.38738459240904
12.672414907841285
12.616578570254822
21.38492742830624
13.641130096415244
18.001895887154433
15.967064158593802
11.49725308118409
9.89250744493121
17.669264073448947
9.282165476047426
10.626404876750252
11.737883011723854
8.568718720591585
4.826409156225854
7.3109854442864775
8.351013294997573
8.992720627531254
17.03733096362104
11.66441715332365
11.701895356189912
17.559788145052508
7.535925260958885
11.462134968021608
15.983229658358642
10.872819656463516
13.076376261137563
11.359453564301148
12.192902737290934
12.281877640963401
10.484382841396632
7.679551658488237
13.406325809437558
6.587551915146045
7.7366570679249484
13.405691074736797
5.262197030652089
8.117676180938735
5.561634164164052
7.322516366094941
7.306753687740458
8.740045913318484
12.066974946323104
11.579000391081793
10.105751330247637
10.863502590347572
9.1165853309598
8.789295413940126
11.060468777912067
7.954815800721743
7.166670041710573
5.510181000523245
12.685979740045289
10.280777538981292
6.917608540110132
14.653206222747897
21.16714300972971
10.98741572525562
20.547906278461575
12.956630804384798
10.887166683700242
10.407449127677365
12.749958318490187
10.827289774689358
11.041128965242693
10.140071606502358
14.74157791648431
10.405299221466436
16.644337934700566
10.690508095343903
10.976897188255426
10.846770924568942
12.554878166674262
9.924161712403887
8.856338561760388
10.082725810584654
8.689804824594582
7.807360478207897
16.712132596114852
12.978344322307226
11.157790279839823
7.452530809060493
8.805141793081907
7.0322760179379245
8.199928163938997
17.586780165086793
13.753938105786675
9.65857886075066
8.76726333010716
12.451414287608506
9.896278866439298
12.695813381536691
9.756362847396725
10.145051914993887
12.09520319969631
12.521183125394646
10.297707704098931
13.267700333256741
9.692619996927604
6.601048438520713
9.337088104730249
8.268170274664582
10.692544449678495
13.479409607040932
13.69373674697644
10.261681194312382
11.539940419356972
13.048562345389033
12.497460477895144
10.300530941862714
15.561426932893092
7.546561171310564
11.450909893718048
8.6543589591303
9.719949337057988
6.0337982484721016
8.604682147004468
6.503278670058013
13.894269311352424
10.601256766858969
10.472264447330673
15.176172081629552
9.895300974834527
14.921678535131136
9.372252306971948
16.788897410565315
8.058899424424954
13.906105103968148
9.014165204066348
9.750184495455953
6.917235005553758
12.83968871266067
10.515060526098226
7.553043936080853
7.879801769733852
14.797620273801884
8.422620073204577
8.437862801694674
11.157124874039507
10.450049926973476
13.127722315354193
12.565335030792726
10.761136300568975
6.558551857421732
11.31739311015422
15.819835077736933
7.433970778158093
12.260168477349552
6.815729611000896
8.15424599209987
8.804101016146294
8.962939016309935
12.360741175751771
13.692268331380694
16.711703410802258
10.481364053026876
14.546453296889142
12.288194440131877
12.973334423353261
15.277394960095373
12.175915735162574
8.692176376275745
11.782341122425652
9.3570438741659
13.291537737493941
10.082892925664032
10.349463744275019
5.761121771699389
12.831812003247196
6.957250858193327
11.502960599609425
13.338547212945299
6.775422079923535
11.213127277347375
8.365496422814047
10.708540438659346
12.866197041488858
11.67402006191753
11.315910318973737
12.067300115098968
10.681072078360906
9.711398992316125
18.590424122844944
5.734619490725617
9.032309883663578
13.45428212241459
10.053841841246632
9.740714858293314
5.560527232831401
15.044694408332926
9.114632315882693
8.352099378375968
9.091738004889912
11.242414139144714
9.711842700860682
9.445270439526055
9.955342062594246
11.942829810859351
7.864819922576441
17.913447435581933
12.84778120453812
8.368724103857812
9.435370288395408
8.744484591626055
8.737057456875382
13.883988313368326
7.987611000159861
11.98805962200538
11.481371013576037
10.553117071012865
12.427921290272522
9.90552037084723
12.561022782749792
7.209194616110954
10.525818972475683
11.618938803944268
11.603199369407474
9.083931016354118
8.977620696033672
12.581977190269338
6.742582940954106
5.363669640020872
7.971405695494907
12.69535079887
6.75711121043409
8.270454958696543
15.022706589395138
8.25947655195602
12.559835116501919
9.694192528655217
8.856430768071027
13.338518681080219
10.109458533583004
10.903028859599932
4.977686707616294
9.536074898267028
10.227823109741262
8.077945577106078
18.89537963688208
16.620458567845933
8.47606940243475
7.39966254568834
9.611957303718402
12.73336189185824
10.581703029164734
15.665118060633496
15.41044882356705
11.424432140520322
15.463862574735925
7.801595259879422
7.981316193489131
13.901245599962945
8.53262329885484
8.701649944547345
8.160800411849637
11.272799218589473
11.242350920660268
10.877620311845446
8.94990631286044
9.8683342408771
8.399888243965913
15.986849475507004
12.52534134847938
12.354423075635218
10.1119421329244
13.873138753427808
11.047498370494722
10.339094333224407
7.740216899121058
8.788968229151426
10.027210717802397
7.3892388974943355
13.37617618059359
10.346017483383443
12.918646209526338
11.881495118352884
6.621241187630006
19.58146820225163
8.718888436564875
12.420026426482572
8.348677556842201
10.592086549775699
10.339005799413
16.989214091966414
15.991027695548413
9.36968313679024
13.202341780843971
6.633017270641556
11.636320457277687
9.056774925857573
10.08876109431473
9.190130475948234
16.047261431961584
15.264560614099343
6.425271618341127
8.372702455019127
8.549343914175049
16.391653724016532
13.139512763608014
6.807147734358082
5.194391391915896
14.942617268451755
14.949069048711156
10.701132812143896
10.185547778893277
13.673697987107758
11.657369409292267
11.82312848922346
9.061003798485503
8.431354607647036
12.64940030616431
10.323628489817995
10.096852238213454
9.845365834970227
12.85149068464366
8.246398258941426
6.74958122103214
6.396306573287107
8.866186372882149
9.91990402341908
6.2794339274989435
11.655354287515667
11.824757449573305
11.367870553800422
9.765651360894257
16.85537331895218
12.616840171665636
12.696699398853244
14.231904695479273
15.408859251745987
9.26853695625915
10.533262119238893
10.893186356257848
13.280052433025618
10.580931745748012
11.250472948216741
8.684466228598337
13.434425943623923
11.307993722469773
8.478255660680903
13.442754659824233
14.445248870198785
9.61544409412233
10.114250302780464
13.561041646788516
10.620409370642516
11.378846744224743
10.737086763096805
10.975319155418106
9.843704151576425
11.019219702389881
8.744856815254185
7.771803834443826
11.85869318450478
12.116200353160075
11.587715014415723
8.55022772634559
11.983647694154943
13.374822769693637
11.216492241866376
9.67766439276168
14.95716802878572
11.464870331066223
8.698928406880672
16.307114314830688
9.978476107513423
8.379887222107971
21.190201664795218
15.082025947084782
8.410797092362927
10.076341138827257
11.248689031633765
8.517730408687669
16.119792685367575
10.132413216624757
18.994753146895434
12.941275342783594
10.635451517063387
7.088353994587326
10.213487735980467
8.94763060521513
12.646678295876496
13.96034811583161
10.70181178653759
14.657883389576181
11.108620951918846
8.834279788987441
10.57776574027117
6.9080939767157306
9.21277431304577
6.598375903157431
7.006240148048097
11.249857993737201
10.640987235216377
14.22926967814091
13.14224474181717
16.177395850776506
13.005595635422168
12.204838200664303
8.99526944556801
8.798699911333674
8.946447281707572
5.406687603784522
19.46143250383354
9.464836953706634
6.616010551898312
7.020035247653487
5.676607167228855
13.8040677521267
13.375762355578955
11.748794921497048
6.8391743808823815
5.979692714380598
15.707989086132834
3.3049358485197606
10.9057341684319
9.018606202428868
8.407156193191364
16.093886486499155
9.522172957955426
11.480940647427564
13.374000077515182
15.888733673428021
25.36155196958753
15.26830475501893
11.767240381293455
9.506665375703975
15.498554877637014
11.21764147711621
9.32157710189292
9.506402088753042
10.41236407452205
9.06737303537493
14.24001466110868
15.357332247195854
8.706244526754443
12.369568275425113
13.29181669984743
12.87376489438783
14.372886799295067
7.18333983675383
12.370946098152572
9.094006062468612
14.906579781914708
14.602492951060414
9.131081004966846
14.77202656747218
12.839835706052638
8.499899349698723
7.226210818724719
9.872935846392801
12.619901010093837
9.837580227182439
11.409990719338229
6.514837163966468
8.909486452450514
8.147430239926544
8.763041396224278
10.111686472802043
12.492580763615202
11.033430114300005
14.108065334485264
8.562214732428256
13.882325610154636
11.006700838461942
17.639427106682465
9.921505588728813
7.370738371744679
15.959574084841949
12.06709138254717
10.882880720384081
15.101799502340318
5.094163043409406
13.13648247899057
8.272753530195192
11.582790462235662
8.327311420856516
7.653933749799377
8.751308132618629
11.970834859291623
9.583802916251864
12.62156553050358
9.684311528965063
7.499504172182456
10.208437157096647
7.792881656422837
9.126285880538894
13.685140068687318
8.598587676360763
11.852363429696307
10.371208279319738
6.731818002494465
9.932170989027707
19.499391976031042
15.468138830363296
12.19639468826763
4.4429069278112365
14.279300196350883
9.42014740230566
10.309665327914301
9.426500391149055
8.150781000235826
6.219138593620193
8.190190328516342
12.04001878367257
7.308386287835039
12.305745877726853
13.676689829268282
9.474242674484175
9.042081132968239
5.6109827058386275
7.186915453758575
15.885831029127948
11.994006282221557
11.137034242388383
7.971664237514105
8.24946617203798
6.432756788463309
9.371812414673904
10.579667929892604
13.118225680243297
9.694929292960017
8.358747299471771
6.803911851196314
8.473319793625052
10.42984995436247
12.609878189262188
14.768374958132613
8.145907523263359
7.975793542654534
10.384421096169518
12.49714096116787
9.884564428157079
13.266818505372171
11.300137424969602
13.606471453981811
16.471996200046426
10.84393672040942
6.423712660882656
10.793080230455386
9.377452717248488
13.211061311293513
10.830446993112558
9.209848769347593
8.119699909618298
9.507290768049643
8.90711769393462
11.207718950711477
10.821628838557894
10.325967467796126
8.705455454624914
11.074557458460204
14.92878911861114
14.529705026884669
6.92015565063541
12.500973734025852
10.96363972239307
10.458547588634772
10.250083670855279
12.597015279424074
9.1477881685938
13.979599874954804
13.925804098384617
13.45590385555184
12.848807302969176
11.876440968190497
8.41023436201516
9.097254178083821
13.343501172263197
12.857268610038696
17.55290704367663
11.233159734010753
7.423070939443321
9.564486252874808
10.531324609635604
9.226628312216533
7.856328896923569
8.882357087328895
9.622835470055518
12.285028792805273
14.086454640580698
10.514667403018837
13.733406886609872
6.954760947867214
11.235256819069622
13.468010238510045
7.69251313188036
10.19666871009559
9.352873022084593
12.848528871303536
10.712136038035847
11.93065939546994
5.860379888006211
7.935140150673366
14.424110586226623
12.440260994693366
14.380692133278938
11.002127507479496
10.431134269749966
9.547068765950966
9.189383307489813
13.855798174864564
13.964671031548045
6.6392496445287135
16.319749252727725
7.627994529471047
13.241414145526772
8.296127620456106
7.25807664927892
8.986210499483448
8.884824755664242
16.38139357560132
8.76594460765127
13.314859089152275
15.490783582191447
11.095563370497072
6.753131313760812
9.756297548443932
14.309608503667276
9.170972105663438
9.482134719948682
12.643301429197408
10.879117517866739
7.7051744631632655
7.383530456626765
6.898021549381834
11.53543183400815
10.684811376738105
9.475808851607779
15.409033588617211
11.856405031875237
8.050873026104952
6.727219436153642
5.974354104950851
11.037993810671134
11.91665563458271
8.914040522177258
8.804402334625804
14.925461715965028
13.303753656508846
11.88236269279023
14.104753198219818
9.271713514010987
5.879511229855618
14.29472730531981
8.735490727149106
9.362087087288156
11.71743368792355
9.382723578003786
9.546272489521455
15.007102632341256
16.292169535457777
8.847899645903784
10.129013580655673
15.111413571076188
13.37300954829411
14.876629359161026
9.989761600223286
10.898377029891044
18.994988683297372
14.791360817646074
21.813314496282196
7.4722343861604745
13.67098527115354
16.23092326035598
6.453367153238402
14.847807896834468
14.762293692483535
9.673418060564964
11.16841117616719
9.18942582133736
11.280366750521058
8.459830953468437
5.82809870562475
8.817472471310083
18.01569491023971
12.654033815514437
13.376131446805225
11.299662832860948
11.622547282240166
8.823560044688943
10.987935513362228
8.32856743400376
14.606880581037313
15.282266512356177
14.615969477110568
8.792034108715846
13.341789594991639
5.8853441963583855
12.44914808298797
9.300613129580567
6.845970288110048
8.367766461053437
7.900645534391669
10.25549685076174
11.513301917477877
7.427221951374503
