19.655170160206183
33.30706948544097
21.320391611153067
26.901999630030677
25.284391292323104
32.00024310932852
22.077215541598022
23.246854893762354
27.831290989762813
34.69704522318648
28.97423555271598
23.948669299668506
24.255555682413952
31.760563632464105
21.304175367566742
16.92057102895794
28.520979152133375
19.92797857223956
23.37037595322358
19.034395496195106
21.21428302053341
14.802357370322728
20.70700113126683
29.507255616495893
27.001711771069814
25.670846399151763
28.523456230646342
18.531291353437222
29.11969853399347
33.94439032217477
21.104715838877055
21.357986309163053
26.029718714358648
29.912185462410427
24.08914437536306
28.695906850238295
24.609456382038232
25.239910625989985
20.50542842811134
35.62235609373892
23.28671419874564
18.906875404653917
23.521616051917928
24.64284390910996
21.007369056348487
14.315894491227146
30.87344117826835
25.705267577845824
16.5759879195926
21.525666307794168
16.055717315478255
18.693574817395977
19.458459780803118
15.98111571070481
28.43936913902297
17.232122421164384
22.870513395661483
13.75221164592017
25.716632476092467
31.051168579617013
23.315371705921216
15.073067662090326
15.811455647033714
23.83415175692189
28.60129775016274
19.858623884437804
14.590932704960307
14.481592159366341
16.559003075168892
21.03988920541203
14.814329460402337
16.6772011179766
15.097738273720484
14.663658036456301
20.128960490380642
15.476187411588146
14.403533097055812
14.14472890581836
23.161044907135718
27.55587629662399
23.213235531676656
16.38710675685567
9.958998513649753
19.635666732593922
17.836775499815534
9.373812971909587
13.79091343427105
15.410843079388254
11.201585852423895
15.209712894462173
10.315813818897931
19.032427730877153
11.037687405654344
14.570054993137498
19.873541494185133
17.187708187749866
8.299358887366239
13.092846931039206
11.9551038171545
14.034334803336023
11.448214300162192
16.802615445546106
9.34373391448601
10.83894489370047
11.036750822792817
15.68759908197318
10.174352318983011
17.222636692613563
18.277813447430326
10.575285376669424
11.685082767095183
11.665213041459811
12.149471214983258
8.423790637004187
16.34880882816503
13.23798096902016
13.075223427879923
13.473152030717966
12.4811175506925
13.037747542962268
12.529488892071786
12.973120972612062
10.400797162781057
14.564173785338738
12.944913804457276
10.683347349672442
12.43832380926981
9.593242524533375
15.439275766378993
10.929508109496451
12.209790278531619
12.524405754869633
7.916267518703567
18.485660577131803
24.307932994266647
14.027769369802206
13.939819054259955
13.78602587654662
12.50193457615603
16.099177997699833
15.552193568929058
15.532129878259202
11.355499812148413
10.457156942749675
12.124117554080655
10.607667952188702
11.645074409311484
12.24553769156657
12.114040910625315
10.16331011080893
10.159421600670404
7.288009696366715
7.21356062258995
16.29053045552118
11.793670158097827
15.877840859323317
9.252097061560956
6.793961729835998
8.318231685037999
11.085033590099627
10.212233681132204
16.51533117197846
9.686095350875624
4.77612231317805
18.484564934874243
9.318397700148298
11.43207533349665
15.036398036903167
6.365719380507416
9.805562481902925
10.425488958478255
12.534280462485537
11.196111317688043
7.172696245460836
10.450123428013336
7.651217400047283
10.600970850002973
7.6850299145079015
14.246065343902972
15.048528246845628
10.699910265132512
11.91569211996427
10.435818056594961
9.726394083976587
15.935457158244514
12.631021816583571
13.822361783901089
13.046823359533427
9.79056201704901
19.62363354388722
10.625363901802617
13.631744239978502
9.491029647098543
9.004158347455522
9.868181661966414
13.375168198909137
14.514795160095453
12.95483155829992
9.534816096699261
19.590162526210314
9.43308972869823
6.83440959119967
15.80283433941499
12.266255373104757
10.318255454659411
7.070275432349512
15.671411767476545
11.193867244402833
8.768522114350018
14.193379520367467
10.24120458879931
16.18313326885244
6.375099800178752
10.27223016120349
7.5064683501834955
13.402809491603662
13.136333150046614
9.32923852050304
12.289925224962424
11.987188959015059
20.601066700011035
18.416618051363585
9.699591731414213
9.714399643667306
9.40650267512001
12.179989266865304
12.654245490559251
14.170021106397678
20.071170895318403
14.466938711314711
12.720407897249263
10.846152183861856
8.72994962992896
11.518591527197518
13.11735900949138
8.798084500552527
12.749189537321026
8.202258689648517
9.318081273011156
9.916181370058624
8.514468313886884
10.189406288879312
11.398863398278335
14.138969005767176
9.48500218569586
12.099061417468343
7.970512251829779
12.453702433841645
10.88936775525728
15.281631403101645
7.682403194044314
13.753528536395548
11.63052536816212
10.962108662627232
10.839529882390112
15.313828230124631
15.17676207534774
10.1053903280066
14.743940940266365
14.968517472568632
12.368041470553386
12.030396101443106
10.306151230569949
8.527196977974292
7.212366737348058
9.060805400824478
14.11923400687688
11.365167817789574
11.08842723860237
8.35586321282589
9.62692280974767
10.817249794143436
13.652991210108983
6.78906756898503
5.545006068393676
10.05674415469163
9.53984772244883
13.596130670678578
15.009035934611353
10.74724891752199
11.55753720080946
9.931591952155811
10.958031416387497
16.9296568564475
7.045802477399748
12.17496358178951
11.953437149257146
10.7867035978345
7.363492093036108
10.912128700485765
9.954854281609746
9.331745665123632
10.418185786899846
12.33062255712501
8.840873142949874
9.261216083456121
7.654065487601377
11.934895198277507
8.660809003654476
12.437169234117242
13.798644056533504
14.050694315379289
9.70338638581223
10.744094773431211
9.817150544665616
10.05331220159924
14.828363071188658
9.093585206625757
7.992383228820107
11.185674828823522
8.531557155355776
12.876571377362017
10.950716513463034
11.924060278435574
11.724844981544402
10.30103579284832
6.597078488621843
6.55092317891754
8.449603312137553
6.8241789578766765
11.648140399851938
15.018071579878525
9.963165055058395
11.149268979621105
9.109540277355773
12.206689329953594
15.429832926859035
10.167839937478844
4.068772655216662
9.955617973172929
9.47685640826984
6.302549337410346
9.29268980849737
10.579567815769673
11.68038611300093
11.200549131269016
10.242928003393615
8.992821581201618
18.151079450913464
14.917532203489126
15.812288084028914
11.949503086325427
9.676886483691183
12.376095419174149
11.128245914199308
8.79349511596429
5.746317258921542
11.014929161981891
10.28676693680052
10.30726572672421
13.016434948514055
11.147498608547457
5.726578134870483
16.030316179358014
11.012473238148598
14.633033937228934
10.318534924731308
7.882046602123735
12.611206421446447
16.454408414038724
10.703745464419544
15.333484063880665
12.314203339428733
10.283715681397291
10.991287688834287
9.182878897845269
17.818906624888236
6.8505792886477375
11.220238954999463
9.572732754136508
10.19803798000518
6.037318145699599
6.2596457204854365
8.679457368227379
9.520306783727628
15.452972325820577
14.06558578377144
10.000287258033048
12.341572264562794
8.677930083157214
15.132573397473159
12.539640915197756
7.966997359674748
15.25507930335284
12.057989035719071
11.366264163741313
9.17215928837046
15.892185580642296
9.180981193314517
9.566115218893097
7.306082366293516
16.343330573184506
10.890022272734312
8.746978960487253
8.636507128881806
19.457212625041144
14.754567356428383
9.622754245951128
12.211222946016711
11.520011508968045
7.896414030074466
9.641350282207988
8.30824141013139
13.509114684657916
16.24717835465079
10.909853546559669
12.726914624627684
8.648166478565658
9.433940141227671
13.182619300447312
14.625059462505503
8.87702088049071
14.540216927168617
11.02457918084767
8.881452837619445
8.185967806700207
12.501110313161522
11.70038518565838
11.48947863520607
10.793206327484233
11.948009044075963
6.804986299728603
13.334114286842984
10.544867881898636
12.015811869301467
10.44864096161157
8.456054052695123
12.420556422174817
10.40581907670205
9.248540935432553
16.211728782817875
7.968675984964696
11.383314643573634
9.66340244836003
12.72427441578142
9.575768460800283
10.555276002385007
13.311903450086128
9.805540062347324
8.429764039023858
7.996129360711915
12.119057596417479
6.664313272063913
12.610588054600669
14.29481879399574
17.16750726139468
9.01343505165481
14.82325533151085
10.275938045538185
10.249021627960499
9.085959858994729
10.284578930446564
10.603451260150619
7.63341677928503
8.15684068854089
9.401223598201595
9.69160031360889
9.120828474716294
8.552680983816328
9.148946861086351
6.303198587871865
7.029819576077608
10.602306784400925
11.241536632692727
11.099927541764645
9.005843907091451
12.15225394017845
16.46171734011984
14.575859157521567
9.08108097291188
9.277719656501056
9.77299861497038
9.649590193797103
7.6139113026571295
11.373118647755883
9.966226595662835
13.526382060650985
12.997398939160007
7.4187236463735085
14.068326675150841
10.186438122533064
8.825215096173993
14.206334368282803
16.00865261245027
10.842008259542428
7.868992835900129
8.862056369302305
14.095806618754574
10.463994348027535
13.948232891785095
11.60060667343232
14.446914458061208
9.622084728807263
12.32954697205235
9.85241689483986
11.332197001513673
15.644940330851057
15.926259868207035
8.051244522369277
21.306403593164227
11.598485084780421
14.2469333317916
13.761600720258702
9.821703775625503
10.968082873628813
14.488657512396635
8.650303210106586
10.014791798172336
13.410915947257612
10.418400227510967
14.47215096910979
6.626244919410258
14.188963406523882
8.638020526161243
14.044047181044567
7.091213838955558
13.255052293646905
12.051961757321763
7.281154817003152
13.901447556068511
10.942667451049191
13.440240939662642
9.57873424988771
11.661116716095492
7.711132426394748
12.089142853524558
10.133241084980416
9.697347747109038
9.174677052471985
7.502348474773929
6.218026052223841
10.36633301714483
8.623041937861608
12.702811947264713
6.884564629402765
8.124738578417674
9.5496952862299
4.6892843014262615
12.00863960822088
18.001875900034086
9.736864476334878
14.715649154279168
12.682426088837309
12.281716715136008
17.042329310525925
10.833649389844068
8.116104034220932
10.334479827562076
9.5735748875529
10.401416923174377
8.106421775391782
9.779323196666239
11.113277727951774
12.167179573510241
10.510779064009917
11.127924801689186
10.224239031411207
8.250018574255874
14.71753326374051
12.70216676522066
8.675101431917923
12.499610999129162
7.403977177848336
16.947181091944042
9.982739307486348
7.67752577258549
7.998836451532903
10.681675006637683
10.591226393754242
12.864997231933414
11.253658625401156
12.37061781807997
13.301726485646059
7.326183081692958
13.424448503646724
11.844311711531688
10.856944818833526
11.443871313015945
9.165022571742275
10.606173139328893
11.45820276420378
14.359817198628038
10.863022911566336
8.80046607606443
14.327500971308805
9.491520034414775
9.026454282053185
10.752136415672906
10.41266477066087
7.001189780675478
6.724850452718112
5.305489071639667
16.53840414226078
7.580165135603163
8.897143994527468
6.193998413746366
8.170914711833122
10.927928165668117
4.599016048933511
14.569178632732815
7.293112734379684
10.286657214186286
6.615717279655662
14.812936167286919
9.522929667672736
8.97405692687713
4.672905968673604
8.598770553879854
10.506166335529187
8.65751679050654
7.323993389612424
13.093632408218891
11.78424017047958
13.498665017069285
13.823970129239644
3.809991711355238
9.620219708240716
8.61713672619176
13.605762999988883
8.131950783776237
10.29066509228707
12.013685094083918
13.867696562505403
11.37071334377162
8.471951598352867
14.416940850687437
11.392211449571276
11.243955614106037
14.014224891144867
6.829151344340836
8.322017620567198
11.87645520460355
9.095773501358412
7.7648493293191
18.514116957500683
18.61504576572039
11.288143722542682
8.635447180162355
9.306429271601553
9.976556367066422
8.32937182004281
12.102545604504375
12.233342937322558
12.704829677042298
6.282135510997714
6.905181887954867
13.992431842193351
12.491758334966766
10.102153302362126
8.765580818302876
13.156197781233569
8.406303600130952
10.709112018755734
6.7356755960649775
18.52603005812203
8.7712585822054
17.695119136198823
11.470589422263018
9.758888003735915
5.935981221638258
13.64946702248983
12.648892369314602
10.708598050274338
8.662252944209504
7.521198414989271
11.999546416822207
8.895988136838328
13.017765543778042
15.90902497873278
7.655032318161238
12.761890112141632
8.838496212209368
13.340951860325498
5.03051680939657
13.81378445361728
8.372795826962216
11.736002080627692
8.499832238609272
6.1777315188386615
9.476731156644536
12.653612653088603
10.625307339780576
13.765560487367349
13.235464540315162
8.533106456237123
9.530754854893244
12.553598984475734
8.266400826670777
9.27128016518056
13.174568808462075
5.599765413109365
7.884726544849828
10.208932739917065
11.404570113553863
17.50452925699952
7.657974923843295
8.011042949809278
6.228241714966225
13.272164756365084
7.306532718575151
6.034279761285428
8.422181091292813
12.74263756443778
9.269276964303845
8.933748024674314
7.339294659954019
11.121948830152526
8.573601021938986
9.436678413109172
16.133589852738282
7.730935808623681
13.726639940165173
12.580137143264302
12.206731997267575
8.06891474780159
17.35128524675175
8.512732818704421
6.640937937754064
9.703616302590106
8.475539776162774
10.4753104541169
9.919953407514816
10.80843939946108
6.557168070272118
11.48105759292721
8.719403818806025
11.42409614525549
12.21692633792332
10.272955938137192
15.074959197241716
11.673700029937022
6.907022392775004
7.129125601612603
8.545318543697695
10.225711300970561
11.627176276223658
9.757798439849957
7.988289160458432
9.74643112657813
18.45517971649666
8.430028783789872
7.641605143759575
5.9726813123069
10.303157076937218
11.286561920521343
12.2280189192618
8.441460340207312
16.359127556940983
12.451003989085882
9.584659037616342
9.659267730443688
11.643890945584356
15.129752185443362
9.913552091709441
7.3667329394518015
7.002728119692618
12.729510828541843
8.561570007757105
16.90720813857244
9.666042530659626
13.872487931173847
7.470649468640772
11.658051845221895
15.365361783934647
11.246565417674999
7.9488336563686115
10.622433065067604
10.483319224230934
6.143841482249259
10.290554820376755
6.604806866124929
7.141345624403521
8.328305944438325
9.403348936582114
11.722992413028608
10.590331066559914
12.062436894733105
15.147331691912905
10.241077341543074
10.352878213787418
7.357436154951456
16.086049001060584
9.321550001609483
12.60798879691344
10.036722701534023
17.251812148421653
14.309760350088174
17.660463737756306
11.172608314198035
11.790473914114084
7.63534980840045
6.382044365256184
9.614148109011191
13.665385979284322
15.35787813914354
12.087351952781608
10.051005628285528
8.434745841855293
10.637557467274002
12.71701824951239
6.707497740282355
11.533038318424461
14.171183945809904
11.636284342949525
11.345195064998281
9.481113782770219
10.868407002520563
11.608901805893785
10.71682125806608
9.368437644045942
8.248231027029899
11.595293893923506
14.192878914521891
13.400638967672407
13.758901477280702
9.453451886506889
13.223803272839408
6.920567791405423
7.00675970762131
10.701904944884173
12.009097388267415
10.20293060975984
7.190457131101733
9.813614478101334
8.79466052340105
13.881132871757007
10.92794668104344
15.753097277422315
7.733565592015424
10.090416797138111
7.628613702471979
9.365747917351817
12.331896398659024
12.401643527299601
10.156274781056284
9.41871171951543
12.073883566863818
9.53934087509221
15.570196889527374
9.667675611830829
7.9516359783406845
9.823327380184974
7.88188110408171
8.373255382655985
11.054282402773065
28.50490681945816
5.8870791760086005
11.956831378984697
20.966007035839766
9.847749240011899
12.895483874036442
10.43341217417757
8.769771942587576
7.874514994608174
9.521870924827239
12.974409670529436
7.289298144257521
6.568210681228617
12.572116904138001
6.876737537719527
9.2173753400086
10.032170331008404
9.40719608033319
9.085110653039264
7.831259625724477
13.203064622054898
10.292281098724377
8.097272308656043
12.731421783478329
7.951025548677351
9.688159087079782
5.078838829758129
9.737519859161365
9.943386925970676
15.37179716048601
10.781787277244073
12.81442862722138
11.028738770988012
13.39034238318318
10.175863058815297
8.890096020910974
11.208838155981264
14.219010842758347
13.36254695912556
8.15202164561985
8.679961145886333
15.034914326797121
9.079212407291719
12.378358663995032
14.592304567615638
7.5280764327386045
12.452244163905537
9.359599503045908
10.27670653385804
8.940384988917522
9.28292925438868
10.777471295046825
11.25869806453363
9.12801265174671
11.495532388049218
7.336124651690254
6.42058181608354
9.91586306180284
8.89929796577956
9.315167676213857
8.55149653225127
11.248035111593751
5.5572283610592805
9.91135131544012
9.639718615399712
12.560464216421419
11.974288238753386
9.383019735878335
8.103344469300445
12.272549565126432
5.581294326078733
11.033954670444828
9.438109296185896
10.522445029281828
12.841961097659052
10.579475636473159
11.023927542053872
9.48757457739545
11.825962857611302
8.169695744537824
11.573504063128555
9.227681415810784
10.247957241934982
13.175289021127453
9.981719262122732
6.202122787993673
9.132787131730847
9.887084408365423
12.901791907261181
7.622660639270149
6.40123100870343
10.482615361524836
9.80428906093925
9.146658778130787
12.213712228149099
9.363121537084195
9.221624444495243
12.28580119871881
14.068306909737178
14.394851408261754
6.802020115420701
9.66553308021949
14.462214709817472
8.324442267544626
8.422321341207684
9.199061124343968
5.621749805262489
10.02588943732287
9.173065885915967
11.766325893944307
12.362836181140787
9.264930074615227
7.305213301783627
11.14383980590223
9.564362217582483
12.657962949908836
10.12222270229803
6.853336694611448
9.834580568168185
16.303204172771025
11.255427238706284
11.173070653112669
10.343029430198715
5.913412567971632
11.938431954195316
6.830523463880027
12.163941220704173
9.374138868838784
13.070354583546434
4.816693741209221
10.32097427383311
7.950460033283707
9.300556543713537
10.747197294471427
7.181340873788407
14.997049240085072
9.6567893354046
10.458284339617762
13.979697986228434
11.935417761730298
12.741397138323007
10.811929718184235
10.063370685248064
11.531730329625898
12.251727656040503
6.079024074421029
6.213569399350414
9.918687431490914
13.12255877834105
11.66192359750505
7.272043082725001
9.964972383946936
7.711669009585466
15.444347428800246
9.32265423775557
10.447507627921109
9.945839673981945
12.622359339497214
10.197138937282203
15.475720092362291
6.865334936434911
10.741737177598266
10.225933455225347
10.183982827792997
8.153036247172736
8.441495637328801
7.463126543607322
10.782195622348198
8.326769744739988
13.874066922686026
5.744307976182287
7.681327710947737
9.562939094455357
5.2715813172970245
9.854909465992852
15.48167748676709
11.347243111531627
10.69395477234141
9.770544435555589
7.0332852160949715
9.997314482867635
9.803509984972536
8.710127669327905
13.474982806952147
8.465095796265668
12.517668749049204
9.60146108449945
11.404711147059782
13.102414828622914
5.4851034351646515
11.492322295508819
10.662222921043684
11.832794021899407
14.728325755010516
11.451648893754516
10.579015893111006
11.224114411841986
12.177262063515135
13.302372060227416
14.314965573276456
9.26667895787875
10.617778097154758
8.996206121994376
10.809575386037123
15.45514033841533
8.614638063508137
8.522148642526242
11.693677485592566
7.332219812102797
14.856169457305477
6.86789011486812
10.514764461767415
12.272711877289593
10.657701157699654
9.330677134116664
18.010958198113926
6.466393331113005
12.31688889507527
9.249924146087512
12.253591786999941
9.506216079465018
12.49869646151183
14.510524476957757
6.5017599610403405
12.068771976798983
14.25800201897508
9.533442115971937
11.013763282706194
11.122252763087198
8.170002287572373
11.587364304109627
15.709996576789798
13.470357339052272
12.270039903496585
8.939863132092338
15.205322115351109
11.352958128261735
8.343688578813193
10.762160491104645
9.132424617539385
10.555276263052619
12.738357243874946
11.883095472282776
15.127046894452533
7.5375583046145
12.484776552294726
10.596251279883822
14.12573377221725
6.982863613748283
9.206280536589496
12.78873346786563
9.983087251238617
12.488398382409004
11.379217069818804
12.739411129989895
7.249300178742871
15.410987346362997
9.588848860625925
8.671437673106889
12.072040979765776
6.280424430630138
8.822023086230722
8.851865579334389
9.07473416193322
10.702080993784788
12.04428579320789
11.33454475343144
13.98313064558225
6.219295837387667
9.15802179490478
4.811098448390204
13.745689063342933
10.502010196865928
8.42545690887163
8.980257147159564
9.37061155784719
11.753818685707785
7.56515502997726
11.22712600828092
7.3756474282224955
11.26407457333973
5.843853962228436
9.687870057407602
9.359020565629882
11.278562388840713
9.779878908838278
8.218414430255862
11.041295093798798
16.533578325756245
13.406917732911147
11.52715631559615
7.412611974828813
8.858708599933506
14.261181789956812
10.52343189203002
12.698989136280838
10.05754271259817
8.308499084975688
9.418023282020261
12.541037953110854
9.588554239804246
10.628404396027296
10.605535164096839
9.056831088706643
13.261865967779013
12.345147108755425
9.439809405282357
10.394212832680466
10.602532764689862
12.649725353598928
10.69667262300244
8.947124291693424
14.66972057249905
11.946513096841358
12.499676382916109
8.530808175462159
13.27698983462908
12.746999101698808
10.516867389690132
6.679873075649959
9.798873410716764
13.173775620399953
9.156729290099259
10.820307298319308
16.539613534253537
8.429723841024172
5.583349157166601
7.702523581541278
9.922637410723208
13.484756459072184
9.883909751339328
11.86321988613489
9.552526804434816
8.080168864540969
12.344249761354526
13.451297839488568
11.681179118406565
11.027396071237286
12.027500447273027
9.660735116464569
12.545227877318805
8.820584515132225
11.77672312007191
7.483132837850196
14.00046852410886
13.004575963942708
10.150217123398516
10.79340354986098
10.854276275300395
12.081258760649312
8.14520849204613
10.088489529010984
5.832237549387206
8.851897541305526
6.960793496974628
9.206215766319309
6.432617810987076
7.966707615777911
8.58511242638803
10.663602397108484
13.149093592657293
13.135411737851243
11.981343152685552
11.54527382597059
12.70280141362721
9.873832803603628
9.027537084700693
11.708226779802754
13.974920611032044
6.1361511631387025
8.69402501030668
10.613839376963574
13.840117535479193
13.83888068428824
9.832929987199472
12.91247924837421
11.071276957443615
10.507368210324106
8.034183836168014
11.369405577951595
11.783184745948535
13.356358491841444
11.033395819830751
12.198873899628227
10.870003176943001
13.960055445176339
10.282033492882695
11.405243707946182
10.26828674846982
9.671809235382582
10.276406314405095
8.523195784306479
8.708079890750813
10.92477373703476
8.32424960715603
6.501978253946064
11.751826108938147
12.51791590922241
18.75585723817664
7.720220938234928
9.241243382106742
10.867727235105328
9.768826231844033
4.696534965321693
11.335819477538504
9.690628822034347
10.177487003982542
9.643306371834228
7.262755326994347
11.345574681427886
8.183990237188594
9.736591403479968
9.141043901699051
8.694776024040282
14.197589901866078
7.648403770604742
18.252408156016813
10.245663199572878
7.1171466277490785
6.518709102688209
6.238262326322402
14.712170055259968
7.1871481338838015
7.594392746964587
12.584023098474406
13.049380945373871
8.841907193430789
14.388894372299642
9.204588380356725
10.52420456214444
9.389778195330104
10.522179862946466
9.783515641140463
11.201449323785852
16.184255313722964
14.718206131734135
8.311512963514147
11.494558522365777
11.82971543642839
10.966094686360627
14.687813174592055
9.836295238448987
6.9306326490131
12.528356815180109
9.831876992148064
8.056293667189717
10.803866825357915
11.25360299650795
11.686921249503705
9.683319962669282
6.458968407416096
11.193941132412927
11.054159707431383
7.290214432194074
12.751379749311845
10.316409089311724
9.716498690491155
11.618441868037282
8.971812669053197
9.340833001764608
8.801986126187602
11.439291657458513
6.803393695017846
9.023191053430644
8.669189282017543
8.32215219176794
11.439069783396349
13.769377908076
4.120056182939555
12.22711628474667
7.138780884526852
7.908874125512662
10.292405848644409
6.887329680278557
7.440717636322612
10.145097525535448
12.026570809055668
11.654789399911248
6.4392309972717054
9.93282973330084
7.335915899356246
9.84059035630953
8.437107051318282
13.478568043570219
11.933346303150644
17.72920817511657
7.278182349130559
8.789125604170115
8.05403064526535
9.469916539262638
8.62304484968401
10.530496459392019
9.42967254500537
9.341570334926171
10.743727243468577
10.20214226901362
8.989858461987312
10.696300715011343
12.823136843988973
6.277132625542069
10.683616192399532
9.30976163429578
8.46525782225258
8.569678329738286
14.32854731190822
6.480765840223904
7.446597352877459
9.511474448836271
9.255494642949055
12.912817800507288
15.164267756152693
8.070868064217079
7.75668679290831
10.14836858255525
15.221745565596342
11.260621643988406
8.085262775723653
11.073612330372436
10.652714565686324
11.371507080856654
10.499416416114919
8.776861815674735
10.254437941529396
10.11956635748387
10.937729181969189
8.356335353265793
7.3823553026433535
16.66544517653389
10.171533549541909
16.089419220101263
5.8649372060832325
13.985587433280115
9.500819509489405
4.174708979223727
8.809896773686066
14.661669897450794
8.657742730088781
18.06027404283168
6.538156264322774
8.938299631669638
7.007934346487958
10.832847586507498
8.888207446391354
8.882722012438435
15.862326053748987
10.942455301709684
13.644383549233263
12.944948455138864
7.2429307643950365
14.070855547418795
6.164185687573882
12.927775315530504
7.195334309611698
5.70245395191657
8.22936262189186
10.221147477674958
8.438575051438653
8.678324784700147
7.42117964221509
8.706914191478015
13.880991943168276
8.412032062289635
15.251817030166773
16.68599029504852
15.496281149717989
11.23885398481091
9.712743458869127
7.57175117460044
12.894867599520177
10.176743190757575
13.298174907776708
7.686635878508814
7.372162631410438
9.64795888905493
13.920839393449727
10.929441379968956
10.16295551242989
11.02889874942063
8.656453759961643
7.5714564791993855
13.724566764380567
14.94410140213153
9.405975634098503
15.915194598958438
11.184327305701935
9.555834669266584
7.623304981815725
14.930008069549148
8.285168262298109
8.604691175917667
10.636718579424127
9.144568549314517
11.239682651886493
8.995516196522942
10.556892708986819
14.530301509984797
8.268229945382139
12.596844673599996
7.576460917388982
7.421856210881161
9.671680409776178
8.023424999777385
14.343141647772084
15.729957415507782
10.457141127930011
7.719448426955829
11.849395136738128
10.528497828771275
9.86709978551197
9.546431540709936
7.644841326611177
8.138775282540232
9.613195996841684
12.280041727992897
15.268482365568344
10.451710346884923
9.656713412455389
10.452234571815259
6.512208085815105
12.000295673318252
9.458984053628651
11.996388441866603
14.997111707814192
8.780557413161038
9.737530202463864
12.79833974237932
10.444301007150067
9.797023857628586
14.070481875058691
14.938348504555341
8.177712814752331
15.459469380326421
19.667784191630915
10.557804905258457
12.738050848976235
5.7390741839428205
8.379415889936626
14.749549005256718
9.864740141151985
15.101129430687662
9.184669631328617
13.569437124231493
6.560592408386581
9.926158561106199
11.929882314952469
11.50618166508602
14.520886418676676
7.103701189090655
8.032378984473354
14.657280721954441
8.816061696379842
9.858241281138156
8.053954549939736
6.837448695474311
5.725752251875055
8.849211505515255
10.386673445541042
16.069918819745695
10.763546946596826
9.202654687207804
6.947622143350289
12.711369335896045
12.556006651772226
4.596569876536308
11.062830853287185
11.437989886164978
12.889810086556471
5.402318992926362
9.176995522990666
7.158130294360405
7.378601462752055
10.911303035954003
15.890075697095742
8.292059792929964
8.872607199831254
9.90037658644265
8.850625362472284
8.967816916908095
11.815381762371103
11.015763103432478
17.103376930640653
9.120962244299466
13.122081343622524
14.459659178115752
11.479809041145913
8.969788218028635
12.885559995906487
16.6408552602212
13.310529406053453
8.177550335959491
6.793638331147471
13.107557782262896
9.452139971105789
5.5666488710985735
9.068013410666815
16.154159257072866
12.629274723838337
7.914323462127261
9.624579515580303
10.31793623649635
7.4678747790708115
9.251360237222405
12.405536009527237
11.018483177854124
11.315541189473805
6.41051494827846
10.524746722948276
11.191461631727382
6.478098621814107
11.265835869820595
15.335235341013966
8.206384124609139
7.361302734089059
11.400809289963568
6.733341510855688
6.8520781191614795
8.699214831232593
7.871896229215103
11.476315141790689
17.26793076589824
12.833523259316781
5.392387632982946
10.63589280546907
8.44180577274147
12.575584142312621
7.585275717983336
13.812392369038252
8.639263275432379
13.692639829459758
11.030079820686016
8.398661373383959
8.804793154224596
10.213615806416906
16.90633534315197
6.752756984055354
8.18303623193318
13.960042672295625
12.312064751901154
12.380595184218604
15.084522076828064
9.295699386131243
10.427032442665244
8.720539028050542
12.737417065646465
7.902638279678093
14.652828594474245
8.949433657478458
10.876160525950612
11.989647347302693
7.505996015576671
9.298767510041818
8.310299995222111
6.926301354194648
11.47322830803182
7.489609167352716
10.676352123963541
18.627066598560678
10.493889022493526
6.739463567146194
8.690619406627775
13.573677700932429
11.18728061457782
10.863614923153802
6.547628813551326
7.476590130238792
11.013100027511697
9.8876837782855
11.306972379870448
9.901638146584514
13.319368554104539
10.558839442657899
17.1021019940591
8.87462762709188
19.026596052998386
7.861452757751644
8.920900897881621
19.94133697247782
9.821499143644703
9.0004222575663
8.32047011882112
7.153450951964915
9.619001491166038
14.727637189861953
8.586941471139935
7.329707213104861
3.8724306455161006
15.07453032144131
13.266511427024868
10.819034525108792
15.81040985233167
8.77964653283767
12.210764200906512
9.399917218376844
14.694649320674563
7.85675044179293
7.706299622793409
13.930024013533297
6.257501888515253
9.019109653213746
9.519323999012688
13.606804281851062
13.63196398339325
7.723808810821864
9.518396591622826
9.217344806384146
9.871071598803017
9.45930058253812
12.224142017652577
9.060203888515
10.376328688350485
8.194259342150506
10.712363053947668
9.583446470995952
11.908675634604862
6.733050472059199
6.1502494604852025
7.552064939239246
11.040960926316783
10.381251881460104
5.8574265928819935
14.297986126326093
18.057086634922275
13.200238983581619
14.148859215570548
10.163924350251056
11.671440623847003
8.956053469546346
6.7457102194608725
11.196406701729305
9.527912561898022
12.546140763392613
8.008938854557298
6.825165553828716
6.375591473800241
8.924259747088541
7.887544779048032
11.47090644516394
14.376464191028907
6.70427036152941
8.741262655091894
6.601320030173248
8.524901863294692
9.974843116688104
9.999769616315586
8.32127332266438
10.170952453685937
8.488128611482402
10.973341834656628
11.266984466811326
12.824454013085823
9.807324871433712
12.072508197718749
9.78625202111225
8.538688125625676
8.568662745537782
13.050109326497381
8.849206511109484
10.757016927453964
10.777569449796614
15.560165133321682
12.205809634086298
7.6464733639489895
13.846014305402743
12.853045726185442
10.903939647891354
8.633666112417085
6.6183772591218935
11.579046596577802
8.146558453987089
9.757035208354758
8.528846959900942
8.35107169881805
11.105576512040656
10.430723743870313
8.66068428765489
9.92343036115802
10.559844650293687
7.859482883928205
14.971022415593858
10.005792230359283
10.7309145634684
9.779384033838957
12.612769611174892
8.582848566577908
12.788265268355348
16.75495362951449
9.564444264034714
8.125720866024079
12.361989764466577
8.728687610024204
9.545093402828126
10.83777670414617
10.58725403604435
11.179626669781218
7.586900886429877
8.279416763942733
7.683701495790555
14.193518458043751
11.85121888503063
12.970110595306247
15.539087220297898
10.889121690833262
12.979224379217857
15.701227838132233
12.468880817469543
8.662524439227127
9.508074605493313
10.251807156559169
5.764341148690261
11.281264800438693
10.069576221864224
9.94746925596613
8.626040483094158
11.284639088059745
12.285858859280886
9.686181650639728
7.356345329246321
8.359569610958385
13.074219020291098
6.900475105744372
9.293921650974013
5.36797844766705
9.611907652258948
15.96728269490037
12.03272959296328
8.871337194145875
9.497672664508734
14.131947738169695
8.197398144694105
9.765761564320808
12.450469244235784
11.937661271604894
9.15632903902531
4.728914870388095
11.658219505667931
10.976918705571526
9.336818799095868
12.435509826050104
11.16591486914526
8.907895064639337
6.232865151310055
6.975303429690865
8.168181970348853
9.624052258118592
10.431619058663808
12.03629187730359
7.361294296897121
7.439574710419908
5.259504676717469
9.498783887393133
11.600058716423316
17.4032750529766
11.812509650047165
6.835787581040358
7.676890730431057
12.426811627149833
6.188467141534672
7.680420505519371
18.44285342526348
12.735265861957767
9.526784636881008
15.562578075805437
12.82607533935457
9.873435483447041
9.170390245293767
9.623827640599334
18.106916433122887
9.99539967704975
13.89588983200461
8.6807059402711
9.144141092578137
9.5002693460221
11.64156769288236
11.20418568248101
9.778787011000665
7.838403616929106
9.367255548513853
10.3197849722766
10.749771575279068
11.638297824156812
13.142341592086462
6.570821648313019
10.058077136661215
8.98572328590544
13.412937838279374
14.235523146789047
10.824070866670946
8.868981628664429
14.659093314661117
13.513310246556703
8.614817054932166
7.291968861009053
10.846515692443436
8.381072460309518
11.78211420587431
10.89939355866925
11.40289245044215
6.7757054371179235
9.817182718834761
13.305507654153356
11.172859775044198
7.003900216384632
10.956078294177003
6.919979979050295
8.756562462730004
13.186130631225387
15.967442337568066
8.753605484051942
12.273727129595832
10.802608119081563
8.896836798273121
11.86193795089835
12.723075000311429
11.798516202250184
8.967485732185251
12.778850836716545
6.472373096087186
7.951946991832945
10.468346445149258
5.933866775253062
8.332709881843464
8.41963425911516
7.284702843006348
7.686118581898993
12.07088124932297
13.208763270777716
15.582268457184451
14.161267440611613
6.656678958946588
6.692069167626315
9.662924606052481
11.242725890327158
12.630311485500567
12.860240735473017
6.393184291008873
9.30123835818087
9.362991528529925
11.747275485152569
10.073355300477058
5.483850244222004
15.293494431414825
10.83875396239481
5.595927578154
10.393264322369495
17.33774751301705
9.68245347336271
4.8523821118449595
10.982173081242003
14.269554711587585
10.93980727933131
5.401972733776062
7.927519366742175
7.032097847251478
12.4191002966917
7.579649634907276
8.64364586332868
8.52200337752826
16.595933971863815
14.345355121316397
12.165501085859733
9.76984958235539
10.56395323901615
7.691225708870486
9.860511260848694
17.033068043077627
15.434433385891744
9.450939369160666
6.2124819386989945
10.835693589720192
12.783785039924167
13.243003137241693
5.673652866004083
9.157930104432433
8.420517482446932
9.289500994740882
8.0058908948316
11.239545650493225
13.471037238707966
7.993792496240346
10.302824343211837
10.803186838798133
8.635415800420025
10.283230979590332
8.005449924944843
11.574641587759924
12.55768562060435
9.876916925952996
8.583399184864074
8.59526616805784
7.9179134434435845
11.135828315353816
9.375029504506694
7.686789341233833
7.622808911504706
8.814083628443024
8.240487360021586
6.520234742906873
12.03531898625176
8.058827321795595
10.657533464534174
12.898402388061292
10.10469425895724
8.268120561895408
8.909842165977658
9.132816022458416
6.209828470689146
12.129960117545602
10.529270368142903
9.921800667383724
5.968796553801929
11.216322870881992
9.494237838268466
7.4088341944510026
10.661574544432789
13.22610379307635
11.072377789774627
9.687260007428684
12.588934106590077
12.567703163631744
9.456286702917897
9.058332215198664
11.962180462384959
9.231471449484092
9.022100089973723
14.945060696697842
10.554292435255656
8.034341838469732
10.71966560767958
5.769032791317462
9.121277106611652
14.094070631080575
10.636436363413935
10.375809096147082
15.680275798197727
11.87349578999014
11.118071144667736
11.923447355132422
10.92553707521156
10.897500020135993
4.1587148156360385
7.726253305588283
13.118169353481255
13.774049808772249
6.066306748729936
4.67711820138477
8.736809931127985
14.108216283810407
7.7028413750944225
7.193626127247072
5.17855368390708
13.888334693951151
6.666189172098473
10.963790973425102
7.206315690215162
8.836168197982564
12.145014693386653
13.296952608853163
9.659664767163845
10.479888417210832
8.853218994293988
9.772749624560532
14.357807436563478
7.6456909743566985
10.298264093103905
9.736167335741557
12.138067977377906
13.14248143705565
12.1454406985187
8.207699879212676
9.035810070454088
11.905358229625012
9.774095174100921
15.903359672173517
12.927259433473463
15.697954071307322
13.103170881702187
9.856863428390303
8.925766929941158
10.579782761212485
14.532917975444413
10.258792274956265
11.534154510368495
9.707635528122792
13.999406055254035
6.951230894045869
3.7478166928099284
13.800818231942138
7.433775197314524
12.718369128754443
7.619794760212923
15.086941252582363
11.148836752324094
10.089788311474676
5.433436560864865
14.068050170893558
9.154054136796464
7.408955318171549
9.76299763919841
13.05728207108153
7.119229713902084
6.648600561303438
12.62880408090047
7.535950411362752
5.7617811310290135
11.742319340080549
9.078216974749903
7.0168636132678746
10.906088063291953
12.991132567687233
6.132927465231237
9.312102531263182
14.249029980794875
10.58026918666608
7.551670915608158
9.045341863807623
9.059677999745732
9.916159523911215
13.688571222378027
7.933867350527149
9.532818204878431
12.792498318851694
10.296884741035681
7.719054221101282
9.47606606058169
11.660920367638335
10.412826989059434
8.573675044173486
6.8134079426245275
10.280477973116135
8.920314209709614
11.255396065205534
9.466944844662782
9.145771194864311
12.975355187010706
11.981806216053014
8.009318483273312
11.553881383455394
10.440456148479292
11.26132027289725
5.826484326909561
7.982749755619537
12.857897218026809
14.92999275947337
8.018460866965198
12.450119082963388
11.287534909495959
8.119822745890502
11.214586125216755
13.430099537311616
13.022951824548725
10.197830656221134
10.781622401371084
11.814905198645102
8.001434012752629
8.162467756030187
4.477142625504822
10.840546004812769
10.291750383295314
10.739210532645322
9.155963415666367
8.528386680722276
9.6074909701267
9.05878175319749
7.502311164790644
9.503753493236008
9.00768519953829
8.429421355109184
7.508795858543661
8.313438292351712
9.354408450768469
8.962562051343195
13.169301786453039
9.365261869225353
11.26563853013695
9.309259458928697
10.510646942299008
9.381944464942702
8.544964364527033
8.341533144650535
12.637456367054845
12.52816083756425
9.287077680092034
10.6541374664449
12.413228867459782
15.186223043499595
9.397031427520531
13.755483095950954
10.948825621088927
12.64759854985671
9.219039712191151
9.316469259788999
7.139427082892125
10.197896670578945
9.44223620591418
14.160796931483837
10.216409421756918
7.552076418067423
7.470402740450186
7.03499824203297
6.284633602605029
10.31949906955702
10.993330613035914
12.094207611801613
6.37520546720898
7.706833787843487
12.848545691337476
8.236134351493146
9.099348842671876
9.42274139976959
10.549145610701522
9.534121254481398
11.70337675233649
8.277043810774526
11.635722978724035
11.814088114362981
11.398587080230445
12.800681207294264
6.9734258892355765
11.648206709683095
7.643196448221626
9.601510548612998
9.22613144789717
13.288357247555208
7.692746542459466
8.655610364605005
4.502764900880031
12.400248251234581
14.810337762585876
8.322939668325873
15.138583183829061
3.408862942371612
13.0565470265958
11.50787031014179
12.648432700954547
7.042099768921998
10.298327087260036
11.174715836548248
16.214606793897488
8.324806207679016
10.15959111509132
7.744627884154917
10.51366012771987
21.935205293068144
10.25978979462275
14.43749260559272
9.32006266554823
9.253627312221255
9.212431266779962
8.816502093562727
9.52762748658955
10.81473870164245
10.152804537500062
10.989655661047111
9.381300018492142
8.410352436781581
9.622737930863815
9.032738825396548
11.035165159740531
13.506102823133878
9.13045741414031
10.620503223063329
9.521203293423854
9.160429606226673
10.68293836176128
8.023277889984307
15.747817294206989
11.407946061616274
10.132595886966346
13.197844108789598
11.991920692638315
8.011993755891007
5.7535493332828525
7.177207578144933
8.037854222306159
7.22864363331714
10.46951593473462
9.20619905011672
13.676107812752306
9.625566729709954
14.730994571209646
8.040484414448665
15.679606056034226
13.716975508646525
12.102933703639467
10.445690175881175
8.468289359757364
9.510569442343469
8.330927620191256
7.664681563178019
8.526767135418025
13.43939826006976
4.253879180303958
8.170752538528378
11.932230241882628
8.591714037242168
7.821937293187318
6.586984115173308
10.783438485884313
6.185609049595282
6.756745768157764
14.371576701357233
7.922710679797744
10.787589429571197
20.64794615946479
14.445306810216376
11.422526061094338
8.708809400919076
10.020520057412634
8.345091989703239
9.686861660216083
13.736210089531534
8.837533679470909
6.785197343635691
11.101586249358729
8.368717175244141
8.802869184491485
9.916181752123828
7.1663611673089616
15.208405206526413
9.867135166101995
7.903120552467524
11.240093859537746
8.861645972194916
10.92679225334431
8.982885783270962
11.605899594855977
11.249489725788452
13.282801024362566
8.018419905635586
11.15726618673084
6.852667077929037
10.358209398377856
9.58499613984432
8.337135808676871
9.041020512534523
5.947008888899059
9.221674206416877
9.053438570788625
9.796562843612257
15.64378814664419
12.568987345936428
7.15343543801176
13.650561286572174
9.184532631327624
10.393309883365655
8.449024937984584
16.98378529815554
8.995919547745347
8.961183517306951
9.63209444123801
8.843237131456167
6.904606864445157
6.6762109685817554
8.80168484581783
11.721226614936043
8.876580112608675
12.015116774265763
7.792626382574108
7.239663317594067
8.060115018613281
13.79131572824991
12.479322444340763
9.647919882843011
11.579759779543084
12.97672351182491
12.138944632657376
6.60667800870459
12.018661105647723
16.1766112118308
11.802275404804174
9.56409113164929
8.128027121304175
13.98298977858091
7.097451515636269
13.418481431052678
8.524169832866122
5.080872600588895
10.240460333304378
11.298123333657731
7.8922618620018525
13.171927352862733
10.66062568704637
7.262720984279768
10.646940695844432
15.860643708061357
9.063580214513006
10.717431791324485
16.81736425170031
10.34576019891958
7.657014514988505
12.758397681926265
8.056823200232504
6.094635263061714
15.96696341336121
8.07109723554415
7.512917175920693
8.129242081431984
12.222970562202358
9.132170311338312
7.044032484736329
8.618755064852936
9.134474990049089
10.047680751716845
8.65298681351089
14.752927341160246
9.500299885007601
5.846027176855523
9.793622403385662
8.903818800947489
7.359014470140263
8.814930164511468
9.083930603553735
7.965133475176535
9.110356015969217
11.335945018193076
8.778311626937983
12.498242230962346
9.01435795284728
15.821666530404036
10.254933800935758
7.440369300361454
11.180371029550793
8.498182168478214
13.043349970806048
12.082018635776056
12.823707199116777
10.269143465509142
7.129001659328933
10.659478326048365
12.380433619809724
8.14412578377724
9.545859108740114
9.64551200530475
10.12725781270273
12.043592983532491
7.991795208479566
7.5147255912947815
11.854331175167893
8.504781288636606
11.886993121293818
14.447555083984309
9.847790132018257
12.806316951067634
8.731579461104578
12.925362380432903
12.624862372397446
15.576988176240183
11.81993700808826
6.450455930108838
11.528836164473729
13.882763159223563
9.94162372945255
6.628593475738138
13.421773213432598
4.893543570942898
13.537647030911382
11.154173508517193
11.292914016261872
9.395318103074011
10.185207721076805
10.963306708900456
13.609238208953341
12.131871757262557
12.506612142328844
11.495834495622033
9.8307828644004
12.61778421529169
15.388162097740068
9.668826636983162
10.52128448251405
10.691039248665431
15.807104520348094
8.90988045509947
5.7722926377999935
7.519901052199788
7.972200900842723
10.847557869293611
5.678640522103857
14.607224644990433
14.83451130508087
10.048454824835435
8.125907398557102
12.236460739021798
8.889597862323566
10.640825062359086
8.449546344919371
14.080693265562086
11.984948536960944
9.30290642562244
9.855220491364864
12.987287429122254
13.861582183964638
7.898961050271878
12.959247417431321
10.521069325264607
13.884490897382737
12.113521952238735
5.890240203584268
9.184163852843438
12.231090178494744
7.45497666194761
6.37092641556128
10.941242062775162
7.952977078000709
9.732837470319922
12.066818522043384
7.645923687113301
6.585662684124823
5.880872112550387
7.99991126973261
16.472955843203195
7.10329418345396
8.611278521042909
14.264465097068463
9.26027521013535
15.65892074556092
6.146650228875482
8.721317776215546
8.825681169248544
10.523843189700191
7.2488829622329725
10.62117141070948
10.222723688032499
8.223172667923325
7.0847951850195905
10.353796150336903
8.837529007643349
5.789489513430393
11.575424078887554
7.347755297810815
11.003029494083599
9.602919929246891
13.854303014217646
7.359077874656612
8.682241009369992
6.716512040470544
8.391063923275048
10.05935716839791
11.215323500882082
11.77133949450754
12.26597812065242
8.066646623204523
6.2453178839885135
8.528796771948215
13.369998516508245
5.37646646829101
8.58919155086204
8.796773275374576
11.101097286773676
13.088059810743877
11.863342038229478
7.235431003760084
10.8076246985365
10.955703595419555
10.716340684210904
11.673156430761166
15.498413536673377
13.064239665722768
17.13789078491678
11.672772559415371
13.768477157775422
8.579876850232287
10.76881742604695
8.627339081514144
11.605153321295612
16.670981520983297
16.35695458294318
13.179231638875374
11.831472263828578
8.111627729325765
9.721932685530547
7.532828708978855
10.026627436682851
9.552820741388098
9.258092403339283
9.872937718474878
11.592902433098619
9.733954855823145
6.96984305282969
11.60596942566917
10.169294070451226
10.370690917048995
12.497198611407107
6.6248058024436975
6.16194589567117
10.01990845672956
9.982711723248931
10.119329915688615
6.719285440443014
5.482861553077955
11.329740224949918
8.728026120399738
14.290134640230859
13.00642191998532
8.246058599181591
11.845399415021125
11.007997584589505
7.662201979154161
6.227145126139817
13.31723629239853
10.05068264668934
9.951917394623194
15.309280553818718
10.646457987679396
7.625269355992287
14.977879578594234
7.632522531828932
10.668918071743558
12.34298410010431
10.136060648393089
9.895186908443893
11.05032048399444
13.94474820082157
9.563281576686087
11.990555264810936
19.904628462590267
6.710228166141244
11.269595748763642
7.690197691381037
12.575614955333892
17.49252248044549
10.502246259377895
8.366909865221027
17.165856628722555
7.7800521874511235
15.00840062302801
14.685174412259208
9.053549260338865
8.57807466290687
12.793563613912957
7.537084554376254
7.793065828969044
10.827797456785733
12.490947940397506
4.550075497264803
11.222457808129281
11.205361025618648
6.239753554359439
12.253721646562468
10.407089223472035
8.896289145842553
15.068109569499983
7.258249057695215
7.241657091766611
8.462400979277382
7.114361966261913
7.256270085751917
9.5438260438956
9.969601210808838
7.295091456378653
19.838582506418547
9.567335207660712
12.998471674992098
13.536197520991722
11.703217411155265
14.104470002282577
12.848755688244099
15.098279300641277
11.815127216502585
9.424391975562754
10.165889061314703
11.134139072247516
14.40412587598331
8.410097812358966
10.000986500547357
6.268902539172871
15.066180093997769
14.810319670834367
5.25123594747761
8.316917941461712
5.04723261797983
13.033604640546613
9.35748256010871
7.213498890068126
12.198603329194338
8.862577486666918
10.850671232577888
9.078199961530633
10.738837500587168
9.41352656493189
10.487676245751818
13.20463313859473
11.032348744155163
12.421399156149363
6.458787743412047
12.134182935699766
10.60220917136638
8.605398174263197
11.112402530530543
10.361850177963008
8.920270041054858
10.364128680130964
12.360292296953931
11.37431744639053
7.607428778190643
7.994210442399294
7.655252553927185
10.660960682403216
12.096254620223808
9.59379749823926
6.529570212884728
8.372917575500736
7.757583606848631
10.647559065852256
7.943510683750388
12.011030441958633
10.013192937519156
9.02243433361454
7.519446813149135
7.999882108963707
7.399709982503221
7.987009600873875
8.234555220502674
7.3075374296620215
10.372137737292634
13.993865162547674
9.98034971462248
8.663945181192265
9.865301144940874
5.66965892319354
13.017887445641781
9.399474668930745
11.804408098099776
12.32161253927677
15.68942729268439
11.16415367034888
8.440110285219196
12.2114783084591
9.884662820045998
13.096395665316932
11.690338326811602
11.347983694102435
7.885496804166217
11.919506625532854
14.513359531121045
11.287698491965909
6.834668751099775
7.643663624509775
9.122609056032376
10.204851577699127
9.288405286080037
9.025104423981366
8.567388018256967
7.846814693457936
13.509553715258363
7.068114442772769
11.785088929634483
6.405769240461347
8.400134675591959
10.757324558194693
8.891027932905022
5.7530663965008655
10.856437929276073
5.51019946430803
10.820627954981267
9.346468588471804
11.849013966130144
8.153912877696781
8.521866861099566
9.92340450891353
10.795861158316013
6.811200757334597
10.291503009983009
10.255542895982947
8.629354742865509
11.907785035106954
7.258082447020027
7.919368134418104
12.163121719706028
9.154993056369664
8.474879503848323
10.071301241781427
6.817761236055415
16.01309508372289
7.556517024444368
11.454446646121434
11.055684420166632
11.696716587532121
15.943200662727467
14.354109831808431
13.674551760717007
9.969636071845345
8.62083563010319
7.091034345691442
8.08739668703512
8.082629490399801
7.26833226647995
12.801278118548796
14.2427218950304
16.47552042551848
10.434643206227982
10.228710483057393
8.707131918993346
6.824942881039423
12.032636713420493
7.704521876436451
6.782129813632988
10.332065870666181
14.43572002835802
9.880841159160234
10.446302446163736
7.184110672490619
6.648824238736759
8.274253768597
14.020461559184374
7.998604119452112
15.410308427366356
7.44263222624383
10.835740425684264
10.556831125164372
11.465231414147043
10.300037099004006
12.905934827360646
5.518800354771618
8.608446996051375
19.303628541070566
11.319419891307378
7.666820782891387
8.57741791639926
10.933331237493862
10.168883926989956
6.339921222583321
6.9045218949032385
7.617195842610404
8.71746616957989
6.030193649536352
10.08700309050728
13.31535249076621
6.7579686000255625
6.559344225258316
11.240194245198069
9.171246001541931
8.909010049630107
8.055117071224737
11.69106779626947
9.041865998368872
6.376019709464671
12.976534422414424
6.627614351426724
9.11870206132701
9.08958182266669
11.8365233053485
10.339866896439291
7.310636833859902
9.772993314991512
9.738721921696285
9.9700353986344
10.08057044522588
14.345570659032786
11.376824223137529
7.9405969664772575
7.625794063242962
6.867417374942055
8.10091579854041
6.43213072720203
10.456239036007668
12.296639092989297
13.318651624756098
20.88952360958381
12.190570901224012
13.879892734796117
9.13599997355502
10.562389222059105
9.880509403391535
15.553111751443819
14.271648286390903
6.958539654916092
11.157635533091716
9.905313368381991
8.514440454067554
9.565803562273977
9.307024617424403
8.204548873236577
10.703894967346432
6.603389872311947
11.60158785678132
7.407388080453792
5.774390150338301
11.014147531996963
9.72278867965556
12.855846523878107
6.3208947901635035
6.734028178719438
9.226714386019323
13.573162404344503
6.9955965831596325
10.507050122984317
11.97264884710892
10.610461128189383
5.700700444402465
8.782993095997496
12.811555422389057
11.657186330285446
11.152079649748654
6.997406646763316
10.714752119483293
8.347872489850005
8.772712367807916
10.879342321785693
11.188083490209241
12.05015354332417
11.538911050190318
7.299159936609008
5.018642033192458
9.632417511126645
12.248202046942566
10.418533197663217
7.219311378698501
7.872260998798167
7.34414450769488
16.72071621262322
19.72416815485804
9.009897448932627
12.361146077554125
8.350105490418661
10.169792838907043
10.79014619363194
8.748695940680639
17.78114833441081
12.517555390439805
12.240575945253568
8.936293770083019
6.263207882179335
12.526221390692136
13.14841081842858
7.136879919297308
9.088503768221146
9.16068839295628
13.323051915222873
10.176845817215046
10.169372353925262
16.835092105711
13.855072465354715
14.709103736856225
11.992967467864862
6.916872141395284
9.742037416474878
10.689517309075597
6.850484199659049
13.896000127206465
12.746170184609074
16.627350281569672
4.876161565953871
9.532124040556937
7.378503755253299
14.390593907890766
9.368699607024071
6.604016808875518
4.8720505242370535
14.27409354549923
13.485080971520269
7.094070269766349
10.048940983645084
8.182534106589532
11.940108604124203
15.048777841996413
14.050259932359197
11.872888033185077
12.30517815952882
13.084958323992367
11.611396395882128
6.962938054283462
11.542141150740019
7.835747145820833
11.38435128354619
8.640212210007874
8.07960809312484
8.083013063572961
8.841388093535057
7.300130565818487
10.639794880546388
7.680871894621289
14.116333743744903
10.738527562355026
8.452198928482064
9.296385952118099
12.921395868966629
9.335157156468174
14.07705550589656
8.465358322898838
10.94657235079046
10.757875768098788
6.2291841508728965
7.436659954959306
10.387274683706062
8.78227174405564
14.42915168323943
8.149125369914142
7.192198178484291
8.412203047487488
11.50773880556231
4.62740180069411
8.267088301382238
13.33960571768519
13.490977460623785
7.40903534639242
9.41122519277808
12.059508924660777
5.2535302835042215
5.566024592913029
5.98764491927422
15.548523264148626
7.868301958220789
9.834688683622453
6.933432319897995
6.980092635403219
14.485168302846379
10.710649659460296
8.724404398064168
13.027308991760941
12.195865208348046
10.11396473602106
15.92926806320146
8.920576791986237
8.572702322261891
6.410676249938488
5.6184827868682365
10.632611209978336
12.845793657066501
11.090297040005035
6.3763111226971505
6.818303499259981
7.429852956607089
8.937402383823896
9.693946858283189
6.672417793689974
7.9736394189568545
10.03057785246203
10.568390768872908
16.20572115949831
7.55042406309419
7.939213878027229
5.883321488697962
11.905004393215103
7.148234075919882
9.221635353108574
6.743037992674555
9.50680812164102
9.502652851868557
8.52170897809306
13.159426350744832
15.021233979619916
5.206450128315744
8.493496050202205
10.008209065493968
11.707326775501118
9.277577612719622
10.875496880088372
10.271501799326755
5.7501251952629335
11.986519252178416
13.825886075767011
9.916408603216759
10.396008543536952
5.947061314546332
9.963004932496295
11.820832754333296
9.393255651959457
11.386121970145561
12.490325983971205
10.050348136122581
11.200463927339023
12.909042008162853
11.219141164169905
9.788058412811237
9.816472176350722
7.578298060243275
13.388660402656807
8.569869011409786
10.780718793289685
16.168112909243916
8.958294673730046
13.504655413783581
9.111088241989805
12.439433278562612
11.121194641187108
7.002491531230196
10.884764654309858
12.652409279406921
8.971947387092328
10.169664477162513
13.394305592517997
13.477179083935692
10.252881726517169
10.910214230888696
10.792248172876599
14.910174612360208
9.257143045434153
14.124951385083618
10.225604745880549
7.833539277320462
7.792389104604551
10.6212892489592
10.99531905631032
12.975861133327049
8.476976851413353
7.67773733045322
9.5985008229433
10.778110668244265
9.044137356136003
7.9853561395495625
11.27850591865056
14.61091128474917
11.986325964963033
11.964036908197196
8.414710883115157
8.919349247612073
13.478249308616588
12.230161192315464
12.148762117316519
9.691717967884376
9.350696370904377
9.942605828731692
10.743192831638385
14.77065649052786
9.090096240084655
6.0888707098767565
10.27829612306023
7.2470853984077435
10.69051458231296
7.4541697007824315
12.85843393281792
16.66439850044403
12.471675689270388
11.324850981092077
12.219685238320906
11.631488181132859
8.24340419908294
9.502679275083985
8.797438377145493
8.731559262365053
14.246396138299804
14.693257022825811
10.661186977270855
11.765678955242644
7.73597358390983
7.960494266735366
7.968983119661406
12.914680061199524
11.521245385178776
9.045678072897994
14.79929517086537
12.139273239013965
12.991107776523222
9.144131799264668
10.653407894403985
9.422866546540764
10.531041371446477
6.719524516977477
8.02977681793678
9.036164715808843
6.125320821326997
12.15507324091548
7.841761594001062
8.208155383690086
6.9267449506528145
9.365445308210798
8.300099221933026
13.728114864632571
10.549714220720816
6.587408539590359
12.997104303282606
9.289599962823198
13.202144124667994
7.4507822788921665
13.381820706336567
6.879656849131073
7.710354353485627
10.795665823177664
9.846540024379172
3.8139069196973763
7.584632821585122
13.173080038710976
14.268141111243668
7.121304730694435
7.023372041261561
11.533248897344913
10.059205125609246
9.541332329628787
9.12217162770923
8.771382085294324
16.004604253673133
8.564214744258303
7.883937147514946
14.327404385884602
10.52065170693674
9.78435639591429
13.622028895258282
10.679902750597327
7.733425976456079
13.161567001678492
8.198301356414042
9.00725982372294
8.256091362412993
9.761386448303165
9.840607362396717
6.89795684613382
13.632138560563403
10.500501053295498
12.613650161065959
7.298893724384365
12.320053865761583
9.02670221640755
9.018853905764706
7.873663024845764
10.349790884536088
6.487714769132694
6.361313149434861
14.759124989836439
9.40080938071847
13.18453226363599
6.6656369756253016
6.0628901505374495
6.372164381294808
9.24790364074438
13.172207870283273
11.949234654149425
9.963954462162365
8.620527625748451
8.90635692769337
14.480503988438128
9.27209451750962
11.667733633958303
12.757443114560415
10.272206311211097
10.483990128988287
8.637185483490976
10.668609181539237
13.087401435417572
10.550407165143184
8.65325975836019
7.369587398873197
9.86834911693088
10.63379402931771
19.162044237587597
17.074465290121054
8.625242357256187
8.016102186090714
12.664266109477406
10.720201227404186
8.874071437212658
12.303098982688978
9.76015105954556
8.753566611614957
8.596932344690693
9.05804956536266
11.365140104316882
9.929191477946809
9.817548424588267
11.722150093487235
7.28201540404399
10.172812186809157
7.238387157486825
6.823389609378161
5.5417508655252234
12.524137538545762
10.392036499371157
14.74322390572855
13.244256218094048
7.0136169035441895
12.47785644894467
14.113383277272847
10.48769095849566
13.053532085847152
10.144974119489007
9.885250117837774
10.84243163558081
12.138803733915516
14.618838129592657
8.100005251695329
10.323774240655629
9.471216416362788
12.431780014096876
9.477320773058457
4.996425840789319
7.3463822287064575
13.341373446319283
10.553274293650237
11.652460690631242
11.90962912616116
7.31828893322088
7.894849156946937
5.7712889017100855
14.463616430025638
12.03108358200468
6.91220253917135
9.96718037773763
9.875655788954786
6.979246883376186
14.116155471590726
12.082425425462871
6.155666642357224
11.050476275637877
8.625381144109513
11.02547197381116
7.066856434952674
6.674571966089481
13.607210394426392
12.804434816453082
8.32861670282059
7.656673346853479
16.85525322416713
12.175791254691303
10.811335207289547
7.539889084671724
8.077815852813158
6.762163926391279
8.351468979809972
10.22487914968713
12.376046649391606
9.848909874270063
13.218994799168538
8.90702210073596
7.55757701509506
11.389613345734142
11.153586198514969
10.692456776928847
9.139227289454539
9.022230968315727
9.60599943989709
6.738799917383193
11.031569473963351
7.085635205300443
12.528834092511817
12.553798119493742
7.250003193791052
10.923180170576156
11.482244914659038
8.908854027844885
10.219534788492565
14.352795235686344
13.429069467564755
11.246485115807861
10.541824655307186
10.167346375867115
7.326657731853108
7.810750634897001
9.030419867807108
13.555253736187991
10.371440105740245
9.244016117490828
7.543184122259102
7.791936424677963
10.446991106335279
7.720992001221141
13.293497800778617
10.677173861449724
8.712449454798342
11.937945752293716
6.889055725677855
7.197657723440198
4.223199767641369
7.365961796976324
7.216732246507722
18.988676928784542
11.607743130900321
12.510032065510343
14.672011460059236
16.95084763009204
10.720785748663788
13.062223442301205
11.847620456241113
12.400496925300512
7.905479257782763
9.38267662697389
11.0883642315934
11.580205445505234
8.440244888382868
18.621937685741987
7.511631638285351
11.3222760593421
10.806597085932436
12.197720066228127
12.491201996057983
11.32846284166396
11.58180640215702
10.726045152890299
8.630819254440249
6.981524050510789
9.801820376854948
6.9064158017095245
11.246687069980444
7.560769360946441
8.685200758459313
7.641877848119282
11.05561216712631
5.360668898011072
11.183814886896918
6.2122972784074735
8.65098093395556
7.929214598928374
10.862102288817425
9.874925496045867
10.200563375757683
11.755927031472456
7.272818745109269
7.331542133124576
8.49730695322124
12.870885548742548
9.668956647773634
9.590843157385844
14.401878709001545
13.834083592996793
9.714515697582788
14.724129590243884
11.798190118133526
6.27028835292108
9.164749359657902
9.086508443858683
10.890527131783818
6.746162260946963
12.883397045205847
11.996072530105371
9.858332428388936
6.038695586287503
8.512039649568342
10.545121853382053
9.328356172654873
10.074449716998043
13.559137303253024
11.21667101656014
11.552260241711105
11.039585330984869
8.692214103246314
9.313311610527009
8.391080195029414
15.769148740973268
10.770439613986001
16.959745628995716
7.085005760454231
10.702585196460095
6.810736452903901
16.954837884635058
8.737619013956783
13.796214569886681
12.837645232856879
8.460470763676705
14.898892103047423
6.22740067473246
