610.5820422873951
442.83974286731376
346.39917917426726
269.4533399288685
243.1321141511007
159.221325899892
134.07150839719247
146.04430299980487
106.75354864753841
102.78832148105785
63.63542086271082
114.25163278503021
188.92939308122817
170.63814407409632
164.02294690456608
98.04515983060512
118.10131444411871
132.42961393449875
176.88505423769604
170.79776055256306
98.12412220795099
39.54403317087936
47.603898377484825
91.9739321931468
146.88707354824083
108.57260317921119
107.49380665107462
110.75433943320101
117.61907282740303
90.5014734942035
99.85767510023744
94.05803594240474
118.04877177540321
142.95764736903715
114.11897917512303
90.25884411248592
89.2693797448638
88.49295063802208
85.99145873778173
85.07239222956859
67.26738029797221
129.5003031842431
77.66977952356096
57.00512689907246
108.94698423058328
61.1118931688665
51.149188044973336
53.4185275386427
51.5085843827372
71.28550050979128
70.09463408159249
137.56341996312887
69.38431904333926
121.70742141493984
94.18398906210916
137.3685256727092
94.97605373709513
98.60435896163186
79.28479522587611
57.23925213475074
121.0076238912659
71.14004757213401
81.4882070451875
77.69397239802214
161.79775193060757
70.4766633781753
61.532041985006
68.81294186507712
71.47120879794382
132.19767441467536
137.24197519510494
140.8334764169714
73.28701550854348
124.89557342090139
108.3251636892431
68.72285853380089
67.84773643575186
72.76214199715909
82.01686671494005
97.14969377516378
83.18491853609919
90.39327985830423
89.41294769446995
124.55016631579032
77.89526773675018
57.76377581870204
96.37716842921607
124.66725648511145
72.95735248858884
121.91102864018606
122.17299499745988
76.39795999108922
63.757240862426336
109.73798497250966
149.46058440514636
74.45242511121312
133.68039177687712
107.82125408724124
72.23193780062488
78.70308202415619
88.30086453186489
147.9874441347122
70.31686987833015
76.37768394351406
105.47745817746144
64.33583909495326
96.0117986555471
176.4053463461576
72.69640356693529
99.96919217191669
71.06308560420223
48.855720301257094
81.25928000361164
49.63428147853199
64.09968881312699
125.8133251860584
79.24629779394802
80.32539927330492
151.20962809623921
74.44440783275111
82.98159218793066
92.73709849977988
117.24441506552745
63.17623203602095
57.53442306633798
101.86737793132237
142.935392061189
102.72446773103306
68.4042633079577
109.19380218794221
115.37561766735782
80.11893999417073
152.86509873165025
165.60239618245976
77.9922407596044
50.08769424147557
111.30998436601764
108.04568678634794
67.22763352418633
70.58320188747757
99.66260436855998
90.37608715385319
67.22242862849166
81.82204099264374
68.43942612960203
76.42376297054601
51.22544210830462
81.19208544374821
72.65998378911573
149.36590461667535
58.085533923318
86.31408459402405
61.60642317063561
55.539735663893154
123.40609194825967
106.65082751791819
67.19561094192741
77.63465443212041
71.81689793283367
95.05063909968527
81.77146132563144
74.73296368962473
112.75256746748961
101.33050653044202
174.11727577425094
72.30358001494348
73.03675081805613
84.08573957351663
129.1652613293642
122.25074548578807
104.4720037442804
93.2925711253371
112.58345005631836
87.15865054134628
59.21902290458503
121.85243113702933
130.67363403361543
106.01023073266846
104.60426816126747
85.33084023322307
111.71641685871798
90.02710549007172
72.21314767698121
95.65376937053976
144.50474839527786
109.33499621121547
142.7069404831108
67.00498677600267
113.99303842764938
107.19566275893987
74.15468853581206
120.42729263216157
68.90983520991497
107.66767535805289
89.49898494251728
85.42384496509065
56.01067926601021
97.42284936922529
99.51103669705724
140.08231893911878
132.43193514611264
98.68306603038684
108.31936542443161
114.5343595860624
143.41504018127517
82.75810403262788
93.6235569991132
128.7232472433803
117.2562082720359
99.90826302576109
114.33637789519331
134.40986063735915
90.23037757375279
82.44184822545878
95.8741535249873
88.01530601925977
78.35958674385583
81.50791917775487
114.86616215708214
75.07403693265148
82.32720035754257
77.21035240371141
138.80390792311812
67.00043369238517
69.33060857607846
132.0955545292807
67.76396418285373
60.69109184478998
119.96516918763116
61.99811762830707
143.0226566494893
115.85166806563814
82.67193021998277
125.5466042199051
66.3062801370595
100.50506461074433
71.17954122261781
76.2328833476072
92.26973324697646
73.64152573140048
87.81054758650984
109.2706938526981
61.40941605922458
80.70702820403959
113.46567467629633
49.557509887759
54.32901951474018
124.246338187138
79.47281371569666
119.01920953764427
102.63534268780468
94.4983139979275
89.1118479549076
115.53517924334484
100.09697549275111
68.55784418161352
86.56297628703098
53.428206117746335
82.6044430455329
111.56569895351787
93.53772201822935
72.90983369706198
89.99311176285002
71.44221982921147
82.52271015686709
80.51275208961034
82.7590240292966
71.28405405481003
86.37833666784402
54.75510316619352
157.47451971232275
68.03343309406141
43.390099641405364
52.59706498523579
58.54124599487175
33.74948373321261
36.740406881809484
29.412218304341653
28.737556009289232
19.8970873189409
39.46099060534596
9.090459748741212
34.199465720961534
20.27962742216115
80.31449653098022
76.19615678969024
45.57083981522765
38.54268820508378
36.07277930804281
36.690483474241674
37.91613560855293
19.088549462580573
28.20865961247379
49.19910281211538
30.2308636060678
49.363802942746034
18.612784088805643
30.94137164814896
10.412045615043567
21.24531575839476
38.62966063383188
25.41138936286062
20.75137500249344
54.04874050521349
62.382618169793645
11.42429198529456
34.199075781369075
19.934772021594252
51.73580951107598
30.962733565570577
21.34654389399205
30.35120429346559
63.03909920663067
9.974623859593827
63.14514900809621
25.680757169178747
29.37788163070548
17.877625500574805
48.63699336602385
22.07566071754483
29.154260830020934
31.70109921675245
20.99420461516999
10.850158089798208
18.22138198349087
32.00911678260465
35.919043427312744
13.140055002385848
17.76003826480494
35.56961646117625
50.42917503653268
12.014531086785452
41.326034316074036
40.055582489075384
60.11110994062269
19.982438321765397
51.78100036449086
18.429551660560186
28.641468812671338
16.710126471588424
33.74325524525351
22.060109636495177
30.227056578788307
37.8173816797043
32.34161429069278
34.96173592307572
31.484501174068686
31.33707836008076
49.59283971694984
25.977139900932727
44.959444681438555
36.12285330989679
36.71667943979691
27.713352120511264
64.49404271797518
16.615887579719903
12.38303120764578
24.280883593898267
63.371457192128155
76.39591768824681
48.673075357919146
45.28288270952032
24.54232809929717
19.174293495572883
17.475397220387855
29.973492115074567
19.992488178998755
48.22132397652376
24.44517499250639
76.15620602306493
51.707239576766696
19.592191501221016
36.00526390477243
30.041098465375782
35.57879903555236
33.56988132590221
50.21574242443448
44.1509280819219
11.693777811207386
18.286546603685967
43.5539379522264
14.076755760325014
23.620595851855608
102.74573344750965
8.83598710633351
23.252477837508767
43.40646112408185
15.962839117822709
58.663337958117644
48.08206074676903
20.015180058848447
34.03204365478608
76.79854179073419
76.57872194835753
42.887445992478554
19.7223515114865
43.69512136505468
10.295087049246055
55.37042210553225
39.25242455309648
29.822439733030915
40.128992916582426
39.457071979258956
55.38147064570536
29.052198778417743
29.97023600144768
41.02838876928907
42.53046062538563
34.30269003110237
17.668060118599595
41.2416475171713
35.00098620825668
14.582993416593744
46.91245436809231
40.45457343917589
27.547432212629108
30.602811217405552
64.64888578944634
25.59756841245124
34.66201426520073
12.94138758105886
82.78622142930429
17.805195058017357
30.28999414944916
31.162404828311008
12.335074883789982
55.512823354483196
50.22036620740094
37.97656994155057
15.61433297430444
24.84355237307212
17.510169263801075
24.782159309032714
24.85807400779244
20.81174592264608
55.80755988717468
8.756281827163278
45.195613999102164
16.62074573783297
39.490947275623476
17.36449806336821
13.0125457354518
10.11644836699953
20.69366130622638
36.58790941622067
47.431764231393934
20.041080457347245
27.507007964362863
12.741486127148821
21.59444647872278
48.49988873247909
19.48754509428636
18.653080269319187
48.54091618365755
16.87349203619791
27.00992723606615
7.550014860352121
9.308708400382757
43.53051351657525
16.239783844309656
40.50108186610404
16.14743457826764
57.249968194348654
12.160618610891994
31.602810914985124
31.2373006020921
23.647322271675577
49.34090963141032
42.939616697966265
32.49369945548412
13.47838239270491
38.161450358406185
48.89249611519311
43.787790271430296
45.42266449957244
35.164343835633964
13.936307698357082
53.46149820297818
38.510534388556394
62.66808773118273
52.555869540698495
55.94632456107721
53.351279934293004
22.628358982321856
52.823081722734436
36.00940046984293
45.112296337113264
27.129899171033646
46.242552946850765
19.563783709300203
20.062242419024994
13.01282164386381
55.96704321938135
37.71215984795067
19.435704296283003
29.168509574533697
33.79149121990253
21.761906539442442
62.740839134467166
21.294688691947968
56.798822996686596
61.24848171860111
51.706994306251616
23.51132882713397
31.375642388858218
23.73095617680026
23.54027688230362
18.050195057340808
75.93846069865731
99.15473816641554
66.26591088854393
18.742015033612848
25.45383989882276
48.71027278656367
9.402954359671025
36.05193232544968
15.47062741296491
26.549203901124624
23.993579088413462
17.055039579273842
17.322294730294672
65.11736579788587
32.00779770324051
27.73983185184912
20.49270477186011
44.63846813321286
22.24461180562412
30.04929274443875
15.157049558861624
33.303045712227195
27.055120573198565
50.367360598938724
37.61486555021221
18.313535217629806
48.977181970862816
36.87162764416805
29.620064999518693
70.11081844133378
20.320265219164956
28.238299122438338
73.26227455930585
33.68678563835133
50.24800754128292
20.239166333039172
18.005212600105462
12.576885201208462
12.32521758712719
43.103249736071625
66.38307437906697
30.10213006819341
50.60051216848983
12.47512976027418
24.29160735966448
18.45864022451689
25.962555359894367
33.172435651037716
21.637299594437202
131.57740328045418
50.06856063084996
32.98906799617862
55.53057721833062
45.272394921234714
29.787676075687898
45.572046797007005
25.052327078549823
26.85344368531446
25.508274197851243
13.919637226730023
32.37172388325289
30.10024276932156
42.1360757582827
30.761589310042904
48.83606738676468
73.00185333446359
48.087836946464044
83.97876211641152
51.53449185468446
36.7165734067387
42.58014233780787
37.6860808960983
30.68592028502715
28.183098768084974
52.2854018588084
14.823497974736208
53.098122525968904
29.27128753953835
5.386481738907819
48.51049148178692
51.748746788015666
31.50557132759037
15.585083211058656
23.803535983575387
43.55807787489626
26.10904273283068
23.461908030851518
22.619780072063783
34.75715559523056
51.329954541060516
28.558516319926465
37.43890178231164
68.48747236115308
37.72381313368449
17.689981828504468
60.178584100569154
54.91699490896923
32.44053995961699
33.70379953589242
27.95810987971887
54.41504862439842
39.370993906095805
16.46298134389595
55.67332497138159
43.30549620730806
31.65424713110363
13.868229421106076
104.17567666444299
68.1162598032693
32.32487783207772
38.745513727727435
39.09664141281354
40.35893661518208
46.436613342676885
28.68622475513479
27.610531998533727
28.81709096090152
41.81048959719758
18.9146187995589
28.01763813616569
77.26033783030911
28.656425185186258
38.57121775130683
17.9324422974597
23.407351642251026
38.50759270899928
70.83517130929376
47.399456733171434
56.07883695619351
93.70853837141182
76.70074891784948
30.020508712950626
56.2603863892094
21.209845642377438
41.582105933872754
47.99490948130126
46.25689678964337
30.65750926290952
28.93101053126193
19.780310549656942
21.731845854954454
29.189391576687612
18.392889550755857
51.27252808980784
39.77948106438295
45.07660784207665
46.97132966524589
33.81761516733947
26.745355371251584
36.48462582160082
49.79616840114605
42.171946000615876
18.037490034975452
29.479743831130428
55.10942402591831
20.3127255648824
30.1430898125362
40.608651573478014
48.10778529397614
56.07913104820297
23.579819284275324
63.7186647586592
35.04289374484511
45.88928013307599
16.827761331077205
13.44955515620388
29.43753191365926
30.684552609704525
20.95026466605074
25.65936321981306
31.17063502338232
54.40966886649725
42.471559260604
35.71985706531954
36.15290523087262
17.625893444888383
73.9305678598706
16.151118696760836
29.78938326462557
45.913744432481344
45.57894116046774
28.457112074609615
49.37715464218837
34.923521081799116
34.54627698315578
44.95958072385258
51.25259658603621
52.98983298846542
35.65618427040435
48.71987699652586
58.16174538096629
44.28875746826538
33.309778053561075
47.299992895992
22.745720862744506
34.469214918035235
25.302041307207784
37.835124157436724
15.014026505725608
48.377375023881434
48.625709477804136
28.631641615099714
53.24152056009489
39.56286410223744
40.16135979616266
51.925692711427
41.90239393399292
128.71157927672368
87.13527291311453
73.8548826408145
12.325130309676448
56.865066768709106
40.969761081500494
24.028197336547933
12.808195046534193
32.01380327557216
52.80963319222612
29.561258031012898
37.059686550933826
28.42409317359697
14.964986228714114
9.979954106139163
23.70180995237551
50.510126510412576
42.14372115283562
27.788054241442183
37.45734697660164
33.34032334601792
12.863874720306912
40.67972255121756
18.261762743625226
13.915630152688186
40.530653839452214
32.76527093782158
41.37765642769332
39.01175200361829
9.955704928389233
44.84065883348881
29.166125730426646
53.694725566606785
20.00279489186399
28.608112863021244
49.14192775149701
37.63349564409402
26.54675766130759
29.826078573570797
34.72050141616327
24.82118194965201
65.47363292413492
23.466487137031653
16.93375578344301
62.959741895888236
48.48012191606063
50.6040177835988
56.38392468779304
60.44623843013225
12.918387046464948
18.01422376702238
24.05389449440369
19.321573519394242
48.769887472404136
24.07659694971708
27.200467530852528
8.5897557962428
53.39183912914134
46.01440355897921
22.12467776321638
28.603552713250014
17.15399697445256
57.18861271095221
42.196849374088465
91.50229033905426
23.360041303488757
29.62306330674701
22.71330810568062
21.129425964621525
46.44035670746292
83.47815041808676
53.95351987011572
43.079073088929384
36.98036710095744
62.06511605307304
36.72083529849005
22.272666112875523
14.164136893766454
35.12494879813631
53.912923236758594
42.68124227767946
71.44813598740927
23.589553495665
22.48706581830685
20.801425764076527
34.60448620267865
36.31133432199209
43.985556124276805
24.481805436305258
9.046539448710785
21.279234320799667
25.7646160571663
38.030252773245664
17.765375523574527
13.046230671676765
42.152718056554626
53.87832813369193
32.02579922327631
27.107863233988432
36.98627652772311
31.079191199889816
71.65353017680552
37.09285351979633
38.09437515293711
17.369579740863337
35.81339156024381
35.4063719585895
30.762653254915573
23.919628678152723
20.5219609624707
35.38545572554674
15.681288853472116
56.852918465267344
30.279938397689786
50.24331380306113
33.974501137655864
35.52014226935295
29.61887437477061
17.589130413624048
44.68383793241329
42.7519081315531
16.388445569653122
18.393334475615315
33.82602068988223
44.082511384062514
28.824339758794927
27.244808356912774
15.427811895197152
50.444332763349344
14.405947141761022
14.191016779527676
15.063710931382326
38.99752485881261
42.54198267115116
29.730115834333386
13.188993182732311
47.66006458402939
46.97526480833711
45.83449299556367
15.27539105739143
27.264584917360907
73.52733249237978
30.366434829242316
20.624449304030822
55.41295447836582
17.261525345226303
15.088672698400499
42.73208829082434
37.28842633021262
26.846953156241582
87.65274874856742
91.28636705135028
44.62239992926921
16.426712316240412
38.989898039006896
17.35075519901354
49.02870854704934
39.99630008449774
31.77688600404523
57.90060191144863
12.897818497208213
17.766464624169316
28.840923648272966
16.96436875898041
54.676287001523285
23.51946829504506
56.3316553042082
47.35909836603833
18.339259921228894
23.717856062903227
52.38916931119428
36.759175207782526
22.047165976636062
26.097315679538685
38.63236619847778
36.13605900303028
28.007639559283614
39.14855511848906
24.116657685158184
21.932458460992667
96.21200475925446
22.475400944714863
12.400346352154308
39.08553620266024
24.44192376816632
13.454169870601106
25.15013163764543
62.81213855025069
33.63095059009106
25.74144574414474
39.065014975048165
13.30504712280543
79.66438578328344
26.942122506421324
19.565329570314983
62.74859132993448
16.254616994190567
19.25739112788439
36.134363685034174
12.335990670460891
22.926966526862106
30.80621950511178
8.301288427568858
26.75296462540462
113.73526314455376
31.363165568071228
37.706857436724576
34.544052198674926
32.9083313214768
23.968190318632555
76.79658606336798
54.0204703837311
56.77712066885121
25.245732365737933
42.802933773591626
21.527450973944973
24.329062486112647
39.115842624757136
24.58987947349367
42.88151744193105
17.95259509967349
30.89161617152934
34.57590730327137
34.291206143533664
66.75119219020348
42.538444390445356
21.341959945508584
83.8730953332673
35.01627797743265
23.087872433581072
25.388347528493192
37.629663025649954
31.040930849661493
53.37132040926532
17.602177409188922
65.57080921207566
10.576056073514973
11.97668963431719
39.11614000570698
46.27915011661645
39.679184031892895
69.98983383784439
12.73345714085597
55.59005122786985
65.78418602652773
31.396853091823925
44.71183057337653
21.836235365763347
33.25897854148763
18.39569497772915
43.67520767503603
52.616915731836635
37.2975508051475
43.47467110663587
33.03493310565945
24.720921977777664
73.96738921370041
20.417903032601746
28.84077551910993
27.172346689270704
48.10107125077038
46.49446593181451
18.871701475248013
36.84024450552923
18.86033904063659
69.90584814024436
32.302127451379164
22.949798930011344
23.005585918230782
15.333531725558986
67.70850674331452
66.85302322101862
19.629309060875585
49.477253922889695
33.770431814807246
17.066407879004007
55.03069416761552
32.847112458801895
40.33350648083993
50.138424159899294
44.43655100113766
16.182770899047416
12.200058763006458
34.91872526159836
42.62252910043276
31.76500437068124
55.56922755655762
6.0591675889059236
47.66450814095763
17.81733658326418
21.59499265767943
16.756709030435093
30.220840898258118
41.66170169053931
23.137611742276796
25.38603646406204
35.02173568408324
24.731829234035548
19.445304905620127
27.016191011915403
41.74066978716202
34.87654105360729
10.804144071791205
26.64999821211903
45.20121822802359
14.753126639666084
34.213062087396025
35.237580756500385
51.666736740253626
45.96461490348568
39.929364490316885
16.85636614857437
28.142803122095366
14.247869441790725
41.14445391100144
74.26528987057141
38.593422393980454
26.264483282250218
24.098353574935878
33.45466645248694
50.443308524026364
12.858490917839976
48.84282721686151
31.628779637465364
29.073936727749988
44.90296678834563
40.06438195650128
75.3753032807675
67.27401081242076
32.786141574688955
28.732388255846576
35.61296453128873
46.7826968743878
22.97819090138078
76.0044761464283
28.70091213006951
38.840670466745465
25.953451312447047
38.27201026292569
50.4007589396296
32.544469028415904
18.646616309051485
15.854633887307218
37.046951797371655
33.660041753937705
76.27710617184964
22.87262772999873
47.651001805525276
19.617310863761478
20.538484716610938
35.58074020282636
23.2737884654852
26.614358373216973
29.213565295914496
9.385664685708479
48.878138108286635
9.543623543215137
62.19333196272188
18.35281757513284
18.392362165465787
42.247223153627196
32.189345583457566
24.347072841417823
73.99032392637936
19.82916781135585
56.70979528469853
47.822202629768654
19.911489530095455
26.693754703706084
31.931671718663353
37.83086428929511
10.507620765781096
31.751791522082843
35.76089305398879
27.308593673362243
85.2990252185941
39.186972329229306
29.60769617277124
55.40835004495007
37.24623434475031
39.13979608796337
29.717359733500697
36.05817419654696
29.50431933717312
37.71403345800112
37.888033492057154
48.23536469255646
60.86060206990729
29.947886267502454
16.951514961452467
31.327665969168507
11.613440155778477
37.631539471456996
43.357172184961826
35.27274288857986
23.652029145607553
21.365799825601407
14.686723171612897
15.738589430066058
20.43684159734801
66.84856291872825
32.46141953837481
14.901011201633052
42.95522933154858
37.84568849887676
32.13651896412212
63.72414553935408
10.836485369094389
49.36652874996678
35.1886321818003
19.77727558106059
22.43593572871505
19.176022934733986
34.805835946877764
41.13638280980924
21.766729558309045
45.77979029957257
38.60896151742942
55.72362102357404
17.968049953445128
78.03766512281418
15.444101611362305
74.34777306187948
29.7442100934391
61.55323836710742
58.66513426882399
16.14359255765045
49.74184812210758
13.427440582517686
35.256543435051114
19.04465412608258
16.013911742216056
21.282444860082354
38.275081978681236
23.466367046829706
28.03028570748152
42.458855284316414
43.53681178956354
19.369759863162916
44.40322671651739
81.19645436636624
39.72467536377443
35.6891583997372
41.90321742355639
32.329818569204164
38.65948853810269
26.0159193379714
42.124820977613716
21.3532836491116
19.37236928092426
55.48371961402755
33.67114066699439
43.84441732466848
27.44331858524055
50.33220044489708
26.556466189680588
21.949373001467517
23.65499516607372
31.364735731843655
29.574543389852277
32.891072676328655
26.785414344257607
39.326406777531695
18.840214977349856
39.529037380882116
51.22724517361026
68.39127771489835
21.238398899980794
35.906850731580306
55.259205197293916
32.24859758371237
45.280244881522435
49.566745682300024
29.003014007461125
39.094785495800735
28.49436154203273
18.31060029576146
19.13660250942829
17.183965955151507
33.759302312250085
10.373417983072702
63.860048316325525
17.876173745291876
19.512477913802083
25.051322238819836
17.23439116392673
82.30543774119795
29.698362070748736
55.03346099919029
41.22079785735529
19.782859472916815
26.801041398702253
35.619024619071
22.323839319491764
35.24347501914888
37.094943524475944
70.81641825081051
57.65590791650137
15.725865835302969
46.6627564202889
43.164836416067686
32.92395226392283
27.522842962070616
57.214416848218455
39.107597468426874
32.2124543893543
24.09059755428281
53.43677550549035
37.07943888897744
25.397119300167347
93.79701749297952
20.001265850731652
44.39997056077857
30.249196676008026
66.19647693028057
66.66442357716033
30.66035996744647
53.11594646536347
14.919536104377523
19.743277800969548
26.51454608059991
15.156287062421574
21.02481098605879
39.15012249270161
47.76598846358772
23.483083115643772
24.020490702934737
29.003289057802455
33.03635534646334
44.94326945332865
45.353241602292755
68.00253691402658
11.708191230915288
34.72519588732108
44.476476110400945
29.00348654502497
36.973006101365485
33.610926922481504
38.64745241801613
60.714044822839206
46.8728760528225
37.0959922325832
18.469221936629125
53.039419975398
59.24505518281341
52.354706547004014
37.88446739532753
13.188901103586426
22.19320831822609
16.92355630882345
51.29398578977765
48.70686992229912
73.59084477682406
35.53262357047177
29.961833231242135
23.235624299074832
33.388288860155726
15.195768372388768
40.73327978271323
72.01959628243226
27.356752382547654
24.22610866780897
18.34389350430575
38.32567374899795
9.252165842018734
74.15338704172223
43.11206958055782
9.054278616872635
35.58588995489651
16.16555580422244
12.892441350696554
25.564799836170664
62.84494055161125
12.928823617520807
42.49512429582572
13.702918368108627
28.592438488702506
14.108582621153007
26.65547033186356
25.12512034854427
49.36558404660371
20.497824525805193
27.77340871206154
24.354841355423268
47.785371066978406
21.012880788728282
29.752827652523557
36.360767559026506
37.286478522468656
51.65894386441233
11.415943559470525
28.995777740499136
63.31415194703728
31.20333678184514
35.466122393455464
11.330644771248448
35.86291379307242
70.11860243188225
29.840035508316397
23.044450428160513
33.98310016270457
32.46457516170818
42.19372194867398
53.29786490345365
15.495810074727162
16.15017235106828
23.543824555768747
5.01719496907078
29.57903057505245
16.140681329092345
44.613304172659184
23.436970967927984
28.9223228558809
27.910856377340398
44.029199956427284
42.53444481070803
16.653243515554873
26.325294072583226
12.678345370971986
57.255785380913025
19.80951220830576
122.1032655386663
54.336316608047454
59.08763487018778
19.53311630159626
28.67047261524538
43.3077373019435
48.280204141308054
32.745359892763744
12.769025128118521
19.548790450936462
44.20060588974027
37.5031419597943
33.83436758479901
40.60601290358308
25.6175706648538
33.68408198912889
38.374934768775724
31.52471030949312
28.143834903099073
22.052733418784083
33.8465211137775
43.67366366892155
79.5452314311853
33.926224181078254
27.281765198043512
15.62585652211518
42.436193216103
23.93962727211137
34.25876024866405
44.684557634291274
9.222465383124579
16.16265427474716
34.64536686255598
51.68439282593411
11.813693515967682
35.09124608984957
22.413029263156407
43.422352268871265
75.48456539667075
7.669544774993306
62.21681208449949
20.392592028631082
37.22757847247747
32.05511557565012
40.16381564283895
32.49497087563598
52.86391359518547
48.04857721463294
76.76883768448451
73.84114532337578
29.38466927353831
53.10232328041386
27.980292656561158
25.560809714648304
80.61693241555534
23.357571363213875
26.918484998003333
18.87832338536907
37.94202971698738
34.382690689372836
59.5169152003892
31.452220229479416
55.94746297229527
22.493624695435148
31.989419915893798
10.532814886921443
24.145151912410874
23.79126479549758
11.648389656929243
35.73393048572249
16.593495190100676
47.579433877531265
83.7861902743928
23.396182846931165
18.257537919727433
22.767397141771415
40.901788197193035
13.71151062133833
28.080829234129585
41.91643229668472
68.6383613955162
14.367717160299746
26.23813528590293
43.13604491757251
35.1400581169442
24.49407016015105
14.613982679842186
31.716648087185018
41.435829675285426
17.922056904080584
23.914484198340162
9.721292235071683
16.695518158093332
28.14596960509372
26.783653912153998
61.36261471048585
42.37407628014406
40.997963277319016
22.666446711743223
20.042317542573386
36.140387483307315
47.525081800190335
23.165765597805837
37.1369171262719
10.805597031269116
15.277100995130589
15.849204225688934
74.34023507739487
42.15459513836564
24.465723299358547
21.670691289868607
35.76043269221037
48.937693386978964
16.55009795119764
47.173318565538956
73.68838099543274
33.438919366730254
20.645063674737656
52.07469162533904
53.26908505277487
45.74391257320238
63.04569274033325
18.92282639319102
20.24311159464814
30.41295855199349
34.324497269771754
21.400771917137927
47.40220683257822
24.7654889841358
23.538770778082053
60.391055093145475
46.831264838773514
34.03947810208662
15.941317131508198
17.635336064999528
43.80588042680788
34.244598562315126
13.041992858787827
27.00462809472977
26.72926282036685
12.894950276972667
47.854418379527594
14.159705001264298
26.65220488768109
26.508494867218936
40.904643149894575
38.600783824252325
19.70747344785306
15.702138797567313
12.1834930870502
26.512116221953363
54.97145839247267
29.76530856618078
14.092041524405479
52.00017011824064
17.979163085256545
66.25601488110009
11.532127093972502
39.42373279757273
24.740012042485397
13.087242027908013
44.66256256110894
66.95940953692667
17.16859356173366
37.217096508930105
42.67804304214592
11.611793048301266
10.28697709829365
27.219856535331715
24.85039820550096
41.21507456707718
22.16707612352679
66.37778893756712
63.742690060469855
41.8758699675212
19.275602316958057
48.886141433445594
17.266854509690837
44.243477478994606
11.015102248102979
40.44425378208204
43.44973361340108
22.084759769403128
21.26503109357091
22.54084461222787
32.88784973136018
36.96053114524844
42.699732559110515
41.683549189886065
19.832099255889624
25.66883608004963
29.333366477233525
28.887157646501592
21.271074456883483
13.568322189958836
20.082826093737406
46.613048774458534
49.930112410317086
41.63814631089519
13.325599879873511
58.244925813925384
33.849506104400696
35.70971206519208
25.069720821948117
23.33496112897137
39.09376464783359
79.62049680186747
41.45285364257394
51.130703724831484
21.136829063614215
46.83004984487162
35.148268007371456
41.58718528023845
27.09156319807622
79.15990846082369
35.13378096982371
52.860613392972056
30.05983798236795
28.46080610207109
45.486792878304996
75.80541023201891
20.77512326792439
59.35218796134263
24.63813869375724
43.84131717211882
12.707382853905862
25.968094507344734
48.84513125650484
35.5297309198072
51.889169941968646
60.18215165920518
49.22723744414077
13.691418532975257
51.721314203716176
13.790008902222187
57.07072348715313
50.57846553279107
45.08237672592317
59.646539912691196
22.868318925876434
40.00575133766944
36.495762607569276
33.63453273155876
19.194766675745285
37.97870697232709
26.442875376103736
24.454168975434186
55.07941034567081
30.087004453615148
52.75099568181696
16.632801607652496
31.748179252477392
27.74314274166349
35.01605396282792
32.116655885931905
55.53515282865842
32.925886504648325
34.05749419903983
38.3705499785899
50.55685849983772
31.08496174221203
21.257171098897647
28.19386263566622
27.68820212116021
43.1623268011233
62.49496586957175
47.52921178642571
21.14436730983223
33.454687749975506
51.92554108833356
15.238354708989243
38.502387642605335
17.431234053319812
10.856482968337657
37.3795850034508
68.16919552699093
24.41254815689992
66.11899178189266
27.076951012453666
38.686229845894346
49.996609394008885
65.68258963695547
35.87358521212153
69.47706766128314
49.19515018991604
52.2126933810439
15.443844608601603
22.712002590672107
22.307355491401992
53.25764298256798
17.536689990318397
26.81907688110744
44.20866573138155
33.67406659866243
20.516315971799088
24.25236890123528
22.935369424662458
28.789810457591912
58.71776666802526
49.26448146582325
38.82722206111581
27.072086007187085
45.420895731022874
16.00734917313929
26.919619592878792
25.29450840999922
21.188836802105694
62.83502836487642
48.98272843113333
25.238096082492774
15.670095051241184
23.230809670731915
10.850950454836482
24.940339104422936
29.269194394894736
22.21903902191176
21.742146367215316
51.98206060737508
22.099846662933707
44.775007733816516
28.708847066232266
14.89543057091471
21.035533268185052
28.270633485046243
32.307667976348306
37.441775123448465
45.07747531265134
16.689275905299265
46.9340626175624
59.458338789649
27.769428249538596
9.262393762997629
34.18386407946885
27.90884599575603
84.73369287158773
62.33177139868765
51.550086766192194
19.794984568913314
56.51250597171688
37.43900202814793
46.15967902192127
37.8096579200781
22.289741274689167
36.171687004097954
19.521993974563724
17.50284209551369
39.613638271476084
8.463876974689343
18.732556228661366
75.74216029144523
18.682485160843175
38.66281599551061
28.850222238905076
31.669493815122664
21.561654648468263
26.702276093404926
15.926699110759543
43.90672068413174
56.417051123389264
80.65473820937238
18.674023252248162
24.758022077470738
51.339634465605165
31.292078106131925
26.6796670169903
60.120963394966196
76.40154267049331
15.429377571182012
73.9765348739179
18.668577256543053
68.20958433506559
18.32079894385812
53.49236024000344
22.894882938523423
15.305082714252604
74.58639963470239
19.366145012147378
32.6438850846667
37.68867218732691
33.244225745740714
25.666957036617326
6.369510342388916
26.44975135704668
28.47889754557615
15.387415684860404
34.15558262531563
23.805144446371138
45.64676199911651
51.58234715155914
32.96201956578838
27.1175007441454
46.287261971532324
24.271315651312815
59.62421521908205
13.366365851678305
37.27384302563663
60.81865116148114
31.07289023334383
24.825261645776486
27.728551994749594
28.26566190725731
28.77710406938987
8.266147597960027
59.813792978024715
38.48638483027915
33.56170377556645
31.933873129262015
35.08041914025485
68.60544434616232
28.646608316232136
77.8725839503152
21.01304767279598
50.76619019914175
33.97995077659431
11.777743123893359
27.8905435813939
15.511251982688448
50.179688988209115
4.764908490613995
61.07561953170772
47.62960095079202
27.50658311134217
52.53434290040468
56.6292232098662
26.910426565252006
16.08917461876691
21.147405575869282
32.004963222753155
52.394668624167004
37.73338935969331
49.02047183313678
35.41972896415081
95.61246392458588
36.464379542662
20.04648675063114
27.3456586960659
22.303562567313147
40.69181207594029
25.220890451775624
25.761612023764574
63.09313705824181
27.530183100906275
16.189733492839483
30.087297977523615
39.42125841312143
35.76477355136852
15.854885785965136
50.32008584240081
46.32706438494331
30.656453972395482
31.34764000835282
78.50983784970987
33.92998981133961
43.39071332185752
33.35956121484902
37.270585008032064
33.59701662220209
15.968203476229073
71.53513025089616
15.624988246352622
77.48442905287767
16.170694666231896
68.09726115171394
30.634442510779675
40.652851382353475
26.44947875724961
36.1323988765815
48.370085983007364
21.328171148298832
45.37027335087764
34.81654142158173
21.546277021316673
36.64036248789828
31.15854636139444
24.040204595484905
34.432937577602026
35.290516366517295
49.20328778882668
33.39195902330688
46.189151897791255
29.99649911537953
53.65442510889553
53.25359314193187
11.591462790317388
26.52992551663139
33.42945434009634
24.917189879998805
66.94747490801927
19.464415582764623
19.257930188143515
16.076235552135355
47.64578795117971
18.120184006709046
18.734317666513345
70.46336702687978
35.22083344531467
34.19607057692881
46.53564006176598
29.343488420746876
28.313355852199045
30.805716874240147
41.76596025297853
25.88811883737198
58.90350698101524
27.147344227056568
29.704525801247506
34.840832767770785
39.22706194651077
37.368861093272926
17.726656680025222
34.832660064531
32.44203170469528
37.07760680468572
25.119264362392197
89.37366044253353
14.732409168545221
20.002951188601507
54.12750218656588
24.69765230322573
30.988148883673865
66.24358774701884
48.73890856659439
28.864984050936528
41.64282858256905
79.44832365729553
23.28613132307331
21.693988005246638
18.655880732560853
21.72753895316321
73.00679107389684
28.742296865258904
28.586415862688707
15.169136473524434
10.736390063276954
30.011276695831633
26.67256983775251
34.0879395944793
36.634594139866124
21.11117659526611
29.281898095993025
18.56677305170786
37.96621268490378
23.98202480727612
31.2256765777597
44.30702408084982
27.78671597279307
9.750757622751404
28.902596247012962
42.949325448219774
25.388782048851784
29.18051451393137
46.28000505337526
27.563019520853288
44.762922854318695
20.012632024308555
23.80266049272251
39.56951828229217
19.771686497147574
16.646852294303077
49.2716810509002
18.27328316196366
30.74894106612134
42.153825336105754
69.88094586998093
25.731196073364725
16.133730592271796
45.735288760868976
27.79664650934364
38.023558951826566
22.729185414535745
40.6750919057919
22.75950518871703
36.18820879242396
16.842518024457522
39.64737019716516
23.047355256038212
28.24562259888256
16.359974438692095
41.08194668913169
46.51897205994055
27.930792193381233
45.59602185945373
21.82747614454173
26.678414478365603
70.8872354778822
14.822410911703937
48.721237045505376
30.033779315075186
27.58442405500114
40.23606660494217
14.886184059402751
13.954803620519396
30.451604784731135
61.639619908809216
32.34583465649466
13.760737324907943
34.51929174287904
9.576064925241404
37.658937933187566
23.422861730356516
19.392542604422676
49.66308815224955
48.11138696990617
32.90345447843557
28.753445020183232
33.04917774116328
30.718206092116084
34.78387026996121
29.161984213005994
60.82791344605425
36.35754840223298
14.5908272715645
51.657708875818074
40.987041615798134
18.679222079400798
16.83268595322803
41.610990567757646
29.1153763842132
8.75927640667741
22.494594686086735
11.909654154312005
41.96609632985343
24.14074323460709
39.30935205320078
36.11993992579093
32.73527990611142
31.961656580957438
43.96679735195135
38.56409858178901
23.251781987601778
24.24025648499907
25.05133134611136
42.94441876484027
14.655970687787311
31.71969506906567
45.74044795373447
38.508950589008904
40.66007880510051
15.927095983822696
29.504505301253815
45.035115725864195
51.53010507119016
41.335325663698605
17.24755410549245
59.988583000575524
44.62500911642772
35.08239442013622
37.47080969289817
26.618329756008762
35.83378979310018
46.01991481483396
46.846388387760896
70.98483994449532
50.36869353108674
35.546215971472506
38.78901313550192
31.57259561058269
34.320152038251095
34.78310050648739
49.690633526134455
30.632351087594785
10.839772654040848
31.36615360445227
37.41412711266524
18.194847520397833
27.61886728004143
51.64604871954322
44.52689167519964
20.709378042560335
22.972172042621864
13.768402785558962
28.526167390752416
58.922498082381566
19.170679829158754
52.722494812595954
17.43967033070194
30.948910964363378
48.68266841502911
58.02632400182222
30.544107891108162
31.775110413036796
39.918388903966786
53.444119381757616
69.75193038086019
35.1882033627268
17.773136459165944
21.041432285261617
23.760245055445456
38.679887898380926
23.768810483102083
22.45956092689761
49.83534450996969
46.1036208996081
26.560928805047308
34.68341267324364
25.317098792094257
26.945336288205212
28.72741927706753
21.35216554911624
5.926676068724338
42.16485640114439
21.152359813545342
21.857108799674464
15.592006246967587
32.76757271364723
28.982024017947094
28.662564757884123
35.571650538721734
27.1037009971968
14.07242836568385
32.45115910324249
26.65795002604096
49.06136815007584
81.64275115377706
27.609869403361753
33.24918815422796
11.356086119666777
25.622797533929653
51.95320163394752
22.352632410389813
20.80021100626687
36.19143687897319
76.44792009652845
31.379809534129688
51.1927585985465
57.65136759043279
21.59323307899945
48.97727410774622
28.073708103572375
55.75386608338344
24.26779216197527
35.485001403875366
27.573997910674702
35.91842126681406
24.523214892647825
31.722457921557385
51.319694584947115
36.05853342151288
61.17059692614131
14.571234539996944
32.80558881917957
52.79712926511676
20.47419669133125
8.470906702877876
30.14666823208005
14.383907611933793
63.36495047643782
18.504116808408007
31.019875962224084
25.214143373578374
28.556251294399125
36.62951658963473
90.3627904500961
56.84979418660969
14.141722718852193
30.673782851376487
14.308244716085703
78.10627567911507
45.694029831953046
15.876931366451991
14.667379193497334
33.15107058063825
53.501373664418765
13.686484866550936
35.456976842829846
19.08098234140107
37.29303569664966
11.307011110073905
17.646725247334885
43.833797288689716
65.61809330864669
11.271747369134173
24.726582315400766
13.960641775889243
40.738290419860355
47.749733903753885
67.68276687803068
38.9757668901631
15.918395744634504
44.172472873954185
27.980057001285296
62.02006827164354
49.35490894925299
33.67613158575426
48.65784941540676
62.976462153665324
63.90723106179961
23.508485317913454
28.157721921191992
34.81548928107932
28.72736616409141
16.2539305418411
45.402034045469684
19.48563711172174
24.867172434794192
43.23559898060373
20.28743018326966
10.539328440049168
87.50980517753239
50.17712848139476
51.20071301379697
29.66123580398855
13.222792949116718
31.976067548218367
48.77073234168159
31.184885268729072
32.21472556015165
49.84279079322192
30.169347566494757
13.07398169155596
35.38417943303631
33.56426932095315
58.817505683260165
24.016543651623326
35.10075208686537
20.11549614210793
38.17314090560963
32.91775002754636
45.41057453987505
11.452250281827078
53.62289483838326
14.66792051735515
30.85981772716517
47.66989344235491
36.085466570504366
20.22996673841268
21.902540586701775
27.806182418266285
32.80050920722832
26.428565124372227
16.907771734678644
47.26701530042763
17.355928521391192
31.17386539635043
40.15558308915919
24.046689257686126
21.66713331368677
32.8106843091255
44.32725485586921
41.220072565676105
28.413251603849154
40.27935182684057
49.15453471159891
32.9413251807342
29.039066127014557
17.70649611579561
36.91104551604309
61.53905247105557
32.96725678200867
16.67016743915819
21.63660238939226
40.19177545151921
12.307533574508772
23.944481594907163
22.549424730953415
44.623527147378745
44.846011760030855
64.13048257361073
32.51260297633725
42.865125974274974
62.14777047415526
71.83375527710143
68.35368977870576
17.717578417992915
19.964411658418342
29.403094927209565
19.601032149219286
32.37097176825133
61.511945987140685
44.755672347536176
56.684819071549406
12.919704435073104
48.02467307806003
32.57943590860418
18.426700594143135
24.347464875846022
34.63980150378231
43.21161506532019
28.891710639749167
18.482892881782345
44.733742059358754
24.881175359097604
23.967577860645964
36.61884170689488
32.32245876606276
28.319960201480658
33.63653571698344
26.83241208553594
48.904893039528744
29.364328662388044
24.3087973127432
41.64187102787478
41.58181469919638
17.189405496445247
23.089385203737418
37.62498171246785
16.18890568246899
20.803885406966288
45.823602414388304
29.0548250723462
29.839925498267572
43.11264133510413
33.6790547208375
23.00456102323209
26.654892469297923
52.06198397361587
35.62471391340876
16.890236405430166
49.17544006738206
37.345850348507895
25.5646024365525
40.95169669095074
9.194493906608207
25.799993377880824
78.21602480362067
23.141406223479745
58.2688701715886
59.81671724660592
42.71190978419654
81.09095983676403
26.887593061347975
19.21995198425711
14.786243562563836
25.81579647533589
33.6771920598672
49.285077483706324
73.33047643203689
56.53718145761658
38.266852626880485
35.9137071360428
52.51716658045017
52.339245854194985
49.01743884516096
34.92582367501329
26.490541507168498
22.77541986859257
42.617972553291864
57.58833761061906
49.50565393949678
74.07877502786913
32.872339111767864
27.48299508602515
16.435903853686845
52.220722867463934
50.584661003328435
46.7400474226945
21.588299839812095
34.11207689805806
55.58825942013297
11.149850590316374
45.46307811764345
26.747220898702178
40.50298722651431
41.40906089624487
16.35752104390448
10.857052117092675
25.713144756937268
17.344745198744217
56.48848235547774
26.14338508875903
35.3596134734262
45.14700269037771
16.00936319156621
27.97641303724022
13.911869090511727
39.06836219779006
29.662898413406445
32.5693912349589
19.98302234611776
35.66472724372475
18.81138523499761
55.2161631767344
11.059383355775191
26.560943365120202
13.608437035027517
33.04194234735062
15.706026018155098
47.431125747630055
18.846968660731
31.82907819482665
37.520280392508575
32.4744161581913
49.098426665192484
34.0896689580804
24.935522944636038
17.025200432078858
36.29009720696965
20.289237211822382
96.35809953073513
44.31589392502448
38.96246730281777
36.1898831601514
23.40928352532872
43.923826523141706
27.095720699992466
29.65986400615056
23.36983579123421
22.1726389934094
34.7756915786784
32.26523170167276
30.024181078103062
30.989519222283914
56.20152679005644
16.956270638068734
50.001424281677174
80.13074051279263
44.90933498096161
42.19576867540804
40.570302352310364
28.09684878877201
43.212485176497275
22.238403395335606
36.96675987352623
53.43230911453318
25.122945660165243
51.174533474606854
38.99990539255019
22.917658634482653
37.644163239410766
27.822931166088033
67.14786498988785
27.158291510678456
64.2236277367331
14.764601085965795
27.05266300597657
24.805483452553954
28.226852952810145
11.26975714048738
29.80828128858256
56.15120680800493
8.62262454146842
26.55624553341977
97.64799805029644
28.30968642996785
27.644512394050835
43.960110468674465
12.828618117283588
13.538056382878002
36.03636628463106
40.54129811205062
22.243040539519875
11.385214369125054
24.105914983257787
47.58175826798673
24.384726407665735
74.04961263308377
18.806423780153388
26.58233678305193
47.30482741067141
25.583875790204342
22.307371761773492
34.533156276767265
29.2150923309905
44.047107733473574
32.813542464802346
29.013064283434797
31.07120438537673
41.951685017670606
54.20796073830066
20.07078265358008
17.22752034581142
89.96513044255761
16.730555394902503
53.05604909138397
79.32203441425008
26.335066546785598
47.00268199067933
38.19756022960246
42.07109038021134
11.627267114986347
76.13782889112906
61.40230579662733
9.864717769931739
25.8318243320381
23.371134056053794
13.48886262977097
40.24070211641652
55.5267618624953
23.124147190669415
30.147828589562785
39.82992989014515
43.39376438697466
22.897178974491517
30.222285015570836
30.530475791214666
52.01703809474771
36.80012573881689
19.127355505874885
33.409787277033935
51.35352479962633
36.32820115672727
31.742143853940902
25.887366929751877
17.592042571587008
34.25301664997535
19.053174443985437
18.18816113163968
31.388099806659785
27.575542057493855
25.037016678978226
36.81707025831758
44.99262485593651
37.01385581871684
22.37062877775892
30.903466159207433
51.608181936874665
37.31836813552725
12.554040547229917
18.659614789271778
42.735564192723956
14.597751114729085
34.1041243568182
72.67498340921257
18.277238037630493
41.35878297114716
30.035790824415976
15.97987228416894
16.695697226466464
72.48580023259188
30.635675021607646
25.518450022141074
40.42960213673379
19.714825778603597
31.468188196758135
33.014433907932116
10.729462087403173
9.698684358892773
16.387945923532072
48.286675340544235
12.484791602871812
22.0103953831064
42.954993334326794
39.64488643806233
50.0180294810699
16.099752704782663
27.104676941015036
21.165202966536935
40.354811658303134
25.458584037388803
77.64244819814613
64.09718062144388
44.20980043626965
26.4928949577025
60.107948452539326
62.458703899247894
54.26961006033809
48.81054557437336
33.70365170977432
28.201997150089948
36.42268561601258
18.129026961146355
14.215196715788398
42.88943328391008
46.725572240056685
14.408172705159467
30.805133791132395
43.87149344870681
35.1660580830297
21.19178324277455
37.22721282881085
44.22039370346379
35.8047671735231
25.58546837708453
40.96216539498882
9.896897548435573
32.39077557390722
11.648887078968707
85.52801814541895
33.46404016977467
12.057976609526024
57.35833081566539
35.07635671555277
49.40761765971004
36.38600610039895
16.496150207218104
67.28935826874824
38.74760933685569
26.682336700249014
67.41420834650422
47.52103631542046
65.22395875603723
40.250590859575496
24.486530381641405
19.97583442751582
38.027488719362225
16.580442015090316
27.40257519990992
33.01104249044732
32.15273372543987
35.2958834243083
13.198460473640349
30.461625895471755
30.159833365311894
50.00705156995756
17.863194107467255
33.90843217124061
37.039309683176874
19.634382284656947
49.903792901300484
11.835639226944288
19.883536592559985
83.69605304680326
44.47842568685418
39.86012227877832
27.266995323080977
33.76670929688288
32.60574046166036
16.115506899681613
37.412951826928314
22.463568678161764
23.119056990146472
38.111475847379204
9.770171279016676
26.789187376660866
49.874740857598084
14.972503078781186
12.390095351755031
40.661556298320484
27.17657562295632
31.96641053714318
30.04720985205447
34.05581413558805
9.260186392771917
59.82815124208523
12.327524750850271
23.920124715083084
29.022367140953225
24.54230294937922
58.71616109402187
25.49602126301221
20.371583631021377
47.38397083854694
33.54985966145861
66.00733383184453
36.39452805514141
9.33180343388808
25.244226340909886
43.16649284339732
23.189518546448625
45.83509129066741
35.62656386277609
16.150091828880413
96.39853073137303
31.035262634929428
13.91185615084963
33.47018725225583
32.98256186318817
17.294065061449647
24.723205450973644
54.99958975433101
37.76216830609528
23.860155558826992
12.918855040867777
50.27853695250484
42.063553973537374
35.674447291945626
41.95767800730717
15.774803944869692
63.67786301360409
18.085912866420774
41.911713819612636
11.502543646921154
45.92116758119935
32.437746200315715
30.591885129770795
23.41880395937946
34.50795030623348
47.591737346219034
11.593206294636909
15.324502596301024
16.383103455282345
42.80902905714065
16.04501942958197
25.549971377977275
9.654956473848157
54.8118979574234
3.025100691248324
16.892295276787113
13.025266827324424
39.42318593625703
32.67646746354173
35.43509446859224
25.358261219183415
29.196661037890948
42.63532431592978
23.157603642821005
31.825879786401508
26.49600654791128
31.578792051332332
17.784416650153332
13.343395681814293
19.702712945856447
49.2387307012439
43.99101491091702
29.756575072471314
32.210519925598916
21.65322725733007
21.80208749721994
84.32672230328167
19.014501952103753
12.540105312936012
55.990157879392214
25.090243621470286
62.73832507853674
35.34664335825319
42.61041055196743
45.62250324978535
26.357952203632077
35.58900813845759
26.72733365190191
46.8852419544124
47.93848716829911
35.60312998278838
21.245626972239876
37.72682519599579
30.934296240097325
19.00629493370023
9.834462262754744
17.514208367632133
21.77383204618895
20.526757298327777
60.77124494561116
34.73773228732705
41.20232900480044
34.57302850205201
34.18566950532917
53.825817021711785
18.141113642066646
50.536442739181055
33.40031833376831
62.16707965200421
22.1767353157228
27.743213544569713
13.452543895903407
55.11250947309977
42.03911725800506
37.2329350637265
45.00270531953499
32.16859296398867
29.474430532911605
26.064994505662114
28.185924204738168
15.904538633846574
40.53916316110142
64.82979613483153
45.624868461888525
10.10259921893999
13.230856179658945
47.95558921582492
35.62229984174886
28.99436504503386
27.852239197452484
37.72376059758114
22.957016419843388
32.237392868719375
14.32311216812596
15.044907955290334
49.55110357751727
44.03194290606698
32.44262518304561
19.961190458843035
24.926217823176092
27.409280743256502
28.147281720555277
23.325037358538207
44.68729444533838
79.22165095682789
27.035617753588348
45.13023532044127
83.99569229868146
16.231241347771018
25.739095218958617
35.3950714514679
23.346960547926233
49.270354186706946
57.831635816519324
45.12853811302209
26.589155015264854
83.54635585818562
25.322890506257217
42.844216500940256
48.18051708479383
40.471959403406444
23.001912240700516
15.430842107952783
28.948983925605837
18.71708525185881
57.901032308133125
31.41399113026621
21.436852356293496
58.36980683814832
46.57574379299725
42.2269713199401
22.012745350440692
28.98027073613894
26.79171797539998
35.32662485921485
59.487537078171705
32.95988924558344
53.613254860673884
47.20520119792151
36.68602614619204
56.69430221176699
20.259211754776977
50.44012804243264
9.867675800209483
44.76696990390427
41.7275516388129
45.71527647554645
49.75811885265023
24.342584243807636
27.205085835190975
80.84073293381894
30.800279584397682
41.02602346109739
30.210357500592877
20.67173767495321
40.90260149385917
57.968655413856126
52.99938188301327
33.32678810899768
27.728033494441945
39.83355722530212
38.217713336854324
41.78759268239665
29.534460847606603
16.487817352299043
61.95930579134317
71.41241284266346
36.645923141777736
74.42594700247362
29.392303251082698
20.479341783832314
49.354934053735
24.202873094308153
35.33936953516351
70.61142981236547
63.1064226114148
24.07235963245151
52.53218202208896
21.997861030762362
37.85625307358229
57.887841636428824
19.041926718027298
20.667411846652577
16.858789710013536
21.95207406551688
23.864070465976113
40.27970400111456
8.959523737725302
29.774090907775737
45.12232686978251
8.934023529570942
58.196556952837916
35.29611784286128
23.03623212739531
33.431139053879555
36.173697081032785
23.381843614491654
43.751779731641534
27.406656521558375
65.306603851542
73.09064234418152
41.73120754929104
52.60525781064273
35.4098744097356
27.725900180637453
15.29489773429669
46.22746398845558
14.471486198725291
14.938484101817206
29.9176014326945
71.66739254698491
20.452020341985914
27.19037191177326
17.30395735601952
73.16128466226748
29.73691023591787
26.63964690778221
66.86401699314673
27.33087333446867
13.909116837005861
45.16429368707811
25.73900291779162
