35780.43744834412
580.3776927422936
36.33103114112922
31.696838572329376
24.080832414304037
20.3112049533689
19.855386870288246
18.945350697445875
17.559856692987744
19.686900592899708
18.275512800827272
20.31608915542314
18.589987236657212
19.373843048386203
20.133681568591918
18.55035854120342
18.05424891530112
18.757774130675717
18.2852309909767
14.763081765117088
13.463959975491763
17.220825771651466
13.382323859828352
15.933238012079473
12.462176118700674
13.285527740660427
14.070193653032545
11.165712536545135
12.42378856256019
12.759027535965478
12.27570972315994
