2119.183798766163
1829.7750398573712
1739.7258995315167
1408.1097768882148
1095.2888485163328
897.3330660589236
652.864067891398
652.2697331732393
502.49196393314054
308.04719130625176
323.02896853531263
207.60657506935863
183.4881854241708
128.7627165357601
133.7344764248401
100.00653877583845
116.2246570673183
130.72387054424962
78.05730215840009
74.93709751455742
96.65152607898983
92.02895763529567
96.93500670477789
84.44139318096731
118.54849005322066
202.2363490358579
94.06164353039253
68.14009898036552
112.88038196205498
176.39767529110674
195.27795081397957
171.39779251964805
88.09244349052477
125.09690657018764
113.34931158367483
126.10122096193935
131.44021112234614
120.00154446778592
101.53591311089767
199.96269688964375
87.54153763913868
85.00506717778464
88.12242891015556
82.37156210142395
122.57024599566857
95.8881782500632
100.22074657865976
95.50433424987631
107.26097079405828
96.34672375285285
117.77915267608665
110.32912219393796
67.9503767494857
56.46826902930881
92.5938075759357
69.4780810385438
98.85231608790845
97.2554876332791
91.52598054084979
136.70521856181102
92.33509598976129
79.29277434560275
88.09007015216265
113.33865487181318
98.5735412065848
80.37897743269818
69.6991330127565
94.35058856372723
70.85849116310455
60.71580773496934
65.00267025489764
88.93143702621622
101.20203767849833
94.7479901635919
91.95567815407037
125.66854531477331
67.6820478097435
76.0723018774122
54.453203913027245
118.36365468600798
101.89612018257526
116.9733667412976
89.24257639955584
94.57812116133053
103.53215458257668
98.77786594029645
91.09444616528263
69.93792682658929
122.32310702257018
134.21409585516744
71.72017950878892
59.76426359980217
132.98531310279668
146.38392103628433
75.08461118020462
77.82927194290133
103.18261775936396
80.54752016647655
64.63817480965713
79.42171118403718
98.3967174128686
91.02342263988852
65.70434837054117
117.39047913358687
139.0155424705567
67.5481448819816
80.0001511194614
71.57535851777355
115.48850431716882
64.19443587862142
127.94129573954882
120.41574655142604
93.38810746618516
88.54793993354097
98.05048416319093
60.2626006407073
61.406387441293354
82.24458363570191
67.22281737353924
111.17189830376302
107.16190256405915
71.70561850040703
96.33735918806508
61.73080961515064
113.41603657772285
68.39950294925931
76.23258119903682
121.02513171490712
105.9080848228175
61.938695071576674
91.57375876614648
103.5527177517474
62.77363070516826
85.95226723359556
75.50858311862098
54.46716215690982
64.40516289378992
70.53126542113108
120.67680503412552
92.50211752652395
154.9953896542947
97.81334016275255
86.64089501942992
70.02871718101291
102.90184482746048
90.33719994396748
129.00438730612618
66.74004139510997
82.33748924766033
88.31906366232542
55.19119741226548
81.34367989452885
55.364387448971705
92.31797602003239
72.49008561082198
74.15799530415921
84.54729003319488
79.92850362415773
100.90387949842021
81.25738634640626
111.7559727865149
42.796097846928774
57.13191928892895
87.94248480367378
69.36072446059725
107.79990143275262
111.03773310901373
89.52841693392097
60.490103751540346
98.94218585957863
77.77480441320208
101.92273818726565
46.61123303829019
71.18341249803056
86.64162005420037
96.88430851301754
67.93836134964685
99.78918182679311
118.63039886130097
110.80650802379954
60.45396637643615
74.64158124037394
61.01612729574729
80.45791801374543
93.09716111093499
94.35174665517644
78.12049881195179
107.5968899737048
85.83233571135209
141.4746105593612
105.49508511908927
77.82157418031235
96.29173826630233
153.07234803302865
99.22789268167998
66.15823966121071
80.8909828454136
147.01944558137657
78.49207543587585
110.30812880660832
75.30848424175169
98.17561237446691
94.56063729536756
139.02524984606916
102.44873150752466
73.94871620546368
78.26455454608198
92.60376937023597
88.61259190001302
94.85185864495168
106.07507356494482
105.27701958735416
99.55854448528882
78.55605941306965
72.99013533058304
106.75348192136529
82.40385022888614
117.35580099354743
132.9560457004248
78.03076919164569
162.56164885617358
75.26182812740767
69.64066092041841
94.08747377114187
82.27488218249252
98.06354474586418
58.8344457540273
73.72540270654825
82.43307791257047
91.70179760992532
65.62921548154954
90.87001597927747
130.97794681631777
80.81360338451732
105.96172002070428
96.00820746598569
82.91651516284267
150.8953050927324
78.98974928686636
78.30071545115298
76.87737612268708
80.98881255888818
66.12758954163077
67.79663978209801
88.76090272512222
96.14212098432638
86.6408958705919
73.55721621349439
102.4204370764135
68.68357049007962
85.39329741504757
83.58411507720696
111.68162458230266
113.7003760475903
139.82494653177446
57.589647210652004
117.73017814936479
100.56963117757216
76.13859481225434
98.58839774274306
78.2112319341519
94.37382770091548
81.37468370214695
123.84660127404948
77.79010453858133
87.35494482100825
104.07032149879288
111.52919278944151
98.21879269442458
116.66233888465915
80.16652366035248
158.83073949639325
110.55246143276614
103.44465681455092
66.33410790249685
85.9188159482147
74.14433716705877
86.4676427623446
86.26941757433289
81.13294601176804
70.51339601986703
55.11189648294166
64.44902887484034
129.5342442075552
80.77268964497785
74.13464686717775
120.79902210485936
97.09175412621263
96.79233666991422
77.0230179182593
116.23719271647902
59.966283504211006
96.7800006894844
114.45987025720272
75.12586699433125
193.66418683666654
80.35788518416737
73.15328130732794
80.31969977575329
83.03550720661828
89.6527724999448
61.74646938428873
77.29611793080846
93.11616252276671
84.38381995682577
79.5499889975312
99.22906622663858
81.8328503219094
101.25828153658856
75.56021825237198
103.86483539107641
100.12823779316389
67.63147912998409
129.44675464916222
81.8047665322107
69.0599153258167
72.97827375914193
80.19881352770633
103.84672969811359
68.80148248890097
76.97859461588021
88.40734060902923
131.6539068294815
99.2930736968314
67.52902516963037
68.29283505578229
61.34245798938427
58.243192946351975
74.71082829931018
95.12740006389603
81.49576329623271
80.34619504657087
72.59151040909214
92.42501087000603
117.1614444821486
135.51295291810354
59.7106774838612
145.1923850100711
172.5316987589456
106.88448268052264
89.01952862237343
75.68926433640165
76.23574957278906
125.74519891237223
74.03699394852443
85.09161262889837
62.60015788292373
88.83429788859381
51.62857712464414
72.77869071971416
91.0233322547434
86.12543621686443
51.6162879629819
88.49348434894121
91.90191828853827
75.51214549390089
83.56572810148545
55.88629767713505
64.50756572827231
82.12808594397364
78.82579198344304
172.49206479147847
79.25324456371627
103.55473798923936
156.10045867972372
74.20605333921357
105.85462441436164
114.42913087281576
83.82416714827346
67.8345004308535
94.06780624747219
85.93933419512089
128.73869334654339
106.91297064086123
95.47234564325815
100.68452152526115
94.24465339500036
100.37251741421129
76.05562680149094
80.38659439677829
94.6001811086423
96.09049575485383
93.46241178261201
99.38405585368749
81.36186703283042
78.7070204119839
68.53036782255437
168.87798447487145
141.83330165057825
83.52392619982183
78.08354049443722
99.08644655515903
71.5705010890549
101.84500867888187
89.56220723884898
112.01115293519483
79.31722013096557
88.48443825133246
103.06795387273155
88.34141130051817
102.51318730875245
96.41305959760554
68.99499054883707
78.72502412287662
80.62591888955606
66.8633309964991
111.41124024460606
102.62724478344497
127.52727416810356
87.84064888858907
87.52204554838373
88.35514362420595
58.09776163554482
94.00178707173811
62.24084904209764
98.18333830644966
93.39069151856081
67.63128135035038
75.1432212641322
51.81566782300961
126.25114686970474
117.78168082372665
109.25827478482199
105.0747943439979
58.11490613883837
113.35042614950362
59.38337722065382
184.53345076501546
77.89001166222683
76.76161116046218
93.06540852246414
106.73097897840084
78.57971897326142
100.9529516482531
77.74029959882114
125.56503753674487
84.1808011776101
160.43739911855306
79.30975653026276
97.39497179504538
81.77203064750465
95.90170280317231
90.24767683221957
92.63428559003941
76.30427973610877
72.17480326864994
115.8661562265455
83.03350210264291
80.34442988651391
81.16745868320909
82.79822661985591
76.89653328797512
96.14737684094305
70.5036532480986
79.81821584993367
132.1956751353056
69.21648854976257
130.89845579746572
52.925191533946204
82.5628593354489
106.86911136310874
112.11477731220387
65.59180511831869
103.5818622714268
59.233961073968324
86.61906299592702
59.89005887051345
73.14343951685409
89.38312370292336
78.44209779516463
84.81234146840066
109.71959942051144
50.794681438938625
69.28656455543513
112.68417566560105
98.2537827344791
83.54885737904308
81.46256020434673
91.32643422091346
115.72120220180338
78.39843896469263
58.1686527250993
105.70935391388797
59.101611355549856
142.13824888324106
98.50669083465155
76.75551044069918
74.03784023067848
149.50620589108155
110.2526389060549
77.40218311296321
111.7098046998973
74.99081593037283
118.68641832282611
62.16862016860687
69.97238954802084
101.03352459533754
89.91290650625943
123.82017761587518
98.00066177661219
95.0083906881811
59.75562214515702
69.65430379045038
96.21448733029673
90.60572553261275
82.40400666053338
104.62000585474931
76.78307436082939
90.0077398191049
116.89165610615954
93.04229325560115
73.03540860799183
109.71281181528025
94.41815659810847
53.23078340751841
56.72741896130917
115.28772932019551
86.06104204054674
127.58359344727536
173.21079953977437
86.97059971816526
80.08682039393119
85.14679166308765
69.08391226716415
83.72366687824821
106.91154564405487
60.19281181928638
88.57485258614088
75.59762654659437
105.4657029164719
72.19593941515289
85.61023380929738
89.19670724271005
61.20044052543191
108.99281865486199
98.1675237666149
72.15201905856844
100.38986204043977
78.762316956288
65.18692445367536
54.99651159027042
93.31439200339156
108.44339501939967
130.535371742866
80.33865410254512
119.94328479674246
66.90243135766686
119.02232804119453
71.77806089998963
61.931874053099044
111.88937871668365
66.54648565470852
73.33716666524084
135.04637119856233
78.32398311081491
125.30520226017299
134.4919662395607
92.61481235614981
96.62621274209265
98.51087744101038
140.49214414732776
86.91885325199345
89.50714217454072
68.96263905559626
82.78154673512256
74.63134529465256
92.60211556153955
108.66691050523518
58.32997822273162
59.898556798326354
134.7095160747698
71.49596914627591
88.90434216553787
79.58151643545031
121.47277972610779
90.22135068477446
83.23563153556367
86.92225975472353
74.74547528589675
107.92434448504974
75.71467445542197
64.59118515620811
62.96331861768542
81.46533398699974
61.64387950519532
101.57102969440008
75.66784675249171
93.79555296731498
59.823062365741606
98.74755902436186
95.30079216174262
54.29704235796879
71.37087244706977
56.96749107210317
122.46560698887421
122.87666568436293
120.94679693166977
88.67443617930265
84.19953339090286
90.61591796557391
112.38916060284292
130.48870645831119
64.08579867945615
71.96416019022256
78.9539572699096
87.67615099103833
59.843659600333524
73.88306247404522
86.94486767736468
68.08859085329973
117.48537437286903
91.07830705998235
79.48275196918844
92.5457438642246
104.84077882886172
108.59863408947889
66.10651452058238
66.83613883562948
97.05208317592322
144.3527896145259
108.62874429832496
77.36595759058221
159.59508175987708
82.25052158786062
130.35008644043268
119.81646561724995
84.51221710504355
110.39692039553088
60.38632645845492
78.72120315608841
174.41505862188174
75.89162214964274
119.22258979806817
82.65031395969453
95.47551605819527
90.75498763479435
79.64662373675223
73.80815826140868
84.90581676939061
71.04104594181881
83.66936422556851
118.18546714893185
66.34333991785347
95.03687623736144
126.1878246965956
120.44115512811409
114.02215257198436
109.79247663276408
82.87090300284777
104.14163327818018
59.7714761265255
78.751916372363
77.14953112062204
72.73228622349762
73.13640203689933
76.60371077356889
99.44910751701032
86.14653101908193
118.33666849697417
100.76214748208612
95.5178783741158
133.74055441109905
140.96951143867727
68.67291216487666
59.19527505061167
94.76750016552643
110.91610739278552
117.66726171148633
70.43482205470652
70.27763251429548
70.38769437476459
74.15101799381794
62.86287628674886
76.65262041163868
110.90934576350344
149.00244745914765
75.82024888065966
120.15075915072477
160.5467011173866
69.01652138677204
76.06884783383947
84.68671597987218
69.0866731773917
66.17564195159716
73.38833285883656
94.61040656305174
91.53920166714397
102.91403950606264
52.60113628412165
68.1430554464557
94.01987678474704
127.64586653487879
66.28027650087989
133.54340399449768
104.98871438673125
126.49043520477153
81.06887061107142
80.7798955111606
148.73662890362365
136.80536812740445
78.35218575627066
80.17398275910232
106.00797105540569
92.10425377456883
84.24045883675653
106.67418501834238
93.90683702368732
71.85049741731227
91.3990215350112
77.40856915815824
93.88661637869176
104.97147448526196
62.64348610097369
86.23431781664567
66.4512796669672
91.9556246045739
101.48069660288688
71.29101559137348
89.29686032744856
72.86355311295763
122.5125577769631
90.2411265661984
103.91543148537228
62.67992886329412
91.56992486123808
109.83093822831466
70.58535691822965
117.1604689893561
69.81766627167141
85.42571706302745
67.58263476002114
116.8526215246248
117.81454981103164
88.540926955604
74.78464419595885
122.4272007256181
96.30097169698494
65.14754313176017
68.51064248608033
65.7624719186667
147.50160348471437
63.81044311126046
86.48229565233213
89.84532395623414
65.87912865136045
89.71039511077372
77.23815691447106
187.34069902235774
92.79062555590383
72.08883095029174
165.7599496735657
154.21766559938524
64.45468528530594
115.25318207162188
81.68665901736082
77.52189062608164
95.76303064076477
83.40098981008488
84.00362374932733
87.63301463283558
94.22334443878673
79.35041900453294
57.28487694177814
87.24218396585498
128.54433030453282
109.75817577126661
80.39957269801799
101.08545574299592
86.24623252536554
93.61795065500147
82.25885417789809
122.18479133037536
75.38350991726485
88.04845190905188
74.14799484804976
49.55644757815782
115.26375779397331
66.84884456479999
114.4024252219542
120.69531857563764
67.85139274608106
105.87758645168259
65.11286217892501
80.75907067923579
69.24930009027122
88.18351252125197
69.42465078762807
72.38194901784335
79.79620706102092
114.74515197106143
83.4556408549628
69.74613889963507
84.71613248009882
116.43434600846543
97.96687632126248
72.91518970807014
93.91113767511598
117.18790233935552
147.17181857248568
75.5848973197839
62.30031028062035
103.68331090903247
72.71282035770413
97.42704548519502
92.89284350464794
79.3842961003051
167.4380301429527
88.29311774932546
66.91432608880984
82.06514108521415
103.950208142635
69.78982490553672
78.46446865385599
65.91113676177919
67.67982465590985
89.33543927340186
65.60644709817127
107.48577248173407
65.35196923727106
139.4448283523001
82.02486486613127
103.14006458341716
89.78626993459179
79.84506976179954
89.87814744987199
84.69262621901899
73.81691958570117
82.61399687605119
117.38685995130605
90.50225231589978
77.65860555122157
97.69583850135861
99.7299578745323
76.65657846525346
94.87150909308139
70.77339085416826
57.312318746919345
63.05402094613136
103.01523327531001
93.89529762647585
144.40554823595116
167.64341134880797
100.39252393849449
67.1299633468365
83.10533494521165
169.80720171356413
143.0648703175127
72.98207702791413
108.56415376654755
72.12627419708792
163.8796323679697
70.52321647808455
109.3856127894525
86.50950583302689
88.3943674478211
81.49758600820826
156.51558686981247
119.60003290127743
73.19297675384263
111.6182210258788
94.67837303225515
82.52657773351292
193.91764851139752
67.61221239277113
82.98989835040112
166.73746645119672
94.07686598435859
66.42861402810505
90.80731084030673
58.521620530647446
62.05861875131187
89.78785239500561
125.67552792999037
114.20258283370997
137.13125573491857
100.73552887437216
97.86619318027402
69.53261415982459
106.50156280457415
112.629333374522
67.139001168552
76.27324519628873
80.71760084897049
71.57216526253887
87.30670404392784
67.97712752941561
150.20334145642707
76.9366816047967
85.50067010450252
82.44743232994857
64.59867175037868
120.04186388763947
111.05846545921034
84.11268052362291
91.63071518950348
116.01224877805143
111.46295162241418
55.55647125354232
83.9137136544382
74.67428407080251
72.23861886471676
119.24852706002235
108.31380936136563
93.2128625274308
89.32420163048262
102.80307078894626
106.74207623273739
58.97644456067912
70.56694573606849
57.54124251887164
103.95732617888471
81.86349447615765
67.72043928854393
72.0624308038234
73.25820293568715
80.16280671537955
90.17958877787407
137.23609739060294
75.7449421823942
175.95825504013317
149.45915807509488
85.10691635514944
91.79931728592699
84.9767567272456
96.48286056854883
66.29318977214005
141.79898761769104
82.11858707288374
89.47055664290643
72.43863874356067
87.22221604750355
59.429903202103496
65.4864661967236
82.07265458691627
82.24469508965907
106.17550871252159
78.28513560614827
72.01725714487488
139.84696561843063
119.20525219843002
149.11151897584858
74.57183989811261
108.48394768282985
70.99974054875003
89.75899683798386
87.30924618468393
86.25843517909611
123.22545804356528
79.54028571368839
63.4544995152852
89.13477018950844
78.60057032604928
73.44480794715182
71.93444392775648
118.1810059945393
89.94299397907983
70.00498258502488
73.56986329046042
93.18041185314084
66.18944711458612
88.67528856227183
113.9002561299621
120.52573152685004
69.81098403221773
98.71595835824833
147.40731557658387
101.11677265118584
62.03980944154068
107.46676930650014
119.17454215078595
91.73056588313264
115.1660088751018
91.0949537785472
72.53633293451054
71.0125038284408
80.12792292558285
95.66176735647099
90.66983711367648
104.53960342434956
71.23291933044487
83.38586357333247
71.4923939531441
62.745199892414874
78.25182283791102
71.89664788992508
56.36550848943788
96.6451000982136
109.51967213536537
81.69408894596341
100.93176216872585
72.67246687662579
81.38965629627032
87.49436876519667
79.36212263111145
91.30431547824809
67.44077221250954
71.9190798380361
70.07412891766592
64.28119957162767
119.18020207020523
74.73186023769934
87.50302711666245
78.81542214388931
77.85072420205462
86.6769097893667
73.1865587787377
66.23312607201579
71.5065648198911
83.58420695514653
77.16959305081423
65.13501403942347
70.16774472435888
102.81171343074433
100.82973732273372
45.46211098775906
86.52167608731159
79.27602247914724
143.81744512057503
76.80517765907868
83.48067241162667
101.12627811333361
130.62403154238007
76.35829027904595
89.40736518511109
81.89851022115312
128.35567242627974
68.28711372474604
82.55138881484221
117.38766097802029
69.46833680991683
76.31259872837141
116.46955962636429
81.15098930761843
79.61668316192997
141.31918489784977
80.53002460854812
75.7280127690977
64.93574869045476
86.44992652587051
156.29948342658116
65.80368758172935
81.29542182788532
96.9411886963123
83.48440104611933
80.19215493236428
91.85845713244031
80.45812256649643
125.37544923222947
64.06709158505896
75.54432293408807
66.46476651376513
92.69240115272945
72.87937677512775
113.71242779290249
76.84084789473948
74.13069402755156
91.6620127921966
79.26112264122149
63.4777541378881
78.78343279625973
71.22743015249112
126.13228547683958
62.87609045682439
77.04612541204814
94.26245746728638
83.34740494012259
147.57174923078634
61.4958394388788
75.09346756614961
88.45554967542894
125.57134240335309
83.6617601184224
84.54887322360828
86.95024156017213
63.138096237484355
71.80042093439371
85.15875561031292
67.47193587941676
63.48162108481647
105.46524644155294
90.24904836772332
92.64921531840949
98.23355727156708
72.28767234639966
129.76623289735093
70.06081869997573
133.42815196867772
130.63690668259397
117.84359110300775
101.70207428579074
100.24800266220501
87.9622356724436
72.63787315559279
70.28508147903139
126.68894147126836
82.381325466396
71.95749020236684
62.473638153451446
88.91944720426802
102.82976969238054
82.79135690205644
141.22610934913217
110.23054997530777
122.19327098116672
90.97699827905248
66.05032366039309
105.91817452452055
132.38600222792937
131.1461515417584
84.07032705967062
100.23141285767471
108.78169515667237
120.47154063093195
101.97540743427037
103.2144754535096
98.57637387987675
99.71765850678158
86.97417116303752
85.54139586580337
115.42848695431664
83.01614770510609
87.2257854777623
73.71764718156258
91.60160753656538
106.46213884594687
125.17480567300517
106.17493538054535
69.49841713884896
128.11715315283385
166.27389763055317
75.7499372813328
122.81763227178928
97.37625841213999
82.61774883695968
63.732777435322774
98.33547145340602
85.21940785577607
102.44996335635679
106.45629096603844
131.18857947887176
98.58348537017223
117.18248605055331
77.62648048177229
63.339895811962
97.48831878841993
121.7282525145049
83.65329962635326
62.111282833778056
104.85814972799825
56.756532928262374
107.70358837068459
120.44160399591357
71.99205281698195
110.88176462595358
139.53593497596168
66.7044087629372
115.04878267764968
62.68200324803696
71.52333469641454
158.64545154130772
135.95925185181895
96.15661773075442
111.37349425881213
83.87072684893614
93.89881530966113
68.29184700582167
54.177648480877934
81.70159017935694
186.27186168130507
134.1680812543732
140.0369031018354
76.33897716829243
106.59901652092599
75.84687109924208
87.74432845860967
104.46760505069734
118.44083151091806
68.41664444291166
93.22670702835674
79.56479340129383
93.66820025371022
66.89285828660087
116.12716882489791
100.93929271556678
74.95377689049991
67.36471731734214
75.95225248662088
60.67108912046657
63.28392171024711
37.134743997463545
104.21780579336738
139.79681394168776
98.83335837527741
109.86879224711323
73.05504397378985
107.22334718116117
115.57490303877216
97.01449442438876
90.64705975900036
67.78969274763934
112.04520888746895
104.33962715038663
81.01633799220525
83.02691688067296
97.56599464185378
95.47448280293911
76.8836002825535
84.94667080973072
129.59139737979518
64.09811784790685
95.09557359216113
133.56295808414913
91.52317630864532
93.28480695338965
63.16121029477549
86.68611522508121
60.40441217670719
51.50589295696858
88.65310557252829
72.47887269878586
90.10439151736782
71.10422956635075
102.26417006391738
70.06000778707288
117.90588002026037
87.12416245098457
63.37028240548245
97.47531569832078
74.34604445713137
84.75495415512971
86.24203303920773
72.42588316979784
112.13697983466446
99.73457518085979
64.49067215939215
170.4280668361289
76.46132460402067
58.9948177291596
83.92824503719231
138.6248782453436
100.80888910850024
63.426788088031635
85.1250845141026
75.87548874369105
68.4161067919461
76.61643112128944
64.60522447775513
88.22264253767962
97.6416982325771
92.03452792094635
102.08975995452914
123.74867876017323
89.39540367044245
93.16948225096743
138.15148380736167
86.68970215353916
50.52314794133756
61.635007489910635
80.69389738477872
57.90716131199971
74.36934874303886
77.11196590897225
63.63809507670215
77.68353394653064
91.42857511124275
88.62518571248738
66.6778802305731
145.42893049573914
109.26855307081044
107.10932122763039
69.07081972655692
77.97864259602522
109.57566272447687
107.58796450767305
116.7663153290285
64.78375179406306
116.91015668095336
77.57162221242797
74.03298084456404
83.90722851732012
132.856022494559
86.30389694006251
102.94341164553063
103.25365451693682
95.98579352451566
72.91777501496864
81.88650839356256
89.61715570285445
79.75702026819053
84.61208104727126
75.58243667390214
73.80084282244657
88.68267992601619
88.22236168076341
59.964916945688806
84.98576895540168
100.02211482514424
67.22281543066003
116.51236630804674
89.20870816577381
72.21713733740519
118.6571316739251
135.02303606476212
74.29980245239673
157.9408442936375
90.04089637591727
85.16165832669945
149.3063063299645
84.68054054572175
77.87887153841882
135.50134657504302
73.76889631891359
98.33631965810949
98.17981900663263
91.71247836174282
71.48729807799502
84.00842662465323
97.574319084531
66.48988912403523
72.65189879218569
104.54503342969419
177.49754062101493
78.75766154054979
95.93484520054078
160.85380058591628
68.0180372150553
83.05121384702363
127.02396106014733
71.00840266515566
73.17252545405233
118.53479016294095
58.9743110850864
77.60055106159093
80.36572092058199
88.31757590243949
159.81446690663356
96.18434733532685
82.32011888166517
88.71201886081343
70.40910003636976
66.49295645512848
62.914779457652315
67.29601368831992
84.92633933382336
118.97390544382907
78.72477534366324
85.49522136139207
92.18132397352765
79.56315043219544
122.4674699346856
80.58837884264148
63.244536717722525
84.55568211726668
119.37211030047723
80.88525408326379
93.61088039661206
82.24282929180582
81.642654326299
59.002629956048644
87.69963744667615
81.44876068910534
68.48903423734636
111.7002589751462
75.63099457327492
129.0167981912809
117.06425891351545
99.89138794202663
143.00660215340017
79.23722799210454
86.41909459350802
62.44248734463027
118.901706670929
94.91054506605101
65.12424173113786
66.29077792698459
128.26562425025404
96.15740896548341
117.63244920286218
100.8682794531666
106.63043999545359
85.28930304619425
71.22101483533633
73.00984851717624
114.81460187315922
59.37231621042487
117.05075847236566
62.38642221264944
108.67293522206603
116.7813568170168
67.2741406359258
93.78987807881053
102.06748343071791
88.28372943217369
64.51121026473936
77.94798762333951
106.92096837780282
64.30911993526809
91.51433443589546
96.23998674990317
85.88680879219882
91.53518498165548
72.32672924143951
60.11560860858355
102.34291800826529
95.36126915466279
78.94243080171196
142.5192546392011
69.55549225045122
72.0477874691759
125.87592266016662
124.19010856769034
134.52288658878712
82.08201151201429
66.62910558300729
79.25527641098915
66.04518655896628
69.95300794153533
88.73965687086232
87.13365458140618
120.47190035706701
103.27410178778914
87.94315843528989
88.29628582765258
93.17537233675178
63.430991889619094
75.3705790934015
92.26227814061207
83.65503205829667
84.66254806150889
47.65662817027079
118.12410572825556
113.46337575235708
90.05628094767893
93.46567391439066
70.37209826440791
75.43132744461283
110.95182218006119
69.21267219610158
59.72982269273173
104.12230333252022
81.85595669938735
81.10057044820924
82.44573052215465
76.00065167676185
68.11087423740922
138.71551228104246
89.1991530113722
93.02232239465386
73.15287538916861
199.30227898892485
136.5647126785066
155.4112467334639
85.98854702015267
86.03524675415615
86.53558785394024
72.05764160518153
108.76963439300624
64.44024818456074
74.58551114146135
70.29178210712672
84.5076013080569
69.17222951607094
129.81593416644904
72.06490850974177
89.99707226952474
72.8919796302726
76.7823652336855
104.01893111465508
130.83580854078903
139.16490463895806
78.8266080689843
82.43920471420724
109.94301556694994
63.260380457596185
98.76853695988977
78.13075984653521
119.46055010159742
108.07424025842307
71.8181080113608
73.56907933163768
66.85838894117495
103.42841759944787
79.8081646944784
77.77983241163413
125.3357019474302
98.43001937379717
91.6271835694548
71.91427413639255
75.57709113156184
95.3507467345736
52.407374087825374
122.16127295775252
73.34439966019725
96.41293567864632
75.76916721141792
71.63912526426265
89.83784187094473
69.63531143370332
139.08980578384714
91.25744894994845
85.0357447295532
108.60005992494655
87.45149135499338
98.56455310035528
57.48155880061806
110.40461022353243
115.01157814278382
56.03817245443322
79.29989236924386
101.97179880712662
65.72332054136868
69.29310788710681
127.41909063867192
85.68442475005811
69.25165553737833
83.34272583330932
113.40606250240867
96.73824960869891
77.9375473476149
130.97040372581787
54.14614386866615
75.03042864785662
98.76827287695275
77.76988774043117
124.37029587144066
75.11560560390035
87.77754822071505
70.82483868650775
72.05659229689161
99.35349863941633
75.51417814841508
97.31578348337509
78.44619408118373
106.5125263468374
91.79745870812856
71.83961975696053
77.72435485881769
111.88287098506211
97.60051028440948
97.16216816114685
196.62845223588508
87.60496770018734
104.34459399854464
118.71622045025201
66.87851426936075
100.74579340420806
87.6852554471098
113.44390063639287
80.25159299252952
106.99937652036763
88.05563478783655
85.55434794691737
96.21083164171581
72.5079767070216
84.41759769616975
124.6519448566354
70.11014533455305
86.72807425015404
73.19697390974875
77.71200758037325
121.45791948604034
83.54358504649751
85.4645704149251
107.16503003855648
115.38374693963335
84.27845109370837
96.37861784753817
108.2326867283226
91.27659779768945
83.28522138312462
78.09268449013513
68.23756133981372
78.7181011569371
76.29630513723497
59.96073828946884
107.90943572514931
84.06655754313657
86.08359135289808
118.56670717836961
114.07789182109632
83.6922440155545
70.96507162787049
68.34912057324141
96.32796512529025
92.46759027195844
84.39523577162552
101.96010283534274
76.15559614836394
105.1537468647965
109.20271727175661
86.44140822338984
82.35003458488097
75.59324665543316
94.9286931785129
81.59167107707985
74.55185883495609
97.18866609443914
87.41916055065718
89.91348656387233
77.41460334124712
95.67370448652319
73.5992882376665
89.49322357762756
97.63688725528009
64.98538564374512
71.74895173605934
81.52704272837624
111.03069086351356
146.03720855043574
109.49761305740844
62.01277551520121
88.46191169371524
73.7392692270919
87.06289175884238
88.60005349331752
100.75443107336402
69.03628494055928
68.36795955322837
65.7417782311444
94.50013001132854
78.77617865522765
101.25372892518823
76.93136817988915
132.31933539424253
78.89517498890591
111.33569650394585
98.74611795192976
70.89873710876562
133.4285156125193
73.00210386880238
69.78023333539645
87.51361370163681
68.20790576423612
108.60633699051614
109.07875079539042
108.25166348543809
80.97453924227862
64.15893895506971
61.66672768517291
86.95816863117312
133.41197633542862
100.33364367211837
143.30056412327616
133.96133242795813
57.960355919082794
133.61134950899648
97.81331909142827
150.11557709591952
130.07005120886913
112.12401540033268
119.47805868432964
150.133137151445
77.65465743233214
91.29170852332378
75.3141793832323
71.76867874014485
103.4169907496447
86.22137327401572
84.18947646680175
145.05949854655586
116.76999597021857
109.54613236944336
71.56127094312747
127.09154834524314
72.02348975789153
109.12994854702318
112.58991198735376
107.31183795895049
81.70738603984144
107.70213451281995
76.01804569499487
64.34622105400058
87.8418333984635
97.96226513439818
69.7969115570421
78.66476207847847
111.25458989276402
100.17540737198082
114.96085160530318
66.74139547054571
125.76585449704567
58.98845044686327
133.66354074113835
97.74557878626035
57.84040216792425
92.88438690623757
86.15084770442503
125.89842848328234
61.79351939145331
79.43410442653366
107.9903206212422
333.4273145276789
95.61274880579016
66.15400774669251
74.73585680229883
78.24258721106855
111.19569621043543
70.60994082406428
146.04883136654158
82.43259723481533
123.93443475702037
85.9590421194676
78.8273393601108
105.54377085686468
94.29570486043691
94.40387270656902
75.22149279241161
113.76748941537728
86.60476453221365
109.44837415500355
68.51761770624753
73.45426367653275
62.08567919024577
70.72343834638131
171.17296146797506
143.41869555696195
73.8732808339332
68.89773428784571
54.159794470805366
54.737740874227235
94.73691568828089
58.26196307952828
72.93472260858313
71.21965917012946
85.8305825646941
71.52664612388365
63.87586276610521
85.78169374810233
99.82354479874616
103.68716568217803
114.62303804685408
72.6003947055749
93.04310945832722
84.0332864570392
75.71104433647638
89.73327687969982
80.77317446579517
77.83822207153075
101.64919601118724
70.85867756137164
88.26101949369082
75.97888650976779
67.00569813378428
137.4532901301531
131.03242082819594
95.59415201228737
60.34091522441373
82.48229819427692
71.89716568369045
72.29779903625713
95.9932250921946
73.45736596725007
83.87924641653404
105.73756132508309
65.68744493247158
119.63705170574228
100.30103426573835
99.37712381785461
81.49534248928981
98.80113891039936
60.57590705880613
72.25413143857115
94.80211431777312
101.21610019028007
55.432452959822264
100.16666469556017
61.50697891908479
88.00238320396197
78.42650586545638
108.79411583474017
79.93535463222497
117.13760563821654
124.19553968556112
129.24253009355937
79.68924758696497
108.06737610659096
80.81343846565868
61.562006723578044
95.1305073589719
107.0058572608944
95.6176669343383
70.30500772813116
81.25132085916343
78.84428952518654
100.78343275744695
120.3421342991773
115.06910199852275
69.34075623887608
97.23305199576049
104.17768700804953
60.83926628616523
86.67406157482652
107.43849150826861
78.4464577870552
91.78274022846784
92.13067223384678
83.87551866044224
74.72030111362994
70.80099753082615
77.06467981387935
85.5697666983202
70.29004372077887
94.4639264956344
87.87948840413785
78.51732656960651
102.31525893500921
106.83843106035904
79.22655783544847
47.57642216809584
79.99288994723159
65.90797945005862
92.69916268887599
93.20548318802099
94.5034051353286
153.6775127904285
111.26372793001839
57.44073696613954
88.41146525703333
98.94592796862625
70.73091898402565
86.33374981606605
82.0916183249761
74.2442488878241
95.51959352468151
144.29544943567515
76.90300782133063
63.666849677445605
62.09351382710124
102.1628652601579
93.93674677817957
85.08458853771789
82.93945679158378
60.113951099382014
87.1776528201162
104.5226609122673
107.13275089891255
49.81548136350856
72.43075816521116
105.85368144898828
83.74959630535606
51.70247249334127
157.80503141597066
90.62919449438873
88.27308214481533
89.20948781811032
93.77381341249841
88.4493276293995
107.79082524504915
64.76327622143955
94.14779720030708
65.65775578559663
126.77956474296315
137.42003669515722
88.25626538081346
80.18600786259252
99.05987152444914
95.78601948229405
74.43068381327154
94.18091835853058
82.88144321078089
82.11538184115972
76.52228617304056
91.50063599194509
79.40112533798977
67.68660330363548
124.22676098762192
115.09565004752942
182.24775402397924
170.95658486054606
64.40635863754254
75.76255578745536
75.56507396649775
75.85000060974532
111.06099276045045
83.67782809620098
65.97884156122404
91.96079025642923
110.23672380653207
62.46014017365689
90.58743199738014
108.26544893485351
64.89962104043424
103.46833613776467
98.18619333249319
94.69901616632549
97.22999626959462
86.26378608076179
76.44716294108773
68.2492499424359
103.7674936507457
59.459620792906605
69.88959889251434
81.75855783962426
111.06325455360695
119.90196753028803
82.49732501250676
79.05931053810276
71.86101169433203
184.98065983521263
111.22507396837236
83.49349661368176
93.71264146794857
74.80400578733281
61.581433819115496
107.37263598597029
113.68066426676631
74.1860224593116
87.70629510487207
80.65117045794582
74.96334671702283
60.97781390211377
103.08097568224409
194.30083227977357
113.76850152850453
102.84785049693272
125.88645173456582
61.51524999136656
147.3048344733256
65.8182756512406
65.80017840964108
131.98957784610667
86.68776377172665
65.97667346288101
179.96192603695104
64.63555253663579
79.80759923111047
87.2452103028701
111.20836734716575
67.6565444600002
94.88522851037959
60.89242834429614
84.52286589700554
89.54818720488932
103.11565813031524
68.97761809939843
88.64910339329471
58.2836988459202
113.26259534017684
131.8866565801723
87.86713087965853
141.7112436669981
111.52540168002967
66.88045451916182
87.39555736589593
106.14152248487795
76.07483116283078
110.24399346279307
71.41776012350878
83.63410979232638
125.28675089321011
84.66328788458831
97.33620577379082
44.79618070183352
147.0699072540161
120.87451700807704
103.220792978834
92.9682105161484
91.59455980492753
110.03064625743002
97.40499780138742
83.65484355039887
120.25667575161287
165.50831254409619
81.44814796102388
72.79108910462273
137.55043854255862
87.94725902594215
85.1243860405143
105.84055110163284
67.83208379797072
132.48684726792553
76.71759238786836
75.33426227450828
203.63950989739178
84.6066136167723
98.97634320848024
72.78684291151642
87.89920033224823
94.98711340406311
113.72399391244083
97.05355154942046
95.923315539929
90.72856883311336
117.05740522255599
63.13239177428957
73.99215134068359
91.70527724503827
69.43950400718765
129.9647985289344
94.40556005192686
80.2759368361302
65.14316628780978
95.74392406107188
62.57024431157099
86.38080880200532
85.14318536052706
74.7077744030075
118.04502960129236
47.079709017711934
118.20555953686853
126.27116731658421
152.69293475711038
78.71071662077316
64.79267478648286
101.16205064574864
105.05294912541908
90.80710247780762
103.2761946427357
108.83631127000386
114.60776998213275
89.11432623059369
77.02240905642408
100.2135674548142
78.80844054900017
89.06384994463505
70.72465618645742
73.83328283766981
53.87402175366815
47.31500783399253
68.72532647438952
80.88923944639195
112.8156983161843
163.65191288179082
156.30044829946377
94.22778731483213
44.3716182871163
102.60470759734883
77.93564840505779
104.05199778592306
63.72148709488482
96.19778377307917
101.79184390816005
99.34035462189557
96.41274572740166
81.34907083888717
91.9525858792362
131.1846773873899
117.37925453607174
82.48417072014207
85.04403659366359
100.60956304693889
117.06413336342152
156.98931947800165
100.80423284136317
90.47950175648155
95.12402229199218
63.618525463005504
77.86239683643893
79.61346937746701
109.76153777711622
70.90965604270876
95.38396836123356
84.52389057437975
90.94276448182036
108.09691916986412
88.18201074099737
59.17937749850586
53.04683912806756
85.88860609146194
102.81083484999047
101.973942179776
90.00387095924272
93.80998873010974
78.55418030262463
61.46137898914229
105.00805113536198
98.20696643749643
126.48214113072123
82.58698500482528
113.67998507008468
60.74876832105117
76.52701724888084
108.76492007088466
75.76491139452305
66.06870496946078
83.31609590120209
92.88103561211122
90.7048204928287
70.89551142344081
78.20342736897425
61.48046391688642
109.12552101120193
140.12716602457263
77.36991079569363
101.58055383865428
107.34522115290656
62.73913854625235
96.18603176368856
97.98112287282666
79.21835047230019
66.95798714803766
74.65008982249623
78.89610647553262
93.1609764702462
109.02802033332146
97.15105520655231
92.96425907579834
65.41116651594098
111.51955600927957
57.78657785527081
90.26625124031138
126.49643690887783
81.16362587672165
101.6017255242005
72.79615164931292
159.54787435156584
70.82843840877771
61.752909315644324
101.02105931026566
111.19526322080313
97.22821154589795
81.38193009265954
89.57342399258206
79.1608794648315
100.56100390952219
83.55608986587372
76.39289298243006
90.98645254398166
85.47091399840767
70.47894022713665
90.71260106298665
127.05103263718543
186.52034848733769
70.4771299054689
69.83916105221496
85.45769184739716
96.06054484175431
69.92444504682938
168.53297061220889
106.22547691473996
91.68674411040732
67.99809913686931
104.67725762145521
69.78674624605172
62.28448186591292
90.90701437412326
76.21994874013468
63.45824277761353
96.83665583388088
79.36369671289034
54.98634927097994
90.78338231066672
92.75988489956454
118.24727321285758
135.42907355316632
139.4867978223902
53.74805981615036
70.14163973483127
109.27491631617553
84.25051780950567
64.45573498364948
85.66464238675134
65.97760952339593
69.71469667264472
93.43808854908553
109.1433794503258
87.9681886742844
67.91314550141145
91.06115796228454
80.46169356630521
130.1398935393859
82.3038845468678
102.57250267087498
117.19063404070357
99.42031387587772
102.89846715549693
65.20254677219435
105.99669685791007
106.10810134440298
92.76291172077485
131.47353775711827
87.48245951040636
122.1554577955837
118.33143702825029
67.47816937255521
92.4907016823739
89.10981187257995
126.97687786462252
76.60435065007373
61.10944701114267
80.46570264339258
111.96025654793193
138.23522203179124
116.24214766344471
79.38701431026868
84.24858684156759
67.0185182449855
111.80662298360893
71.33375985328637
64.92044395984571
99.17098227999654
71.64610263780357
112.00549642709463
127.59797228127563
139.0500066927697
57.507756195431405
68.42028932760918
73.9369937997269
62.87765817260094
66.9575086107674
85.7671187649648
87.94413173423257
77.3503915538686
95.25439992672041
72.19210350723418
100.07011877568857
80.93619497484633
122.27749651332418
114.46881628928477
68.66868527364846
80.31992988757611
168.4310737806327
83.2312297329154
71.67171976551344
121.29291913795551
83.01581482412354
100.21297353279594
104.92649279682746
101.35285675339819
47.35015490038685
50.16364594748395
98.47271602466009
69.96511728484927
108.44025873240012
154.400547515845
96.1994448846173
88.46772423158129
71.33769091619043
130.34098430241443
57.00815650061666
72.07334540115676
82.74252006837281
73.39888120428405
116.03312642437858
85.03611002192496
92.73485444867886
106.88498569511236
115.72615317732864
141.38469612757922
112.86803332443588
88.4989434011003
73.69032015323793
84.64423558775434
120.03106145411292
88.16500848445597
80.84289031840785
92.88586570676974
54.98696279890566
70.16842332354223
51.656726221601026
99.88911430847284
83.47668008800508
91.85219127222457
133.82206257444346
152.52777161012503
78.321338564329
80.75634264194497
113.17053029619105
132.2553256562218
100.69520547437038
98.39214554149923
93.24314564815094
92.66777691628755
112.00367847135458
81.52935321055654
101.252855064082
79.07895853558253
70.36386996385168
98.4251250836588
94.14984458972303
109.0079748721234
106.79423335699236
87.70287825715755
75.34766553588346
61.20516666015639
66.42614871340159
98.9772246987042
70.37446607645951
52.33023041946164
97.34919825267994
86.11006202592164
134.4197680117093
56.271209841365255
64.06457242020315
131.78765410227294
68.01732421281686
135.15484644661186
84.48503244052493
67.11008315677269
105.91987840930142
105.09604852428289
97.47698431330146
118.90723739581648
86.6284646455706
69.8409472040404
70.41618520731994
103.0873765386099
123.20093934672856
105.05137889335434
60.317572304296576
72.73293863157781
140.8616643659155
100.33331443712919
59.97591303535512
73.45088016168766
99.41024539673386
65.72051859012952
65.05082200935443
66.87910959182233
109.30597597862581
71.15244511922658
98.52228821789109
125.19271781686268
82.55653575387267
90.80117455603973
83.92598820790877
78.2582543970031
60.8955381101147
101.58766016163034
164.89377766510228
100.41808742897445
78.64596496076656
83.67509230969678
109.2016449289557
129.18396726276745
98.216705759001
89.61249941774851
114.60633251263769
83.22694459636621
110.85570167215688
82.07381540203875
61.139120762231
109.05421879754233
83.5249896710222
93.2027941686908
80.63385403408441
66.62139305241466
75.77719908355198
101.43429509001452
91.83158785281947
158.26719929397535
89.8087539111304
116.3660416657806
72.87181973222235
82.16730683467131
78.64283362332239
55.53339133873475
74.31135348899377
62.29604969818758
74.22987869451264
94.19389277990942
88.17708760032758
83.48483241513226
110.41899088190034
82.33450417877944
113.78001857416497
91.10941467267227
77.66414368716761
100.2452281260301
99.03652418669253
71.82047925028627
130.1253360787886
91.96298768681034
83.2448212295926
79.79593689589701
116.7477606830285
65.04603218816254
127.42924049642906
88.29906246591356
142.0812621517253
111.56534725586118
146.89825491595704
93.53507072479245
92.43781122875953
78.9908874707353
85.01487569094716
101.58008970403326
73.21642628005787
98.6456598390652
69.17240616314326
91.6488817474006
94.1687456552501
116.70040274458096
57.17684666735012
83.01842453528319
135.87340220824868
92.55709712510179
71.1609069630342
85.65102526441018
63.73594386427062
119.44618348047089
74.81502314030368
75.96184560247728
122.28027604917342
93.62315681736665
86.81511615218993
64.44607999806001
91.37680969350004
73.23702221490814
55.8774482756609
91.39629171811683
86.57182461562452
91.23673177383891
77.36324084332396
80.1820567920001
148.72919891926125
98.29620526531843
70.34739402116034
99.59269693376518
92.78276568086761
111.57666280029441
103.43261552918466
105.85694438508044
97.5011822491412
88.00564354832738
106.15305202324481
105.97105234586061
112.75767158230383
103.12715289862413
80.91994953733852
109.4205432118035
108.63354352331622
134.31354947313392
82.81912655769871
81.13529735571883
77.68111658854006
80.52785056284351
179.15276197019213
101.11006651555215
65.71889627521001
73.39735657121305
128.98052533915873
133.72408558526666
129.56048878998513
59.4698011845264
122.41689250016175
62.85114735977265
76.71615278683748
90.66521222147938
130.98751016927136
69.80586117747166
81.59166799057901
83.54186983254809
67.28118438621777
113.61438206593111
60.91236374361591
67.86795451271462
60.590357842277896
148.83938045532864
156.97035926777056
146.5632242048755
97.35847595311641
143.17176633319536
78.86489723042264
137.56209680168595
101.06413194564242
93.05422458016045
69.05679703952718
110.08938612369916
120.16551367922406
62.13295305389035
114.22806167943862
77.370410340682
68.18738426297654
150.79207960969424
78.6981368207817
67.37471081420885
72.77343229737502
115.69173765643002
75.5644661565031
110.82308731406549
80.99640342356588
71.72032099198456
74.6088174821789
71.01391724453376
102.0695771202765
70.88810295604205
80.05705682313906
98.12720253465307
63.60414385547847
66.54852083152295
100.45775928080647
83.03446898451074
125.23838926088008
104.01262551864261
88.50042637185764
77.43178788801347
79.25395134180393
62.46240972556265
53.67674234424364
79.57223157402309
124.72288662357755
90.10020750145102
99.35219822229041
101.01317317793041
75.44727731646601
99.61620246603698
66.6325211586744
73.83597102734456
79.60479329122103
92.35123613011746
73.48742582052004
119.44740292907561
64.31783908195014
178.4983128013011
59.02259670777823
63.25016283081995
113.29497614777992
109.00539585227907
107.8193289071801
74.4011346067341
75.50803217442834
115.12529325790494
92.04363809542025
79.46043187716015
134.8567406008108
88.76662213288267
67.99905828985496
93.70177256549603
64.01251523003505
66.21450012212733
102.28584096725459
83.10545140970433
58.9804470518959
58.17978601011564
128.53059268524797
106.8163190004905
104.24796353168577
70.64059664941088
79.82231454707673
97.86666632113482
70.43207472246866
81.63811090355463
61.270437190749874
84.45260576084426
63.890336475118424
87.69481072962452
94.92997598198225
71.83378053460258
72.89178316161704
69.1083975410665
112.38905035078585
82.85812101955466
119.10135133430819
101.11268848034389
102.27616115931626
89.23316789503004
96.50564182446281
70.8375650004535
90.09144775550868
78.92250283891022
105.47246879360735
102.8817245926047
109.6639146183942
72.17161491276065
159.446252790058
76.72515868208332
92.54617700282202
169.71807484245997
87.98031967746842
101.05889779914013
86.88564654835274
91.30390281338065
154.22989406299806
79.30881383174521
83.44657337059932
80.84337528658196
121.43721911915648
91.58957035733575
96.5807938011105
106.11780666247242
69.93660947129948
114.68758147256968
80.94125755908628
76.48707780492997
106.32349467097512
112.69403639201836
88.95613860040133
86.28904402761769
94.24142890524608
77.33971460109304
82.60528892680401
68.09488578555471
73.6998139030138
63.132798255461864
72.43923063529876
101.26377517601478
82.20800010723347
84.9722273868212
100.83058191551105
96.9960302230656
87.81366622368438
77.11348242936957
69.58907248919269
98.95004590169741
87.24808156906643
44.05247182419756
84.70993083334044
95.91768043311976
125.61519327997439
66.49181231593522
79.93955893126525
73.38507587481125
58.07661225803378
89.9647319772605
69.93928316788731
92.47291493956679
76.62822671065861
73.88322415707508
78.36338776197655
86.16608014609722
82.19461804706538
112.01029977249588
131.9483562513725
147.92517862322208
75.54297862159227
94.57052063421469
127.64217871748782
80.67778577604464
104.23873924155886
107.8127205997546
94.15008031798989
79.60005755180568
83.58952179898816
58.0652789399397
147.0745596835188
111.92212072644475
164.66038658857224
84.93891326476019
80.6065929791408
85.49685759609294
67.45765248524282
79.78525835735513
131.5321352941873
65.1270553845554
105.8665513835466
93.57350679773523
107.0276156881823
82.66759900448429
68.3073682944478
100.66366232004229
73.74512372150296
78.18147784811218
79.97209052040583
92.96225908591089
56.961740292585574
62.55176157695228
72.33439295776138
115.4704120876254
82.81397695170675
92.9835488582025
80.41460643280115
115.98207046533886
54.77403051773814
102.37577700814818
89.84744001189398
123.0217496546763
92.5747332164314
83.13845186718795
73.62691225995984
77.75778678433454
81.9906531934269
107.92720220890719
90.29309057153888
137.0146851641673
75.13085932074969
110.5285725097971
101.42629450875762
103.06894571673111
115.30572032728645
109.58628180551237
91.07460836885495
73.40363316025224
124.30879937651795
101.16194249340396
133.37146262206429
87.28750966031858
87.7549986726398
127.76894518945008
88.81121513724261
94.76450544543609
74.99129962898546
72.50985364393873
128.25371821667065
87.87578296575472
92.42449368185729
104.75226881310968
70.23624274827066
71.39823887476086
121.80065470407307
73.98952054437788
85.01590638213152
98.55612506998071
60.20911291818373
70.60156397879118
73.58119913135185
131.68838287877318
99.69416524664044
125.26883401791132
74.88759471190677
143.00137880890605
102.57803191414148
67.25582991718815
82.51005285858035
83.26396343510102
121.30440616341092
66.87428949002724
90.868179222177
126.0882463233127
172.34874226608176
57.561854025578576
134.81884723991917
79.44483771213767
69.95759701005224
83.25162083578584
81.47106875180748
74.91600490207676
133.14410528586885
112.57293280279428
106.7475720394668
91.07386997419393
127.93776861127046
123.40550337405097
77.25999320827643
76.08558641032505
107.95288022818745
88.53112071161412
66.52647985074121
61.90514805714081
116.865339743122
71.34356859845857
84.30528915736966
83.24218939678748
91.30400941058859
78.62354113880151
74.83498024173618
86.57696154580854
54.11060036889036
80.21798732248753
88.18356708687419
134.7680876375827
78.97766273912308
81.11340422279268
111.85558475503315
63.58708840859764
57.540218005945256
103.13596468048189
57.083050102056696
132.43391166387696
76.40657976460585
84.97974437716793
78.82173483345689
121.9631976945773
64.24276249777547
102.49074543438479
101.145960212506
158.69062557178282
115.40225869711662
85.57386381726131
82.78879507393702
74.39302575960926
65.31674602051561
96.69479080145756
111.77651335736411
152.14618973353458
69.90403955959871
90.3983853090955
94.73716773925916
116.06804475945613
79.78669011266419
116.3344578752007
60.92298061811915
68.74235738962535
85.07600324502016
64.5685625343659
131.86800101041348
52.57737220824369
145.51983870406167
123.19905932256732
89.88321194919295
103.2787267950273
70.29948209214633
68.13721866638475
70.27263883767915
71.72432634923963
95.90142641863028
84.22350097521533
115.13129762526458
103.072139027455
63.492478972125966
86.62570978174953
86.92125758221894
65.69527298071041
104.97491503002571
87.58587402204728
66.13202225609754
62.9641402494875
57.35354469268484
102.62803069246624
65.58562508666552
110.80945998253058
109.39567028870752
67.44173760515778
78.41370337433214
72.61328711154896
79.92353676568439
65.75973164357201
62.119679485398194
63.25604685753197
55.543016942787716
127.2792477608702
107.44681128653556
91.08526282077818
127.531335397399
124.28895204017311
65.40906285069413
85.39435830841275
54.235282215501165
66.38049397019381
88.29065643391644
67.91177744779081
62.56003486700828
71.69783895878045
178.7613919733739
86.75412683533875
105.60080371685021
81.27913729619058
87.00753149991881
81.5679173545516
105.16526784175
94.78333447726196
88.27505426804504
92.47695714061042
149.3524747350409
92.85667832563885
131.12368770991642
113.78451973580788
89.24268928152918
86.50981132275095
96.75420026756669
82.48774029135359
90.11760074372962
70.27149848266
71.86885763716796
149.455054115166
103.240980189984
100.77920882744166
118.2101433171731
72.50119156312371
111.85759604732716
94.98802096385526
82.99793712210979
113.95999461908568
94.27800264333402
84.88724322688803
149.62839437589753
97.17453882136287
78.76915939757492
90.05986891048148
125.66871650667508
72.8585306923547
102.88158937736655
67.74909844518385
91.14556044598402
69.0855118907607
104.3437910084092
93.34755692774283
80.32180433382045
71.29177419282541
101.24495738996183
58.674801479769826
133.79393175052923
82.11945433293242
65.71525506455983
103.1781005942949
161.37770234118344
83.76480267509311
97.5634509399406
77.02225860410637
85.43182253546817
108.32753127841512
87.04371622126703
66.13926452141034
135.879133639984
86.66522848762331
82.69712758682944
89.31001433719562
83.61560322974982
101.73745466252714
56.729714024058076
82.08212504205754
117.24092765521905
80.01826575982095
94.84256104134668
84.87171009018138
88.46885863367699
98.63422231717858
74.93491923515396
77.61323921265355
91.24111202323863
76.66828368337696
86.02297485778624
61.006892776774166
88.35776191902097
92.29802742893052
141.49509793797696
69.21084190898769
82.5702431350998
100.01753342482604
57.344383654613104
67.33358168208635
49.418887382101026
116.12022951623713
59.89267613626005
72.6172628929181
115.02373116887024
81.3903703421979
136.16957439702045
72.21327230682965
83.11521043566205
73.04119727452317
91.68533456084653
109.06922676015523
72.37993926409068
129.45106787481473
121.00226568801969
83.12360288495114
64.74108369663738
47.5768566514097
89.87705460817698
97.38682442339284
64.67084679769596
104.99131080175698
103.98709780182946
70.33458715335101
76.0456489053135
152.77928476592618
73.15519940056697
62.790878972291296
93.88436069423672
90.02212538999305
69.59054560336355
66.2391678690332
88.65779038506358
117.48087336855623
77.87877669949185
70.34468194520636
97.7062546586615
110.82787330993855
87.82544504857505
89.0368075971211
85.03186262874036
88.94604791663828
86.36479501607106
135.2500232511968
86.72530125406308
76.61112467417172
75.21805825811113
82.27223263760052
94.66868649367358
109.86357569528273
74.12710884474724
72.80458516051247
75.66674333438344
75.07435306044651
82.18025613083995
72.3719326411075
76.39457431394521
52.61545992227211
64.20333913949324
166.16567036313
105.57822376371415
79.58109718813007
83.6988605914313
66.2252868801442
105.91142189128834
76.39228158630249
71.85197974825122
66.99433593260471
85.45976246415282
75.48477362172235
84.41838015943692
105.37598932491028
84.17989695355078
81.11483251675253
141.8083840954357
106.85554688556273
95.01317401009798
118.51580156902625
81.87869468733952
88.31646141262564
65.39134140384098
96.7615368037325
93.7164052976828
54.35421898063364
82.95099978778089
73.96667871664383
117.46252056097364
104.0720840812595
110.49370548401932
86.15691790154455
95.20159837784095
71.05646546639981
72.24341871370716
101.32824685282338
65.8967628155418
88.85986147520468
92.09784306831654
145.54145571619702
180.88525778019275
71.86340833980444
99.27764377296563
134.50800413879546
141.53279763113275
66.98351457350272
136.1931429119729
77.34819942080179
112.65375047865093
122.96505388085477
74.93777329024566
65.45762450864339
85.19037691488079
108.70466211333736
85.77045738634402
116.52661388923326
53.55972416644874
102.6497859193613
136.64827309151514
81.6712138709707
87.28903767898628
67.23852306214633
81.06793104752292
74.63710757496426
85.6973472839455
137.70146674107156
83.03481326215267
53.45449431056418
101.84473996552069
109.76885767081635
81.1836418851374
138.91783978563205
79.29211856332365
55.92993387411934
68.8563999131382
108.43614749600339
120.3659637436151
90.84803429645798
108.46660458877679
147.7287191115912
69.58646741858692
79.79793372036941
144.01532994342833
76.78208452379612
88.65380901082548
64.87408132270902
81.2539912688797
57.77339319977822
84.78517302610378
129.94821786626355
60.48863357635192
110.66417512800855
98.94660942537912
64.29143362565193
76.95979040968164
124.15106520444765
48.699702616925656
167.14720484742782
78.88385508784498
66.01899828142497
121.1485207193346
63.38341242003577
100.95384599016919
76.32487119156988
83.38544409595316
105.06540324660789
59.64556223241121
81.82906873554326
85.82140624877894
106.14708766203418
142.37369184738228
59.263548697569824
70.21271528640497
128.2266405724974
111.62650655189394
62.485929201324964
91.81690328983836
83.00919652438854
72.6383224544263
61.26431452786053
136.87568584971265
65.21994285728856
69.55423243940449
83.02232214363522
98.18582418358785
159.3301963950671
78.40720128701332
67.50425170618935
53.65298993056305
84.73368024907695
87.96221653892026
70.33962611293964
122.84765323244622
77.07030080642618
93.80208937641083
96.25023271662343
86.02329625971593
124.1130540401282
76.26432091149275
114.03896144950305
97.84234927001134
124.5564061366471
111.04758364418149
110.01360301467527
93.72972515133273
91.79263569706825
64.98265431826893
119.59300477544774
81.14131420305641
100.26254070268467
120.08329679297154
82.87623885141191
107.28058953419641
76.41535007449855
80.8745800481497
84.18054373585639
94.72413615861743
100.41573213898181
92.40148996246896
139.97760411434822
62.22576512224857
74.8830920109995
76.99635943746314
79.48655875021161
168.98909160334506
98.65028420798821
127.82400069191544
124.61671819366826
104.17825422457744
140.0977416152812
72.52732107793202
86.48511666195718
138.6935190220671
106.37035559719494
105.28157509155602
92.68888643586024
156.05213975962536
85.90489489805323
85.64841626367269
85.31160078569117
97.0963674771561
80.95309904330922
77.20675837216166
107.54498578948042
70.63852769308116
53.9012324108922
71.1670588314459
54.00793306549305
55.660956923188174
66.72812253010427
113.04744673579661
138.08040345973026
41.6937361634338
53.59691601840534
80.18219116783736
108.10919698396503
118.22369122338132
68.51264907171182
72.20991223473315
97.5188709748413
92.54201790366945
87.315260167634
75.29530898152971
96.93672889988125
110.81846751425988
104.38894536323949
86.46563291515459
66.27143171869136
87.93013500185712
110.76393801833251
79.76777295730331
109.76005666055018
41.70839733454063
66.16015147099748
83.28103617001234
94.405951494615
96.23090217546991
87.97372609580016
107.17323106049999
70.2491780974886
77.24072354739867
89.73912881992591
47.84339825183896
122.00663936402066
94.91696226413458
118.71225341510028
66.46082409698862
90.7358334591506
97.48346084870687
109.39772137013024
124.81167097842369
97.22598483831769
103.29802507321119
87.46118760163442
109.96553206088014
98.00755118236255
89.55919617160005
101.13784483760324
81.7401854510819
69.65527197209045
123.61231529827101
82.47851961471079
82.90955875019482
121.96146749829559
76.24120243564062
101.33816590265863
82.80805046093094
82.08506668948866
69.55055821826765
62.12929567894025
63.032937618413975
84.66198303677253
70.00846798811148
86.61670622624054
145.97276906615517
86.82019870391063
95.4693233744217
81.66386033723735
82.04322567181767
112.67874006879562
98.83857407721067
138.19703730114068
70.95028231125478
86.64290774252129
53.69978554478541
82.57742380410637
97.92807772092495
95.43158370025317
113.99667349788672
88.05080886904723
84.47818461138257
86.07702161634523
118.07709681628846
83.14180599365906
66.3840084074777
89.530332871889
110.67492246357351
74.58506071571539
90.75378389907084
94.26459899452095
99.00397562713643
72.06506081707393
85.02248239732832
67.42580679102616
80.11571726065337
95.83761161222711
95.30619140861806
69.9093985418453
80.68623597491496
76.85672613473295
101.48143841092354
78.46356400658586
86.51308204788785
65.97768122667745
70.66102851442294
64.70376622932423
119.240021362117
59.86769041096684
79.63491348327344
87.53037266814312
93.18794205200072
70.98665136854345
91.81945396053347
86.38597894550732
63.61807260807559
93.48355409414997
163.35897459965543
69.41205183446378
98.13658777434858
119.54081551206951
127.88093786460269
101.487340419114
68.21117508509901
121.61792432633891
77.03340112654266
75.01803560713292
74.41114326697368
69.54127434522628
93.35349504884321
107.02116168352624
113.2385887730065
98.76419024064914
101.72526151404793
69.74310433610565
99.71086104475575
143.76112565732743
73.12238192646895
56.812246622284626
87.4324764230314
73.77250158339633
97.2014970737242
87.88398859594837
72.34836059870932
126.53149874974436
148.75193182568046
110.62080698885937
101.38888596597691
128.18716340072257
59.80390536081997
109.49082196751682
53.899362747255886
91.7915140084099
82.42337334968317
66.06762513779712
125.88242845845178
72.55470564935518
52.27029501020131
82.46222720759594
132.67612928238626
125.09704430705342
71.65262678624634
92.42318663951013
143.688876558784
77.12358609203609
82.43445656658878
103.48721164927517
86.50547126258415
76.62244912037312
132.8397117724671
75.5970191737566
84.97945846989316
82.64535093863134
120.3042773921022
132.21981687095848
144.76018383992923
64.1155180764705
93.16357104827037
129.40734786366804
72.40477576387242
103.6991166782052
86.59196379512298
71.62953807207357
87.82595326847965
78.42397258619663
72.47592876291961
76.93336326667519
107.03472077263243
82.87168921482831
100.31113668054748
67.10822599061702
94.7475617357247
66.7437024381077
102.0458459207772
87.76328168152284
67.8530088555998
115.17763858916868
90.4787253388254
90.01919839227205
82.2406351513245
91.04396045228654
64.09119056059384
95.0413711711098
76.43419628420955
103.13312403475888
74.60495589791964
81.51979488016784
84.8680402807722
119.67962445109399
78.228472990871
80.04695982072344
62.071535910010425
105.12879462339826
107.183926526372
87.31358358454304
67.81438573707673
86.6744098335652
89.06700309767663
61.871923856340516
136.51598716656127
77.66100077625406
104.34403394546854
89.50770931104903
121.39727473209045
80.34380246258634
122.59981367121178
86.51022846975118
81.25466325972258
73.25498503335164
83.4254235611581
60.54054700459118
89.70414582629726
91.42354061640458
110.74631641565284
76.68087333248808
104.04647996316199
63.77689588350199
108.6954165892223
80.71202069377502
69.84759432083285
76.12973947368693
111.7046819260681
126.77385586109055
103.37905124569504
124.43164165056552
91.63080706812013
118.9428029363356
84.54765524107391
104.04709102370467
71.28369686207017
87.90821104544311
142.76290627820447
72.97418640054427
69.15491686384254
94.67564462072185
109.7767321125763
95.11108815273289
124.56248077712624
39.98792297838493
60.211178935405904
58.69805410016874
80.47422482292332
72.75010788585409
123.10527543370624
74.52974459459986
192.56709404340117
74.1257531788134
94.2848632576285
110.85494014621824
82.83059724881967
123.00824013854164
89.78545059302293
84.52130608455109
121.44879021974388
122.88362978895702
91.23126717728859
91.44355378277427
93.5762835684683
71.34505144843945
103.36065110022254
79.40346302229166
105.66402859129849
104.13908779659174
137.41840501206127
105.42635368712625
81.21989488454003
97.93111561414129
63.48642723114071
93.3236801327251
68.43351799511976
89.27016667843698
105.62482895731962
118.03934517772853
79.69672864051832
88.08863845254884
82.89770773073552
63.104257462543615
61.27047111494891
150.4569547459025
113.11110399839835
108.27838957696092
57.37159221512491
69.91062265747973
120.10831811330289
69.9488194592945
66.71534812309932
80.69029542616283
74.86415417257982
94.79750176477707
134.2894846476895
120.16564193782241
138.58093610112655
66.33724923579832
103.49389716373432
114.3635282588045
129.90893634683846
110.32677235881789
76.43934819726265
86.89143765638487
97.96194564175615
106.70914564936132
94.73602048883814
101.12163004656341
85.24824192069408
95.68360583716193
72.68965708560695
92.91103630810163
75.8388937676172
102.40182921876688
122.09052957023448
90.92331022374216
53.78935187917065
74.83180583738867
100.41908131473794
107.41820307545105
104.26325833492858
77.9936846228876
112.88504497507606
75.65576132717179
73.12307151085186
98.12690205140845
85.4941685930125
70.02786309359462
62.01691301252412
125.37716375259443
51.80724572209191
91.01025679977798
82.03384089082274
139.51183304123697
54.905428913981744
69.38488725595903
91.56371457002732
94.4088089523194
104.684743673264
122.67848868594659
146.43449837338414
109.92149843389683
113.48845461229882
146.31386204733724
82.08267505683699
98.08999061316167
78.98830708921027
104.71456909070369
110.00944310591399
95.67042617653854
65.33698620663411
88.04496536117937
58.16688095172701
63.233608084999126
76.21308544113501
93.6620099211244
85.1264301228973
78.65609143771005
110.97750743979576
84.7116317231751
56.9421316378094
76.08966679546903
97.3952481481864
73.21771755139858
100.2240777816527
109.98037782841728
64.12929664711618
61.74495721805688
60.56998564498694
75.9869909660923
104.43852488275208
97.1346737174273
49.84009931540558
86.36595476024684
99.84333001772616
74.9419785180924
146.23242109195286
99.89313755175662
121.30428130107317
77.07210679151527
77.45698139892706
127.14493389168733
71.82790718584667
122.47735114555913
66.38023272313819
92.9792662556928
102.86566834913107
139.74939293145204
107.33862350825399
90.31224967279654
69.04750446660466
76.88623819271922
108.0651702589648
95.55325757735133
85.45369826813176
108.46377537074945
83.1901204820097
96.57104721182186
91.31176001471198
68.86714764726733
76.95142849364798
114.1689038445199
60.30861572847215
98.92622374965781
73.39131722645949
77.67072287935531
63.82283090064129
126.85756399590954
81.41984753693421
108.58735613846645
91.34736491070275
97.77218122216766
128.57385142891482
86.10293138791953
70.10264734261311
86.10916360683053
63.35383003808273
76.72877356186159
124.79681365088446
74.78053099800604
158.4017477976737
110.97771481425079
105.30362858203486
115.00066214728699
95.87024822288808
98.96305024155374
89.78702977695477
111.82798196162209
71.13540810211039
91.96672053870084
70.82049282534905
51.682294812605726
71.78850740243408
126.0491292706459
97.49401739500065
115.96425354304216
136.98193822642736
118.90048958723749
84.49071855361832
75.61797382646749
132.9838997273045
79.29759373818702
126.39941559824115
130.27754831327331
88.3123820341586
129.94410933936737
65.42576821974313
115.0950335368752
75.35364643719481
61.36277057474258
101.18545005760559
95.29379227913806
139.92809674562744
68.28486023043703
103.86098537360652
116.90161142547436
119.34714536862374
91.71985406905453
70.55213127798226
113.66826668565785
65.3830318156259
112.97165288415454
87.31874233763553
84.39641382847178
144.573342993008
91.37558654973445
64.46741277825885
85.96594951664838
87.93238370520187
58.61679682517048
92.69560657413706
93.15967509375676
73.48850750989287
72.82234754078512
78.56798361858247
94.05793909990308
72.48652025316473
99.47723075625335
73.14934095754046
66.35435773398662
71.00927442376594
66.00526433223195
64.93710096297626
80.37907904502833
74.49604042432921
56.5452435759466
67.40643945644837
58.74691029024649
96.36125661497888
102.492929892
96.80839229005277
70.03749357470143
52.27126018201026
