110.18816259486182
99.0345142356483
76.45006306728838
85.6504483794883
83.89536440981698
66.04819940372398
58.22756866759558
39.598252252859254
54.69263164344571
42.884909866640484
52.01680581166781
43.04440325105915
46.70156468663692
37.244517919839524
33.542545748112126
30.32799905656581
40.67474524728506
29.44857300431795
28.146562058646147
22.527962646619798
38.675688809498936
28.916598969735507
24.82079604588838
25.42498759579254
21.45618085258977
25.46211121581974
26.071862120116613
19.074467403660186
26.758548500138517
18.751546879548535
20.981345056589117
13.932431399565118
29.591163332846577
16.86979324326182
19.74234538802008
18.839653252155983
21.47647368617616
20.19458779691215
10.97868111318039
16.188447520385356
23.29353437470122
16.247736445420216
15.62106063531318
17.761026578899923
15.665843377422387
26.61286204320995
23.08682239353277
18.66382680349751
20.279267717220854
23.53584443057724
14.960055947083738
13.802401732044405
14.310105346398316
16.009584962371466
21.58180539451906
23.91388921371117
8.293112198820493
12.010387197957424
15.750062779575591
12.80669054337592
13.381194281587122
16.41471976043161
15.125469145498831
13.542463806327309
15.750837978353308
20.388140845795707
22.70067207249002
17.361148567024095
19.11490088097412
14.811187345169937
16.333162757262564
15.48323916040567
14.691722301537075
9.477399079170443
11.71725468528602
14.833265728342793
11.532897626183564
23.917044231062988
15.366839862155368
7.930977700727588
18.20611479582248
23.387811963924076
21.835604037417415
16.894741045395975
11.810010562916275
22.48642713872832
14.292344092327818
16.20956518877577
11.318433788985702
17.272066239772705
12.638277282683678
11.527329668750527
11.614600464014083
21.860140093077717
13.179476383891883
20.162740569205802
12.999194879986609
13.204416216957176
14.934757038772691
11.862845309021068
7.5102125101120905
17.326768802793342
16.055453285699826
19.081194393724104
11.081960671890126
11.630212085667234
13.83160865669366
18.36244215726465
20.09928629872485
17.539114879503416
20.538863642812295
13.654023791921102
13.47829574477026
11.142588603380215
15.12213588728801
14.16309158584339
16.887767580285765
14.862751579588407
16.113120971294915
15.31362098553591
14.096494639348045
14.234645523089515
11.740805164083074
16.416870570612577
12.479249977315753
10.690612047723976
20.346572587242427
10.205271300037792
14.9975582658495
18.57599339408979
19.5136201571373
18.748234820566815
9.201156426112263
19.57153066815663
13.890271877226468
18.156246887202315
15.9536867174502
14.113425589944303
15.05170184262899
14.055369590222035
10.637566020142499
26.845762983955048
12.379735868301859
19.00074127958601
11.560753753150884
18.850906754886775
24.32462892716012
22.492603647316706
16.010480884255433
12.527063736742274
9.998568753242035
14.078019516052127
17.71479539561132
19.48001775182635
11.749020779359471
18.45316348574842
11.988435461039193
20.880474423734164
12.197600231713846
16.201922264644555
16.335502445499753
14.40687194813332
13.410110828773389
15.824563977606193
18.45307418276825
9.78198091227409
13.803697775128274
18.78628688512069
17.214305380271902
14.083638439319449
17.97178753451764
16.55359607694013
14.964800993829105
8.749290311379621
12.520709913190345
21.429279220743975
11.729131998977678
12.125329040530191
12.563327108976033
15.333305510496311
17.37426444455525
8.534583790629451
12.057209009944048
15.855699241863858
17.49220625683657
13.507778430043338
15.53145559738424
20.105179866221473
19.28327602612757
13.166354898275836
12.775505861830668
15.765521458434717
12.361879386977352
16.913159769338044
11.447271485192042
11.874450257079395
15.660804593858217
9.306265532100177
21.724921347935354
24.618315209579478
14.20711464607133
13.909475273920865
19.569615141925702
14.13435285304224
14.69622165424511
20.409911090378223
16.77794427737627
12.198120906735605
17.542112730545583
12.107775320277488
19.450244461411163
10.370078127611833
14.416114218022866
14.756740245908265
12.187193626767451
10.293949051267475
19.587087443856298
18.44774268946579
18.51551630151379
12.297926491201126
8.89603558145748
9.835072686263539
14.444843217758496
20.13349110891804
15.029834887641982
18.013499473526146
18.16450514798768
11.25778040179388
13.937077463366368
30.424027291872502
15.998925317742021
14.806707333077776
17.016223014472697
16.515352576820412
18.230737264593646
16.906184159718208
13.01779075472422
13.054342956087314
12.983666491916642
17.06835205257952
18.17714572824083
18.21898606711278
16.53482874929808
14.812501089331986
19.21383199854157
12.746431759183066
21.588396672897016
10.744205463963276
14.20923472581628
17.635059124351226
11.17129379838705
12.074790510073147
11.410274298971585
14.767497867926965
13.878198186766575
12.865861491271716
18.083437567068838
15.916634039919735
21.802937766698737
8.48793679949605
18.245692952982882
17.12573401862379
15.721219177666082
11.052226066638264
15.48204710856386
11.941940049695896
10.75045707565705
18.00733862008004
16.275494624198615
16.544833455423547
15.067314459616208
15.135484368920956
23.33069989644333
9.882491504939548
15.556656554914131
10.469277005284338
12.380054592937832
11.199444879848484
11.200582001149876
14.762451531985654
11.244845969989152
13.413417592713655
12.846587336817967
20.501686121548243
17.83969168394948
9.873058397751226
15.617747976248708
22.518484751833416
19.63059357840247
11.961422769126703
9.412354767338412
17.710215626091568
19.35068313894171
16.3214238632041
12.716261905018209
9.317315739143652
20.961407277970157
21.478624087532125
15.477983375324445
16.246137906586505
13.964812824716075
18.26542308865712
17.855937170893892
15.24981275401713
17.78499445706427
8.966369723211878
18.26279526902412
13.07781359435292
20.33551374980005
16.753762083811854
19.675241195368002
13.011720416281115
11.397864434250009
12.114944067576989
14.610668110249058
20.982023065927756
12.39897826189838
7.79402429436094
12.718713737421556
16.53147330323778
15.9766634001311
11.481483230989092
12.158382114410449
7.779505747723681
20.364049304737314
22.949872342823987
16.9668887141547
14.132939663465088
13.28184942805282
17.165663286138706
18.850360993387724
12.707668068960643
12.818006834925066
15.280216182357151
20.086542073621434
12.53556860017915
21.032327433577198
15.393608311697271
22.39611460800121
20.39345432923704
13.303356461214316
10.624796547892197
5.738835454974298
9.551914654557866
16.020990129886954
17.742100236871696
19.1927799245576
18.40803639220716
22.78902659151495
18.120433657226922
22.11313439720357
10.517718224919543
19.126996553516932
8.70289156291372
20.26353241483544
13.374391906075237
19.763895552444694
21.270618634509646
9.797976572771132
16.549844825907204
9.65845578043599
18.767337573015546
15.034883634323167
20.186774198083544
18.43850684583818
13.93834437905768
15.2562898189084
18.7277227635171
17.067996860560648
14.251879171740065
12.77448535190065
8.234367045965111
13.85285192440811
8.725721628401361
12.993027690490111
12.120843320969547
11.10690724028859
18.103479420347153
23.304806576046357
19.67413207657846
19.180064965817653
13.114744174028298
12.013166546557999
12.313749898981685
12.988956504177473
25.7614089189482
18.04567655832093
14.581787831582787
10.908730277994923
14.695964440656645
22.104377006930278
8.731177654470578
21.67213566936205
12.613220099943796
16.52409695953032
22.34978869891885
17.854293490211067
13.407265346882024
22.65769556366607
7.084319585700137
13.908742755526788
19.63678112841633
25.631740646059548
11.230432276441288
14.98508148815956
13.6420066041511
17.526556473720245
16.20304391290488
14.298961061963086
10.220095810288647
20.091578851230306
19.687715478796065
21.30373738624339
14.363884621557437
17.838570813430177
13.692513679839807
17.20591524048895
15.739648433952341
16.120429479706157
16.13071173964366
15.405881393423238
16.523335085206497
10.009758673614149
11.991088490115626
16.225731610041862
14.326656937862477
17.532647944190273
12.240887504140476
11.624440260118568
18.940906105654957
13.218271754308516
16.197887796195594
15.996285269728636
7.959598095149226
14.128874282545418
11.957281767094042
16.87274045283853
13.434591084613794
16.914161183308636
17.7127346186526
19.822649534407756
15.962545776955805
12.858492594802856
14.98549451747914
15.66703835575895
19.280375029479067
15.346601825316606
11.532018167862075
8.13964232564111
14.803984381380975
14.584464607208384
15.629992244682484
22.316594800073638
12.663517771044642
12.259721445011941
18.65035471720142
9.848668038922805
17.199115992533407
15.400661292206074
9.447051921255218
13.474521472947004
10.453151044969509
10.671734400837025
16.813926955136008
12.909058318075076
18.11218988679849
16.411157402823807
10.547010076120927
14.370198440671347
16.201676514360592
17.88488692964018
19.977309909343855
18.05325993226257
15.50227375449901
20.653925799368764
13.986639847370908
8.73436512750496
14.709260752970224
15.748308703938186
18.112266969276416
38.629339242592934
12.348757130697372
10.494175936678808
13.429760123957571
11.189718107416713
21.713470055361448
12.134329323858534
18.17089074596244
11.676497450511729
13.819267957146106
10.914096318926482
7.065716083963141
15.09256515222046
12.15022299166867
15.401908220919847
15.215023518066253
17.730433995388907
16.81583492856654
19.098860488604156
16.73496025046184
13.687110590579257
12.795521888589972
12.132044340026214
17.682074813401986
12.371550460218444
16.661352234927232
15.035795089554673
17.010845373373165
20.46328506960433
19.85413260175872
14.355045872410626
18.423128891230714
12.4554899073675
12.95696403853292
12.668972512579705
14.142469195754053
24.97060620222947
17.590711106360388
18.15636897891005
16.28730712917633
13.942584709623477
10.043900732631993
15.157402887730326
13.336636799054904
18.257981472193364
11.068921222874604
16.407316887933415
19.74285884476278
14.812278575559793
15.981205558041806
7.312431551568658
11.001131838999664
16.20264443621835
13.10337046156303
11.23564728399283
13.41876475316205
17.446068252717843
11.737701279639598
18.888711056806773
19.57816070752004
17.482900122972364
17.131388669630855
10.54231724975344
15.38231438177236
18.65620872642182
16.75075983633149
10.445424769396674
10.839227097097256
12.659076437782227
14.600022446566774
12.104541268618007
14.297539320132916
15.793384992801633
14.262225255512107
14.507568662345344
11.516234477438054
14.313004386060104
14.130613127676202
16.94669379566122
15.397356735553064
16.65187039856048
17.500332282197242
14.451282490504342
10.80237882428225
17.288857014297733
14.46358300375421
14.75148620548662
11.646849788335315
18.485012456659362
16.76944288125941
15.449162104314269
15.632675811517927
18.799566733738317
10.272200253387027
13.371838745580328
20.354722716544554
13.268036422537582
13.397482431522212
13.293245677277785
12.963855420720968
14.460325433282003
16.558796976427544
16.664281631523654
14.51912408499558
19.575756889503552
25.081108851942645
12.99149248650423
25.304612371993667
15.757463760504828
18.716891751740135
18.57546108256701
11.500997640443641
16.843294364476634
14.80193021342808
14.446726263941168
11.576466054284818
16.073331989178435
20.347836436697037
21.138201813793646
13.906328097436568
14.201104417551583
14.35028032746759
15.027616670741692
12.527144909368051
13.535812523020773
12.544246575701578
9.818836625278243
18.400401492909737
18.569922207381083
19.69034278364891
18.9872495064389
8.81124121330964
10.862616698415263
14.826392810940709
16.73730272748052
12.515227832293727
16.312341540996698
16.302898092749054
14.245227313457642
16.129228808962143
14.487017012139319
15.502594778107518
18.053655786650964
24.81893849349479
15.22228781472966
13.807953769406375
16.876952770026733
13.271075555264625
10.668031908625972
15.09375389229826
10.774229730257607
14.178483267703959
12.155336890253816
17.732718002070445
18.79143002654013
10.462511680835513
21.952011771753796
11.341433625214641
12.642952426897233
18.4462703621192
28.508637865920043
11.472962114113114
13.172824296025789
14.94509998375953
15.919907360604855
12.154004688918192
9.460978211911211
15.776834321721674
13.14399561346492
17.490694261371523
16.172357337571942
11.706983041814883
15.543642503748767
16.43665420485658
17.313457425632066
19.776539648931738
18.635026872553702
17.2065629484489
13.96062191600898
15.596686682959884
14.268730565802013
14.723065000688736
12.883583598508686
18.291512968359402
12.886274379565076
18.60172156983005
11.908365123989427
18.152824783049322
19.68751658770706
13.209939353245199
16.742473419461525
16.50892662358258
14.5594125892996
14.772917553403522
15.689547281963595
24.132440036944335
19.121304039481718
15.538482887935217
9.328165249532374
9.208130435746034
20.330616528358036
12.09344251610209
11.5301460497477
10.51937153263124
18.586330428016172
17.164871184394453
12.870723806756903
16.501168442081017
18.136185918780846
15.214085281318182
13.975168198313623
13.6862180011097
21.981564920396007
10.05050191627012
18.5330113736423
10.912555863464442
16.690982580075598
11.028415173392581
12.451311703649734
15.11838954058517
17.526267373471637
14.882861292844959
16.356652703978664
15.699421960179755
13.617354161807855
10.576726721115069
15.127725053031071
15.538496863653409
7.4994607821794474
12.482045927045755
17.108568857278847
22.189532454212674
12.530056188218703
14.22641611139071
16.936895377874393
20.50969507538469
14.294013182046308
9.435470358461274
11.176801066467215
17.480314224953037
21.384735830993797
16.03205072081333
21.149790511764156
10.468213882382425
18.75699332808643
13.724206764282243
19.82462814286193
18.086653460959862
17.07708272576052
17.301198582370166
16.34853022043929
13.915800850389406
22.90740277901205
23.898684758049686
11.412407906687152
25.148671904269605
12.354331667121796
13.358735998410706
22.444754221584596
17.08252631683829
13.54755065715207
13.602665049172094
18.474348626020724
18.80276829833762
11.919663484461463
21.375286583732436
14.665154779580611
16.582104109542293
12.671066391397675
16.012066663098253
12.948045297831957
13.836107727792998
8.675908611959661
14.231029919965668
11.58867882399618
27.819722478149185
16.8873835473945
14.481742790380222
14.330291849024746
13.756707525087311
12.918669715476131
13.994285139604287
14.802289685318856
8.759304447402249
12.434642165476673
8.990419989437823
16.07152583656772
15.302366043598784
15.35286385948419
14.263351200856011
15.19729390634224
15.258272781941558
12.723084837477321
14.108000986486239
15.597799373303218
18.164946302797844
12.557685644672334
14.315528421070287
16.956634991330084
18.34531405199222
9.003666038249868
10.383973374901114
10.403433459159746
15.66290479843287
10.985519128692085
16.247075761740945
12.57706633708054
17.291285405180552
23.649274778516993
13.03447509920273
12.67843946613726
16.20819074431393
18.694551192630815
7.2330195841119425
14.038261980889713
16.085129366637908
13.251658565739035
17.06342174670278
17.54260598812709
12.959779458729553
11.722958695076025
20.294434700235463
13.366963027739548
10.975620306610818
19.75051876396631
17.502260651115986
11.665286106951589
16.148494628948608
14.299500968517942
15.652937261758296
9.55277551182442
13.799786611438405
13.758855786396513
12.208277064099029
21.003943950598213
14.077612365467262
9.809073891876258
16.60561932514335
10.090156546057145
11.221225690587804
20.463363928147594
16.175718786417555
16.345262094186083
19.97540289670859
15.697366179495257
14.887168807794945
12.504062850020894
11.390992947104571
23.52521910018054
8.655310390065912
20.378292903704875
16.480882995182924
17.49685295423447
21.38540192247435
13.421355854106794
8.671178989245185
12.784232840810784
11.105836649869941
20.030114476987688
21.770716385833484
13.391616307865556
19.776417523752876
24.460637096731475
16.472626525072414
15.587194292960078
25.30214667352776
21.486041463060786
13.208139368534644
8.980746017476001
17.03260605310187
18.505192727513815
14.781183321479244
18.540429761543027
15.382888692551116
14.734214220265981
15.740049745855748
19.09217255585836
11.745793511522416
21.7422160974182
14.494421672362995
15.283692076568563
13.507022421148118
12.882702037897475
12.580852317410592
15.25283779282789
9.237186809492728
11.455259279813976
17.067948156033307
22.88114592881012
13.096539568209373
12.40490852812053
19.55777042829373
17.380332803554317
19.02876774482281
11.242865567845001
21.361152209340315
11.168829273966205
16.28036572564169
15.818005571703642
12.345324743945591
17.735568936916383
11.986287500279236
16.291818814052096
16.933132793215094
12.947999305850106
12.368153722707973
12.542270362705263
15.155572139053582
17.077481519193014
12.260125409460624
13.622012238280462
18.840057148807528
16.97039413106369
12.830190993235965
18.251393122348144
17.953495683832926
12.777066153290098
17.51921499913384
14.558686468040033
12.702748073055412
11.597138110611816
11.847819975489513
24.294046561540007
20.145648887866
10.096199591727855
13.784648806772696
14.885386219238006
11.297168994595564
17.02249866315832
19.724121354156182
8.335998158489062
18.885379797102804
13.056277364181692
15.960812953866716
17.597279246588613
15.944040844837245
16.79289198079136
11.742899766565165
18.452633470539396
18.985156275197923
13.852897691392574
17.28184463675709
13.127393581165887
20.107006288371565
20.15389992721021
15.209045570798152
12.319831347244058
21.772848562668223
13.556413690919655
10.690312004997237
12.747701223879623
18.764076802146214
10.235839002759574
13.39396037590663
20.63036318155304
10.310267704655162
12.78800421052132
18.380598368953986
10.893677367879503
13.829949296470382
10.083625181849952
8.828104513096296
13.63969964401367
18.463835863961606
14.875737031569466
16.305956699900193
23.85354097196236
17.062657843834366
15.117403144507497
8.067785298727388
12.111093632019692
17.940259040586877
21.774504941796625
10.90257279463466
20.20635010092314
15.334046258605442
15.781797028409713
15.106840724530308
19.41762340725808
16.236133984756425
12.927479954060283
13.460924468336529
13.066224294483625
12.064031222173975
17.43808223215842
14.993400395781267
11.656304368878818
22.757544900251304
13.546185382915581
17.292083447121243
9.696655567128007
13.835229611055174
16.491563110979644
12.87749281447651
14.719240753693274
12.636778267118926
14.230581499209952
25.956695510434002
13.390274768956504
10.44219902842273
15.914095687969262
18.965753934682315
12.332380890008162
12.364352169285182
12.143683804986928
13.318807404796265
23.052648703290657
16.42370708011781
14.114200423720591
21.174275005650443
11.948597205422887
19.7685411236797
13.741436956179658
15.574810812961063
11.818648737415591
20.595329199139055
14.79480304409286
14.35628645666728
10.605534302732714
13.905963822076911
19.9634135075284
12.219632871666446
17.50451116066661
17.150393276321516
10.069003921702722
11.550898306431979
7.651512947652224
14.756492484774178
18.613896017850372
14.603381554716016
11.811144674170386
12.389693189917896
8.613897612194336
15.686846202204595
13.41688347162385
14.042976351579007
11.060918476482005
13.938560522129759
16.968706229959658
14.545722069603556
23.493576705404017
14.941516233265956
12.53145915677474
20.49862837499919
19.375106356266862
16.887467202568285
12.510114941484693
14.188157645052096
10.649968292855016
25.93842923699156
13.737281409355157
13.989451740666736
15.482240368268693
15.876659850862543
10.047410146093075
20.214557184446967
13.58255700499419
14.569764757755745
27.165417951778647
14.256055356468625
23.07928090500278
35.043466068533334
16.703680183402994
17.071717622587936
18.70876076433032
14.759824645898483
17.11757290469695
14.63696367177436
21.659298172342957
17.040770369539633
14.441370026207345
13.075395212391824
14.909683974178847
14.342846999641154
20.04036410688105
15.94360427349325
17.238201093592362
14.150270532066589
14.577945234994216
8.964130829419625
13.223694047979444
15.51198478050322
16.023239469620503
18.07314397007642
14.831822577102956
14.73366913581703
9.386013737007172
15.067064323247617
19.316716332122233
17.83103183353987
10.643257201993386
18.68694885645952
16.14918962601348
15.868528440612058
15.565896855127137
15.476341209562761
16.785202921107828
17.118411973656578
13.896313771415809
10.741494472202223
22.397783139212443
18.393331367034236
17.310242558439104
12.933601452869139
15.259218520737056
16.69243019449778
19.94183171082164
14.773582863530576
15.206838534450892
20.92473396652482
15.57311291432823
17.964504942881312
12.639993129269142
18.052333385789698
14.913168097197277
12.995361090360824
16.413606845196743
11.00055487799759
19.174333514304745
11.919888079482877
15.899520960752401
12.626584407047714
19.023314309263483
16.525057616620945
15.221836883578153
19.642457045315926
17.248723938132844
18.72259187251245
12.676814636544009
18.38565529706978
16.45780332099318
18.034751132970925
14.400966929209371
11.393506281908937
11.740628616482143
21.85461830402472
10.237709734573144
9.622008685516494
6.904206542008278
9.418865502003957
15.45564408211986
19.687314587053258
11.271956419856027
18.316586498075367
11.053827606364793
23.264946503249952
10.182509210005106
14.656925746089208
18.88085946339524
10.991108741631564
19.155542340519194
16.24900658697378
13.474914301243409
13.786652107424391
14.946652301350568
17.007963143297395
16.39191620804433
11.6447304252841
11.019351525862643
13.240111247317548
18.366348796019636
17.619666249054212
7.357120832119005
15.789405164399831
15.701238505479628
18.331392210460198
19.83778998213864
18.288881587555167
14.010370409630667
16.537583119504536
25.30578267966218
20.54353834280784
17.83203251368023
18.846455223147792
14.457622619605411
26.190410908973398
17.907818043522337
12.527449748464829
20.90511894590806
18.575665333214168
11.28866286853513
14.057516618019307
13.549780232341949
19.141891392891733
16.019776540536263
12.13672101823795
15.266275307276853
18.49103575797924
14.634474386913954
21.597174835361074
18.046045367470732
12.022172172874631
10.862136631396483
10.357422529951723
13.776704582232197
8.626077194784628
15.199536181394171
18.225726271280656
14.13515382251059
18.849673718591582
11.88640068333275
14.009728986324408
22.621014993187444
18.445620484410078
17.69271106967187
9.481556015283996
11.086894806078181
12.8241046417245
15.872870536851352
14.132875802657018
23.060374705132553
12.483253910245045
11.657076438903447
16.139161270560106
19.38395880406819
16.843491123874998
16.819121044330025
17.329484860542184
18.371737945729784
17.10848404844191
13.687025175562043
17.293601651299042
15.374896967111859
11.795110259911516
14.722482636203328
17.066078789587323
10.078708865558882
14.242657520747636
12.889233740083196
9.454074131282068
11.80245036357683
16.3596806862433
9.446257554924358
13.99554959645305
16.297136108574726
13.80745092707956
20.531451152203616
9.68079176506806
23.8571621876628
10.863856919588494
13.867889262887164
17.83539186123791
15.811657578227617
18.166560280980267
20.313562697267393
15.454046190002895
20.141980606986245
14.466559177684662
15.745886273121778
10.847296247543158
14.087851746300947
12.573254114921292
18.91213568407658
14.289224690617514
15.847552682149143
17.87975338067743
20.19175875203752
12.139512315780305
8.804274517206295
12.888906395525645
14.588327404543215
12.511046497650824
18.902902480245587
12.118526315600237
20.947397256034915
21.866655233068315
19.983656140215984
20.730162166821966
15.652970029716679
15.559632229169148
15.877813772136495
11.135724804916174
12.9125409764202
11.03995139824728
14.502048151490571
14.910158993069775
14.05213000383576
13.555284157361273
12.914064263087214
16.742407254524746
14.19036664621779
12.752460950987404
11.11272444086549
21.369608197096447
12.835281648680535
12.162592936100904
18.43787221557485
18.44078669728563
15.568760817196136
10.100064282478776
11.753016650669474
13.834839712862534
18.494010595086902
18.632064162445932
10.419667995186149
18.856732362489687
8.23614823145123
23.542975091067163
12.26410857105144
12.91095588583088
15.351743348816255
15.72502456516482
17.143143019674802
15.120837845778738
12.277785513825897
14.950242325237713
13.657965235270764
17.173829437073497
16.15156886236348
12.76237337616146
11.71847823156692
9.611195206136907
18.878030431652174
11.094882122532448
14.17593013158513
19.917176435303034
13.685215422329131
12.428811726198386
16.736506450150703
14.826146428099188
13.495386308198826
15.807311019442563
14.800098661903455
12.552262965491398
18.84347074090582
14.235018912879429
14.168743587641435
16.8292024655938
22.35628555995707
16.191972048982667
14.231874277651402
14.661556675818717
9.638172438927793
15.092642787209462
12.661702387159323
17.23498569275356
29.64454257663995
16.453044056174665
20.578583917486025
12.684704253407064
17.25805197659843
19.079383964955078
19.899317998104067
15.134096088482119
13.575855054946517
10.432979911960313
19.581022258712082
10.627997685452378
17.431027776874814
14.859856651538534
13.22477066952259
10.884399923201572
13.692720728707194
13.248302612141597
19.031561830132823
18.77687993131769
18.333473158139082
18.347489020049313
8.847934083273262
10.903641328046435
13.904360285901953
19.333034911026726
15.693953219624971
9.201980669342854
9.516104208854165
17.237056530885184
12.773730550099021
15.48335138822948
16.71455430577355
17.840127386742548
16.128307934046482
12.881836233310217
14.38233173840999
21.789827614985835
12.60131763187243
19.520661842824982
12.81692359327153
20.37741471395967
18.522862621713266
10.477620524948158
17.899343725846826
15.074023880952087
14.933566564953585
17.44569630342
6.841184438675968
15.939989940691424
13.806726624836724
18.83648379879565
15.13119382879423
16.313527607826256
17.73808054670438
13.511175822849022
17.17963112399779
14.264963890171881
12.269085032536786
15.571455635816832
21.576407602501778
10.004199473217252
13.388047295455777
11.764531634392737
12.565744310116294
15.774443837703192
25.617504805559836
20.8869965131037
11.652279540791266
19.52980634051656
13.824856574778948
15.377069806875863
16.015412253941648
16.581287221600512
11.583271945342464
18.130242634199522
13.682227145386975
14.737854036681883
16.50579391321003
15.512501534485592
20.819024577520125
14.769653863800775
13.675360519824553
12.742792674901176
17.345188666754513
15.897454210493938
10.74334818554691
17.330411775300718
11.946724583014786
11.874922361751153
18.240338871693293
18.887911705073535
19.861824188142492
19.911949620436797
8.197348587277196
14.282822390601012
11.227926100820175
13.225436581434252
18.17510558948311
16.4330623321885
13.778280482843822
24.773604965238587
13.253710712720693
15.605827934467639
11.54402311738436
15.791101086142643
15.018634122534028
14.224062632526246
7.18805678848242
18.030244898894267
18.658933022246515
12.826570979729892
15.625348569183037
8.99515158768741
20.360088681296563
15.102237435051382
10.184064876454174
12.71101268356032
11.29475868673842
14.160892131377443
15.11019456550371
5.847877393685689
19.512923754628083
16.198440167092627
13.323074039427027
11.226828301434406
10.836008415462318
13.916590402935466
12.320804028844567
13.22739956450082
10.89997168444882
12.162304546443337
14.889440453363978
15.306376778558594
19.4208025837734
14.878876322168786
18.95535137438147
15.598974285011627
18.627039764081392
19.391955787417178
19.716441219512923
12.270974152768254
13.752384957498018
13.970819402571744
15.660681338378662
12.750729472956902
11.114865771925768
21.279399561906985
17.12465669084317
15.547613645729566
13.307103498429026
16.801800068960606
14.713235472973107
20.426082424333654
13.179250386064636
10.2065682059271
13.019267365929018
17.46406467700004
14.066792173590056
9.476020765246219
18.500341636251232
13.67992817139221
15.322922903580558
22.25247781411959
13.302093042379697
21.18461622388683
14.23782283672537
14.794203675120214
18.418830584612227
13.90940074616365
14.408488097538253
13.013181875727122
10.908534179527473
26.57205235498004
13.642541520295534
16.380013981572166
11.220852631710246
16.398348895973715
16.272380786583955
9.97850106416885
19.69478058302991
13.034638853253947
18.416516553649
15.709839296799585
11.010467021060583
11.390814662478771
11.202737619129353
16.28092394962529
15.623226264479456
12.284661159498352
13.918867905184134
17.36409950674037
19.62043640448155
27.275667184660612
12.843824729952932
24.237767307631373
13.476919674753645
20.858456783966954
9.509023863534106
11.84961739602225
15.43983475347514
20.372002015625874
10.966796030699324
20.737368164252125
15.56546775924337
18.99934899794619
22.405054366506878
11.910752899828516
20.203052848230087
16.498556068161257
19.386893998956594
15.439584741186357
14.525750300779592
11.625267364871737
18.300083245339557
19.861191899585172
16.08731596474149
14.298251099205242
8.750731813547505
12.565431644569719
18.041003470586652
19.845872659390327
17.52232294720618
13.239856661199436
16.943058396155383
19.499990972113036
18.000461846080025
12.640591625383305
16.78257088314113
25.021692478995465
10.839642820720561
24.13066041352184
15.563299799425803
15.35164338612944
19.154306691674158
14.328176907341833
16.83406178352169
18.110910030421795
21.03895162912476
15.843702771036575
10.560960730940648
14.808225069851927
25.60050000602257
19.3238775615414
7.672847877316016
31.15456557830012
25.195347428128613
13.241437885625231
11.335113640731267
10.766136541231724
14.33675067936719
15.265903217089214
18.95660126515884
15.242567998048747
12.922983276908386
21.12112581724394
14.627438966644956
11.603127631760515
12.682728317757455
13.414257352385517
14.339921546088133
15.836396885966755
15.405776426218642
10.9596243572217
11.669026168197147
14.18549917367893
18.02830101748953
24.92014298850113
18.93517794192733
29.00080210640051
18.80644789010435
15.65576869710694
16.41822639616123
14.835466402433678
14.954539182355278
15.252218548868552
10.972639990848684
12.9022267113863
12.07370045300136
14.069346561665233
17.714375433678484
19.63745150700763
13.586541033603194
13.052475410998923
15.047173622754487
18.254508091212283
14.99546919972141
10.545600655021692
13.793931872441576
18.20010020793072
15.201715398199852
11.555477242029712
17.62392202416748
12.087865458932114
11.273692540135038
17.559588345831116
22.450261509488126
17.809852536143108
13.522998772549395
15.74509860884357
12.626491926940714
12.20542150841123
16.463249367284615
9.483977205822018
7.197315746215212
18.255076479745316
13.55881934250145
9.380464257929082
14.28456415589803
13.758985936106352
20.406869312207988
13.527473686196478
8.450097729111326
11.99179666138674
15.86116933813555
19.56341161507222
17.648273405032707
16.254405782986925
17.116128843482826
19.268169071620058
14.937109950494348
14.07148272238591
7.716961690747586
12.93095324500182
14.396283111066863
10.663892859998647
21.21774539071322
14.366733590514244
14.307528677536446
22.305677318026575
18.757328789226648
9.923821171895705
12.03350519956176
14.560216535634426
12.906472706811423
16.809105159116385
10.092244560321893
12.598914247444231
17.835894466553356
14.204050943410241
14.090131298029682
22.971559312837666
8.352735781194042
9.964453056644386
16.25558366967875
12.042199864645966
18.527889477027887
17.6468533935417
11.930223636529025
18.62623579651385
15.64521071948525
17.76479513463272
18.04412735039889
24.475876324451644
21.115341473491654
19.52670514781183
10.77603323930245
12.047169098796239
10.476200368837132
18.245230165665518
19.645777625415363
13.385965391658452
11.525028353745546
11.05754227579027
16.634999455633707
12.144660454677316
12.724626773883763
14.596195071303633
17.579174478906655
11.409299673692736
19.714211574348635
19.48593001655375
21.564587253095915
13.751487781175342
16.86555232904739
32.92457895128865
