23.814059437212332
26.426428772645693
27.77392034389901
38.61315702676927
37.70955466864414
27.002172703489595
36.51871070647771
35.14774536282489
30.48171950646016
28.388978250395475
23.204324392868397
27.384933088501175
25.794705191440485
31.33909483486
26.711148523145294
38.584375974176744
14.578008937171921
28.91490048038182
28.62565629044651
20.196627580203256
24.333891163053792
19.232032002450637
23.020476351135365
37.51393050992012
19.331891038167786
23.221446081817994
22.519465135206264
17.83509720295262
28.135596267707015
24.090400812678116
39.702947467326176
23.032807940498678
16.822760556163274
28.910471498190336
16.784128342395963
35.3461813142291
25.106551222470586
20.621611473989052
25.295257389605418
22.85279917760996
25.751118294666593
27.243138063460883
28.567277042376677
26.754370266545568
23.917117155341717
32.85506846272369
20.979552229360614
26.310345459635183
24.853117076964704
20.314221231334173
18.376098343071227
31.43098012255888
22.10973893506906
19.998794148038705
23.624914667085527
18.421535239155283
12.753465810466666
29.50211737053987
21.02398106625744
25.43242758050556
29.439704706833737
23.007081441605997
32.9390955265286
18.399125512689558
23.922335551970924
21.273428550733815
17.01531219040804
22.790922151863263
12.227078001220494
26.264545806404136
13.816830777141211
24.39047818245902
26.53852925455567
21.525756957312364
19.421473653125947
25.69552814538741
22.466911350875915
17.979054897762005
24.784939467478825
20.99745586332494
28.228538139082005
23.10317152895349
24.485143406802038
26.44199849547406
29.207080205118558
30.28757998725984
23.99715670861295
18.929763619086554
20.739965670556572
20.819345406312134
29.87343915724815
20.2618765600246
23.95268673295496
30.10208558429962
49.63106058603045
36.50906304077185
22.57250095592097
19.651624355094686
20.73736632036285
28.881585783938174
19.54401208985254
26.991230634761425
20.30011110617251
17.145231738401016
23.648199994361104
23.48912085765319
21.625812841088077
20.10628977315893
23.49006626590193
32.05640081124166
25.148047140355146
26.91161728192462
26.83316520334668
31.038761374498254
21.573038203724206
29.867426791624023
14.072925973960404
21.601724351055573
25.68667689263875
13.551002497040088
20.838094789894026
40.765846413688564
31.807364776416836
21.640675477773815
27.090568377640185
29.362382468846615
25.676060151310175
27.707814379807218
26.55061979484025
28.25735513523667
28.149019760995376
25.108641272704062
18.7456151966905
22.82260604906733
21.682261466061558
22.952220054563618
27.041081324198224
25.61297968465078
34.10037820568793
25.772527460712652
27.749557875954395
18.481134696799593
25.789685846766513
22.38851853387398
32.23372647993516
17.17842078051009
24.677775293141053
27.59608837099209
19.651332970201523
33.96680686231657
19.193729534820267
29.746762013874566
29.061453660842407
19.83235736835308
26.450472623066208
21.06805242211718
25.682007153417068
33.383734750159576
18.237812640240726
23.4287608930085
19.521317493971065
29.432384874333508
23.925116008446658
38.75613275204229
29.5383926258506
25.993131016953285
23.07650326512978
30.075613955994164
20.874651840613502
19.202930757533114
18.181141455178317
20.269014558865926
21.818129834324736
20.345149266953893
26.156681361862876
18.079780865052715
22.905583247154368
31.38630933765417
29.561075985098828
29.260047822572076
21.167406595979877
18.138021738974818
30.939560009921728
24.985790217279575
23.874939002074203
26.09475592171975
27.68331288668074
23.71540804649441
33.42472375380533
12.385170479690643
43.49168450158144
21.74824123094295
26.70966229177536
33.40480447303265
21.824547867800685
20.600036054896027
24.559827424416785
24.292446058191807
25.179933538838633
22.891849835530735
27.84513266473596
29.637581719530402
27.060298978156368
24.6215019232247
18.674066827010726
31.712267844154596
20.859006654735694
30.301942796863013
15.447698333303025
24.79950286622416
22.01196010194063
26.487024933181143
16.67863269715092
22.149920819863762
20.791174459857682
22.459726064834054
18.548780035043738
25.129571055134477
28.78283646027471
19.24201784535356
30.765865446398198
39.23508261159882
20.55969279722412
18.966631857535283
18.265427612406505
33.982411309207144
22.202837494599233
31.83134446756737
29.09489308415212
28.026903938780524
32.07470425158224
25.029997566559565
26.298001931310957
12.575039550584194
34.74443483191465
35.481786033953625
29.120885953396204
27.77364254899747
20.43444965602148
17.74912920141552
23.87649339047734
37.84812887902973
33.144315001429334
34.05879790339754
26.23247094356391
19.266573542673818
15.237214429737389
23.809700970683828
19.315581797031246
23.468430553301157
29.697150594047617
22.63677227173897
23.299750163319395
26.991021681167098
31.429665867234025
17.541905366127203
23.220501405902784
42.233463573735634
19.50035912581923
24.12695382930298
27.562438500876684
35.566935598390515
26.91567444172624
29.252487927338144
18.824104522161868
20.21738700524094
35.773492947670995
14.73446176026447
29.671209337066546
13.419092503915635
35.83256787919725
25.545157645604267
14.5597863961204
18.93149153659477
19.240049330523302
23.987325165403963
25.863480400416496
17.769999101655475
23.991837011948615
21.1170088859841
20.72059542332482
16.27962755765542
40.17676966569425
21.290714209146493
24.4354506182839
21.483595724479635
29.887372764678986
15.852986350254719
29.524568638705695
30.357987495497714
21.346197517895362
25.27429331017162
22.161764837722853
32.62268212912278
22.951336470633038
24.733181560512666
27.203774691920408
28.66822646038013
23.325984464601397
26.04541944073344
18.372512054852706
25.62158563253351
31.36902960364467
25.251755125991966
22.70220603997002
29.272031530275804
31.001121398113966
30.561974831297633
23.2511715919643
32.00388448124287
19.575148040321803
38.354437527951376
27.921604852528446
26.235925996504683
25.695074796853085
24.271074966333003
22.907884518143955
29.668675871727967
26.26838593066328
14.950445268495491
17.961797236895844
29.74232644712306
14.188830138558501
26.96563123836398
36.64790307406974
21.882153115944863
28.69049519158243
17.78713630329013
29.5946576074653
18.949340268046818
27.173621258397457
29.570763624317838
25.96728865984424
13.67418762913778
29.18958872011192
32.36641811708965
21.32788060802177
39.783225608259514
19.06691462254771
16.071986593370024
21.97189664632645
26.116194325545727
23.868826759853693
30.004598711636827
19.493991453648853
23.554563515535527
29.747451958356557
18.196037099121966
22.798041395223184
19.79505674744531
19.455126932490302
22.903085972664975
21.064873874036245
25.96720339575014
31.639957912495888
34.47379464746901
22.247205405313018
19.68122089495303
21.22640079633039
24.366392835871313
24.69412162694645
26.13675975396783
25.233828281210446
16.86618491466137
21.514390751619207
26.66267693989896
27.599421168811784
27.38734063715213
17.50943906460384
27.111250150010786
25.929841376862246
28.66930671349731
26.783410327630303
27.33651567552634
19.9572588721466
27.27018327265599
23.243848136722768
20.244964899992347
27.480626515516214
30.278850518569133
18.61847523295827
20.259189074306793
26.27845349814701
29.826465840286186
34.830361793927
24.831080881115636
24.027642290081772
29.04617827089846
19.578949878457404
25.47779772867967
17.490425287354746
29.64627298554297
23.164223564139753
27.35354855318432
24.323238420264605
23.934041666122503
25.078897340486083
28.110564512507985
21.697820730359823
24.10358527097648
16.86811161477558
30.23927431542633
19.9158508355672
25.761383045335833
21.42365710215179
23.155615109813436
31.59610428259959
19.486541873971422
22.768943753390552
22.072416355223005
10.486620008283023
23.348496997768166
27.41521359877728
27.307879354092186
23.493082511432085
30.269824727427668
29.085878988007842
24.063087143984205
16.620830040907055
22.643546536117597
16.88848720788382
25.917681811972432
30.775990057255274
13.65365957461152
17.6979013466699
24.244859902149443
33.0070000447578
24.710471190501025
21.677217074136486
23.851679393916417
21.467343640189355
36.15948017812734
26.42732795346402
21.99434030930553
20.37572408469576
20.29824558739031
22.732374545794073
18.993625644751283
23.602413412784337
26.428430204099833
28.712261795309562
21.631138383798326
28.562982167048713
18.648108287312542
18.402284020842796
31.371595247915458
21.62377129227901
27.490723000960333
31.603085877858174
23.247574892835825
20.88326463769616
29.43622112203594
30.547208145253375
18.896851967672028
21.26368367085613
25.085422305822707
19.307754862148837
18.6028252195461
36.052647274993696
22.082568861097787
24.31528854261355
29.478783309807266
37.59471663027143
36.012860622942775
28.536158083639375
25.254517478184823
18.089514265581226
24.967795072959078
29.869265865670595
19.947017591865432
20.675040325069816
25.591324954505513
22.309756367811367
19.747968381985277
26.75090596706965
41.35230338831125
34.00246270004169
34.65018488713997
14.417883928577641
35.65491817066382
30.34322360000355
26.011398846140533
19.798659538205396
24.735711413044807
25.85839843835261
20.199192433952096
21.90911758188413
31.5007597806226
20.13778930968461
26.785955271888533
19.219928304973074
18.573320418880716
27.43690150513711
22.61230481536698
31.230347931105527
16.49032964639601
26.958018952294804
23.63797987469387
37.06387395355027
23.629813644477167
26.412687044352996
22.68162548006925
28.202682462194083
34.9137198741738
28.317396811567257
23.11982005555037
28.486259055317376
17.64201867172982
20.3955288564144
24.010809991657418
28.012087327167695
31.241297279943332
18.649890783055415
28.589510097136994
31.905459576797355
29.898928393744196
33.337740037254605
20.601675607363077
29.574560362238504
27.363057066798014
29.263335905062554
21.9654445303421
13.960648690664849
22.184563829160332
27.180251030218056
23.252925025677374
27.20679111188576
26.59688103355078
24.06576058238797
31.348464167816125
24.775509404764033
19.274691866998943
22.730945862532696
18.99228564717156
28.011510913985344
21.04505993338042
36.888779858254786
27.93686317314114
18.604692010658887
19.89153045292823
23.3316945329753
29.289893471844298
28.88661079268334
20.084857978111977
25.93499127377392
19.706332239057588
25.816320397342835
26.920078035324785
28.050165770990404
16.082227447777516
26.486045168755957
22.48383354824514
19.20483548967654
32.62262064980041
21.927013743934694
34.20796344913123
20.65289609867253
24.4910263063319
28.541089510652533
25.81150764221017
28.12386117963927
31.319356839344533
25.63096796525081
18.134555156978536
24.586180599451847
25.13822437359473
27.689605336440177
22.37766653448667
24.49672324398023
22.703468550646072
19.619544874562703
16.288485628201695
28.07686906697013
20.02501382035022
24.800171150717095
14.884318093074022
37.47126779585071
32.06556692993054
19.40345194871203
24.29495272817431
26.90561914952773
23.90345582948293
24.22032099945726
26.244642513080933
23.231028056251464
17.502950308291368
22.391489166594496
16.3933390146833
21.580330899511704
27.704975956779204
24.452879082411776
19.484786683741767
24.428508024538896
21.640372749776667
33.538601205698306
18.13723204097241
23.669363802948492
19.01681229605225
25.7893228594368
30.241637627597928
24.86951820558419
21.713037073013805
27.87717186989582
30.026419125384834
23.72529004367748
32.14336688220191
32.04663643753894
22.522156559755338
30.060316500844092
34.847963578051846
19.296969160102847
17.229708170458853
20.764968110292504
24.772629155050257
37.05998393522286
17.059803340262437
25.906677444640508
34.141296910909944
20.772769218997915
28.453360219526957
26.30097484903859
33.48017162824177
32.53853540730814
38.414352846590496
18.71718933150536
30.109267216695635
19.46920812884253
22.256932307122383
30.600390822889263
22.62450769317653
29.86290916753535
16.25677663832228
20.123122462946576
22.218965157951505
27.596786733672385
30.003143361236965
17.061816714463927
29.39009799470025
29.80963785461298
26.73765349475025
26.29212399016394
20.327908184903787
23.369646562144986
19.19107865156598
21.82639956305574
13.064694016042008
31.562289767472635
26.294766089689425
28.044000350984767
27.69374500942047
30.63665070808429
32.47494733517627
26.365010864038762
24.957810353327712
24.702791185579308
28.284954261207236
23.601893679691415
25.027504449904914
26.83823097806633
31.558936491605827
29.462903196810526
20.397240293165332
24.52214405209329
28.047219424227
21.11942636599177
27.292508588057196
27.260120655728958
28.324598662602305
29.557303289371944
21.50852265018765
21.787159071269237
25.04378307053765
21.011711994079647
23.214038107389708
18.125829848671778
22.25429679492744
27.836030432743414
32.14548423229764
19.84477841831047
18.80441389962342
19.42013030105782
29.329335435669556
31.04251153473725
19.412569874755334
24.850362754237914
18.86476783165587
22.774329171347958
22.353756994926382
23.727662706924356
26.11174869130739
37.30489169120099
20.392599763208043
35.1755956179356
22.111811055073005
28.741900643167938
19.365488995336968
24.926602724666
20.258649476842724
31.72943500691707
33.38102767305012
30.922304820912817
31.908243093172008
22.84320175865257
35.36552503532667
38.57891895210143
26.405566424704833
23.600622447802483
18.685720000861078
26.675156410496616
19.46351466552754
21.120200949372585
33.69980681706878
28.97237869609068
24.93849370653228
27.69848137127322
30.040815157816837
19.984499689155967
30.33850617344049
31.076344664218052
31.489269073590766
27.66314461509073
28.310356283982557
19.589522833003535
33.1040323527097
20.02526749978561
16.916139603232246
28.794688688114036
26.342009515442495
27.25878402889598
24.974205690423126
33.59942298111367
25.543838265731132
22.94774048019712
20.58355984906574
18.53696872898555
28.99537858566549
22.72040922101312
28.314718959613298
21.237757161479863
35.97554034941318
18.67926389449992
18.02963751327897
30.99324175404108
26.26683897764114
22.679881655317505
27.691106276015166
29.22226922421317
14.00491924585078
18.56913342000753
17.51860479059686
29.40455543254796
27.486457234244615
14.495709556560787
19.88738806157721
19.65088327811388
22.820279006043982
19.40354833043818
30.63807894920253
18.416633495340545
25.56605510998193
27.880792586266796
18.74212276972466
22.474845330000775
33.22458114942842
17.058951655814706
22.797353202581682
19.77498238219094
22.862309770677395
22.900371541514982
25.528432385621468
20.19444215129942
37.415539593586075
29.285894818710872
29.587665838042415
25.008472568944317
18.07109786791053
17.71119821658734
30.160836797369416
29.290623072106893
27.69287992414628
23.57179400125288
27.161311914108836
19.69653702896564
22.1445757868629
24.219957009177623
30.0498850220762
19.327390832393288
22.715276241279305
20.009294348052993
18.153070420775315
21.443783084602856
16.037175819793653
23.184396076742892
24.212421424634258
19.328066295873075
21.34152490609898
27.837139110604287
27.40675031539231
29.52129246726283
21.96330788070541
41.11677296708697
18.615177513336594
23.472033016450442
26.288006740081933
23.393516270665806
22.216188846023815
26.96173629027353
22.45928757534937
22.899364282362843
18.824328755331372
23.551769634878557
41.5978461126967
18.267197611458894
25.384358263643954
20.604467211741923
35.09683440069067
25.28376259403605
27.322945628344584
35.3025757545157
18.15219983199722
28.86452257826708
20.322642067758675
25.564335255969752
32.158117706792815
25.039964229155554
22.882399523099743
24.277319296155632
22.249664003155377
23.38498945636962
31.93324111855197
34.1049419954551
21.280828843115398
21.676532664244355
38.117735292997125
20.467888859715263
20.93155958361459
25.343391554004036
30.879163058722998
29.43224585015204
27.83014931136862
18.837322984531834
27.131646030697453
21.45234048805287
21.179692817383245
16.24148075249794
30.01005439683458
30.302111187893928
23.69098746396099
14.984674687125526
24.734710799683953
20.758997518903023
21.568118222765847
21.022358230598982
19.09180641729563
21.684918424973635
17.362267859766785
35.84816704915622
30.090847336850203
28.418950937244585
28.90427897708907
25.665132389801883
28.127784002436623
36.69352120735594
27.980326967066908
19.64358560566396
33.48934454087906
37.69713888859744
22.446579160729648
30.857743772258956
24.693192238326272
19.85236597834795
17.75854651211558
23.13921175533846
26.059643378716736
29.23675174832224
35.5431216093441
35.09251762052135
31.558184031301444
15.460876969073526
16.21243892345815
22.648522696589644
21.54407391195917
26.821158676732143
27.63104361503348
24.62929905569749
20.301995330371913
32.89141890904463
21.354382858287625
29.94122728955702
29.734895622582492
36.40412037336832
26.996686078511594
44.32887987629841
18.965476058710067
24.498616431168813
26.219023242521068
21.778536783625242
20.42088163248163
29.129241629753967
23.41436059301556
35.168555720893664
28.38994551862855
19.135822193901074
18.2433367190979
19.279584399234626
32.24100167443906
20.13829511739575
23.244957877718527
21.128932592050035
27.165807491403875
21.4994188097621
19.080430378919424
25.124218181698627
25.79708378181073
32.166059712876496
22.548723863564913
18.131805834804624
20.226911555735054
24.501275156728948
26.275197118521838
30.01746805302341
17.45181421919102
34.46743037804168
22.305267295542524
25.786900848049356
20.20148364300705
24.267776306983578
17.390129940646936
11.280208786869341
33.136105169226006
18.09973771340021
38.661289630945106
17.975848617818755
21.123723745093354
23.470121703684203
38.15712634951114
18.28201915001101
21.385582933317583
23.388871311407826
25.58997914315456
23.42206826761968
12.961884510468963
27.580471220395413
19.386907061729467
32.54223383141806
22.7831802546257
38.289483813255345
30.89848926067551
22.083515037107766
21.56788172095178
22.047136002074453
27.589877225317384
20.01198660791332
23.111753075736036
27.872172878242335
26.12988161934521
26.207473425123084
20.419722308590256
20.781862941598604
32.61379933181694
32.929024321935344
28.320505694855918
21.697154907479486
31.94673860490206
25.4351180649402
33.230126206153976
27.55123368064251
27.074611635746283
23.92246508742027
31.517712590903145
26.081334044582853
20.019328061358948
21.886623076853628
24.715414801758833
18.542477893171444
22.767636692683478
21.022706330576955
40.52615476907663
21.04586664651647
23.100962027924172
15.991489136548411
16.697192362718095
24.339371679447922
15.900203693726448
14.072998646334135
19.344751073306607
23.678655226540627
24.36081265939501
17.977202190054705
20.185500067260215
35.04245021213349
33.61136599233278
23.476567454918385
18.24173704625346
23.269629457259423
26.312898335489095
34.76573636083757
21.257741390677808
20.9156294638977
22.91541277114966
27.71213909266087
13.242809885025009
22.199668476463387
22.529817182917707
20.61547189798305
37.048142613530125
51.192266455883704
24.907174560325647
17.94701422633436
29.78789553462624
29.762908834234437
25.018340806304856
32.34733363026688
27.617495760317734
24.786974506693884
25.128372794809025
28.247262014832845
33.71708634865929
30.22781052238286
18.42035825069411
15.610477497918964
23.142535658652424
22.82654315790806
35.420400019021805
14.354681371095301
23.694731677124626
21.114322589016073
27.833104248542345
14.013686824959382
27.447630067493193
16.188215550369062
19.031042808430943
32.35761755429955
21.032157528109945
27.598971752346063
19.594882078387858
21.817529439040293
22.560636369516185
21.67567928149908
30.21928193031616
33.76592047778927
20.54971132768568
23.241359425139922
19.487183039697044
23.655687037863572
24.176920034957977
29.88771399971583
20.05246887925283
36.06440407873021
30.595271316141375
24.913886585986024
25.445656827821946
29.193452956710164
32.05457146904392
20.313828573224914
25.22859065348033
19.755602758397597
28.142013702290352
31.770914720799944
26.44515195866849
21.69390844338707
29.32767826949125
20.516323852957406
27.31660730075921
28.603316073126706
21.021538557237882
21.227287264577598
27.854146272766894
24.98321279133873
26.347342508395354
41.151992363495296
24.032507637301944
29.652021627232628
19.218598638982517
18.15911977219547
17.010471823486778
22.29932545443756
15.812287028624139
39.49916835442251
32.308367804758014
29.654732168429465
13.77704720822614
15.62013619756277
23.24688000438513
24.549629831664806
20.886551035362793
18.659296303151535
19.5325382559762
20.96860763732618
28.845259985877487
21.01913511222655
23.266983439117382
26.780802852567525
22.12873454152011
25.673957339658838
23.923337123805403
21.26194135330642
23.015847662409698
24.157196550316616
27.449408656197033
23.14289028016581
27.38268793017438
19.676191720758673
21.970286307712303
25.59667559887455
22.586567144608424
29.47914361074054
23.44669724609081
28.798960826693943
29.946084282075347
24.09536742210983
29.962384574663137
22.985038126691297
20.681000467637002
24.376869978921643
41.5481841963008
28.43203492388969
16.7680261159632
26.67434539100591
22.615650880344518
33.18021022746153
21.45878416058212
13.686864568244902
18.732424718046396
27.80453883679775
31.645070992416148
20.059434346630486
19.256882977830465
20.117086294098257
27.281646286262173
32.64939280893658
29.088264112588963
20.554167418447157
28.090582617287996
23.523417972432174
30.667129696676398
21.004411803153612
30.677053053161966
37.14516298925282
19.56163905434188
18.940322819929552
31.340178548724484
25.906668703968723
15.510493469168992
24.988496811695672
16.404016794613046
31.13287245888044
22.583571483208996
27.34828833093916
29.180931888976314
23.769736967709015
32.17178516378586
22.123312283201187
36.12925300176495
18.802923585041146
26.49200003826124
17.54347684545461
21.920406977817667
38.89403244673698
20.45708258897877
18.32235708415215
28.298363055232656
25.558363058600577
27.7449307906546
31.103895888772875
17.794409550208513
22.767277202032897
25.371210169772056
28.200583937325312
16.14316958145208
26.057026466336463
24.52271454962012
30.175866894151294
16.30640474745124
26.859423639676006
31.60511019772739
18.309058925914044
20.368929143217507
32.58125068493178
24.46390761384571
32.29390514246575
14.489849714119178
24.918089678960172
16.609057947142063
21.333435350525917
18.577801245156948
20.79670729395608
25.334557466619597
29.207559900958053
19.762469506958542
18.82639149096773
19.059540777541656
20.82511940744311
28.353572848535002
24.713689270109807
36.04760691356313
16.792916606875174
22.691151439237377
18.686156424325514
30.153999787590855
22.630649707893564
36.75462341336061
22.649871014602947
20.678731304011567
26.437298471543265
27.479151469776408
29.256761989689288
24.591346924335586
24.45125899606795
14.259733687006326
26.799284213757307
23.09848779939395
33.430363725883176
37.374888465969775
41.718711759502
27.717393540511353
20.20410471732912
21.54027910037843
29.805606844655408
26.134986579490675
28.794713032161557
39.62671455114394
22.477451931408776
26.06702797859367
26.14568269523409
19.88997967602985
14.000666969586112
17.250114446397017
22.826002460728358
31.633843021387637
24.952530568207717
28.880318403906163
25.108146791351754
22.470947460567654
31.70810396288965
27.276921563287647
20.721308289717165
14.178098872248643
25.49093059576912
25.1976164630617
27.56428151565685
9.347417281273323
25.072269491491262
19.7240162965143
28.090729206975062
23.21975983709844
24.27179185502458
30.804793767762135
26.20541138266078
28.065989884432124
24.40677939471973
20.864747579071835
29.674885846439093
23.380136060965523
36.0214328656695
19.703120906713504
29.84283396949913
16.61872984964046
31.493617678975
16.57854538790433
28.97152283687026
24.755069126523402
26.02537694003466
14.491106200955613
20.392432687179443
24.62058335981203
31.696411827584225
24.96816347329931
19.203972697316974
43.891949561659416
27.048383735612784
28.200375501522185
25.843105220096767
24.035137718070914
22.424611487932296
26.609784091144906
24.075328638163352
26.66804640859627
17.651020480360838
20.69541463921184
18.636547229283245
31.980563390923834
20.497731520581937
32.440386269066245
27.47221896198847
25.347721548848877
19.70726918537051
22.01162385873436
36.319878064136475
24.424159638630698
23.572439305561772
36.45279559120139
21.471229934445194
25.494468565833216
30.652372077803523
27.09344359934133
14.118088387367367
25.607034304236997
24.080914802712332
26.384265275284953
21.085747222986697
16.62237241665484
17.532899749395746
26.376707260800742
23.517901572590063
27.437613484563755
32.44004484678934
24.17792433916336
28.51389973036178
33.88794301898997
26.050524446296595
20.755905136958333
24.89279989357451
31.72391868772361
20.976392946017018
20.29265510757311
22.497871499041068
32.92509561860391
35.72819009409605
26.09306831928298
20.32011949457513
13.557009615387667
22.599051437013927
20.240916043381148
22.1138656304898
17.91525643907844
21.250122535785295
26.54331116442792
22.864935876521223
20.253615623000808
38.88949500094675
27.76487731767951
24.415522031883043
21.637416832007855
27.815282285909433
27.063058205862234
22.355170675760043
30.605702294975906
26.317081637534663
21.08042991406405
33.928997423649044
24.42138855308648
18.301256294206123
19.447201292360823
23.439561443273192
26.33216178946985
14.186828394165515
25.74260130149229
22.476349079356
26.043476034934663
25.509929652691483
15.495764576644506
17.74137088717812
24.622485553580574
29.52755719702518
24.458504635919844
21.744589179890177
26.063495662546977
34.293034825837374
27.417743018590073
24.21829970785288
39.3382124345876
26.136665006679245
16.352938751865963
21.987311457739473
24.788657062548154
22.663092901650593
27.538935900232907
23.17520222858423
24.29345732404288
24.605303356843773
16.515544457442516
23.09731141170573
25.75067858781909
23.988497556586125
21.945890845626124
30.42036643658953
37.01673978849321
25.240658632557693
29.883252251439853
27.64918716813459
30.777131195707685
18.379285835333388
21.724314296289844
30.8267729243537
20.124799696943626
17.12343837085414
20.714340061189525
23.86514751027227
14.949243144406049
29.63012155903268
25.344156089973907
19.870737713715485
28.884204778935914
26.260894488173903
36.840344812046126
27.098323738153567
32.12094245343108
29.221481865182874
23.14531056177616
25.859631949141605
20.16323060068902
24.403216256334474
22.103942555379007
30.160538794554597
22.897878198170424
27.33345813293806
21.679376004615936
27.581199973923255
24.799709370646834
28.60806421390348
36.929772860128345
28.538765299501023
21.2318167130462
21.902062880020114
24.860731706510855
21.252041361777728
17.605638564042607
13.000189967776357
32.056682900051335
25.384610995595626
33.38674931592829
22.081841604866
29.642936663248985
28.208703733943125
23.584597084812284
15.477080669392649
32.66209776350777
30.229351209203337
26.16469086638149
31.464618824900093
28.838577196381326
23.68045368101443
18.52505964428954
32.35741673130492
22.212060290223352
24.145024649779145
20.202341506392568
23.711653241054385
24.61275469220986
22.59224295902033
23.13401160186833
15.868645928122483
18.620331145598783
23.322234748456676
18.558641015953267
23.99634114789223
26.85774420395643
16.445497209681808
20.96293122408392
15.52393495948578
31.94249704554198
21.232319356056088
20.634138809599904
18.908992788885442
25.357242538337843
21.820541666966896
16.712571304639212
26.946897656059303
33.526047615179706
16.52438254544265
29.501618116986428
21.913439216475368
23.41813073748029
21.51855065859925
39.73840072420282
27.383060832963412
26.004993241539065
26.184524454472086
19.08492699260096
27.543907983781295
32.055807389114285
15.944441014441036
27.379805574023745
46.34295852854399
22.434390242817134
14.378422749364614
16.01791491557133
26.76220208227113
26.39866494184282
22.37812977784327
26.149872090639096
22.070998850558134
20.462342167477004
30.355106221064943
28.388117211369835
21.19521083045317
19.816270503837877
21.142483113918072
15.170058081975837
24.794871340058407
17.972147813987288
29.44304109340009
18.637248600030123
18.48815900156044
17.100866232572606
16.812401828242105
33.24850782729211
28.9055080432482
25.069222479859636
31.79478586180856
26.3224018779882
21.32512000463196
22.88852333021142
21.78432806907511
24.461289912586892
33.91328733298765
24.67901948806337
16.98116048014058
32.23843606756919
26.486524375448845
25.800822535256767
14.316889720622742
23.375007682346173
16.080930311833498
18.95333584537509
25.99408733081806
15.381932126406342
33.20037058876442
41.63246120784205
16.69501460403051
30.10698281071842
12.13859370770656
18.270149628332884
21.779618318707705
23.781939396942636
27.57485883605858
20.723335710941793
23.02187212164876
23.29822476419761
31.923718279081687
31.542825113270133
21.597115652641392
29.408071541678854
21.17629763646723
32.80173238725245
15.514196641571058
35.52220545566847
24.74293023214498
31.130932184030264
34.963848804815946
30.02832853518502
21.92808830864107
27.788037845176
26.122803231489613
22.54593494892483
26.577904479432
27.402116703961234
31.28680573403586
27.36821105377561
25.469141375708197
27.31493132278825
24.183163342873005
37.59218086579407
27.22856339147299
21.61584538489216
26.66264294197429
21.821155276784467
24.08136773002473
21.210123081875153
21.267549817945188
26.84433229289572
29.45944664074468
19.816988800415135
20.337193844832665
27.57125546824138
18.191188330892206
17.28307387220609
17.270026715677208
20.459289140136477
29.717592993504983
20.866665880299372
22.852315186804166
17.701648433678123
22.509148880182682
21.9123326351454
26.987844962987275
21.40176103791796
25.11401806022548
29.831801259125307
27.653100344379784
25.63954967397607
21.846813274690124
25.91007677415813
17.403165251111997
24.880072039915202
22.069718129622935
11.574727879320157
22.77183612345508
17.63237274370911
33.7792057567457
22.60958807945381
21.139775155474002
20.63050053256484
30.244232750901556
24.96881843306859
31.143859253475775
31.479030625008225
22.94996649244472
24.64157355437718
30.29199385395749
19.352290372009236
24.090380580668185
29.1277708606908
33.562837058248576
27.4824998572395
22.737034544350763
24.34914562526279
21.73222260585942
16.958838989688633
16.711928017967885
23.872087131404456
23.124581361090165
44.27116899602552
29.86913978482768
24.193842468562572
21.55245514507122
26.875580055101363
29.627349495745246
22.29968464535496
27.265213076401995
11.681541271210936
22.561266461199452
21.499487309273064
14.497296320931174
37.44093511055883
27.700081718331205
21.021658684290873
24.49654422490482
27.1931606170073
27.943995322234215
30.797555285196765
14.66280423988099
35.232152309821124
20.369508692924544
23.896888478735185
20.670585734001413
26.886271968091137
55.913130847035454
20.4019717514372
24.55960779598497
21.91884185197818
13.954507894098356
21.062740189622556
25.574190679236057
25.53095797905594
31.081613201032805
23.689142188903922
27.778211352475225
30.20687634352691
20.133469893465104
32.80209809292965
21.1041037500671
23.592638773472167
23.565342246878597
34.53587982554724
23.483591066636055
32.96911682319937
26.383566724748807
20.955504540207354
40.079271303049474
34.64919469915704
26.281772777695323
28.481886313277897
23.42104397130658
30.511448176381105
41.69151246638483
34.07784427169418
37.043825124018994
37.99756055741068
29.636593470936294
23.764448231656694
24.24973613736229
19.79288501113027
26.124391632255428
30.10159998341794
29.253430108901618
23.93502142435634
29.192594225508785
23.641219723241313
25.926254936004767
14.152192752883009
17.10991877130503
24.61580928210637
42.819378244191334
21.549533792557714
19.508578675018924
25.987325641641117
25.615567150568026
26.439134751993027
28.73379889553917
19.260910739117772
34.32358679303572
24.333710933003992
34.165393895814006
12.88993874711693
20.325620616665574
49.951583013424155
22.70424527592825
31.99481561913479
16.649254731908194
11.092298360677471
17.991003421633405
33.15765304478539
26.25492649201089
23.609474292084577
23.61678720614078
26.280907261733166
24.027620388678077
31.175464510077504
22.041352351534414
25.906859063164816
16.572294174124345
20.806108852401646
24.59976183261107
21.015268316372993
35.291520861061514
37.281177377436784
19.516227969719385
25.28200691713602
19.146530568317004
45.282914801921606
34.02664234886698
22.8773114887072
26.16484347306962
21.2078824553481
32.91555855438244
19.718511520263977
27.66978845231306
23.840779233539973
15.997750327007246
16.731016055844997
30.22303071864959
26.024405278187047
25.879704985002896
21.48761172319033
26.341351435033282
21.552836202971513
18.473093313664933
31.879164063755045
16.091317107510335
26.199678683136675
27.20410224738631
32.73159502925645
26.976370779086682
31.772004580351147
32.63243626461744
22.39960417406011
21.992952172669185
17.85766784330803
24.14077706455901
42.46317668365195
26.87867522834854
17.080245565661265
25.858614140803066
31.684817236295988
31.2668522094857
22.803713305418345
23.57138341847373
26.567510051972725
22.86969951186575
27.056445632140857
20.29279019404108
27.138433808897105
33.37600115272137
25.975954152069164
25.761777816534558
21.596240263738817
23.580955972089928
25.106439671213177
19.427817790121644
30.221928232500623
26.57834534980631
21.40043802460338
26.621482076196006
34.914264818837474
23.99624049075125
26.602398601243653
28.036300195882273
25.659881239316867
21.395774664486417
33.636999975729495
17.077612680503123
36.96269908709727
14.736627986127482
32.1422705744398
25.043935959608433
29.992561685581176
24.179859649088854
22.403547803718887
35.284026657196506
27.672629992678793
24.620486397185825
19.71888438691929
28.145792496238926
34.640932609847134
31.815609352583856
21.245451674098575
22.014561076845958
24.91039203274147
16.930569732401377
34.203171691168
24.18252560500382
19.579130580543865
30.7877954222546
27.969703508980015
35.05612122987151
22.16744416134023
23.288725154756833
25.483363805172367
29.225853932395424
26.675177143023927
17.514739443415543
17.58926373218488
19.610299383168798
30.77589060965521
20.349865191133752
31.11689540785882
16.86446486604418
23.539214350712495
27.353115230672103
21.605213479036216
20.93988638589334
25.74791022662641
24.509741209641536
29.946176775199195
17.941319049682786
23.77905079904793
20.108958084660838
17.3450685580758
15.487831700180333
16.440365328417332
39.61773235615225
22.12853812544332
21.45302393983419
18.105216987035288
23.387033921107808
23.40813161005963
28.556466817772286
21.852019683858266
25.186908638299165
11.983906707088234
28.316965767622726
17.99542941937688
24.116685443820693
18.897702499419303
23.440222039359025
20.541685342926094
24.722117967580616
19.814273040652065
26.137689262036957
33.48149994199673
19.921768047952725
17.010093414618837
23.892088954057915
20.32503935660669
24.897798463756015
24.647226685886274
23.52322890850813
22.716007184359665
38.06656761166326
22.556448844778124
22.869125732035528
22.89071042682601
14.47970644199586
20.269243372455158
32.56796328874983
23.26497022301647
20.0187356236935
17.035734863580842
19.344350604418526
40.568685395729894
23.988070754697258
34.750852992437125
27.585614606167606
34.97907600070513
29.025495579559774
22.94538853848547
13.016421649661686
30.610089606277924
17.28858974537132
29.779044580238978
22.09724447222875
20.993357961499598
22.529280051744678
17.428454885365248
27.558143449110865
26.87088459382711
26.681289349376776
29.871014170615023
23.864698423010164
15.275519068878667
27.734234664351515
38.460016458308075
16.190603417957583
36.826612893215064
20.917050947203535
22.638650385400013
22.297270748333748
34.13079006652821
32.12628165844793
19.515054437564046
26.514949349546736
19.315513799071997
21.672227596336526
14.913195611427849
35.20062520237138
23.7227477236796
24.132071593421276
20.86498868766182
39.010820880129245
30.648513724070593
28.07570538914096
24.689498758128188
19.98022337422298
31.166223377479174
28.36979769795998
18.752044897517788
15.21259657619001
32.07618624623117
19.563936209830054
28.50780061657135
18.48429901726701
18.664443759282857
23.4410535588841
29.851701809125714
16.323457248150635
18.300871036757844
20.411595551929576
23.32930627722073
24.468875076086054
20.8709077339852
28.739981592861668
33.58693820334333
25.924291832163345
17.95029656350709
28.026824555897385
23.693638265004928
16.792487099984214
21.26518195393218
24.483411431587747
36.78216675276359
38.582897675875785
25.1983350584148
26.200527429438836
29.397061079259235
29.465990694059087
29.53103596822825
28.494700575577212
13.916012376238553
23.29350589406736
14.112704541705181
19.716073473078843
19.737198098305154
29.616133712567787
19.317640948804346
25.861335911113688
27.133765584865277
25.735373417084173
26.68021417458909
32.78851332778196
25.73220812891194
18.908887269458067
21.16094555058494
27.319510435820753
25.38397465204072
30.910419480268008
20.277024405120304
29.63187231855191
25.927120648014995
17.41741726889511
31.71038987603472
24.928204934142016
28.415027291517347
17.29346765106736
19.659220010313955
39.43275399645048
24.98165675055692
27.951935671864593
30.317065074267326
22.172990920840395
15.991190692131468
23.311854462576065
26.541579746163386
22.209964394983913
20.426031864213577
37.12843250956568
32.36826194270934
24.51566962481996
22.329059440997064
32.721014664275934
24.145689406334956
21.283089879384658
30.26356777115572
27.00757453000393
24.696259943214038
24.85292598065368
31.370015170401782
28.69234797291566
41.514618708013856
30.495762024808016
14.372965042401601
23.45341175290717
20.788490962393322
28.76788740280966
20.206257208758448
27.267013786719517
23.3548242491907
30.759421445857516
17.43464746474716
16.05627835353139
21.053061848417055
29.866170645779004
15.500244455464546
40.109063111095
32.51881169497396
11.057001664346535
34.54419166993439
25.89931661162964
32.359101941777055
23.19406845565673
22.952248583096495
25.318859791913866
23.492834682326443
10.45307494136855
23.817999090193894
21.318313682916465
31.065457360761105
27.741397153651736
25.35860025047351
24.366858911401003
20.164603132909022
22.425952436508314
24.83841383725074
31.76722431138399
29.54543744982371
22.82806440706326
28.925328448686084
22.128640014539616
31.22785071218952
17.951683820805094
29.108546036002476
20.500470566279777
24.804248931907676
27.623865749283343
15.955676794843516
32.562990259300854
24.602777384075516
30.972069008648823
29.216747512982405
26.362833851496536
29.375699670528743
26.500132009280698
24.317509031786848
30.642723833492997
24.309405854595486
28.77290078416202
25.255912675941367
24.20017595213593
23.063310729069304
32.380209534440255
19.381152593897543
24.75873077741442
17.001939963747358
20.188910702670047
16.937416871433165
29.520517755073
18.319085985433777
30.066289953097534
16.575402301189584
25.98158323480118
32.070338371179396
30.071530170061113
38.03200755701236
22.4302719230053
25.184557485055702
34.38960363805187
25.82444717589068
30.708931173495785
20.831016849571995
18.773830529574155
19.50855747434807
15.962554685327063
22.94770469265779
28.635754767998527
24.61789003404185
26.857954858780964
26.653046495470434
31.63370736332023
17.496910771576
23.540761046575987
15.495706162587009
32.472514148953785
22.003628304912613
24.69718450676727
22.284108315287398
22.63312652644934
13.512944869221922
15.199088246404049
28.41336669491959
21.36431813685114
18.487719106653486
35.73226422832099
37.42488981088398
23.782653683632972
19.88048867603704
24.802359013376048
21.50036858829404
23.26945643728217
23.647454278136642
17.189906689442946
35.45405735358709
19.441425556252632
18.03132743215647
19.34756250839357
28.99175323133821
22.617299471787025
26.660762671866667
21.28547468778555
33.17323091736154
36.516173577400565
26.375146614826946
23.452727328576447
27.450029578400397
22.88118057224871
23.4003507332335
23.138760552259278
20.15348695119055
26.402250411305634
24.095373714833592
20.9879219327064
23.339702834346674
40.46689434008047
26.646322663233402
27.494326602258802
21.027783580444776
19.35744279773451
38.52585338138545
20.93514015282881
14.329969012430857
24.866223828247698
23.07492217786082
35.771653176629755
17.75728086279865
23.000347125464632
25.630876209802718
23.554428333933885
24.161054315268967
33.45635697543647
25.638413529406822
21.566398241725558
25.307956750494753
17.459473636978426
27.349613497543068
20.039859186236004
17.328429219973565
27.914778384505944
21.835650329874465
26.70722072418947
20.648665642395976
28.409145436092544
19.294860329079928
26.965430790461546
18.98856676230055
27.313967097304666
26.612547948646736
26.057713215596763
28.606779748953866
23.9521248431297
23.49059647498265
30.224960716174955
20.49246602412452
26.740357943492853
24.26516861909613
24.62603037440995
29.69382202842803
18.453272165439184
29.755859245184503
23.249537252298357
23.69344673695888
24.159919984665255
21.295756932056463
26.028779867660557
37.337852419690336
24.78339250238192
26.188176210920886
31.39182352736285
35.24640339097302
29.3704569317142
25.8338413824035
26.907074585498997
22.512329232552734
22.305229182332702
33.824772239636566
19.14997576828033
22.758730843514368
29.992726534062875
30.978807467500037
24.4236113779818
14.739940663741644
38.996830059106024
18.90256447803025
15.439626275055861
32.064598989315456
16.694926787497046
28.444003545154022
20.928086502494047
20.92353642004067
21.03070874500275
24.011776557166442
25.139524338679088
17.967843399434262
28.34732632979298
19.570350995776607
16.24575717238854
27.993110689419126
29.32492927729684
31.51866193413129
41.00740342098274
23.73493506501876
27.538219391150164
17.304754576992863
14.714915265822528
22.22247074140195
23.052538423357984
32.43483784153122
28.157226319626727
31.76361987266641
32.57511166545107
28.768519787800074
31.329134261356923
25.69435547177243
14.214543418380806
23.990030741117625
26.36773509245281
24.083199140711272
27.85865313325416
24.89072545258649
27.000115918944356
26.265782711226866
27.1713348429732
23.523983978170715
19.34291352566085
19.385107738540352
23.625074141023635
23.04603164850233
26.54684161034168
21.239724194150707
24.75185906846641
18.8818707110525
30.84663378336703
21.52447583951662
31.89125175544539
26.286331682870546
24.31745755525406
27.833241243318017
