178.98959263993655
201.0251110435029
152.8059202110759
150.37228584564576
98.17480528646519
130.89465929675143
97.00782321115375
99.4397643250171
72.08026973995855
77.0059256038848
76.55309696454304
107.9167617806172
61.40386100937094
81.0860152266059
37.25422965099355
30.844107205966843
29.930434849906707
29.626010550438725
23.262569948801545
20.877130319808288
19.77459411778536
25.097396903625828
14.374533300146888
22.040425017578627
20.085545353050982
17.930667240574387
26.526670596819997
17.57624012443806
19.31051322545247
19.420231445308573
18.90244884787575
15.416308596246465
18.68126350884177
19.424220172393486
33.0466360097663
22.153514193788325
22.284702829134968
16.191336691422148
26.246300055076233
17.52705541756951
24.805125853892193
18.687999940638708
21.479695939150346
20.71106845397656
26.963330959882832
22.08625128570507
15.285649896164616
19.823627545178933
11.332149455359197
21.09466335717119
15.6275758118746
20.2819921631255
20.838798087300233
22.239497612281664
18.369746894314897
19.22211153837283
15.070114837008752
21.89229424748603
13.698087490221658
15.181504653194033
25.717836573971127
14.821180518636615
18.9865127702003
12.963793051193
16.432887774506156
14.188861641303586
22.27506168513803
21.893193027762827
14.442973576424977
26.16408418393964
13.709122682354078
19.132861766268793
21.458017728105457
18.1566821183653
11.858203921416703
18.021402681549315
22.367238413284003
15.120004066363146
16.256793348514158
24.316950523565673
26.603709889555027
23.66758724675202
16.749374285857012
21.899489543199756
14.140532011490583
18.77897267513058
24.524174987670655
21.701725872118267
11.098303732993656
23.41415151972265
20.226429720015563
15.73897456310734
16.88511230639386
20.6932801273707
22.86242974918297
19.470328202499886
17.895511948295862
25.288071528581817
20.611155763857763
34.711787886961226
20.276694070559927
20.111684583139926
21.58071604711607
19.554817376504385
20.27315259275529
20.71674403289629
13.548403701643208
21.399535400263993
15.547447458197217
16.978652839398727
18.072728148881044
23.430276535288744
16.199911144481753
16.620805028317804
16.583248293021384
24.869810952511184
11.373095060128088
21.484957801292524
23.296866980314316
17.85555388201183
16.34868253224547
18.391279036890612
23.73212632547793
15.882128155904734
15.84821165723219
21.265048714316972
19.150175730242246
17.237950206132137
16.085742704532617
18.618197457329103
22.82972541508005
12.281563363424892
26.539320092642875
19.974614736923424
13.752069666605019
12.462368261988065
26.42417899031802
16.424717444694203
21.231218624343743
18.56082637133235
12.932843964061147
17.572081781060472
15.352734999925968
17.723549709228404
21.03331276180584
14.549137917987531
27.70901033697838
26.101801169203693
22.032498673618136
18.856395588160492
24.360868090200434
20.418413459186976
22.902624201741908
12.548943919405842
13.481437569398548
22.85321644193067
16.167094462937396
18.819001453927477
36.32727338456355
21.779070373413337
23.43614509865065
12.828400286192776
18.198083234708132
17.82778942614233
20.652255748380416
11.33008049142712
13.47441352675364
16.87328774397241
13.246535432062146
11.823281759392982
26.628552454832338
18.117996147593164
16.491484239858593
20.33791544254774
11.893556920659881
23.90269028625299
19.715330155676707
10.76112946062925
24.871726327567988
18.794382998143952
21.63016176093193
18.056493373152556
25.05619801589511
15.129150854453464
15.823880384518564
23.119799948577132
24.178669120777585
20.864463625926252
13.03887262064215
21.844728759901997
15.085768787348819
20.794616213651675
12.216855083402283
19.9612715931137
17.576067871956027
15.657830391488178
16.645586545059025
20.074967997230885
17.323391290275207
18.19786862103787
20.883443161976494
25.86268406924693
11.151542338460542
23.256264654846532
18.9231749085555
16.43973659400962
9.369001407214665
21.144712868412636
26.86202762276367
20.366767907749242
21.786969770263635
17.243490224715234
13.903488125335398
20.15420907196517
18.074767825191902
15.351119393658816
17.713825247583674
11.864887796440895
16.183614010484682
26.1565729203155
21.1892031967715
27.620942190140696
18.0981444313938
19.936556303523354
30.20125333821047
10.94890948513304
18.982642772630985
20.975701951877962
19.3338811426517
12.11770540203198
20.400458876745645
20.081554326054814
14.09536207675776
20.690517657309883
17.237060774740144
15.102401221421196
11.088356632338696
23.595666860430956
28.33415219021955
16.124045410739715
20.370176647627208
20.47353604046403
20.831005483260157
20.50806171960449
16.630884961026528
16.645394462901596
17.098842190953757
29.89268013691067
21.261350756479064
24.95592819162229
16.29520403509791
15.795392928049603
20.433763102288886
15.90129311898767
22.53132492593012
15.001642542033375
29.027021213600072
14.588215282177336
24.179675997773128
19.245400755213723
22.191899481043624
22.057646212254163
24.031873132925227
24.483117795146658
13.351300017296019
19.122285071187793
14.659338710477298
18.103407610140387
15.329722018148907
26.995913264522244
9.646707354187614
12.775552277805893
18.71007593854752
23.745851194373046
22.712420443874752
24.351026056285118
15.578886325622316
24.32985382522189
15.812118394104308
12.81907716916226
26.141459866377513
13.941870831893766
22.850212599617223
18.265151651398114
14.799366371395228
11.263133346056392
14.27772264360081
19.796810160946674
19.244298518526367
15.631489621996952
21.76924726707214
15.47315884763307
18.800598406806525
24.739847549528342
18.23898880592993
17.82014110643245
17.4644038696785
12.521623324867678
18.94996479488963
25.624625188347196
15.628031804661923
13.839203728942731
23.43669823231208
16.505294036624008
23.192141368430967
17.65957442805251
17.195478498368846
23.30757881434229
18.47137036579502
17.34424259253945
20.609755536460693
20.912716202183557
14.90662617614172
25.379826278573415
22.66748114244501
21.536244889617535
17.86727015293007
12.499952356411438
29.177410187010583
15.116072925844065
14.85848030713359
15.3219296443445
12.787448044339984
15.406229575521124
20.234150111002
24.088347497119138
32.27921479312845
17.87057223356581
12.634850513249132
12.928396072259963
29.67889743922435
20.50540030101596
22.31416151515812
19.475797652100653
26.454316925241685
30.509070946799316
26.61304658426004
17.054761099354042
20.643464457306983
17.241660784120466
25.407856930815605
12.620322282837321
19.53814720708534
27.112177143780585
17.470194291640272
28.5965688593395
10.256552673467532
25.00392540427602
19.68546744794702
18.75359784251883
17.2479260957154
18.529451075760363
17.737253422714332
15.241431317598567
26.550223917158238
15.82354997531755
14.466731722035323
22.967960016449965
20.475938510724955
12.833816470598297
21.581824866292234
13.589029983528073
17.041991289144594
17.141054450753074
20.083225902102743
15.081876857784849
23.167021369715837
21.040227586585498
23.43421754475841
25.0908748048574
9.990004277672488
17.452619094259973
27.82746227160398
28.517673291715766
16.21153200339868
11.72596029740522
16.75824336071567
11.462730383005772
18.00725929613527
22.66752501537262
12.811413189358259
25.432227214179747
23.69689478181001
16.76561415693576
26.655940252754345
21.507620741316604
20.26014563669235
17.924073939569844
17.878864992376776
17.53535875169188
15.76666285475953
18.28919149527279
18.778041810594697
25.608569361672863
17.149195253236687
18.549230670726942
24.384713043695168
27.23020311758128
18.188101145444943
16.31977818717789
22.923519639087274
19.546889429822187
18.828577450902205
16.135605973997414
15.12154848983101
18.5815443779969
15.287824759908593
24.57883228427165
15.207587729367281
17.62593338697949
23.877865900755502
21.496047108699255
16.409571921625865
19.466173804787246
16.759633770448325
24.140894322129213
22.67891593621254
19.71998695852545
18.650461642230507
25.78629065005244
25.101482843332484
23.364087538624975
20.69935980703461
21.006697132589043
24.08078119006583
29.25275223994533
12.529380672522139
21.982797355466236
24.4835039663508
15.945080736426828
13.321575323913724
10.37074351141502
13.426815002348693
18.456904606223095
15.845466009635134
22.674986008091484
9.050015915973301
22.521306749936734
15.700260818608362
13.67425377232912
15.934745882771628
24.932561632557814
19.83170731506898
17.710593512305465
21.32851006170961
14.109059400889844
17.151933857871597
21.230778281764806
21.68570286725123
22.546846263672993
25.143252212918753
24.75833663192738
17.361214376008032
13.346083254893045
20.88330027515657
10.67083521071273
12.638215803266814
19.826955692853232
16.74380363039519
23.207214458780797
20.044221640952074
22.090107432986706
23.71479624896616
15.715473421306594
18.7517948687802
18.582540452086267
27.753807024196554
12.470231315297648
21.58362546719908
24.8897968305261
20.49088520350473
20.83134229789481
20.027411899350188
21.114969477550858
23.12910359661395
19.677442769984335
13.776326811090971
24.51284514412969
14.386448861083338
21.96297743230941
18.55356352407259
19.19573664329274
14.993574621889394
18.930593492740503
20.7727617225665
14.637242008505721
19.735734064926973
24.187472159184786
15.107586621952072
14.630169148610928
36.28331318367699
16.371287179723296
20.274391544002736
18.5154412507692
20.63644630792544
20.5562543280685
17.777431281697318
25.01160282605891
22.227866216341717
17.944140476630764
20.74704994066059
18.748059612621837
23.21053181950191
17.328433465458808
17.992349348339687
20.641931994624535
14.75888925038838
15.391165266168342
29.748262508936545
15.024797144535965
17.20348775494366
15.563984236403494
25.858830086660145
12.300664044655404
21.219602143244753
18.659937711631454
13.614769148280176
23.17356284918403
15.926186143465538
20.21902113260611
24.73900564023251
20.366829569485546
10.70387544531975
22.510457333415214
17.445111808021352
21.90208142169297
14.288108390636125
22.79816190611798
20.873513817957306
20.362832266128482
18.50264579669509
18.535997094161807
14.818415984998035
17.63789247736596
18.31412500935113
17.82804426125005
20.546540402760787
19.044475572960003
11.894719931192181
9.415328679739087
21.84040301144173
14.734116197877489
21.134104418578193
20.101053260078437
16.638155389891303
12.474076520771737
18.464704672467562
17.640347632762847
16.090567362752665
13.615165460428761
9.626352697253129
20.943902512465566
17.54857283044675
19.693931044178733
22.51999437558767
19.384798231490745
22.911383276963416
20.906775842468505
19.842887320009222
19.171376854534863
16.520635568645506
19.82728901400134
27.37146124941151
20.87006568120341
23.141688699080024
20.019093783597913
15.891234987220404
19.006451077392832
24.810834221248413
22.052430611556538
21.76766978858524
14.705189308661653
20.25940327171035
16.812025067159105
22.541805683613138
19.28931887066124
20.710977240866292
12.894910206918336
22.22901205308965
18.181831362459246
13.733347338347304
19.104682694494734
17.74181469685582
14.803267346398835
16.140304074874873
18.97986541154842
17.51239002937633
22.041782301349734
21.045210294680597
19.86958433160137
8.54580728602423
15.727115334194941
39.28613227747696
19.399749213740783
22.306651044219382
22.212235017081237
20.54122039849243
17.35475748494525
21.47580986539852
21.15389515879747
22.372469734787366
16.081460720393377
24.94972272624902
16.040808283765617
22.639469263174785
15.264683209707233
12.531266269023995
13.319255839453481
24.534835916981187
16.949404267718414
15.204286988500115
20.56578119716844
19.367434649636312
22.28577848918323
20.99399635327711
13.899937238022645
16.937614549491954
24.648799261461516
14.42806114728786
22.7971882236212
18.76268893796728
18.78628692360992
20.10139330848916
15.615173770067809
18.019197120305908
17.675282249840542
26.57734927340381
17.965308286057795
18.8265018897121
19.729601781428283
15.578434720922104
22.85975286297712
20.086997866140837
27.67893409859998
25.82432915248885
19.484833121709936
23.066637587414792
16.979941311295192
20.99554260095524
12.22975098991157
17.72473970306365
18.79414995841701
20.866374589465124
12.668088575367815
24.234927330704075
14.897558033706659
15.441911491992283
19.392606732607316
16.770375412333724
16.251491429579676
23.474045299440373
17.80296316044287
26.164854367829637
18.73805570285602
24.330061718540016
15.856804376982584
25.45731800303236
22.347324283041438
21.49998801866985
21.39877636191092
20.97849240736375
28.32938149903379
18.044270470417946
25.32183053991866
22.731247667559167
20.658637239664866
18.210032371970506
14.0598174828476
14.566145601514425
18.602098497965677
25.579742421328373
33.1189311935437
19.55029722932063
11.012022146324743
21.799967026194654
18.05868300935837
23.347888990761913
13.440174098200904
17.751747664267853
10.51313246215902
18.183791669145517
20.967948192320367
17.235477178483162
16.421881108725305
24.412987155783796
25.843473402526833
16.37682015643056
17.67255597714062
22.09912856278343
18.472496034121495
15.521156449002014
24.79743499233051
22.665099087590765
16.997825077857996
19.626433307308417
24.469283804083382
16.782217513034272
18.173944647395686
24.432246476003154
23.229319829356573
13.649181115361896
15.955785510055495
11.23918252757952
13.026820760258575
15.575163177638963
17.697225343210196
27.55373466949498
17.65689865696248
23.681396062989457
16.33554033881434
15.333992197911664
25.588089120586428
19.98587845588731
17.494722485750238
14.820368453473712
16.855440724498543
15.122424434723843
14.488255622197801
22.659552465874718
14.92827313484207
21.958621904805373
20.3748569949683
19.454538219270525
18.519460363135394
22.801056902065923
19.158718445060856
14.931157596715833
18.813287878018798
18.200687663385732
11.551837747018123
17.941617457135063
15.787198895253868
16.8957052424317
12.847165926707795
20.439143418745743
14.557875207942466
20.987716601681562
17.51626915380496
11.890541821084827
17.09639612884176
12.541314519200656
21.402281585920388
18.045728687397833
40.95443316269917
22.49510274281122
19.959085902462864
30.429685384586826
15.648051641036979
19.223255571071217
15.91705023610715
19.786481942695914
14.70678712393982
18.050694998017274
12.537454090208186
20.62679113629219
21.536976790543864
11.992792633100144
15.76794835475403
19.88435909455811
11.535428223462144
21.460254614185782
22.901148123533744
23.192457085624653
21.152422299437433
14.572272157895835
29.756961234726326
17.023015726093323
16.967664178966842
29.420883291988247
19.36970011784677
19.60516200261663
23.388235631813213
21.2924328905048
22.27621118972053
17.88313464327962
20.72495243420228
15.114276232387802
29.002463621151424
24.18098404052759
12.618866486913403
25.75725774205476
20.04649249197988
25.044848483472492
22.93335032241293
25.49173431198963
15.416024470874756
17.964149653612875
17.219173604562513
16.152209568697288
19.873578114813213
15.260508018533226
19.086556900784316
18.669316044070385
11.357813127845121
14.664781928216279
22.778839263478925
22.447239130342698
28.098734955028238
29.2689875923278
19.470648880987138
20.14256851031686
17.36538821889085
14.3817247008764
13.178809162522196
19.14294936842475
25.529770157751624
19.378702599017327
24.03406732285764
21.308279960814023
15.115995495180536
22.70479292880419
19.152948959470837
13.643458696684277
17.825592205879502
31.935801254101452
18.70329933628029
22.160890760379615
13.545673749811307
19.384176113366696
12.876914265310957
21.140595635054304
7.949888492932199
13.827909453298526
14.623398292406616
20.50982170908868
18.522629670016066
17.785523782030563
20.255931685532115
12.559850773578232
19.46757105170506
23.282041063658536
15.817322342698922
23.25765411321015
22.257660503271232
23.471118204639712
17.174181188192517
18.750238293017304
20.59477224641169
18.385015948248302
20.63676043887543
22.15249462853896
17.57431317996188
19.5679861334452
18.53080612899845
22.2241697508362
13.994369520841918
11.497230290042976
25.78370677093543
12.79702607400621
31.502626249473597
24.846729380440355
18.274907969705005
14.235165026535327
16.459650144781538
17.23463749640747
17.302376214273597
20.639243715663365
26.795385072059393
17.856597435753578
25.153941343352493
21.606488037733087
24.806885036125127
17.86492445696095
19.384484414499628
23.859142750695277
21.558285475237692
27.573466246164685
14.979490507679063
15.546647534380508
17.398199786145877
25.748744704760814
17.131952718834796
13.387629603085216
22.601436371812184
19.382776608479926
23.59632068977449
16.91542553466443
20.001996625182443
14.060993833572818
28.32297091916364
21.5608877967312
22.011955654243383
12.736148431789035
26.87883798015742
14.265868568381745
22.313101546980846
25.183959256216543
21.868045814922557
31.394106239945867
24.16761333677776
20.01231828395804
22.675079165515395
24.664476310855342
18.282949961310983
20.393468502119198
24.33895931499974
9.47057918518807
19.638482039474486
10.46239656513907
18.785992162192468
17.3037372409133
21.956590112292396
17.701410033612362
11.954255206565295
32.375734094306694
19.598258921124096
10.738419170335026
28.744763994524273
19.978555691458936
17.616461590143974
16.9853759806463
15.784312091750913
19.308660122200735
14.733018619596901
13.97781414714922
21.059315888416954
12.20028442875942
20.521233143834323
23.036984120828404
11.461055155436636
10.727980103061663
16.85551719155411
19.530310179495018
16.135083004473454
9.648274159091985
22.357407414565486
24.735900716709214
20.022200004239398
21.82797988181964
18.762344697427544
16.905005332159202
14.14586087057832
19.097591148666776
11.568331718327524
15.212242970325532
24.754285430635598
13.356253953756832
15.373616432137984
13.953784283337573
22.74197667872516
22.772260965782113
19.731664122705965
19.535144274554757
18.902351097193232
22.75347885228539
26.6557440507547
20.790207663297778
20.28903928298434
16.391527332006376
17.193772201880428
20.985629719496394
16.63422513147824
23.350027463505395
24.72086008434819
21.149143367447053
24.944999677450255
15.627188708478279
12.095891683551102
16.650037804277986
20.959001858295547
18.713075531585023
26.645891713964033
13.038801978464129
13.952312600821843
26.417250850964045
13.32825945918227
13.191947183323657
20.251398355808327
20.384397224140212
18.09930615401929
12.121798641927395
12.72899714260338
17.318795069454378
20.634821390975162
18.87569660652544
25.699115458920176
22.498030849792
23.734662619970223
19.736715547460644
22.8064444350319
17.336792768818135
27.42463513992437
29.678852271450268
14.834820524168036
26.891922526923096
12.601145320607865
15.137803539423789
20.426028658728228
12.60053078108423
20.706993590966817
16.03258830430322
20.324258600358146
14.536241894572624
23.37276000699355
24.940896106847124
21.602974867865257
31.236000383749797
21.671997504182823
12.397338212349924
25.921745798186315
18.017626458547575
13.507581376124604
17.235315929060917
13.128565965586722
29.923082741542284
20.885624193825464
21.961081486536376
23.62444637513688
12.462172278448316
15.676382272772619
23.29619708346567
17.85423197022308
13.515658766268551
17.82068813606357
17.44405435412842
23.260961072783132
17.200454528300423
13.694759558372352
14.923662807885982
13.39791281476909
26.73849013418652
24.822135724223532
20.154412955844634
15.228165132818766
18.3228913394987
15.650658879177568
17.459334583805905
16.0156745311581
19.62427892429473
19.849998240423762
12.337936030092315
28.510286056553248
25.27272647145869
16.103720436681144
22.128631677205597
17.296017756637045
20.495156069600824
22.093107047531184
19.28421227839281
20.18492463979868
19.40913311010599
20.82528476858298
15.527687746226878
20.13956477293106
18.49242583714355
22.44198557709894
20.867721070621805
25.81020144738513
18.9558411313783
19.747899075950173
27.70257764518606
27.566930306922128
13.06388309322445
18.772543309912905
20.441297702251973
12.866001793693806
23.94607637702933
17.866656806040222
20.741527275934185
13.998207392531373
17.383138940993017
20.407169646859387
14.949834407651382
22.2109829329649
13.603850341795523
32.55664770959573
10.76451685252557
17.527370206220322
14.540638663672429
28.281886709926713
13.872950373339494
13.013484223240537
16.969199650270596
18.31091381472378
15.75961817561247
20.65767166661957
18.66426240695158
18.512605082310156
22.949214147326323
16.123235558587385
14.157331586273921
27.969713277398277
16.999289365170455
24.278171119889116
16.754121938972883
19.438151908663638
32.93717069897838
16.786186915134547
19.421825527000404
17.691450281479028
18.149496307427057
20.96298457267716
17.679735521357983
10.189000694999086
22.132846774704927
29.011540247179585
18.360899796335904
18.534644237630154
13.830922628638554
22.320330059376392
16.11836527680314
16.829505536950872
16.086699300903838
20.575504466184096
14.631443307146636
17.202903772101497
23.9263126327681
22.411590706858195
14.044050728359855
16.791594724042973
22.88299591683645
22.020000898535265
22.75870154785048
20.5557443852147
16.99510476980153
12.09617115109368
23.75532335151864
19.60515954093001
22.539210331425732
13.568254427198209
11.786365767409222
22.76965892844348
21.90180664174316
14.422093185007178
13.713394088631956
25.081752769194694
13.443240632633522
27.36433095285712
14.831861849093379
20.436968941313065
33.597592369878825
24.79786558567868
30.694769254015558
14.473222308132522
15.72469142800179
14.45747246093119
32.141136535817346
23.843995825640132
12.631357004164775
15.060787948333992
23.640274614763158
13.768500251366344
22.078612407377847
19.015406798005653
17.505494793916235
19.273902927828367
22.736465519750475
16.483838318747846
20.24539274380167
15.00945965940708
26.46208820616978
22.610008558953723
12.840160371693097
20.551104424736835
11.49553472853255
23.42859983010623
32.8003388390938
18.878180671803676
13.189382597757144
12.277201436390481
18.244829956155314
18.525918890726402
24.337533218971352
22.05792588393699
12.900260930577668
16.433520268580786
19.352180306393567
15.26859700900641
19.13449851131649
32.42860414412366
15.440528275659856
20.980114503425305
17.139777012532356
31.633598946185543
17.793326643170264
21.95275170136636
20.216178780899124
12.948511690449987
20.62046528783041
22.89798465632634
19.34619575050166
19.6009734326628
15.05919064248918
19.821029268039833
19.918183327891228
14.307804176741005
15.39491410643768
19.613780204138955
23.868172546063853
23.981680538654544
20.492341970451886
22.938774436953967
29.198988215659227
26.66288548345486
12.606005025200856
19.86773163107977
18.89270376158555
16.86847678170088
19.32053822010838
12.954367790198623
23.35091372344932
14.679154876726955
13.929437566799221
12.748822539513874
16.397850212323448
17.93386350439379
21.37886481498791
21.509653173950387
23.42831153777456
12.071306463148785
19.710635921573683
29.12101236684145
21.717583022027643
25.029893671704258
25.50547596726544
24.664246292884854
14.92963424796328
16.556805959477106
21.68005375028101
22.521237178118213
18.894457512853023
26.341891892745135
25.246298018991027
21.130277521199815
20.414544165277714
12.432000263797672
16.067956048430908
21.98056734959853
24.718154939485125
22.590450264742053
23.36590021041577
11.643146551518251
24.1678142413895
23.56244859819473
22.50315556540047
24.997365283170904
16.2946249746066
24.067432052761674
19.593213785567873
27.85771665596067
14.492005612517127
22.35139347516623
19.130028164067074
17.798154751485598
11.495573157978347
16.145597856307084
17.540644448536458
19.663080738459467
16.01963102655436
16.433337169945208
17.983038106034194
15.685354886323072
13.526971361689288
13.466046516048358
17.617574285156206
26.20298164717974
15.346429531147887
17.713504061382597
16.451030582833226
20.85748570112932
8.88303968126542
13.705823020660304
14.805022735061963
18.081868005214556
9.667823840068833
24.43243689907028
24.96575061397597
14.905875173439076
15.013973761613912
21.571531708005153
20.7524751737102
16.783230627369196
18.468553744678722
17.776441270446483
16.988184302023914
18.7108976488995
19.74267682411291
19.296904538866695
12.881084601272185
12.021496216552894
12.97906203135849
14.50387231628869
21.39379574376659
22.167216949643514
29.216060512057275
25.066428286669368
15.515711755957826
17.407281591387157
22.19321284325004
17.708686664751973
26.397303467824678
12.372812578705803
21.86155167954572
22.26575291381306
33.65099810913617
17.346534064236703
19.575068985630935
14.655511412507805
18.180417624634103
13.189259418450462
23.741912595150612
8.814539902605208
23.431375468294096
22.830719673866646
16.2135532052884
22.12720341972797
17.65508443101892
20.017946199364506
15.305785189176044
14.567413900725873
10.025975280437212
15.73644361455789
12.506074870118939
20.77211974620693
16.367286360742465
23.98483600943316
26.881510075911507
9.883371228279202
12.930246277128315
17.907672900551397
19.438162056204785
11.733011421979782
20.053937737915415
25.125434191981693
19.27861772074411
21.79265237351393
21.23451696380747
23.480615945538176
18.21471579350655
15.619624171359305
23.733498162894204
18.387182916738425
19.51340147552666
18.28892633035416
12.898711545817998
25.88760559792862
19.889951999795937
27.33919095465286
18.44119957028834
13.770627472149902
18.507140279722393
11.48481653783861
26.400625089366464
17.53573804796499
19.97485156551854
16.77978106403654
22.204259947347783
17.948091357818324
30.556982035595702
20.611145221297956
13.942132683064056
17.60693151699619
20.85224044122849
25.018423942948232
17.85430411944201
24.3769882243239
13.62128922932432
20.71076010562041
23.97630080703052
20.363052080170725
20.664333836576493
20.310245670432735
14.470341818546087
19.440129079286123
24.450969116561506
19.294168118539233
24.758001078957886
24.62358962451433
14.66170964059867
22.380161740921896
18.3880775298187
21.37783556844008
11.924947372214824
19.45861420114089
13.884151830411536
19.703898612571138
17.998368435204032
23.67081744561305
24.83202311303528
17.867478635078964
23.822359901030328
21.428152467714003
19.79625981747501
16.93379635027314
25.025093974091096
19.25282883158192
13.871865102793176
17.771796343129566
15.846208467020476
15.735940049642336
15.413589967894234
19.74288054298814
22.145706671741628
19.745593733803666
22.04678385301147
17.28574108803601
16.000733273874083
29.515950022435916
19.21944987797726
18.48502840347506
17.078389912419336
14.138470530019276
16.847817343040788
17.72881723536936
23.16594825791726
24.505673274372654
22.643094091697026
18.438555555766026
21.50820559382782
10.827517200924909
21.543073714482095
18.078346869921496
23.912338529043346
24.1927803268913
22.02375385869825
17.08931638438741
15.693086185626345
20.98788267203379
24.35267795819081
17.26684266819266
12.290470475362271
16.972399072499716
21.067798948522857
23.286527739255924
17.506279218051894
23.66560473400285
18.757134161082703
24.014154394269383
25.64494811275097
22.297834581432895
20.785248591609506
17.315696515210107
15.50551798934098
29.77524505289537
19.49806729656835
26.246486998919096
19.143094902674164
20.575950442850168
23.582814231778258
19.991592477090652
19.003103759198712
16.929403324745763
13.552325920570288
16.45444816925858
14.045228403141047
17.63203006899319
22.019449669309704
21.840260691731004
23.026698145289764
21.927594788461143
15.532310763217247
33.58181030197135
20.46028205694262
22.078393612425547
15.86603085972027
21.868100599325917
14.854021173398888
12.121734610102187
21.74190783433288
13.043921530998166
20.589723636999576
14.532427759791958
21.577093388297687
12.245738737332749
30.98995762151691
15.67033260293461
22.01270290600029
25.312916894062337
17.73251703876373
15.801583928287291
22.571087711901008
15.101315745598336
15.248575396397968
11.63883434299974
21.508034981553156
16.865573288806186
15.991749028106735
16.54008432686605
21.097417669911803
20.758905857708584
11.321565925523082
13.733624667486477
17.252472286574726
24.053611771013035
31.807855655385676
15.72355253332464
11.53914727694573
19.353710964185915
22.099562722635437
24.03048849263063
16.812588695732785
19.600349772493157
20.552552014857064
14.329776520511206
19.210637628611195
15.431034427416893
15.73170052786195
18.402160165274694
23.6693113010038
12.912138977738518
35.13872140753691
17.67195070129462
21.35928972608742
14.151177570687915
19.4675539602725
13.756041192962961
26.207063479497663
15.158904244904173
21.25160546626555
18.43565905259515
16.39811579211812
25.789009726834006
17.644614648512665
22.422663704396882
27.413407856408067
12.173870016450227
16.51304965900683
19.28435979293872
20.19855035190096
25.387538994716508
16.364826615308658
24.535173867674743
30.512937080894964
28.449844532119705
19.582445379358653
13.016372751873876
11.240724615471235
21.1387173693531
24.219149895474587
20.402854862088674
16.91569649442551
12.188491405718493
13.30804331141765
26.434830734815222
21.970670206485707
15.77404645559607
17.05972509063943
15.723905632549693
20.229935822293328
20.977713311737116
19.37561977680117
14.777321859837572
19.81147358916207
19.19652257058029
16.561331450414873
17.41674035225601
17.888289280741954
21.03909813358697
13.00939989341041
17.725477583356536
20.58843220187754
19.748187432036122
10.251086400324464
13.927838227404834
14.56202952471115
23.801241643794498
24.514273759532283
20.41953861712577
15.973134811205547
25.340161378069737
24.47088258992154
15.563090284569709
13.794963015987408
14.469172217990062
14.587179331892198
8.412582418020726
14.257279027670647
23.344739845740317
31.599703486857262
11.50804510774161
22.15467992095225
25.338531658761738
15.524151259442935
22.466978213808066
14.605217885486727
16.80472115457477
19.167055235027604
20.01239019195739
20.176253869034745
27.251418534200013
27.426412948748847
26.326536136591894
15.815863875087105
13.46373905044889
23.881101642572375
9.545541822287305
14.769030699525171
12.644037141798009
18.093114226294116
17.012876317292555
30.833335792873868
30.814226662537695
15.986101325088208
17.584124629235053
22.115945919457598
26.547332733406297
17.23556863992014
19.5076595148277
20.96188815117987
25.742607228857743
27.07444796396372
17.865048084493218
11.8522150236779
20.56197323903834
19.21402608121847
15.617549584092455
27.933906006935842
17.007041434818998
17.807179484313973
26.896136511516765
18.310709187918395
17.252917365094508
19.292018215057908
22.490830334065734
17.906594521018192
24.39374608183897
21.34853603042764
18.99059505549601
23.57740025467199
17.759682647289047
13.345700631444954
19.806623986356804
12.161753988216798
28.588044668777197
12.727971490891301
22.16799991228212
13.10385742183593
25.870341534746483
20.763470085923874
18.626593820742656
22.16313225234348
18.898643690424546
17.204730710696616
20.737653401323
20.951998272798424
18.599149479477788
18.682257695088943
25.980906218925593
26.605830958943784
14.65677262674571
23.631472135232233
15.836467095992926
22.03826320181628
19.948701403162346
21.960299558083733
19.565576123259383
9.656551741890096
15.93942304571763
19.79515989750349
31.055100302330374
19.536884728210733
14.482828599923806
26.26454167920624
19.297742299473267
16.673708738571637
15.400533909274957
26.009092548595287
20.06407446269022
12.71419624900117
13.869308249387249
15.782205917069339
20.580992332162662
24.44163051881291
16.445490794993745
15.377729114085033
14.40121422568848
15.010307228338965
18.286022626584426
21.58996919900392
16.763437465476052
15.503786812319476
19.264306183719164
19.931052502035893
10.184939350308374
21.70622095026476
10.881095755133401
18.263326800990427
16.955429040257766
18.972264721530475
21.538567609088307
24.43127027130862
21.872620321975056
19.996888424603746
15.993039629894975
19.21281647016601
14.405389786357489
24.653076589720087
21.865988537891674
22.77395632692831
14.444635240154065
21.19530619921305
26.567245673953117
