234.38889211133883
156.67591660405236
108.93128847590465
145.27444055250228
101.86684212327451
67.31563520202432
79.76602461020852
91.76270211305616
68.50877509510117
58.53716983175454
54.604014485296325
47.53111974893259
42.6674431129924
36.848071296422276
45.49109967652332
33.44255260926537
29.744411859039843
35.00049510837624
26.62606864494584
18.592667664135025
13.933174253990202
20.706490463702867
21.801650639933264
24.991051085409115
13.234488827856417
24.361629893587104
35.72097544829091
32.82857877344022
30.360414161318634
22.241689043695064
24.8721078117082
17.255513586036873
24.882804522438185
30.56978253661861
28.165280729273018
22.042994828298106
23.542733272599847
31.769768713529707
26.71915392256255
27.31072831071475
27.548839886987064
24.281969609852204
44.74479419295701
32.95747402350101
26.90433838665618
20.907940384920533
31.756788816070912
31.22154862480996
28.42209801049233
29.474489809894987
20.79255569282692
27.00695046328453
21.438814027595527
17.759291285260304
21.69722253955588
30.586120501413923
34.86881112264763
23.063420170732076
29.916711189108504
22.306618895939653
35.76876549041872
22.814251858754695
31.093596297412525
14.242601413070544
27.018212425939954
26.113010529405777
37.966031849317936
37.532511948964434
23.465298767961926
33.270460096265204
34.45990369215653
23.709950767398325
26.825286490660112
15.992763743597777
17.326857481103307
27.110555559844197
28.56235188607793
21.052035892759402
24.64253130195319
22.39699647212295
32.13068971353115
28.228636546904344
20.483629810227566
28.161788309167246
18.19823324861234
32.88176831136684
14.612490645043266
28.75090336148702
17.886973142949433
21.722182430390998
20.823597892782164
19.751294273523406
22.741804416103818
26.087239087109594
22.240629031956566
24.837132209526374
34.67422896233886
21.75493151351276
29.321498175251747
36.514954180963926
34.57009251713415
30.224536953620824
27.268316165907436
40.338771661210956
37.64839523049997
16.173144712155906
24.752304195616745
20.090643406673784
32.01784113235483
20.67228127069378
21.34748024113388
24.01267934775078
24.58780458615368
23.329287066374572
20.252860477364422
29.427320959332555
28.48461511754781
24.353504434173992
26.03816838371435
26.553239049482997
38.46164640506909
26.06755065463008
25.625135369134732
34.96935995595938
23.3552355398685
22.822477536762147
28.084712317013054
21.357013914023703
27.801170239806222
27.415642777727655
16.673775774700488
32.11393960787839
32.339506152513025
23.571012478913328
22.162837438809756
26.076426268274023
33.07819400452024
22.698966647713505
18.328268360455947
26.515896005873767
24.75017841919252
33.0750497463222
18.21296491325192
33.14769422222557
26.434769826485493
28.955583143702285
25.502334357713547
31.957031218062177
20.176023417421092
27.34717543169381
28.078814246327035
28.45031836339762
24.6082659660633
28.879498285190436
24.565795294010474
19.90907891541843
31.92512026248235
22.33956873746143
30.448780562917943
15.357002542565446
21.400131899871962
30.69877590257927
24.01496575591766
14.740509339422056
26.107599441652162
21.995182074039818
37.96543108099309
25.123016100297903
21.806199822580997
29.384063085438473
36.67210615894515
24.457356037531532
38.666882908527725
20.788946807382437
20.230310791247547
26.271411636594948
26.423881444121445
24.003722475612403
32.05975635514626
29.764078941237898
29.858584138432555
25.115053469673388
30.455909699148116
31.816187196455765
27.861034056273986
26.64269401321372
21.356455427520192
26.538855984402865
24.287995459188526
28.605628929244865
30.812809999709064
30.218767734064244
24.691122477213348
32.659440069619734
20.78041801754286
23.381561953697517
31.433598648370097
30.033735592365563
28.343030204499975
30.078369563222
32.05821412187854
14.615553865440528
21.84028817601592
27.68059399512992
29.22443623345869
21.07460829469583
23.458964648724486
21.38655324910976
25.917862348324228
24.36173750510955
22.016727352235222
30.679496703406056
30.773628616065864
35.18441840169152
22.375533595137064
24.901320301947734
28.98757542832987
37.84108881534344
26.56865917268057
21.340250359787714
37.14513064775575
29.753416341428636
26.284276382408837
18.95394782856668
23.78318652599419
30.052480546072168
30.14012711390876
29.146888696247753
22.71301043259056
28.576011840759225
23.471325804531574
27.612120268323558
25.810213405905618
27.068698891354792
19.368228234536254
22.233336783297812
15.513314030323395
30.356801437697644
27.32593666523063
28.1993241303407
29.083183424260778
34.263015079477874
20.729577634116506
19.84112175772905
23.829997081371253
28.66423182585943
25.70875880990337
27.09275279278663
23.479566695021035
20.31851649234021
29.302903270798495
24.940995202251866
35.146251928941716
20.26773311524163
27.10951159817025
35.30160929702783
27.37216880625464
38.05207172408442
32.881647126418926
24.777109414060085
29.40110878292893
28.767431803613597
32.781226142371686
18.38476341491223
25.25862290260082
18.829024180039173
26.182659693881043
15.41787766479055
26.578298479109243
33.13579131152656
25.39684881469169
22.16845100801072
34.50140647443954
22.71497350837242
19.732139993289316
19.39581430672082
21.263272717389558
22.980817271136296
31.71872541831386
39.10183488130136
31.62286848928692
32.16914564302431
30.29012601020815
24.356417870263332
26.02427457515713
35.128514796749165
25.26650352233184
34.759132790608014
37.21720914576558
30.047224655958004
23.636596949056024
24.491547814872394
20.664929211675855
30.379514539029728
30.57068013908955
33.3269394089685
28.452794521100323
23.927809745244865
22.940866900463586
36.207105310468215
28.46351649931974
19.972106048672366
27.64126253846945
23.568889017249106
21.662895268472646
29.36320195269343
30.64231254452062
34.76185230676455
22.47281610506928
14.412857017840528
25.496296180915618
17.822562105489247
29.19375204663967
15.411502752293366
23.95758896739884
29.729167205149203
20.931608345592277
29.945739404691736
28.7065018509583
22.67937542116941
23.156843544289067
30.881053460002
31.14277347838116
31.345942508901864
18.63202760527204
21.547970101723042
17.640030650108223
22.591277609099446
33.64162525053905
30.209242794506896
28.84916876359161
25.70660517288416
25.452217107312986
43.61497197757001
29.603206128798583
19.723971134818175
25.931603748785438
24.00499670476
18.334614525653954
34.832732303373405
38.857567069997614
26.104798114955923
25.983616232671448
23.649272916887295
28.989351657028134
19.71082414945473
23.5764331752455
19.25727669639474
32.04708378022447
25.986950056272125
21.157299253745776
29.319176020889078
29.329533836701277
28.24855119793736
30.376655255350144
21.431923800962696
25.49222994674138
23.816143868011054
38.414889983918805
28.485223210405735
26.360564833710114
22.60618717856592
19.670839961068275
29.374333955809345
22.088042472905396
29.30142245325985
25.78025250370704
30.425179650747292
18.749789812009222
16.79592141037349
37.92695352221
30.990345121071883
27.05838478603053
30.987153062202605
39.63566618800804
19.175003453756535
29.0564077820516
35.49544102212144
29.658133500108285
26.991547461762327
20.255662625630723
35.18622497671756
25.49998038628516
28.265087713950383
41.17205684011797
24.770761220347932
19.8855819245564
29.291154500503087
34.95446948589709
24.90061597607837
35.90223815633926
23.925554181336306
29.369525342055304
20.73737595730851
25.864438322665865
20.705818982821565
35.26318265054006
28.504663743861673
27.61020469937765
28.786096215812968
23.01736183042717
22.368188639549828
33.56137358341177
21.957831344206973
24.563268930357253
27.57558896711768
22.678153994136146
24.708297144554237
25.19638430206848
17.156114171720873
30.760391998615034
35.58868535812534
20.46264337234644
35.036564669414226
32.4173852081001
25.099867640721087
30.605924063382105
23.50183976011064
27.539887891436987
30.646857084717983
19.996727829299036
27.983102525277342
27.3414365699141
22.163302669803542
26.682668615649206
13.864712444130916
22.301151005132624
28.505371951061058
25.56609560988966
17.29559333886685
27.680461246106542
25.26763565960355
16.970591040602816
34.54218013088848
16.3067591264103
28.17373148385487
26.34462855172059
16.82617528369334
21.117986321998707
18.14133588498207
22.90048155163686
22.911676453117234
21.267168566388094
24.729428549128613
25.351096713625203
24.820995389194042
35.69946415654345
27.188016148844348
30.31135982294059
26.041733268395873
32.472441241581386
29.52452392875053
28.03613335078673
31.7575845951626
33.6865812392715
19.414642114399186
26.05688610225725
25.97983082932685
28.143579102880796
37.12329939800782
28.19671008996413
24.324137729116558
28.532132217222735
21.12086850576199
19.760124830067497
31.652683527580276
28.805130639404403
41.01982899917672
34.49644082838421
22.021248265596647
28.191325215768952
18.971670009778652
43.905793586050955
16.752873979190994
28.214447486335885
35.345228108727696
21.110012542877573
22.364241246269064
18.56619468870333
19.757785348782832
16.877354592838227
17.242597015947677
23.76069986365699
27.291608238628847
16.116351304139954
14.261703939036039
31.143318204249752
23.027841583472842
24.851885528505253
30.15355447318251
24.71446222195842
31.134706370671356
28.261765532364215
33.22191529395815
23.734127782325924
35.85539795806741
20.776879854151435
32.435692198726095
20.91525786436638
22.258518108664095
19.788747894853845
29.77749864150488
21.32496069872671
28.84175319864189
18.16208064354801
42.96434888558765
26.614939073048987
21.92411110508692
17.778496238676116
31.07012455865268
31.280542108905852
23.204598759882415
23.466308494565737
22.822117185584908
26.13481188276574
28.923870512665918
26.77462729546423
21.907493311688725
28.19735301767718
24.115018865769688
37.82555989722039
30.813638209236238
21.889929492499817
28.910638711454627
24.611714566575284
24.775996223846892
13.995976870672083
35.45794172428769
26.810808306297695
18.0938802166747
32.028498340314115
23.20117627139733
25.79157324837409
27.9674648749332
23.915584821468382
22.67737806414559
22.435310150853553
19.288428614179566
26.90871262647948
25.479963247908984
23.585562607092612
25.629678780336633
24.0023181352799
21.32379687388786
26.344042299843696
26.791677146568226
19.623518835567623
23.93333841269743
36.48316427730368
24.80827871283447
30.009422884182303
27.17406869311489
27.72969277316483
41.92461611023073
25.677901746150024
33.33286009991342
19.899750020664627
24.206709100497548
21.905144726992546
26.080088192395422
33.66746453298647
18.460219162071173
15.926620971935002
73.3185439979813
23.38435076104694
26.181684603051792
30.805038262061196
18.6917836080271
30.57299033425611
29.90161631310339
19.85071651250491
20.847369760012743
31.24951145972642
26.59707374586492
25.788506093008344
18.622535912543846
25.38648470851575
26.491741428164943
28.552797763591407
23.78741282334432
27.4432477189355
14.710360972711173
30.57385130363594
23.630723917178422
40.02595799096046
27.34773275633835
27.753973229209066
21.642033388061186
32.434644184447656
34.43600717111182
21.90654208951671
25.043397530057472
28.387940307982873
29.383850393626425
24.11925770583961
19.00549006407668
19.86942060832688
21.7610553578532
31.163886482878905
18.453144711773486
25.018867418623742
21.176155504737864
24.84486800694534
28.928281976218763
29.433343818693398
22.540357703790235
26.893019196584845
20.77214386877197
29.985078558295353
21.624446232510262
27.49461347960561
31.71380221956992
27.8462198022914
30.285166913517063
25.433716459181255
33.40664739638192
25.200417467171178
28.371210466888552
30.876779896169232
24.388254082781135
25.709686792377973
34.57489577222711
24.90517422469266
24.392941176489312
19.07786963345675
22.603796417980035
28.831652266006035
19.53031272831709
19.15974232301313
20.717116597610868
31.59842102986733
20.066894739554623
20.97887915479658
21.556993938630274
27.68991922660435
24.205309136789687
27.182108991093536
25.44334225203675
24.268324075217553
27.491210009887922
16.305152230803817
20.971945087991415
27.333641821558846
21.178536719700226
24.53065515462459
36.84885523846601
29.76032451134032
21.506015154637627
22.11288618471105
25.544007207263782
24.306694719612214
34.490211157460294
22.80394657599371
27.56953969463214
26.546997755088608
20.02237473774628
29.90207834132206
35.73305550508246
25.137049065413148
25.5799730444355
28.667735421702844
23.198822844387315
26.83310100822479
43.690750016809886
26.011402531676943
35.79718324506611
22.31095196924838
20.57792538210919
18.187031767665207
28.84359335179683
23.161329855153898
26.370857663581575
25.326269110038012
32.25441477704005
26.584338827622965
18.15177337716086
19.29999809198902
35.36064934930947
23.669961838420647
20.72567144799421
37.41993527861013
34.58792736390157
28.24535264469924
28.25166945796412
27.568634576772837
25.888841064131075
37.96143240796164
16.29508847505276
25.472988404775677
28.191723865842622
24.340216944981275
25.70369346095341
17.679851564333283
26.298064026613034
20.11622342860037
17.501003464063377
32.89176206150782
21.419099456650358
21.03307582404035
31.26358744398377
37.26308884777516
22.739778271611616
31.959304644667778
33.89289776246018
19.081994359465412
37.681069491297905
30.471617774119565
31.402878638862013
26.291971470058385
22.53554040744418
21.18804892218798
28.31458698479008
32.43463350285837
33.296062004401584
32.191764145799226
34.29840548498208
30.141556657546055
22.042829958969286
22.398146381398263
31.265839231094937
38.02580007190281
25.796378096739698
31.605555659010765
30.389377420340114
23.145120144668564
27.373254981173478
24.555396713548557
36.11236838393756
21.19158309794421
38.2276117980128
26.34646632317881
23.664045367505555
26.544315304297943
25.16073144220497
26.58624287722089
39.859989699784535
27.811388607980103
25.69975105403427
27.854117642683065
20.892388050253803
17.510816149824993
28.289073533458158
29.785409225157082
27.94204266486029
19.116633005004108
35.421708817100324
32.680878572625545
29.58986062901476
29.738203709466283
39.01682544649176
30.647017607401022
24.794076303411412
20.17585950456791
19.45331034132974
29.0616997354658
28.540726487123724
27.863008716205524
36.877034709453916
23.19514855855119
23.20197147255683
32.97726495592118
21.421632792207415
14.823525416874391
22.27007246442978
16.504336504682502
38.73915537621798
19.006274258157156
22.73929492237415
34.83827603220844
33.0848805218141
24.073915048856218
32.158710312644665
38.755094074584726
32.37637576545082
14.701493004527503
18.54030772603332
27.35311833438882
26.872153672128757
28.601502882231276
18.38629775312744
29.231782627785773
21.31131635489506
17.632130228290382
25.20366181461922
32.31745208917996
29.949087283672526
21.214522622147918
20.781633789969916
37.01532545520117
25.72906038601474
35.5861123072332
28.57616893991318
23.69395420750598
21.235741457538833
20.55553589698338
24.277724214508485
31.522768821304258
34.54220321340881
23.957635487957713
23.91317909989204
18.14827149310129
25.052911312755743
35.98172661126425
19.341155083986415
12.83098144688973
27.81493925635813
35.63525343284667
23.91852973110473
20.110665585883257
24.18529336434331
27.073497077799892
26.73737523429126
22.474162320734283
13.198118921850083
25.903187037916897
19.52214221505395
24.489523748540908
22.336501939320435
33.96956172076756
24.38979911655224
27.09845769704509
23.73713181902168
34.05180675193525
24.04980081355314
25.428058177869723
17.804520862457245
26.556215598863687
33.02933258435129
23.629990134142854
30.187565786265314
47.25067028986126
26.48210289130022
33.90660231016438
26.31310137702119
44.29651505616736
20.11807625379081
28.702420529246425
24.849208057404187
34.72988141591518
22.367971752253712
35.39506405160224
30.01009695005874
14.743726875827232
15.987231616670986
19.00150428581373
15.232267385109699
24.09676006815467
34.739017901635535
24.32214143791422
25.335048930038557
27.239365670033187
24.153421458839674
28.210183301912693
24.62841798923698
23.19410939158223
18.068881055426473
33.12610067068581
31.802962561127224
26.378324735374996
29.072114103065488
22.394873544071395
24.279802252350716
41.177577480356156
35.626574893059896
18.233164748498677
21.181453604166972
19.834908064179743
21.18928989580652
23.531809949407535
37.23684794509918
20.599378388661673
29.07078562489583
27.10133552623992
32.304773698875074
22.099800294367544
22.673206752392254
33.19717180872719
27.373159172751997
18.99622941890806
25.594695329593435
30.123085991716074
22.732273111051057
31.477265093798433
29.788955702330032
29.11312711497187
27.09390949017277
36.753923921982064
24.007558646566608
26.60704988226591
22.940480365776164
26.771706511603938
32.45986625222103
28.03852426540559
22.804336977266434
25.34784859048946
21.680276060957834
17.98958366966961
16.658149398353398
24.263124867960546
31.925922223840995
24.314212089365142
29.14172430681025
25.871832717059533
31.002427698364876
38.17782518126991
24.97904775652072
21.836438337249415
17.982941061423315
32.8791722360131
27.28990762502817
27.395526730697163
22.897254485101858
20.295358841095652
28.42681375499163
31.6089237145935
24.087612486432132
25.21265297072746
19.176796398029598
23.72668588995641
25.027849356656724
18.36529950979401
19.947875735164374
17.441039478683887
34.833658709146285
16.906186077838502
19.267619039900325
20.444235175015685
27.856242699473498
27.55391129999086
36.39203591610733
17.517211747645472
31.110710367156358
19.64626502653479
43.063034839710795
20.40348946747079
34.21782897650198
18.085539357093754
29.025166106914092
27.38565709852513
44.30000612806541
34.61777985042916
27.00498338413212
33.8576394981574
32.55137449820141
23.00899697021418
33.43033295745128
29.856040181833563
34.359790932112325
22.467029815289195
25.73863727616067
23.23682194108316
32.01023032308248
20.427609802493798
22.427840461834762
24.492550180420892
20.783206828780934
40.03064387283688
26.237020989511667
39.01245054201171
22.62375287199089
30.524880771277736
22.18519133499258
22.4107489925837
22.76177720027488
23.909743271530946
22.215625640683815
27.29153903231294
19.399987576271066
22.52534734791388
18.32346648102009
21.547329604254443
27.97307547311471
24.063004477774538
37.68006616740882
28.864864254754025
22.357595753086283
23.493521570064242
25.764752811463076
25.955377710176148
24.380744998828153
30.25798747919108
24.10629809793537
28.911185506302495
26.632093838321598
30.84261036185544
22.1982545084268
31.204833123606555
26.57836612392732
31.7646937333963
29.889920711649086
21.43256583779917
16.37496003145981
34.385824561260364
38.67711521199354
26.072594163736422
28.08560524616879
29.916868212959656
22.209631051004372
25.862595674995042
22.532807620598025
25.179752628009823
19.138275749114435
23.587400084924056
22.69713496461924
34.85355844662721
32.185652657580285
22.41211528578456
27.741713988376016
23.30406893220838
23.617737312481612
29.689068346980097
28.58164268895247
29.91865310457201
31.69357015533336
17.760228653369886
19.665099851907808
25.77738288849188
30.956899003231943
25.500696397843686
23.14320026985283
25.771535572053406
16.17601165940168
35.49147104512878
31.250761961604706
18.635790212744972
37.00941426782869
28.534819429012025
26.08529434643379
24.01574103526839
25.07760101539789
24.980331571692638
25.442834713782077
19.61240389966406
26.210421895654406
23.4728902883932
24.478650018681762
26.333978380520595
20.71360165947949
19.30913847199811
23.20287950508781
31.71830297523437
28.063134459532524
31.63576399303274
37.49245148735363
19.00833314482352
33.69200782205321
16.754274408494254
23.15395065219458
31.376964221990704
22.18842632390888
23.902406197737804
28.870930377465104
21.515608927721352
29.982086970846634
20.095581435339042
20.841126435583448
26.12932490949209
24.509092995703092
20.884706114375646
26.490487817371317
23.62923547781071
23.070672297462657
28.483402694760162
11.589720862737664
25.11070751216823
23.191594209412138
18.847318943879923
23.197082509410734
30.03174326466288
29.794634264012355
24.049694116821076
25.5850632710754
39.381911718298774
32.81193394568349
25.736274922753903
24.038351201493388
26.016676101273074
22.977179761535773
26.784653553662626
37.30437003636791
26.73637012334848
35.74895054656416
25.197636907483123
25.7247457885791
22.033235040641337
37.97501226006595
19.43561721773113
22.779862440398503
22.15449943876689
30.469311219690244
23.226649124647388
30.00098174632726
33.87062073148523
23.15853798114638
16.128746976085342
31.15557178300417
30.06160891129826
23.653615584888865
31.336411270585728
38.86194187286495
26.606980155934234
25.9094840467267
21.471081113936545
32.68117794662423
29.460322580813802
32.81166525805118
27.078739027833482
48.092993061121994
29.929261469854175
23.034179723829407
25.774816278219582
31.41051823417732
24.710589516785294
24.611352232081106
22.69589039103646
29.556171459363732
37.44009926179067
18.419241616284125
33.136151325766875
25.163113995395946
28.851545399976786
24.49127193954477
22.721001620044152
34.58824155856578
15.632946537336375
32.67505111469959
22.43300227871818
16.168732365312106
32.33045409840033
33.44513975481994
27.796496483400563
23.696156317665324
19.821542015360624
24.91053152759937
20.097542505155094
39.558639203148005
36.80638614565022
18.869306004899357
31.11622039232896
20.23509211897486
36.40683855129039
27.816847153197806
26.6401145292201
29.89392973501166
19.420715093156506
19.251115424455346
22.3939734569261
24.076966178966416
17.46779189320559
22.005588447163866
32.92728445749554
26.313182956613417
30.301377569950617
31.61896676589442
27.12866499963424
17.535031544883804
25.364223321645284
26.627053690713687
24.20783200997514
23.220115792610446
20.29754890260167
34.47599329083636
39.48296580176807
20.096538514507493
20.418436153854202
23.48038222708445
37.105660702350754
30.42278424290637
21.18455066442197
26.607116779876584
24.645701648288025
23.217878822185053
35.807225267961115
26.920558558700503
18.211149931873365
21.699348483833077
35.43009465018537
30.85564703704351
27.107494269156575
26.75420633539023
26.254449406219287
25.06058363516716
26.567871722525627
25.16842208847805
19.49706236762052
24.073984876516004
41.90557141168153
25.647972158277994
32.393689982240126
20.89988095028032
21.278910802227834
24.131488705693833
38.57290139925894
23.957774268662472
22.33509742976441
41.36413660953467
28.521908236665876
16.768386896889805
23.2017700875135
21.80575636306689
22.896888851557506
23.79355270154675
21.262327251409303
28.056271672098504
24.93082619736919
16.95703690667062
31.38272430655605
29.120336698148915
19.65687472968898
40.60198765142303
15.948835273938428
18.393407511370413
21.577167957288786
15.267454772932934
18.590756877436863
26.45697413411457
43.62636239285375
29.60123563405917
28.563127989190306
23.979946773463983
43.23440528199447
21.578571912006623
19.33320165851999
20.7733244928556
23.126645574114015
24.271348509842763
27.434329553245274
26.37513886081325
26.711313044336197
22.446936951321664
22.092375384409774
31.88589991337995
29.71890112999495
30.014757877269638
30.207695811101985
22.763616635176835
29.996029035045225
34.7197025282245
29.00331372248319
26.408012131145952
29.84024427405455
22.388181662158583
35.5652167042106
28.23364985920051
22.53937618979548
27.703452797772577
26.38817489992613
30.490457439971397
27.813594424118737
26.977196558780385
35.60266697285673
35.09307678117289
23.29357034261912
24.77854003435443
23.638564680474417
23.917719071587985
27.348678612529554
22.630302693081656
17.585887567346767
25.620011804288918
33.127459537180755
31.304332142727876
19.204810801626092
32.104394411535196
17.936145896041996
14.510986426875164
34.20255335448459
25.382708699808326
25.264954302982723
23.987325822313302
27.791404855716113
23.435512802540696
25.823461867554315
29.202115138577057
37.905484112698694
20.878253234991536
25.45975597363836
39.87606793500869
30.93641984278719
19.957909319475327
25.379542152945113
43.07466947870024
20.48133218253498
38.461777697789536
31.448373366040517
31.96133927991492
19.27954264758809
46.646702957480514
30.028364733553015
30.780814035651133
26.132242996002297
29.74696263677413
30.089768616304806
20.73272073789735
18.545119473434962
31.39821593579912
27.584872946007454
33.707435582744765
54.13962061506524
28.508066575965145
24.663297564323162
28.514323080995236
23.878504984499596
34.42519056770353
26.114106412586143
20.843366948050132
32.06284943867833
27.804548009759365
33.71715167306769
22.703391184425755
38.011375366835395
16.30174473288357
24.258052786362292
33.75435668411955
28.82590999380088
24.860902839914615
21.80606194046728
32.72570478336459
19.301073945659166
20.14998386404924
27.70819475210018
25.713191846253043
27.52608132374173
22.966954472709705
26.22022174605492
15.662427616411161
22.563758269276384
36.69570566489506
21.940610437024446
34.16551419213813
20.773348567539024
21.544319909439707
21.503910220712495
20.25169759003533
17.352967964147016
31.70996025174252
25.305227873756603
30.182264056763675
30.85833996042211
18.030174425518116
23.493465947001837
18.137068943010913
33.938025193738085
30.255605990398976
25.739459181973757
27.780673463448714
15.710211410262499
27.8234212707965
34.650404461459
26.81252024855257
23.83785898546851
15.810563007856308
19.691910235579943
15.83723860278234
28.35440612592704
19.949699991922625
27.814495156749157
36.0285008001721
17.159864075492987
25.5323245926787
27.73762680198695
21.757879704084917
20.387585346769484
23.403885894047733
36.2996572056381
25.18409675116201
21.67636575182857
42.05730545925808
12.594729116717183
19.071587615319345
32.64336539603843
25.475846609510878
24.63215901599365
36.967082399082585
26.61902875970725
35.06572010644654
15.317982291982368
12.874808128564593
29.160245203000397
27.02714739023761
39.81479620977305
22.85337418048577
25.91879322483524
24.13695133596302
24.29937190854904
24.77500011247235
20.1952312391004
30.806479908737877
22.321803230470202
20.627777434464573
16.683015132350796
23.15979737886213
29.51384923357554
33.83661474739108
26.617478683545592
25.414051941058297
27.54728483603317
18.26606297722868
34.14403446463893
17.91036651958258
41.469887032659514
27.88771184475396
17.29423687397827
20.137861010290102
28.07375875955
26.19248421762828
21.247889620022136
25.693911250734935
23.550445033529897
10.522168093961042
30.13554024348627
23.53982923880459
19.14295194724385
37.67133581577553
25.807697431498035
22.927335168656082
28.4346035674082
32.64059093514727
35.72131893000952
27.593498530530034
23.749005556589037
26.018951717736332
15.733136415934764
19.980032962871938
25.184769406059438
27.986359005954043
23.842186758376453
26.331591908213163
25.568305637747656
32.57435451710631
24.674724556668913
37.697829831869676
24.485999565284228
27.649734047503767
17.64300604142157
19.95936427316115
24.193890827705726
31.105286165724884
32.101202947625836
28.161116629868122
28.09696645021697
38.71822160365531
26.810414982391677
23.408536507723085
24.741314522074344
24.572004972332337
23.073612425309406
22.261273564349267
35.97858431459553
17.64192690347972
22.331296734002734
26.864747272088945
26.920969407949286
31.226242307556916
25.203591740141583
22.867735878458205
19.988018707338963
26.797489625784166
26.201321384097152
24.5262767454562
19.682387170348758
28.50326252592044
22.336789996226873
28.631832058310863
24.265909212641375
20.097380127687273
18.30261738027815
17.580336188912245
21.00425283619223
29.94567872560681
17.657061896201025
33.617749391869864
27.104949274896274
22.4041534961147
32.53086727002429
30.771874535362027
26.10022837543824
27.225972705082697
19.92060821478979
26.411711151005335
20.714193798600327
26.77087485024311
28.37881466664818
21.580178282226143
21.838184776603576
21.75998761288665
31.179484587673727
32.30745823855683
28.260618446614355
18.626438912189542
20.20534043214405
25.605177145450302
28.001383010843877
18.415994554469812
17.282908230780354
36.91744542714611
27.397583625016253
30.570732345951086
26.860536204938
22.73063940404045
18.445819346484686
33.292204564992886
27.514899196214326
27.19644985841116
29.00313746286221
28.11934136956486
26.60572093288157
29.332488674767664
38.542451683506684
23.93373499899584
26.95747792721891
23.572009663267078
28.84977074349551
23.972495284676377
23.752047413964796
23.02321363399895
18.048877169655817
25.375280040502684
26.135317839602497
31.05635478090797
21.50734195636517
28.980714442455362
24.116684830537316
29.901288754076155
29.37070480977567
20.67589694785113
22.684355230602936
34.6005430579099
25.047398650961693
21.03277284857444
23.869150136881146
23.518038536064264
27.29364922568888
17.915861085743124
25.69803850546513
34.20015338388936
28.336681372983424
27.633504234519368
25.110072753988042
23.09975965751782
24.1916739208282
24.010364221170573
36.80880129434645
38.66344576297047
21.77694440066262
33.22469242897805
37.00304433516225
26.0526523952729
14.69809778178221
33.272349977837685
29.260880677759964
29.11703537835846
18.956805132467792
27.463070421995727
28.995308070254033
30.268621811151398
23.86816883308335
26.22363218435574
27.32166642645742
22.222323833595166
33.369080740370286
20.93032558803495
24.516749635640743
24.8761972347491
29.46901310533975
30.15674147250306
34.79174064577658
27.900144332004967
31.83392880126502
32.040388728426976
18.93322204337928
33.455803581318804
21.002021783365148
20.970613515838075
23.604950562663273
19.294273134689277
20.543452378640296
28.446755513142513
33.30029512909029
16.461425030089014
23.683438585393084
13.073931175993042
27.574172176321778
24.05004966365352
29.239696209700927
32.36487600100978
28.304114707512234
24.836239345497514
25.998940072428177
18.391300165924022
20.645523894496527
27.830268531203583
21.01559318375889
29.73633544174148
27.85545073691722
33.21219140825041
20.50739139841945
31.33232520752688
20.263749659263237
31.90539670578545
20.504138604271862
24.89864444587227
23.528188787932713
27.453460210224872
30.522054347204246
21.858486480076213
25.634191895235958
30.54293519223642
21.42296747503159
26.206289789268
33.986355631022775
35.598306955487686
27.2532187336228
23.673143309234888
16.731631418099173
27.74533687102201
34.315745182996935
22.77074154967823
25.197241219563786
33.47423403944985
26.177446516145856
21.41118527283622
30.300556783181076
29.933235769407716
22.849316392634236
31.364946773116483
28.06848820563981
26.48099235583807
24.423218005316507
26.934320760935336
30.407262128174317
38.62651300426038
33.03868054088254
25.438063787171846
28.50074734532843
29.02616507038039
33.680769699735
24.020713617134824
29.710398006202432
34.4929668822466
33.87016677926284
27.6112583501081
20.092763860097346
37.52716980207872
23.525994252253867
39.190559025224786
16.775084885980508
26.91486757377103
19.559382857088913
17.48039144549927
25.971948362653556
19.78492329963235
28.34254242279521
29.776290064588768
27.495502726274502
25.08332950519156
29.697909658138567
28.320996464540265
31.33310610435837
22.60822027122106
21.869937137851398
25.319707635622322
26.63227414047242
31.805875707089253
14.021431879103371
17.371215365574237
25.934854063378822
31.030894047188546
18.574896914440007
30.581395254998924
20.18124335023785
21.67717011893604
37.21443929999781
20.80019197882542
20.731056741389654
34.77685372424097
33.18531431179337
33.09028971766569
28.779578298022628
23.897323091988163
35.986897106419455
26.85232775805136
26.8940543270991
31.32888001329165
19.88795559011664
26.405131204406416
20.441957987018245
32.34270637383535
30.238783531431118
36.41103625663918
21.821027084511254
35.834756101710674
32.22725824431968
21.883092858905936
20.06546772642423
21.91636564630558
30.771619331418627
26.198679989732128
35.208629544758445
27.90614275643748
23.291718086647325
24.330453259360425
26.24053985475399
24.182382201153494
36.10143742314912
17.508038381802717
23.911143189776933
22.451235952724577
34.31406163625046
24.16153508763212
28.578727578747404
36.25159758054273
25.958285904826727
33.70718789301688
26.762713193663323
33.626699699465895
30.120682559102335
20.301002824529675
22.198568043148963
25.18397585029278
28.36988531477816
33.85044289631974
31.257639650358133
17.667136597339532
19.883306149709092
28.12973273001049
27.0387439378869
25.574934033075415
23.497202391731346
18.658072301743996
22.325638492620424
23.39850528436056
16.6048921755389
27.06652278830867
36.88573759228513
39.60099634647465
20.36796529777742
18.607743266468564
25.58870993576827
21.797371826154517
19.524144513220403
23.873268400953343
27.324919438478346
30.269879093426372
27.94534897855051
25.578132764412942
20.240848909232373
24.331352617505996
18.949713320878303
32.07565786863251
27.006416900123032
26.961687408539458
23.39769264158439
39.84328705900424
24.27367818988093
21.892242109653086
32.5730995469027
25.924524938082406
21.12686364034515
29.939756490749915
23.451801378213172
21.993271265714224
31.933556131882717
32.62618416205096
25.213285422208724
29.49269309573031
33.94787598472693
28.71206880632568
28.9364649499189
30.279237772158762
24.97063011144175
23.645648407917545
29.597129330923217
30.422421492850056
19.482998577524985
20.931416987321306
30.20632481277172
27.57168763333317
24.82722378565692
25.016674420728584
23.136753137926025
25.88633865052538
21.22311329307786
27.55649810102907
26.671796387038327
22.020154324283784
20.727620934347897
34.99140367385133
27.91748749084452
30.154789884490057
19.45235560097897
25.79749649322536
30.024336283248243
25.545591900531694
15.170673563920614
39.958987154209574
26.932994178537704
42.576496296154716
34.916122187881484
17.34794451745868
24.171966061744563
35.07569151810891
27.949960510278043
31.96066719707683
25.41326295993275
25.423178007959425
27.690974638470323
30.69669407209574
33.02246215961552
28.456529620210063
23.126399475537088
32.370704099096464
21.52284729976462
22.390556227401017
20.498815476824962
26.842181547739553
28.75703106693907
36.42500369384904
34.33575407962983
28.089318839082537
28.728027765628205
24.898779608004205
28.31835172785141
23.733966959046473
23.32019892122122
29.529080956693143
23.555811462666828
34.21977823621845
31.886698584899122
27.235654746313937
28.22036514271745
16.87305382226503
30.174648086676005
23.896969349686213
29.24459740972905
25.34734272400833
29.888228817122492
25.30494292157272
31.451573765856146
31.326132192789924
24.525156200313216
19.250613160867154
20.730076498285953
27.338880495689562
29.131133915257273
23.617422878623668
20.90598911957054
22.628027406682264
29.624510313551244
29.998667712252175
30.53432959783192
34.979505933269046
36.29034138409688
17.03781538035148
24.986730805505395
23.667157264379224
30.912668064469067
26.26597405757266
31.844957951484137
24.399673039056562
24.734011594725693
29.3773930475692
20.128610224859717
27.997613827447047
19.227272835933544
19.16162778452465
16.40346832733579
22.735248582479425
28.362280944247804
16.939329641609465
22.765697278897957
26.9522843919032
20.28162256331023
24.909962108253296
28.757285176605365
22.342677371028753
25.140422062588218
28.107041428410817
23.791041287584523
27.87624202963841
30.455581786614992
25.791984091068056
29.928934416483067
28.40141925582011
23.073682471300806
31.56639339065203
41.381614440084874
29.234993507779024
25.825300080231322
21.917967276980484
24.22248787340284
29.05193359567947
24.522628611059616
21.197733230268774
16.46220453380378
22.998882117213494
34.968898428491734
34.22093393058383
19.209563180265693
24.23222375219747
29.901782634233136
24.676604081247525
23.30916408444144
18.569830369872562
18.694403679635723
16.302785187204215
33.79769837292339
28.130628036314135
31.030171274917258
26.407595760147213
22.280110313256667
24.8322719837767
28.421461913987695
22.03013482882295
22.472711316180803
30.21022051654655
23.85966557570427
22.909953936438104
26.89686235866851
17.287594681834534
31.071772097995186
30.724138857323602
29.811723629301095
21.37331444329157
27.581937011904063
29.427122958115255
20.964437302730733
24.59224417712135
36.91102338388632
37.66429154610051
20.026557347228398
20.684285375270218
36.89748510631014
25.04809987693129
38.174353669651495
14.661363083957374
15.589322270962255
33.66178920413559
25.557893508509643
19.967312201972995
25.76875405481437
28.405675638237987
18.815302252959658
32.202752840595195
34.76844420111201
30.374768939848764
25.3227400821738
31.84932357072635
36.52140833809129
23.4950410862975
28.244969295101154
22.53606752313946
28.56608478386512
20.377547096396036
23.932832890289934
23.948359493172646
40.83603646139768
22.028231740348943
25.540418129845495
14.6632663523596
21.09275522991728
19.64626102067195
28.941924838072815
21.93055530430059
30.825077891410135
23.373235581132874
21.008115281047644
34.42132901198444
34.11815796452745
34.19395789107299
36.337654548046494
26.518526606381464
25.79424854406734
22.40675946086928
