5768.022216747741
4332.488608306757
3256.8542753243046
1929.8729597613442
1690.4600836116188
1522.1470709224047
1268.5229706295493
560.2524072065597
503.60991041041115
311.59936385752826
670.0229097283684
308.12987507172267
341.64824727832155
444.6076040847169
292.1783243096155
232.38619223616163
183.49576284490925
265.72273228842073
129.41270342316494
163.21474327689006
242.0322563068101
127.82392388253795
82.91997272415844
172.09070223277723
184.6680818448339
108.64392618919527
164.27509599278227
100.1953370173619
89.3219439620897
123.36941315518139
202.28262703182915
160.0643447796606
51.21080200118864
122.45584631945827
85.50270519550315
84.57449821158337
74.77801161171966
75.68797447834713
90.20739716119495
112.9753842208311
135.41735694842518
102.79409803755819
109.06552018429359
91.75039505251354
109.8232928181644
92.77235534362428
131.2755152817607
103.81831619219555
89.60589300727877
105.22522275987694
133.0928494580389
84.015080590999
72.22546382242805
66.49991088262185
92.82340970864881
84.15279280234054
106.78245429096138
83.1048898966385
64.52938230407732
67.26776440415935
86.85939589337532
52.5077821309726
61.27689273013406
113.02957827257347
49.83090693477219
86.87396749596091
50.170542342972254
74.70879238278005
60.73266878347913
87.2745374554636
42.409924699441866
41.216586086222925
70.3523888226942
82.55874042421468
72.69193289386506
60.29819920120845
93.81926559468047
47.91405141886718
75.12368748663322
53.382474967419135
52.63318417119361
67.92071008040088
98.87769101308876
62.35516441863152
46.98008267379347
75.36286879061419
82.08755161234558
81.09106214706516
51.389758959077625
70.12291443272397
74.1790397295374
77.74360145811767
68.1810597469261
38.587690135546076
46.29739749623531
78.5058476576732
71.60302377666848
55.27062516418829
70.39491605884669
48.733471646857836
117.4408864383701
81.74077646507705
68.18052510402993
42.13573072697182
70.51911887599134
60.79801015547568
62.60379477203472
48.38966368194692
52.20728679121378
66.9674565281802
45.17904537798468
48.25826296897359
72.96927572274244
67.30357952200279
46.15209978001024
68.45260424032176
53.382382386706276
35.14430593700083
47.40463575425961
35.669803480705454
51.3663218212112
64.62712971067724
63.91717616638798
50.879606894486805
55.23296197600137
39.78787136219842
63.27314345555135
37.434076435397756
57.54826024642742
48.987089423639205
49.849022586680896
54.64139590494811
30.940552932018246
50.330496051329874
42.024336737109046
57.874633428505874
34.99222102222934
58.51523929909492
63.421984572885606
33.232399466531284
30.769224659185557
62.80567469892112
61.277239135400784
58.80608063438066
57.276456480617455
47.447612345661014
60.57346722771566
47.366838366214445
37.58989472329291
30.322074626590616
44.42942886509356
31.52481802500617
38.086181137629765
29.950925454160586
46.599334676468025
23.671739651587732
29.83843057222059
25.61900377577122
19.594215873179476
42.203422581689686
37.19205068494465
34.741609115517875
13.620643406849409
25.226062643091872
43.31809320057756
30.31701188762935
32.966408388979765
27.285462485542045
20.023211015989073
21.38700068411805
29.987838228749137
28.176735892133074
32.35264442937482
25.553835748311464
21.0439133003722
48.20968535649057
50.21164642257227
33.059403937468964
21.791833309354764
32.02085136287332
27.430927888102246
40.794288227669654
21.50727713664004
26.240808465276267
47.12597996725024
50.690932665397305
34.9951714316652
46.60058772903155
44.290399143104715
31.421511176987416
23.081390056880362
15.96437153966915
9.757254439154774
30.697920607811668
30.08168677598396
15.975853043813979
23.186578008491598
18.137177974549992
27.40215903664191
19.03777976140417
16.550437181190116
19.765700104094368
26.77938157079101
19.434137433521137
16.857722134357793
16.00908503795248
48.61580030338211
17.032862480368728
18.32987741253025
14.829140140716508
42.04112817056861
19.882260177348044
24.092399980098573
8.092630430172102
24.02084178600436
27.677418239849832
21.11297548519536
15.423147897007839
13.556049079395759
18.245338683912074
32.35336159550236
24.890479869167507
21.10030971738849
22.143707127159253
17.800693237536535
25.18117171269078
29.974072466182456
14.53077017803746
10.45780504800852
25.170546710470614
19.62665539528825
12.709185004984864
14.76652590594989
9.94726318953824
7.798061248982707
21.54376239730081
26.065887205727627
14.475943143335309
31.945371428474363
13.219224309960161
20.279457188496743
21.1664700210528
29.45121022371971
30.176094688705973
17.651225295863483
30.911696644626886
19.816873727772993
17.090623734167558
23.72058645490032
19.47349150353731
26.7600971965004
14.50309415697385
27.5346001424016
41.303406159885945
21.189631297815925
21.176411751276188
12.606743173677163
19.302558180657872
10.742770057785812
18.011673230248352
9.886781012213172
18.127031451240622
28.69712777849015
24.943481256546978
16.72836346033769
19.81655285361759
22.37999285686181
14.11815314994229
26.833602992522927
19.488031146257697
11.126476386132063
18.58814903848924
39.5551815380123
12.123375130580822
29.09160016672575
9.422368445456938
20.383335834586987
16.204329432191496
16.914753358813826
14.589750393888758
12.325735620243396
10.218710835807418
18.113193930566947
20.853124562346675
10.6322071684042
18.456940309847102
15.511142561744792
14.346513588530591
19.170593546516866
15.467876766532493
16.244879430315265
20.92758235303923
14.29859940879023
18.60748091643987
17.372443421485446
12.569869122331943
34.241503861425514
18.80831408103211
12.614459518870119
20.226159277927067
16.222883926299538
12.796377297870439
14.347786324336125
28.918511272516362
19.2361130042173
23.064972052196396
17.098855231128894
13.492386668011122
7.9302230011513615
40.03480634684732
12.937440620080288
17.004760394475213
23.15875129859201
30.005566583825356
18.504633710652637
20.45624013172171
19.594929637509722
21.562210433087124
15.551242118702394
16.27899478309401
27.987818875432215
8.757852387230983
41.40122116662
12.958426322259657
12.276838771594894
12.024944064137863
6.7346449794996825
31.175531208739184
11.632920734641822
18.33470569959975
20.999032005920675
17.063790930140943
8.914399856931928
11.353104019269395
25.184299737717765
11.113488807104467
14.446618700905
12.809745737888148
13.974316750496998
11.545526966268572
16.53325492050288
12.104228899654737
19.18098290222076
22.632360132426836
23.398927815934726
18.632394182219063
19.143602325125293
24.615220214201802
23.953183218574132
21.176902677086986
25.459290518184385
12.690158680016825
15.472383840610318
14.593933536147984
14.673085339732408
12.9273702699202
17.66897813717649
8.619252472232631
10.784187725376679
11.675359400581035
29.54756100056454
11.871631350002843
10.30767238926197
14.728135409098734
10.71905663298093
6.313993479463788
20.203455059323208
8.684413191752144
14.689097401628828
18.82354541031227
16.720753766367
18.971378699656796
34.315198502437624
15.16986917389447
17.34845320344413
16.452383551160647
23.614522140690273
14.558288142017195
24.00328001513467
8.476761872779983
23.94110120671651
12.523784402326083
24.794409080695882
12.628865610023384
26.37169431220563
8.477200648498586
22.83714941254592
65.73529634157076
18.73276590471865
36.08753066220362
11.049461615840801
33.67068363274659
12.483004516892278
18.05603635551271
18.260379805576004
22.063323500495155
18.812796157712526
13.529161634109025
16.95775111002151
11.124526455819083
16.099787716280435
12.382307462882403
29.2007148680427
20.205847092364586
14.650188210711512
24.54614585121457
30.861337257356176
10.427952233497601
23.893145613563835
18.463711014646446
9.187544164722363
18.658554096686434
24.815056288645284
12.924478006349464
20.85906436571584
27.424393355773535
9.426323277431127
17.17557305015297
15.374888190742128
19.25346359775381
16.64658379522442
18.662146324180366
9.950539336115733
11.080218339432216
12.879748508685765
18.313888042342764
30.485361020975233
12.168195878478434
14.360160060525365
22.114785343870523
33.92719041159558
16.458255507329994
11.854825631734297
20.4897695166412
16.407219837868514
13.645915621678153
19.921615643338097
11.064823983059375
15.531722328007328
18.25357494856416
18.07213484312142
17.349155995677364
33.57134236382064
19.21988135251518
22.48427414291516
17.811507089242095
34.92627579632889
18.766292472662894
12.01620646000594
11.81362557012982
8.105748162825043
17.440716886134314
14.174503703066804
8.525340023140794
10.159950760239592
11.106226441698862
13.976588750357525
16.792660691845406
22.041473832377655
36.27161885901599
16.660720714007248
19.86557412199951
34.017164839442145
22.201696595391308
16.547147741121286
20.653019921474066
42.55183898902712
16.57828411100063
22.060408069414308
14.431681633795407
16.68690661237334
34.25428159832033
22.604592789389642
20.65550840536452
12.85853175983783
20.22192765318781
12.220145213132177
8.636974485033337
18.323459439627378
27.93224845622978
15.016491889930847
14.90667447075778
47.57154308552825
12.989321861805422
12.225943867622135
13.057486776987364
15.408872768072706
27.124184611808044
19.88927606318289
18.785778866771555
14.713391367700938
12.316347311566918
22.44350194675642
16.769437542263333
20.993465335591527
4.2680943541044885
8.184819672995355
12.737650714547321
13.43995360459652
10.931323985367678
19.71159457169603
20.383622872892808
17.803758898821563
16.334510997159153
9.867144001940929
30.935893746241838
22.230478654045616
20.44114818790431
10.814133445231743
26.114005923162516
17.039366470493466
16.909301684607676
24.268951636553616
12.740558866551948
15.438211935285373
27.01228918992433
9.780030407166528
21.761312170946287
24.584203919842558
26.65116081146096
7.971064989224431
16.5112990054582
16.401839412311272
29.125143279167666
14.2744964156523
19.841349374457526
13.036674004348686
17.172101180697403
26.358813311891303
33.179387234005304
29.987331603173352
17.66017325759554
13.062597157293999
17.16586350049876
20.940248261885287
14.073115418695101
10.501527901972334
20.531139440740052
15.992981739719145
11.84549379351594
25.364545765674755
6.601038838124467
18.94693857299253
19.24537708779612
19.27920069253822
20.832483648674334
32.22343262040725
6.66904802154002
32.24091926151013
14.59398218093403
22.722731243614223
29.775308940777816
22.139671036626062
16.064126531605872
31.656787708032663
8.267833155474406
20.586606775132335
24.191985956753843
9.692505343721225
16.37180355335589
16.033163488871804
24.54640243807616
17.742348161126188
68.18208440915005
10.214868298896478
30.922361000865926
29.0733317373569
32.3786053322187
39.52902614639267
48.14602861242417
16.02026006155488
28.38888174836491
19.67775381309534
20.262701267347317
24.463431769202238
25.1283546118653
15.69107282327537
13.589763487062426
49.31414290096791
27.798494142804515
21.289365811978456
15.447841350667769
23.589589078041804
25.37395945699291
21.75736125448566
19.639545840498037
36.35623945845993
13.225704288762996
20.128472648991888
22.855487639848832
34.35717854245651
13.044531154190608
10.400736702654802
11.191081893353882
10.564719518857638
12.012725515261193
14.042444935112492
13.994999666002519
10.492947669511423
11.358795580264715
21.436062800643583
16.55244142873907
8.371264070867543
14.504780102279316
13.942529775218826
25.02846805353179
20.117524502624104
11.764596212458219
21.54186867854947
21.837305387876942
11.293697684140207
7.505247008331577
13.111526586640029
11.689137134447265
10.164278993372275
11.78536466981853
5.030006620477896
8.412441136999668
12.230485134579268
8.974673151936924
12.642683719433128
7.704382757544536
19.500058664778454
10.020242977955377
21.46915788291561
12.8432433945484
18.327841897418608
27.276567914520633
10.982566352709554
18.600013090497228
16.236149609937186
12.184893950154176
15.147154315175584
21.705599715287914
13.797896119938228
12.155404535096988
18.62992279189279
18.989992913934017
16.469654488130445
11.01272277391824
22.339417593456858
13.925107793313481
19.054209320087534
15.076616501093131
7.90490254597075
39.12745067738229
18.33923047163296
5.419432742636125
24.141982706737227
8.039815403041588
34.15562728092981
10.288621711343788
19.3114600262869
11.19548846901829
12.435681837788698
17.290998704695152
16.55683064825737
12.916557756675523
22.910958513894467
10.58943723485164
17.983987063800217
16.444022461948787
21.85240849923254
23.791188413501345
10.092438266359856
17.848256989738786
16.275391352979867
12.578808924854698
20.746364083216452
15.423046810497599
10.933372625612533
19.461639062461078
15.926673777805558
32.48677902327403
13.404103643783822
25.661605518273127
21.595269132547212
11.788647574978782
16.039257575326022
13.081582485213636
18.86661835960158
14.67484570695239
14.308857496508026
15.045297640697791
19.35606296736781
15.649294498872719
17.44346505937967
18.334635366583345
13.360017437420153
17.77992303382198
14.044787691212576
19.030689615123748
28.392853308185117
19.25067650122663
18.28788351030462
13.702133416272522
27.22428264625934
11.75166247986974
11.498973187533004
13.753700044734064
19.548202478570648
15.281178399414873
11.854639674219145
23.988003401128566
6.307740663427033
20.727262671207477
16.925530070238594
18.785861095151805
15.160625193532345
27.37341529042992
23.439210990332022
24.0805893525645
18.672817219567385
10.459233238110393
11.19749292005887
17.901975211752564
17.55448418431481
21.369744637085986
11.784814457325208
11.395160202412493
10.825747447061254
27.907038019690738
11.2018304366405
14.26522922940799
10.583248155847215
24.85132425964513
8.409690040952219
23.232514308112588
16.170750265831536
16.84200197490026
9.53644400664371
15.65202609237584
16.16568423719336
32.54757269456338
6.819625461102744
11.520007225922946
5.275526745943933
11.429132435116992
11.942312183000743
25.78634340002851
20.607559223097972
34.544992769451625
8.805132489422798
17.37353694258264
16.2497151498918
19.162944831289757
13.12222350551327
13.320459726537909
14.633006003718412
21.208317655316662
27.236214185839074
21.223805561592528
17.650579539503617
30.068250580068522
5.529940053838059
51.14997322180304
7.714062531004686
16.41788477680197
12.01636335924342
21.876978773703726
11.337955598571819
26.32444152076258
17.442851953679227
4.976203195367235
21.87585608612817
7.900061865979686
15.371367567455636
35.675583926916126
24.312432679575856
18.346476449536063
17.571458062221808
18.784649149731873
44.94478725478273
20.180671500373222
17.745801647703253
14.302869116342954
15.30645407978914
10.855607192431249
10.30993231341294
15.633702397853991
24.850843770003944
13.87680636914519
46.06518267548634
14.398112430387119
22.22803626865751
32.715480901758944
20.014816945537213
7.88998305995521
18.666978250005116
18.908680210565134
26.243157495439277
24.149790667272732
13.053313161218888
8.894103054756055
19.638876024700146
21.37166165657589
21.77120801239618
26.344140732950414
26.56453235874067
9.341807678010774
24.726701518942473
27.40278981952512
10.456378524384204
7.321260218359467
13.313150616531752
20.037169515573833
21.067782324725734
8.292333287541785
12.627544808524668
10.325872133864799
9.53259872287564
10.977360688404735
25.65531808290478
8.570389568146725
22.637630941170748
7.0406677742464225
43.257977389315556
8.722970915663844
10.970340180207991
16.85024417577293
22.688508305231643
18.158784847403084
22.312917503137903
12.629977977081705
5.487136472119674
37.48954995806932
62.601413450182896
29.145052598408682
33.146429340530844
18.446712750266254
6.630530185248887
36.60134041287448
12.17874626408862
11.899606515984424
22.708135219053744
18.664599859390457
13.36685827059157
19.517782316838954
15.712915206229766
12.988188817433116
16.77955779630185
23.64725483663583
17.29204406281958
8.493839315408865
37.97393787060378
12.117786072798292
13.565865562671739
31.153441822973445
22.287860057642714
26.2664620437892
16.79787935221649
15.416949925282546
16.99864165802822
20.4614107921223
15.022732110047507
8.393945905838857
24.74349658093668
16.87541476852436
28.150046504262495
14.334467183260788
28.344440977791884
16.071770547402682
16.716024390609416
20.049809982837942
14.264934815656153
10.944243864360176
10.894268082907884
19.76968529100042
26.94676939315289
11.712552411029083
20.959764523133977
16.241526224269258
7.4965818582265795
26.8144356259013
13.184835865395913
12.502248149421485
9.079125557953391
24.165920359523806
11.882941743143707
10.534104221541666
12.815200600741171
12.825441972949564
10.5022977911735
8.030101901413852
21.466404264341733
8.401645144708597
11.618675174874534
21.278241441617613
13.402375957717593
8.92811868494572
6.077753489961787
15.769186522286374
11.058596066813086
8.787968446584115
21.88713619258724
14.17622316299035
18.994774182203606
46.08544417648678
15.029794848626777
23.350742910783854
12.48141007090759
22.92617957177998
9.843335444673125
13.76401229129615
18.037673860788185
7.824461509812558
24.013460398752276
18.385446279626127
22.135742553795236
8.470049296117752
19.463760445208447
42.68131322342589
11.244000209282241
15.344968693761674
16.881210967508363
13.431428613275342
39.812487179957806
26.754605530969116
7.6313745641598905
15.103352787065338
17.096497477619952
20.925699831039612
11.943346800976485
15.463506809570807
7.1966490951071025
25.12261348165829
18.14777790162526
18.312034261400598
6.1727574481154575
16.817351143521705
12.046849030220857
17.81484541291904
18.784535141476695
21.538292837032134
37.157683529963904
17.200557483561514
11.374005412968483
26.733825321719056
30.12515468230534
8.04153085704143
19.79960890676141
27.071452891404142
17.067213806351724
22.511929819592854
21.130928277739784
29.42005042246361
10.216799343482851
23.45612511640398
32.406338816241764
15.883574131999936
8.970123131516774
30.791864247727162
24.512594188833212
8.79020544858132
15.355428031066626
25.610852917012917
15.143068869877219
19.344169370928093
16.006931839479332
13.281792041522507
20.591931905128284
20.424215130834252
27.981072956394353
11.813406433897061
23.357023787460655
26.92013248658156
20.331306143931734
19.094913147126846
12.603594171425703
22.969692420291786
13.644303401872667
8.893314612272302
26.65610049494455
16.741430146021305
17.69463999441762
7.1348797832128135
13.405931334925524
11.469897576694947
8.647118139556516
6.532245373295341
10.35252156246549
14.956270180030511
9.698980616177996
13.598129407160378
13.584039086048142
18.339246331173353
17.643590005401453
17.894352523600972
19.73301723356986
10.578149425283891
24.981694128642065
17.013225365662528
18.874515185681318
7.388557215379592
17.518704723246103
17.658733605670815
10.678834406377565
13.631710448901984
20.227843029558752
13.282412462949816
10.048684559164368
22.209553623646688
20.367596202772667
24.730599231639612
11.294184030996583
30.54432527635126
8.298881354253066
20.61064132857733
17.966926717467114
16.083849087966673
20.1605593694739
24.351548689351237
6.108355395034879
18.287036226165622
11.877390235715552
8.838675158310814
13.060574034148473
10.682045505548873
13.626401246905747
11.446130814621181
13.141506524992039
24.62149539947342
4.376594022347981
19.43213589248522
11.617996823319771
7.729116882158527
24.53384551676268
12.939961811621728
12.426572020683354
9.354826729133423
22.111051066954364
11.14740526026155
31.954540853153173
14.210316869994704
11.375215004998978
11.088927157463829
14.380767395370276
19.41002937198325
20.851139730091013
46.92227039801196
13.546518438266691
17.91932922881812
15.929762289205623
28.16151105752411
12.560881510887404
12.370654389140885
27.288733304000356
8.972511694034882
12.124914877157707
13.265612579326469
17.34136233645168
18.54305324703099
24.15393519499873
17.111338739392885
21.904857448288734
14.364171026640419
16.038300199646617
8.264355913663826
18.164580670984925
14.413703345388534
11.960246528879585
22.091348639487254
42.00970356850562
23.378927965359665
22.88620188111681
25.87479810069071
16.01309984361658
12.424674753572454
45.88030785153078
23.08925568050447
7.358313043422096
16.98730590430335
14.554303678221617
11.69122978824772
35.09503939113702
11.616774615738413
13.706692253268358
16.234998950737506
22.87484526805776
20.76773220694755
20.456469278975472
33.60363978638303
15.40160823458676
19.529883652458118
18.87098665996126
23.98876852317427
18.807152138077672
26.001200092832562
17.111608957123554
4.0186167222266835
28.788004673676316
24.041149116472425
17.522140619384363
16.296368111344645
10.356466193828622
10.047281730167892
24.503755082689548
25.187133679498142
12.32295172214907
47.789646334966115
14.85697194827118
10.964395345821188
30.87084805413521
11.411793517866368
16.49917141457465
15.716029367944067
11.00339871222771
20.783287140697386
23.262229775960833
13.30172942829867
29.628368715682402
30.224779599705442
9.217911002100106
15.746591400083062
23.47079496763525
24.37893245631852
9.812170864593655
19.48998327987543
20.157844814529472
18.215442531431147
10.432270971065021
12.405200605881733
18.082373350199283
14.845854376439908
12.252215524608328
7.630095162713147
12.176401496459395
31.926233401876747
15.830017167155052
18.694644115646895
6.495851753390494
10.308498196547905
23.494473368292983
10.706678963293975
20.595181222785673
30.084412112862612
23.860711332046613
13.963769480224054
17.1966687304956
43.20552282413351
9.336598189786866
10.35222731964652
23.80512098190099
18.730055314631773
25.306205501823335
31.34689960751611
10.999530464274192
29.31669827389755
25.074808206923972
21.16740057478495
20.382764162840452
26.745491555523344
13.541356272970859
14.669985656723625
19.72289499039621
16.46873220013521
28.587326739711628
11.847485838405126
23.476905583581694
15.611476900226645
17.03717053491881
23.666910585747182
24.393212043824313
21.148715493611622
7.830845086270706
10.455136795347617
13.825188245824618
16.067717834304663
24.290550864164757
24.588754767389695
36.47583968592606
34.970882800270495
18.693734113421726
15.945895009757738
15.24148903072526
28.34496170623661
14.005465331678682
18.00159581524215
16.771381555655786
15.781537538266555
18.910085218537446
20.528266594075497
19.334533841408533
22.077526509641903
14.252666671783778
15.579046490729262
12.384184404591894
15.104527885309452
17.803917632661665
5.843990693951933
16.788850819955094
24.034708589558758
11.733146123106412
10.185306879938418
11.563395703130166
41.132852184962765
14.67417278790602
17.532622458159103
18.388199435539573
13.98321348018101
10.362547787248367
29.991385270573495
33.12569470607738
7.785768802768271
16.550859304853244
16.979552024316277
12.827405155455263
11.943864552723682
6.680426465075752
18.879414490214703
12.060328132387154
13.37687588535495
17.16664995121208
7.867031665756344
17.38666106660699
10.009098986318024
17.53295098735163
14.42757138481888
22.939634501191577
28.604234287128964
21.89990678884855
30.88603665269779
19.769847849957365
24.2544043934992
12.135270922950637
14.12419389577999
14.628735960054906
20.07327196807605
11.089199925165898
14.287565162447253
19.23490105876621
27.64609579366209
37.535910826972355
26.127126148837696
22.229848050919593
31.875058901713434
8.179374651874502
15.112226923694378
15.962431779837994
10.46769626341356
11.397991719364706
15.548863105357883
26.06805747385406
8.779505360466018
9.20342426321892
10.926951400525246
10.497944552720984
13.42900741277342
21.426113207526896
22.946537847681807
20.054402519928633
28.310556324190824
14.1073109616108
15.763933899780213
21.99897184436289
16.99353595152542
9.098881611155026
19.094202040457116
18.879212483837044
21.207426596751304
21.34166258521899
31.741473541744874
22.76407618851481
8.470738335930118
16.17445910226496
14.690396142059548
9.812209792861298
7.327013313567221
29.753666616956075
10.808765650587171
16.780592914935713
15.78956997887282
11.675503664659855
11.451425025861468
16.209650908338293
34.16908294546391
10.40199497740625
10.2481723909974
18.78878472230652
17.454498071416165
17.3052082894742
6.440518614322803
9.388110434790137
24.34210297810462
23.068596072321917
21.504456859915486
22.152542455165282
18.821897018020977
13.868009142847695
17.85609376731757
15.767895682615501
14.72371203948574
24.151487254296622
18.77360453531811
22.416240423979865
20.457405976701583
13.488340207912492
14.55103532822144
8.181179513165459
18.408290929578012
30.209076554562337
19.730275907719932
19.97477386904269
26.008636798902984
16.47519418922317
10.27021323733361
26.103458019050958
23.162103700609777
29.324892535362874
30.97520406070611
26.007874369110084
17.52784829604138
14.572833728357375
24.170975815024995
11.487790435916477
9.646941103813136
29.365259188585785
21.574301586655505
13.343368627975986
27.71652060779179
24.499713148351773
13.401425940445897
14.600055852344134
12.967903954735618
20.29438541061051
20.261711207572542
23.10787598373626
28.46381564673703
17.9825481383682
18.008131739172732
12.764494894505157
14.065466339996286
14.055536329053616
17.55388127326731
18.82204521032165
12.330329784974522
19.722405860873394
18.02050382057544
13.835012175160783
12.516373254114507
8.110147326688391
10.688362661035153
19.99565643007326
20.840179843198804
19.195677357324893
12.900817025239492
11.640663809556646
21.57553565416002
12.274395939851358
16.693391540072877
10.533812681618485
11.468872487045791
27.79097209867295
12.785172676222686
40.600629392407264
13.414472990564349
9.979448415648843
11.37069705530899
19.308347199471584
11.127323628222952
24.860097919947574
11.50300678657072
23.84941800357362
29.023224022469503
18.67360480491055
12.229973588493035
31.17099417825953
17.56161997682806
21.665146184901523
16.678710429586065
27.61851303728184
25.678861647969036
14.24173206114948
24.517222706649118
14.265201762304544
16.64844411620003
14.63108809564887
13.885591611232131
16.061914163440278
19.21247577831945
15.423934521492924
17.554013503438483
15.611915512797175
20.881547472443753
8.282626679609393
16.79650200972383
23.3106234474186
12.5501057656637
26.335255451453254
8.674406438864539
13.81456294815567
11.458148626492028
15.802635325645852
16.068193987102536
23.80819626450454
10.425504037093214
14.864624614700325
10.750986121628484
10.282235415477807
18.86206498534434
15.868380946965319
16.577908371348276
13.200033156943766
16.60754852202205
19.47793987097967
13.53582475527049
57.4293289781893
12.837568779326352
25.693757625499103
31.164781652635682
43.598427622104715
45.84837069966115
40.30051901575066
20.085043509621322
30.130139530730226
45.27263888941131
12.255669480118657
15.927279252348143
29.95240775855067
17.1770523766222
19.230696626110987
11.17854713599227
22.68884782495799
25.144521159917776
10.31934527539067
20.440766432543523
15.907771165238202
29.92046798681301
13.375122813520123
12.809823381463648
12.649090859720557
32.54372941312263
17.462394602877136
13.31185911484043
12.155235328011353
33.81774486540704
34.75858261944414
13.749503618996203
27.836950535375465
21.08482145790144
48.33459915917579
14.25163431685017
14.721259070544921
33.26940754341051
24.137833371647723
14.714960792189002
8.747583031078378
11.157345560322552
7.237958350379343
17.38744730808519
12.950080070168102
22.703563074042517
26.38207323115893
6.769646904421085
11.780889423400435
14.067664922847856
15.5591192257332
25.2724061087307
15.550971307775976
46.41723203904083
12.85113568999
12.608307576679154
21.159252780275022
22.17236710861064
15.396311093224787
23.66611100678126
12.097852317780472
13.34813236126647
17.466054980598997
18.756687837248386
18.466970842404816
10.56021841534766
17.064720412305764
10.94422529845943
22.957249684716643
20.858061100707147
4.238731715171166
15.818411585795754
16.437300770329895
17.03921955145504
15.737829510047915
21.948499529345597
14.519247504358695
14.752351569737085
27.733282112328496
14.09346218605724
11.652216944800632
27.76085534007854
19.693908316466775
16.86498159443545
25.2989698393096
9.921523843574727
9.125299978030146
16.601050116610327
20.765925177536136
21.92760356234509
18.089976215960625
17.94201956809941
13.895382014310112
9.216075754822628
14.200213115170301
12.017560889191435
6.14490386637131
7.782333134475039
12.882855459919654
9.479168227685216
5.837461029715431
17.170838277425897
23.14411093993546
8.882722056646946
13.142568012937403
3.954664061784231
22.892473374042474
8.387079983954285
15.159885940265644
11.605279286573774
20.531930509111202
10.027993720777705
19.051704864889544
17.333660424988544
17.483786612397285
18.587968671645072
7.352778012620844
23.258131332531484
20.189449259164828
8.624332275734508
14.934701425101471
8.683913220670151
13.358935794526694
18.24244259761059
7.640845817607145
9.635499934341796
17.32841181226716
11.237174093526823
26.12366883354113
15.856313153921523
19.558102377783452
10.550542679582463
9.90452841296074
27.828526491478033
18.307597396262942
17.023868552277495
12.32242614632056
10.637756679628541
24.045591296269162
11.941806572029963
16.790108935444398
19.836865045453404
17.863704734900526
19.5828766909469
16.517332459544857
14.119086325446162
19.686199183384588
26.679209474973035
29.359142054399
21.770742781365705
18.20815542727042
24.728521972473462
15.238896561100931
10.348778934192936
33.986558110935945
31.30030058181863
15.786129348880488
31.730660558078593
35.620217647539924
11.500168517692787
7.664965910363584
27.36658385423357
23.76463078743039
7.764705295985112
11.517139918866864
9.035555277170218
23.014969863630714
14.582431626728908
10.639267839420414
17.38553999949707
17.631525522329436
34.1164900017077
27.848030258922524
14.04370791462185
32.213891212915186
25.13575128506033
19.05511022977069
20.2804482796462
31.4110541006692
21.921700046364418
17.103130817942723
31.469364545488503
21.577661136714603
16.956651031754618
15.857340262644747
10.121078723124734
20.62661855761084
24.896207821351528
9.043941326883555
15.035733694740744
17.49428208762833
23.653963577098402
22.848313721571884
15.399099987262922
15.737657309759228
11.577771504656585
7.721826684812375
12.015632252399353
14.741979595475547
23.33175066598653
16.79629449695888
8.436875284178905
11.863820598344462
21.507171443989158
11.995725403148318
16.797996958361214
28.277377175384483
15.786996722057605
9.427696043295493
19.55857132858157
12.16599101759983
12.052237107376094
25.692303028740778
14.257636909884223
18.378737159225
12.995327185916775
13.739555687939486
14.912252960635602
17.990006055176007
13.762866595772113
10.989951343989537
28.26359938087817
16.16892700440292
9.104916104035773
32.264082332440125
31.672413072425854
14.490695809505496
14.778337688856947
13.653584122530898
20.378419889465636
18.45203758713081
28.555580487436906
15.66508780097641
9.668837563157409
14.309235698440629
10.906111922455217
11.842626293132207
19.510650797451166
15.126022357711339
6.251146341643871
8.5712349189197
15.230134263105205
14.63548114753512
22.25015433237199
16.308192599971036
14.052682083805793
6.435536545180301
8.898720410560575
16.2121292004749
22.056878014865124
15.385726130459926
11.37432406535998
10.073516832996013
12.887783505243908
18.462913803887087
16.337624247733913
25.02848730796689
8.705232248391106
7.426396505866481
12.837860409557253
7.193184115057402
22.67458071791803
14.240490614922791
6.414584228440942
14.533817981115766
12.316399959797085
8.627425970355864
18.498779701032078
27.24037295367922
6.21663037949241
9.036608011903208
22.143627143312724
16.704227480877712
15.658176183510761
46.04919107608643
29.501861519789053
14.379886151779948
13.056324237734001
8.298445382660837
13.423736165586773
14.19408708156284
14.259184465879041
13.306223771953482
20.508239706220035
30.638079629634536
12.341095053294508
14.053507942953807
11.79492470239542
16.23325346470417
15.754582934331443
10.975570188212608
19.8318512920699
8.899634397637172
10.484003125093151
28.795373577539777
7.663831826633253
11.273560651469355
14.94481441879866
22.920470427041614
16.2738531512673
29.870572572937647
12.149561103016142
8.272292936615102
11.788433499149685
24.35663741399457
24.79965196075656
6.286818528605749
18.15904298137056
25.504991058390807
17.37393281859129
15.947850109743877
12.585726908230594
10.9587904907156
13.834189779020495
12.152265381371945
10.701568990499572
17.404489414254133
15.952965620167564
21.83770057026826
6.216757982919676
9.065233350028395
19.401212098661798
11.537141767844245
9.513156280419599
11.009880779626059
16.931423913420836
14.49316163979128
10.995904420085918
7.86464002394668
18.928622812349115
13.936203581070277
6.61361184005988
30.596149529668885
13.164256447689107
20.636893036318376
14.973895914067684
8.8279502363932
7.470589970588922
21.757671962296545
17.85963400698038
5.302973524171407
20.955183832884057
15.01625059098027
18.800962030908526
14.631752811425233
24.260710375780256
18.74800050799832
13.578778989457835
4.958671350121638
15.886534325070684
7.534543741832168
8.23220173512832
10.093178397654453
37.0275901547836
8.140082103212777
11.826655666605431
18.711173324197343
10.838050190596297
9.015336431753846
14.21467321534908
40.942445264386954
7.419267411792727
7.968918176838592
11.600165578605177
28.601113468343176
7.813141003816557
17.059299175193967
27.70760337218176
30.56410857902981
20.538462866517847
20.98039536323934
16.847028605844038
29.273683156591122
11.49625472594395
5.383178519307371
22.706497089564735
30.62310918799443
34.08030667859894
15.653178024267605
27.593277652814706
23.479577024619545
8.96058608396247
25.787391319780173
21.82313114091755
13.66187012092257
19.219505211243394
9.922468054085368
16.28554533645201
18.130478541035256
12.944256463582704
12.509473976012139
16.025123955282023
22.8024813628578
28.039854552895576
17.833502242103307
14.9013719608635
12.08029310530025
10.990055447011988
17.21635187450209
27.955092189061876
22.562890773684632
15.44635320655812
16.245063373822706
5.702549384512838
24.26759716195333
14.478844186477168
19.648368479907067
8.22208053591297
19.766051007205558
35.2049939329384
12.994476992006888
26.02656969108087
13.998560096495293
15.305350791232634
11.738635366425688
49.97235101852866
17.803981903741217
14.407821349593156
12.759988245409776
20.80638551095226
7.8819767456571395
10.627264058925412
20.824027397067134
12.980339137122302
16.365311606020903
19.849961605091885
14.849342346875504
17.31790648599546
6.80825872879665
14.130975116587882
29.119937788925903
17.246709744890303
16.878482181027028
12.964222192822938
9.84517689317858
14.190334880264983
15.373812033940503
12.728514200498795
7.918666433563611
16.39562840338942
10.407832326815575
13.575469947417066
24.79429747419899
8.857769878905142
11.739521392403832
29.73609843260046
4.548553026221155
27.168832391931787
19.589823579447945
16.688025589384385
11.741848367327428
7.147292090186423
22.101773958610373
26.14619814566505
23.317086525878615
33.89622454869395
12.090866283371069
10.679307616140282
18.765934330160512
17.47176881339232
14.972152434241254
14.122002780405385
11.627733992424858
17.737163162262522
10.393386898755088
7.005726644083876
10.688192182890116
8.666455666107527
13.216925859119616
13.631701866339343
40.08810167775452
28.95611005067233
13.001892071115693
13.196644515793926
21.94809228422374
19.262685526282986
17.789692664187065
18.108897305956592
18.822222494846446
18.97873880640298
14.873201115395615
14.386208594305868
23.56057911207846
16.24268534612488
14.994564292140652
13.960672021852291
12.187922405528138
21.916133876012257
13.978052687244908
13.03229508710012
9.815820908478587
9.29499108277385
30.074424198682216
20.265467978455643
37.372710390556556
36.492612385848155
19.229292920153444
20.090055092986827
25.892769922472596
15.902736172291624
27.7217123910258
11.203765900732087
13.189277299474329
25.4012886134454
15.414227887683108
10.101558981560768
10.374643793120935
12.89206987302286
12.81903559646127
15.673378874247753
14.453724191825584
15.886080493402464
7.74384804635368
11.963019859125247
25.980630565586548
13.932366163414631
15.002776983422406
6.914236008478724
18.82027075649321
18.604742098087574
17.326781734470067
20.318500334190524
10.22579203218394
19.447421633177704
14.027811818755065
6.7061522765280905
12.20786258292599
18.858526808725692
17.897065265619748
28.69546832262804
11.45442486689358
8.849886453433243
11.238360298809067
8.128867221967859
23.350321977924033
10.207851942868235
11.957720872269881
16.47621090358337
34.56965876573527
23.890420076191667
22.141609055902762
8.574155936956156
24.014411324935168
49.96090357479991
13.706277736205516
19.59818143282655
9.923112751200122
7.961907164366197
10.488472592968016
18.873627474137265
9.211882239366947
9.046054623779064
27.524487239318653
16.488000768592343
13.981936620718024
20.722330101451355
23.585172780357656
14.48175470865179
25.511014882265403
23.19761600935154
24.87562067157509
20.85190285624836
22.728147040692807
13.38413640205279
29.65025418591891
17.795479293980478
19.75630839719516
5.2160042172401315
29.807243081206664
12.229004877509537
6.437260025197775
34.408895389002616
12.80416193934006
14.313529914362519
10.876967891973967
9.666108625152933
15.712860459803574
24.654014839835963
18.868914111239015
10.278239464677226
10.721348136787363
19.92729176507554
13.321781082719383
18.40569410928895
17.82845232191877
8.839216802712578
10.732916082449298
12.409866102025982
19.430217867903014
15.982640255705432
21.078524123053132
18.923651947345668
17.075570680361388
17.214152799972023
13.279214276977777
15.49705086382233
14.984171916427105
6.626670355265385
6.305723981849587
21.38205164787042
11.564597065601069
33.85230009688906
21.80255301051909
24.264221023068238
23.846238127754376
15.424871751770553
6.997377252130908
10.486635486113828
20.408938218196
19.18181055469486
22.33269660726605
14.207096280483992
13.018705588511924
16.392361537592738
12.857309758240696
18.71858976293007
27.959023968445457
26.392228792315603
17.170781368174946
30.722357280280914
19.994639828943598
10.732108127565263
15.333943103239372
21.533772436133162
8.423368626429486
22.936354119642864
11.899959888456038
10.349491244561808
10.28867116983298
15.481534091123935
10.621876892301321
32.562911768874784
22.76073095039544
12.554884143422958
14.66520399575591
18.640100124664418
6.846784679237093
21.547924491585587
16.144888113627147
29.832601164135024
21.101874761151336
10.344850477049835
7.2543665126562695
16.4485725209846
19.328752861504224
9.227411849498122
26.01437789296742
12.889151941310892
13.205560700689595
21.861845539096084
12.151239190153241
18.048637912184372
8.080892039764933
13.352659117819796
19.95632231042041
15.3902419252894
11.814086215232715
8.211523880717419
20.447417737366518
9.788625349195033
17.417876809076414
12.490714489672145
15.231414509892296
19.17021741823308
13.637354531428688
10.933458722460076
17.710004306280652
16.382156175013147
9.074126722515159
15.68357800358276
30.278044119239155
9.825623543140678
8.537321378938648
16.532672001279856
12.780810263477369
21.026345650797836
35.01239221145504
10.004700231721957
17.06279859148165
11.773266605817845
36.85200779912773
48.00142449812939
20.130124996693148
10.157858552634895
10.214378363686434
12.130832299657643
7.07007240266198
13.208362723781105
25.48553057462517
13.767141917632465
21.044962541812566
11.969779535037802
13.96780986516518
9.095968985987952
18.914923259971665
30.711478363387982
20.24724046337271
17.493041014680035
14.565725652239179
11.775466800246399
13.828412078175464
7.118013838505146
24.191504574318298
12.131070849584288
17.69080013886331
11.489362575683257
14.674898139416767
14.494563331192156
19.00021796627888
17.434442385374933
13.395156351988039
15.551764543768284
15.941928615513193
8.421529232544675
5.592515678441075
17.043454553875335
14.518115504054474
15.001795460496467
10.580453677377099
29.775390312713185
14.378624056845105
18.52332089973951
16.895442751399525
8.989507894257759
13.999479181842478
35.24519307641946
7.237470973985357
22.676466151824055
14.82893621221588
11.43631980910782
26.87623867270812
12.968773466499073
15.904554995470043
9.435019742495312
27.305770053632934
16.11616192276174
26.46404983580882
13.370472295299274
19.175974543738988
17.065550403422737
13.468562285167012
30.262605967606394
28.143533365082046
15.995597134816178
13.910975763774749
18.596737929692413
10.649013079223296
8.397200520855074
30.567509839505703
9.68826807276846
10.93162604010178
22.62274667457796
12.971636218254682
16.495501376490182
31.261890470968922
8.542581555361943
18.511968319325984
17.611689640784483
6.229961018181243
17.729972221428213
14.366120684813833
15.024668880480666
17.174969036207543
16.39138704666091
11.741535772705513
15.569317382264511
14.184468928189734
23.86651492377195
11.669327617372259
40.987861659381295
16.40201343313089
29.374934858186208
13.742446055684482
16.827508058294534
13.346809195681919
12.525825347794411
23.785437382091036
12.05984064071188
18.499844403661335
15.210981591764455
19.919840990345374
26.614414162168902
9.696480874144092
17.377747543341858
14.624010312843591
11.039726386997485
32.424897877519776
6.5610038132390125
11.348844404216107
13.400367717869269
4.8804518555620495
18.47193231116767
38.32092223613271
7.310002238643087
5.992403781076707
13.868655983123181
16.903968534842413
13.237429708624603
14.066473003621105
17.610250360627234
16.10556737140604
14.272480229943858
9.29999286231616
8.33587382468245
13.289484634476409
9.971371086687919
5.947915193966082
17.907711511643697
12.795496389969149
15.603232470689798
16.49517704551639
15.135818244695146
13.979736343195126
13.339966193343884
16.330563737267738
28.509368750449394
16.535025280820417
16.21272884943153
15.107383937813154
12.18330305387222
24.59475931890664
20.507168221738766
30.19759513878586
12.170408240640466
14.437690529616546
33.87887330895779
16.036352671007425
15.208818584714153
9.093478336931472
23.775937360741406
12.614394740217563
19.00806009029327
13.65834140453831
13.821994617423902
16.264509332362287
13.628721342719407
11.808888122862115
33.02119980270026
11.136519091462157
7.4530510051798435
7.102551681664143
28.052337364361406
9.726449079236207
11.609310892191667
28.812157570869473
12.606790435612265
17.87123479905323
11.1661903708334
17.705219438181956
9.10640256627142
15.037916459700607
23.650209526827904
22.782476437280195
15.76678529020861
17.503790428713263
19.802254603985617
18.891942627904896
21.251374124353056
18.714928651829485
20.594468829290193
23.540008874522623
37.049305328199615
13.809957406289955
14.884952202260044
14.444815929086207
11.936163751670756
23.68724224754245
23.727977466973428
21.3120814554242
12.642171768094833
11.281095057081046
8.186155473590171
6.2756821024238825
9.50597093814141
18.70525803340466
11.700727504709706
11.97386078422929
13.070571534838734
13.502077063994655
19.797714319701466
19.71422229911213
6.70040472346696
24.242234904982155
12.953299271910584
10.099375509927766
11.088513054432518
50.8625489641203
8.743478968396271
23.1797704779703
23.967305139450673
35.912785197725576
10.357571688525015
4.848294170766109
18.455378862566306
31.753630913576036
8.891053021225154
21.038794746997446
13.655510176450885
11.067286269662494
21.716477804784287
13.25874663902609
9.613232859230337
13.509713838991539
20.555156233510033
9.545077687721369
12.656749429763423
21.392828415928033
13.19425557922553
12.290036428426507
20.6369714186834
9.792491230197042
11.853304024935053
17.10388324374835
9.363267240531378
11.863500073205635
10.635408836910237
14.467868807974252
10.981375658687595
16.359470093644727
10.185582763798747
20.31629701704172
13.95655603081326
8.71296057799964
18.587855709740396
11.698647595181132
17.41399960704308
9.171475037325742
18.114328763223675
13.680108584133405
5.927019712810429
8.220957016657868
11.838351882794651
13.616106460151043
16.911036245617552
27.747499622421234
32.92242268054287
13.504420843908433
17.17362079352308
11.89500763158587
20.500957411377595
14.201225646698267
13.126057231972144
32.30382862842131
24.677058857688465
10.98175126071419
11.268736965239484
14.223053032980232
8.037599638790589
19.427423426338805
20.366013634039835
8.287567756249432
13.580783463908247
14.109911454706664
10.237971696185035
13.13380690111194
13.862785851098348
20.649080429183822
5.889999314972574
10.440068690279318
12.733021939644889
17.4994436329135
6.091912771985506
22.90154496267761
12.087217145673442
12.985678292043126
27.253841886731067
8.41180698376132
14.995502555785386
16.80504189395189
9.064501410090314
10.439949511621133
17.4380689742273
13.644439923326622
12.779241697328125
12.74905004318389
48.4246806692762
11.725576609649323
9.150816223114088
12.629369148132838
13.915625490818574
20.398430937233194
11.450912962233284
15.02513536172595
22.092095707304317
27.883183060829975
42.28100091197971
14.951149288611266
11.94815388880748
9.713203517703038
11.102879450981478
24.7504131096745
17.108706148162725
13.07707800694265
13.748464915874575
13.238871811362909
12.815217203141863
16.16047716537639
36.44909987177377
10.834190802768518
20.047818437518
17.949480905569917
14.13348493209754
12.86869510347199
21.24110556013418
10.722241254468763
6.418036555888759
10.469087066186573
17.69630965045487
23.10435968032923
33.80489391688587
13.69938269452737
10.36796395563189
19.212846208881686
6.321111920319958
10.90347088446682
15.473456168323718
14.145501277901834
9.243840118088322
24.993876092651117
7.786710399459208
16.491293267876166
15.257707526842548
17.85342205905232
22.02914561615421
9.215682673473408
13.900795051604387
24.340607210231678
13.927753359349952
10.316961416053957
21.873436703506712
8.601517243225416
18.055981340426563
12.190550053919035
4.7746758604004675
13.001000909891019
7.688655256410687
3.9840875706799417
14.618668627624473
7.417930661682609
14.90438076957136
11.821866833496248
9.489715292523293
11.818135041308977
15.618497534179173
15.750915990819061
21.58533145634472
4.64819314880384
10.431856846308424
18.23858382258324
32.30617412712732
13.456855338556394
14.404049740315402
12.528159814044711
15.9733202149761
16.46345411687553
10.016891894579318
12.209471730905424
18.943572565361862
8.688996020718353
9.989810492709548
18.621962187485085
12.60072030895876
5.79499335855014
12.408987443991727
34.577918888293496
19.834514308457294
15.23360376122298
14.805567750530374
23.29653543543047
7.718100384001188
33.5531218670878
19.61245965767277
10.17590339683339
11.026997523673208
9.759798652221011
4.876424784343638
10.084020146258743
15.41416206137391
20.700027328313084
48.138789434304705
18.801599401247977
7.901992981749782
12.995895902214203
19.780519857713603
17.84832231704575
14.682553853389141
24.19098913556437
17.470002566073113
19.940063805828046
11.350982283812352
14.856222481550521
10.663332067656658
23.938357862784063
16.75888116443276
23.576798707855872
30.928827865486763
21.770158879739583
21.11547004216655
12.885691154902279
17.68253349585179
16.163390930233014
30.78687438085217
20.4019695953643
8.89997927627191
18.639945428174183
18.09891912535312
18.207771234001914
15.743288083018875
17.00478347385629
11.623510787068131
10.508428486636392
14.424012825771579
13.565474349020429
17.12761998368033
10.855465183996602
12.91291453712404
26.874231400582577
25.453823886320347
7.604157736409545
12.681939137882084
12.807152177663534
9.949784850353385
13.89122886182108
19.02538651042788
41.23318646377932
10.05708967782549
22.195203178561112
12.529115141779004
19.199233309198995
15.262932957934467
12.23070299281947
13.095463018570602
25.577225004478237
5.389829513911314
9.985301868543221
26.42034817874468
12.433864468492613
7.419739883720958
10.452100615257592
8.960715321552712
23.254263570536455
7.381478013656122
7.80530505659305
17.499058161270785
20.76515888304766
14.608288936184897
8.390849754480762
15.801487707351441
16.283527736658318
46.572388979717616
19.137142007776962
24.142894056380662
15.917205072855314
13.61625869231078
17.72733329210422
24.418665561177747
18.5693520235958
11.822419904839089
27.48168010679169
12.724211134612903
20.075529162618977
18.290548196343796
17.431860817231723
17.39112693897944
13.833039177604583
16.262168647286536
11.514273111185918
23.116781164844884
21.84448240039179
15.278374213226748
12.34048418349625
11.867966219242412
15.585956844139574
16.727558367301558
7.134391113465786
9.417448794530966
13.119119263493634
12.284628764905777
12.707723331460258
20.905040720122788
18.142288868034655
15.189676267121111
17.023784853787795
18.261559541348557
9.257651170516063
16.487534242094572
6.0214238709595564
26.157046451940342
20.814544400171826
15.37208870894895
12.07342668089954
7.887636219888802
40.41598421685862
10.247613556045229
28.240834658112586
12.55452734951554
14.440087528140493
21.134039214528986
6.324806794060513
17.613594150129117
14.379035843597125
13.94368718508508
10.311555157369341
4.231912230903122
24.369885475403265
7.065712477410964
21.520529055258184
25.0036501749928
8.035166968693861
16.106713060992224
27.58423012949038
17.891426293000535
16.411075150893943
16.4338114015844
9.228460196368452
20.5864436339793
23.55785181194295
6.637045724401716
28.957583343376452
22.58059335527424
17.146376881138316
9.931579813321855
7.374457067012107
18.351836912692075
13.842377521658156
12.814494406602545
19.479609481964335
7.223724147525888
12.108598430978578
21.702087961529877
20.022309983543767
17.45452928166124
13.696595339785128
20.587284839691936
26.989493637298796
18.50908478787254
11.883392471145637
8.574152647650777
13.899713404211944
13.462618751512027
17.065096772994607
9.518022342553715
17.6974000334924
13.10863998342519
11.408563954405501
12.36431942050808
23.165049096023587
15.56443269481659
8.360322454436272
42.285104993078846
8.348773389117184
10.305832500541168
10.150211791692664
22.534066062813377
21.021369857715047
16.83518387349452
15.57058827310493
9.524816906519426
20.489442420490846
13.374918715624224
12.637270634325423
6.670401336235283
9.652599231752314
21.1005883011762
11.008098088751609
23.237278373162255
19.97611169817224
12.702933760875448
6.6479738665781944
15.62422637396971
22.52661393710046
14.990669874597353
9.429872719780029
8.83103043351454
17.122508262566015
11.096895099611638
17.351674162077202
12.87691672276857
17.256869167578795
15.476056610196778
14.922725831615264
25.23328437236377
10.508033091162638
23.293912686014473
14.017249615025657
9.721078667702088
8.027305694773009
18.569012324573432
10.589645677052678
9.172207578553998
10.659903721427199
11.483467934164103
24.060882515285755
9.422295749752859
15.049165639391301
15.9257579622514
26.110931444700057
8.281061436772598
13.513316366457822
15.311622739593458
18.584839397133376
10.589102433285474
19.634991979727758
12.554999379118739
16.49070667135872
13.618542334126463
13.575868619185425
5.755105682451316
16.990318755221725
11.796287149908304
12.003877970771951
11.436040430571449
12.594675938910783
14.478806472999931
20.184836224530034
17.820942937604663
27.546046428354032
14.715772455181245
12.975437289858128
19.32398460536531
15.25266291449662
15.04203703785617
30.15403577067925
30.971464355577627
8.195953426910805
8.748091776557427
20.589443614896954
20.784737624666818
21.820681092740944
18.98160473608733
10.245280228704646
4.612610199779839
17.8101931908546
9.350849789462238
24.06460269896836
7.010446473379596
22.1708248908051
7.891295832398186
9.743357105248371
11.90246655828021
36.624753157492044
22.3843538065375
12.989770825188964
13.786842138252576
15.008321943870474
9.464171493392941
6.706609502085289
10.982779593621984
12.083472151512876
16.01916114615061
29.711091712322276
9.505369493312928
33.38827817609689
16.36217513756087
16.83326388192514
19.416972721498464
12.755012674679685
18.77409827765942
20.334767420060125
9.626136441216863
7.716782971350707
7.759107264148469
18.871850412037034
17.797817402024723
28.903045301803854
15.812734848645515
32.852283809450626
15.82912407616213
10.450996158790176
17.48716717542535
10.600384405398529
9.525713991387175
21.727917900132322
19.029658797319016
16.82619993519936
14.289562968811707
4.908551293554489
23.600746064095432
16.788134127317065
7.954632889161223
15.118745184188173
9.566251137898195
25.28118504013417
10.437962052914909
14.406022631642479
8.662234003108663
13.175156936327781
14.95804444643861
12.782957499740347
8.278735745329453
11.051269925788784
15.250010089524851
8.125702836673227
15.267061966605254
34.54023296089151
26.534033328172956
10.697955377700914
21.806836792548367
14.29131918633752
10.61669409111686
16.518019397883364
27.194988977768155
19.04137791044349
12.515889018881815
12.16090359951229
15.323304782866149
19.21077629986432
12.778852934416102
8.265453757071759
10.834726828549705
15.584395772744127
9.23635046998422
11.64377722485248
63.16376753669092
14.874234735247176
16.101358273844422
22.446597239257237
20.78092266508308
13.812402596542972
11.514122795906326
21.761853811064167
17.7368971654713
9.199645165096609
18.011309468535075
20.35803705124638
18.49455441830776
11.909164621271549
12.485679191619832
13.049490900074732
10.161665941955398
23.158301647604215
26.428446415531067
10.042904257331378
12.67704806778949
24.285771740762744
34.78057666282312
17.161218907202468
34.55184915759432
18.820118781658127
23.56755369790279
16.36936673788252
17.797639056524723
8.917416640025937
12.39281990300691
7.337497624772121
16.746682603756433
27.58218191190462
21.19945955849213
27.246035080101333
12.161828534173456
16.777453190246348
23.77278309497678
6.71693753031946
19.944605998475474
17.784643840292837
14.119027818990283
12.40468740370116
18.282802213145068
25.76531738906943
12.049723940598028
7.010752304776845
14.24363719169036
22.20272320598145
12.153459658050185
20.612147055963746
7.365345715384813
5.826221889230196
7.5500837898646544
12.36885438968935
23.141743277034397
8.777776329282206
9.436139709093487
9.053679036365033
13.86231311846657
12.961583490410286
7.813447303777396
14.574394347941489
7.81223696384008
7.58056121885714
19.389410370024557
38.55812884036659
23.296579661156656
7.661056410934232
15.622201523056848
42.514726410953514
10.329441903177116
14.983277811850702
17.96222109184827
9.253278679345597
19.75203398955414
21.17682671950936
19.98577956694192
20.688415425053776
10.654681337811642
14.876760739071521
20.702735312760588
32.132769022547194
23.87244912513986
12.336127457044622
30.36623931001267
11.305112625896909
9.041833373710881
13.674258428405839
5.7461796819973765
14.279372700692258
7.431384604277675
10.051106281912462
8.852303037947868
12.449303724120433
15.710187689966308
9.284836680603307
14.23754727447635
15.8852894082804
9.241886286287409
6.455476420648373
8.13922885489881
14.257701627123891
12.19702297232264
12.496674408736872
14.126557231554862
11.82850505157475
24.077114596523284
7.338166791094861
16.70066233625724
15.652203702058696
18.695741095609666
17.588931561037317
10.882189354960822
11.984663315143562
12.481820467401974
6.039147591682989
16.052609942770125
19.939068417691267
12.09320524537263
15.035479503266199
9.757446309106141
28.783827016892904
8.699690538538816
7.460440997052022
53.314218017688674
10.944381741867033
8.038698537173433
22.091038048193273
22.090213650867437
14.599088248675294
20.986546823883995
14.283702774733536
11.35751157947561
21.484955172913324
19.0949367970452
21.577844466079828
47.83948730406071
16.136810209349182
15.370825212147071
9.615334358305207
8.78888900660167
23.070303414808198
41.41361926367921
13.957213541524673
9.703438689253215
16.259579044457944
16.47801985744039
13.165549960190717
12.052228967160481
14.759881914361367
12.91256179951698
3.952304634940642
13.217242706087296
6.408490753987599
19.479384591996478
16.033086414452427
12.82864316530593
16.423238465255498
7.890139835323752
18.063028390609105
10.787038538958173
12.06997518831873
11.992468608415862
20.362614160770768
9.9513488397956
13.631717606221324
20.042910489498173
23.382586356475006
37.515220662322434
15.506876624770328
16.765278640308903
11.356948106997578
12.135542951080454
11.057055571933454
25.86668738407356
28.940898447953
12.197858738823772
15.568148584055844
30.878822032917775
5.908166957286151
6.397429951792252
14.052608172589103
15.022602757613004
13.85925174526627
16.31443824761744
12.848183602395636
28.199232915458733
13.59236356918947
14.909372685223532
24.3398174302264
9.231553709397584
5.75694406464078
21.785532724449343
6.262842157653162
9.360127732599594
8.747313183830551
10.615569222638879
21.495374093619063
8.618601286423276
9.954826599925157
11.1245411076952
16.813929822985997
7.69498162381548
3.186547107118509
13.326948647529752
11.36290523393689
10.271238820009247
17.543478146070193
14.627883064643513
19.16333007274481
19.385022752522122
13.653965566726232
7.516931321356131
28.56842784274074
18.31486293695199
22.433354955023848
7.613995977261549
6.720754271687239
16.375067662056942
11.550907360331363
25.811189425313913
8.183385434830495
18.440367250662014
15.772249947871735
12.597083121798702
21.09397271778382
18.72961735902926
8.914211203002123
20.81316704576344
20.03526161136626
7.362695812547863
7.406321661997077
25.351335138409198
30.30471327443004
18.9093828741034
8.458739338205277
28.29485460472871
30.63927832381472
15.832923334216066
30.32032584997757
15.234322347135814
26.393369304639346
16.1762105519818
24.18708892481253
23.4665061118594
17.639191250616896
17.30955470621295
15.033443393763916
11.70498946398947
15.01018087060496
27.753441284534684
15.81507424166112
27.459448078644783
19.04834842900871
24.29761200655808
25.655200449218977
21.170281120687868
14.38915887484527
18.777088370685284
29.709049485047913
11.528554029010285
6.7490762775857
11.061272087654931
20.631249175647266
12.220561868550849
12.573403046516265
11.54360390995646
8.891220815937299
14.045314725638613
8.859014306192643
17.48945626048076
18.804770895233556
14.4072402468644
14.322453143973753
13.263523713476083
13.50672979516991
12.36138776707231
18.8690325040932
17.18392123394348
12.69220437410507
12.090198703705562
16.476461911575356
11.722185707150578
22.589651453300636
8.492228753853412
10.688207092211245
18.12252283516819
6.897933813466387
8.924279679100655
12.158921879975566
23.0551169971598
10.972582958198238
15.042772902912521
5.382004998178976
17.79681043523803
14.543952319268783
28.660003402507872
19.75224465985576
26.28195269411148
19.663190028780164
19.611198685560588
31.51120359590423
7.195922347100872
25.989360091861524
8.849433770198706
20.75654480661552
15.512507787875911
20.011307264891105
16.63673846453861
14.437622192095526
23.028727813194898
19.707325241416942
14.10972937421705
13.960931327408987
15.96697749307573
5.543083925462964
17.989520468069426
15.384854941473364
19.192954250578072
10.346968597090141
17.32743801128057
11.854382081446149
13.232771795480353
20.01734731176277
9.756502100845289
14.610765886270197
4.22651183790228
15.701887980229898
9.529461953164144
22.949507065965385
28.37649663853414
10.139731869442288
43.29458143590342
17.02883708944258
31.651880304997803
17.246439659621327
14.27006996871556
15.8378029126581
14.71216942847401
14.412048334675
11.970680589329898
15.67142438038365
17.848336539652145
13.774020045411367
10.573506067221365
17.361230800410677
11.846977027146538
15.503544386697426
10.361288850767462
9.16639980215132
15.322161465972902
10.052608803988363
8.036402316695069
7.737711979389701
7.865872550224797
11.111639611655129
14.279160152733459
25.451367610032765
9.722663217994594
18.340307315924928
9.297623942254766
20.12826107562101
23.81641843279073
19.391887312809082
17.707543485266577
27.679273083073742
9.60908564650975
13.294518180882031
11.691282914979727
9.20451772807972
21.658165415264044
16.75558762322913
12.988035120057443
32.59146124143242
9.996461933889877
15.408632034009084
9.344180978342962
27.300695140155458
8.54540387107431
18.571183311884425
12.900290576466928
10.614421989363137
32.96004061539508
15.649434838904702
18.588799377349417
24.1493777238727
8.930522711672264
10.955494712977297
35.4949204783485
25.400858089266272
18.87905114436659
22.653176358711306
17.958212781957457
16.439255252045808
22.876297981733494
20.73132989036733
16.542545898588102
14.855514904362527
10.874990567316237
16.478330754845373
14.163306785450247
13.23076525836123
21.817489966122434
18.27350584703026
9.562226654375152
13.6920607788771
8.163117202348342
33.36541299284488
12.810901239334967
14.593365867958985
18.78452178735859
15.69691726583142
10.292154843933412
12.132892280728672
16.108386864923627
6.418933089468172
16.434769761918403
14.64999132279694
16.07916867706615
34.54055686832071
19.521233690812153
16.557683301947442
13.238773356507497
13.693277019194634
26.835472019627694
14.241026226476647
22.25272638488057
5.706420593618518
21.537831872162496
18.872961096576184
23.453498294864506
11.688514442451412
15.026098262554765
9.750627020708082
28.530946152391685
14.120958591208854
15.008514025078481
12.562965230245249
7.2732595956504955
13.943374482310789
7.034690843130437
14.01162625076015
15.514013295386519
10.346952728206613
10.709588424158758
14.500975498464621
12.03246023931425
19.804625352409868
16.342655015136767
24.960920989963583
8.551010891885584
7.348457768103953
6.8271830638294295
10.707462119317196
15.907410516646209
17.07149475733946
9.679309933046362
16.220926896658497
8.822420389111137
22.87701671517863
7.499977988773013
11.898446137926722
11.030370319433244
6.7978749244103405
5.284297244824104
9.062087390996652
13.859357124041264
18.1604213139122
4.574045418127688
8.097240265968718
20.06472904867255
8.125387613640019
33.462463058517486
13.037392843221573
11.45795644826025
16.81936239733082
29.68787156997478
28.397834789527142
10.521429589480427
12.341590065997577
21.936435691646444
25.46304397657262
15.02715454544541
23.8932684736882
15.508605976356149
10.798026337649553
16.687023967057808
27.014267988219625
14.404917816267963
16.690046244639724
12.873404544089542
17.49370210047243
12.702557347956509
11.381827414210118
8.651833251323438
9.433283148193873
10.294726156913999
12.556407850855805
14.819072716661342
22.861836948050072
15.448823413699008
42.28274100793975
8.671951497371788
10.398568064957987
13.391627992427916
16.206821224895016
14.354501232864306
12.807903928602618
8.627036801975056
11.948138503243317
21.454205937703744
17.922517845376646
7.889835076978222
21.677023137412643
8.291015133441949
16.749991105939998
8.604600238528949
25.31544820417455
5.798996805896658
13.283637946835631
11.890016331034182
12.403334973451898
8.287218920376587
6.57029993911605
21.095731158578467
10.104073384207588
17.20484102797756
27.981670365210032
8.856887603646717
3.9562423367847233
7.138599406504932
18.712005579880618
10.305789688796269
10.354809319029416
10.49249539852744
30.950976242535948
24.46107505566349
21.28222686469538
16.669736501765218
13.169352663424947
5.404466748213504
9.443643345132067
19.65511758481402
18.723169630964673
14.518279815801957
10.231134066887822
17.822610007555024
10.172578939096075
7.219529258826203
13.057265373586644
10.211198059442527
10.937643728925973
14.650758271978667
16.588399601481164
12.231271410741861
18.18185219874695
6.772747521496894
10.643466737674803
19.94503642673307
18.509341508749095
11.233156551784287
10.981200615496741
10.332322791874036
13.569738817150206
6.202316358775655
12.293027338559803
7.5944394319737745
19.9525335846576
5.449312769138603
10.167290919336116
11.095990172489742
40.82551262683517
25.713577926769794
8.281578155499156
18.35114356177608
23.169469579674175
12.187142451160229
9.091182012751919
20.590887662399542
8.078054769370905
30.4744447210202
13.478610377793258
12.256969560273333
14.474973035341037
11.44098907462298
28.78021237794941
25.710577758534285
24.904022174099804
21.54409968308656
13.404131149886862
14.079349513728115
22.634197030310833
18.073019638024775
20.57694634318208
14.956447451641877
15.498670091837784
11.817447405423588
10.460126679699329
13.111303070458469
13.581013598409461
5.589062852296546
17.082102941734913
11.053493559768091
10.179934414236335
7.631229793429243
17.774210061606137
10.03096724485211
12.68703499486032
17.52820252912099
13.820289800195443
13.453926868830376
13.677439405505309
15.432136983788588
8.082260561008534
13.11388120318438
5.0220577013782295
7.902521794496338
30.823492978897445
19.858843554493998
22.325898414563696
19.87303884693712
13.869186398957117
9.969111468048363
19.77684395070205
24.243712033350214
21.990260898276297
8.90882486858446
13.061928732233802
18.25394996506306
11.210395741577079
14.939612936271136
7.851441281851108
7.614904996750087
13.911974857405177
23.29819690856125
26.62568504660649
13.528131109387099
21.702404835807727
11.298011479373002
15.600076464883204
12.900828344820118
11.232016499570358
29.26451619268914
6.450536794569199
12.987792254025079
9.637093566525461
16.789075783261456
17.74545210285779
17.540202306363483
8.284460664278024
21.988172096314816
9.530010741407862
10.222787127393548
10.944394753639687
15.966348821939608
9.10580900214825
15.32359343571678
15.807491866309158
31.420713667313553
14.03486201211542
14.25099709871184
31.44295709568552
14.5933627636261
12.87646768040274
11.892613923884719
10.30166380880302
6.007444623682097
14.94515796763748
9.687043426663385
31.7170307529987
30.283533853558787
5.68519485942764
9.885461668696825
9.394805749252786
12.397421439109237
25.632601172990157
39.4750597261436
6.014467807333718
15.875644387108592
15.1115229767804
26.907023579669303
18.588345697679994
17.763243022392956
9.177098422406516
8.678566719944886
18.679892676005387
6.053743290411862
24.452095311861417
14.701633800103469
21.952652646753553
37.53933297689269
12.904908028259765
10.56560594651883
24.26367784394049
22.1790941007111
13.394257623051523
19.062274542042708
8.122358331805959
16.231122629913695
12.65137111585371
10.258359714848934
17.684174630438072
11.301792865162275
11.329230401817341
13.183667635112833
14.521261958514623
9.708119429204222
18.752705670015647
22.19238868856223
17.50106674203203
25.66754789956948
5.760465234533224
20.22712392403611
10.376456549993387
14.398355068320265
24.762999265560637
15.972977887930004
31.804375132824113
11.27834215177058
10.306733144966762
9.365627671954186
22.49859489767626
12.953183646852512
19.341482673133182
9.936666334476104
12.804648225698667
10.996174238289866
5.958780130266398
14.326775266111373
8.277670346159747
12.87927199603393
23.85099229785542
12.820823591739213
20.653143572197934
14.503499398507552
13.189386316995838
14.495114421736197
10.97805630308384
13.40397742213368
14.081140662153773
10.194751770750663
26.96739120941466
13.734429606644696
18.29171734207741
17.262774910194416
11.014411362886332
31.17960862066066
6.704706892168636
12.993634121691356
17.996715923138705
17.378466584122588
13.010496468958769
20.101441299768254
9.046604505397829
10.151925353323435
9.441821066666675
12.316948478803871
25.50527441564374
17.01552940477099
14.428678369388361
46.14860651834816
15.611016298067407
25.21432645972271
11.999028405694489
11.455843654847675
29.512525437141335
13.098617606691423
8.851714980496833
15.504389257142897
5.692918563758268
31.662195637466358
15.620283879364983
18.53477183953546
16.970136340206235
11.069465394216106
9.040929669273085
13.663119905869333
11.736060696331121
14.947507902372454
20.76988957150669
13.599505318956053
9.163755757337727
19.122465400891446
9.927801527449754
17.521682021751833
7.169551928247578
3.8073767827917
7.906643344124927
9.607113385965436
14.302404504685981
15.885718548553113
11.689667235614309
18.856361004070717
15.518025984382128
29.383142682157214
11.185345182454766
18.465795453023514
11.902427811926438
9.330793269733126
24.393446515737914
23.20508296169638
12.565788323170896
12.490644012704296
14.738878522581123
16.456617945119028
12.723480689100573
5.067658756911656
18.010946138026902
10.613623090451254
11.972910240548746
12.791486368705227
18.89982810124194
7.419508571468139
10.596215509464262
17.994335592325385
19.671802109005903
9.141191184378938
6.887377063205044
5.860083337639935
6.52719722726674
7.9893753643753564
20.607547061809385
16.30252593626807
8.08724754078221
22.82376867778555
6.7853819180598745
13.59624281321963
12.37674017114587
13.076593872447297
14.328180572379456
24.883132765187966
14.382284814933119
7.471044582226178
17.63614626550798
14.093295036647453
11.748684362382196
8.116933096583361
24.605211703290127
15.774222964340115
4.8076876680325435
23.534912312346286
21.866515188872096
12.796043547563784
30.769113648745915
15.517719675364077
40.16056089885182
17.59696464668708
16.48621853885725
8.615852020609431
25.51725298636246
6.271189417983318
20.0311669468359
8.031722686894389
36.579044082859
17.540221341453204
6.783996692633116
19.578858886876592
19.249222279499982
34.85876052949678
17.2458721944671
34.49791720427284
11.956219330469947
19.169966029597443
15.496821214917114
21.721058056653664
23.49683675804567
9.082158181623992
8.781986207744747
41.40635225503181
9.192228632843607
13.86695871304225
11.412679042191037
8.670366021030095
5.877053703970161
9.536265082620906
15.59589179034969
8.373356399494241
10.291065587272222
17.31684579464256
11.043450978667446
23.016614879849783
28.243206051421062
21.406944678874066
15.32914802649286
9.244550337475879
17.01446671907559
13.41364714310023
13.701064585797315
13.714328912170714
24.88644726945836
11.822829358187875
19.02941262344166
10.985619755313634
10.96692402170995
15.600761173752204
8.942676071520935
12.108167446397902
19.028452885968026
11.597804376543273
22.488623109668193
9.741338911091239
20.668887149330413
19.55004636218338
20.83201505110485
10.021973050854282
10.635256948113526
13.775579084654394
9.693556462623581
31.63009110675968
16.429509013234174
17.871591843602115
23.43835680812461
12.666583066707588
7.901622357243869
8.396531952539446
18.234165950170205
16.648808181419017
5.488681129518307
13.143339528331039
29.285447799899988
21.922019567252068
15.03590576437261
19.210952251869124
12.616330932122189
20.27698947229362
9.004956868256203
9.247422131405251
14.350550692900239
24.96929907153355
6.3133161398571165
19.394547488377576
12.626529110539444
14.786637499315008
19.688207064699974
26.292270848679767
13.682202682697737
15.066422203590665
17.14865392720138
13.147132846227654
13.851727763533672
22.172639917977506
7.585123136128214
15.870475253465125
21.97306466436441
5.879121935455112
23.749994003695825
15.79406030642736
8.272945013871587
9.45429360101412
9.971034408217877
21.023921620201982
9.208273440322085
12.511036700280147
24.689784249942186
23.204130827302635
20.323508632694935
5.317005713435509
9.336677218420226
7.855234043607527
19.831474759029327
13.71128865105485
15.8972503883905
9.23435880679352
17.22734605673676
23.761748894445482
7.09407453364403
10.151143245581228
9.096476070428265
17.525553822974963
5.526595988914962
7.286142327288708
12.960507379280916
10.8648617663419
6.855757028989672
8.575522324419344
20.17698999792497
22.360167839941354
9.825363238501629
11.36586008194521
4.188985113215355
16.39959187950494
11.538633185168504
18.693742148519995
10.76230382418773
11.021695086885323
11.077807503940125
6.245925144988448
11.872486582019341
19.145685839486422
11.317311576535694
10.532144528603018
15.397106707638539
12.606959306796783
9.698535812793752
20.992632547160497
16.416344812623322
19.696184254904303
21.72463025135389
20.33524154347108
10.629783901371486
20.925814261450867
17.314617475636844
7.976364473744741
7.27286873741782
21.210788500295212
26.590127139965542
10.150672924360109
6.28753990195394
36.3868976886242
13.301424067607872
13.607941582667433
11.533307545425101
26.490905391711845
11.560566344359975
8.8310962149348
16.551816522464097
5.991512989632928
13.057983963203432
6.8301527365879275
13.778374984109623
13.598162347460002
6.683360037222376
16.737793112273298
12.876608235663703
11.621459705089938
25.684696406078277
7.38837001542996
19.420699067432334
20.632261447076935
15.20510546746765
21.23137332263254
11.324810112712495
14.453001361828768
16.127049432543927
11.333957247781315
15.367149812645142
19.603250307325965
9.857224653181419
5.054409670933419
11.997187468482107
22.038144380309777
9.579373720140985
10.681462686606592
9.702141368313463
15.205278420950927
18.992074448855924
9.516671025452881
9.247204837416954
12.284974727143206
11.195058774345235
7.313696738062543
10.98217975063351
8.89092450429357
6.1363956805491515
12.820872477735165
19.751162148198965
21.219295520648796
15.281713630261143
7.9877304206634765
6.470185788724203
15.437580273505496
15.763257314819773
14.374650371192258
14.490670798790257
17.00435397224504
12.168850852192495
64.63567881755823
10.370445149516524
18.95942661008977
20.095903699792697
9.096892611365181
5.1006745557354805
7.654361856987248
10.544392281020063
19.865205483466468
7.020673602757986
5.8444927648834115
13.148637824710164
13.24096516154713
24.047431883374873
7.541486856188079
16.125556102324435
21.318852551688533
10.00114456091242
11.020900518494289
18.549570330602563
11.695769133575308
14.495614982507965
10.95569734698457
11.475110334884302
15.085049265653499
18.469009548964276
17.381305493616786
14.849858412620836
7.428511256913126
12.567026287818834
15.889837683458769
20.48140075459138
8.321263971272948
22.123890376437018
6.111994546972554
20.394567275723023
19.372794116771157
9.473080210886978
21.20372077988654
7.128501640121006
14.715257431047318
9.020626456798077
22.57535924090538
8.976754250368781
10.406214400126247
15.386849403878342
17.188773270338867
18.60038507903903
19.21214750543744
20.18756463668623
27.057205935257617
6.330493041041777
14.509099388937818
13.459397135359353
9.752546630131528
11.166540680014403
9.248411475207245
8.32902509259952
17.964085935463043
50.99070309121968
36.0507880781348
21.073263421384194
11.223410922653303
10.862678949821813
9.842530504893524
16.231829430008577
19.61804290647816
28.579798174175924
5.411550486843075
10.297643783527331
9.895647976361563
11.010091366174962
11.70115674834059
10.701931788488823
4.855425962137581
5.97563843666691
9.685878996129691
15.399682875757174
15.03452212154871
8.15464243701269
10.308766894971267
17.44831704370511
10.906957689155087
17.19438915134697
19.86613967615047
50.107042026492934
26.17953195400683
9.519894624694318
7.735660770170434
20.100621114989835
13.342103844912026
20.560565504175063
23.230943731612758
10.64171285514011
25.902055702242784
16.226948229850727
8.048612202893947
12.803527252505514
8.439772753706345
22.618185829098103
30.592860810659374
25.501190378472405
23.572302879584964
16.749884062918635
13.474468432478352
6.8377560630763945
15.915167817986614
9.55520146377454
10.05427328071463
8.547743045536873
11.602916123736168
14.85198920605176
5.884276774126664
10.75170547834685
32.54656652969246
19.674768980027302
7.837768050021805
8.061519005269558
12.62017789265681
17.7287472183807
27.504023509140147
13.015218040763424
11.234295605408501
13.134510886058221
17.612171056542063
8.383108609131943
33.4999978573128
18.61157037721201
14.964712542643465
17.006081747184147
4.75632737799332
18.80348323919084
18.708229024372947
17.569187527126545
8.280168347963702
23.821506529478526
14.216541284781478
17.799823824094307
13.790280912662608
16.999755692448648
3.853571120592462
4.304924616446038
9.185925446331856
11.72712867386809
15.380188934599861
24.194831090416965
7.423077377662454
13.960040405790753
10.580647148505658
16.2260888735607
17.900150424209414
8.465554970842499
8.97445064047948
17.069367166516713
3.9681424677423895
4.52459707344446
3.132543026090731
8.74047069807187
25.94969278686015
11.811815661593212
14.060406716693063
13.675999981363244
13.896199634632216
12.721244574014525
8.151998190428971
9.924198522346488
9.43774600436799
14.820401813814128
15.060536522526844
20.372920521368183
7.407179608580187
7.73324491338766
11.562674188930103
7.516286993439227
12.643131066074117
15.806988412518566
18.10608180081191
12.400087778003256
14.328306752762614
12.153741194427994
24.384988741072362
14.035861391828814
19.350126003910777
13.481226993225043
9.100768519068197
7.774217215510842
14.283428693629615
16.353406022043497
14.606932153211929
6.37695037875981
7.370174394593931
18.132635195138953
16.330087850040304
36.83837331507729
40.21259205477321
11.968534613937623
17.776649295927648
9.863535437193457
9.831190621431704
27.03525792934401
14.371599002654964
13.45714845332685
12.0316363282565
13.64730955981325
15.004025789811918
19.47387166176257
12.238015590155353
21.815268272736574
16.83177784850017
11.901145234923272
14.736836191781865
17.592800150896824
11.9846533436698
16.975344624241785
12.786557953092348
8.343883228428647
17.313370849163096
26.301975035577208
11.779175076713601
15.7278905615141
16.016465771272085
12.26199031729183
9.149625810553456
14.531677712659594
13.890915619346014
7.470263275708551
16.681826210156668
16.474865242839236
8.288879976555158
16.753414578235017
13.548330347476847
12.070306756430496
9.68635505655349
24.96056850750133
14.661212382439773
9.09439521335226
9.300397819197887
19.200930226015707
14.157841496277735
7.8489554245124
11.456425309895797
26.70491527962584
25.43627232845802
27.05870963272134
20.154863659976193
12.400780956176574
21.010815593014687
10.99950210408723
9.966088982228365
12.499439830017977
11.308424513651333
19.241317308144772
35.60473387178709
26.11455801154225
18.53801337882108
21.881201664266037
20.466407038818684
14.835704298137605
12.95803338452712
12.639460292808078
20.642832867204667
21.301346725067134
22.063924180724843
19.23688225228581
12.162337383325445
16.530920390393593
11.845775156730355
16.162751156872922
15.412654123464547
20.14557858786643
18.727205431845398
10.8075469425665
5.944435740572202
14.638277810902386
16.564127412742778
9.564012759421784
7.052642551829738
12.532779514153939
14.558762579569716
10.297248606507207
18.542796388472244
18.219170858341954
9.174529468467094
10.973401673398529
9.98515230377524
8.200880744068911
11.783304161792874
15.535900662120468
16.01066708255368
17.05335824226521
22.883009178341275
15.976904838647238
15.627083732092379
10.419184520575877
8.239993621705372
13.384489464581007
30.052889470854854
18.341124350372134
17.783284235097188
12.093343622919228
6.503873767760371
8.600460374191082
6.036877102513008
23.999585913373778
10.483826612822474
10.550425281392915
9.552272375645458
22.733400558389015
19.281202722490576
13.901623900902663
18.69291535339984
12.868548657821119
16.451536699054433
10.670425717860248
12.685606317687045
15.545430584824238
20.947328057008292
7.938533316318673
15.573565128095938
21.815110335613966
26.851061042760648
18.717166998322522
13.435986749569862
37.31837633733803
18.126875031050872
16.830386237910698
21.763425679940447
13.74430251706768
24.42288449870868
11.31954649954516
15.715841607529674
21.26826008958857
47.2272086399117
15.423966892403019
21.984480331001016
10.993214613765335
18.64612118284147
23.232107772738704
15.289203768534765
5.919327812588602
13.302566928585252
6.763100201190084
21.346984377504135
9.574893912856451
28.43526399595812
11.855112074592405
27.86649951495522
16.030934433943216
16.56665900017045
27.998192268442235
18.006635827399947
16.021759793249224
15.703461825312125
10.811449507397986
16.895517690983322
11.489986014320479
16.94020061074334
11.262192130256162
17.799870550202794
14.210338290553862
24.40219008130752
16.80952641563437
25.781421140390936
20.35280445900204
14.996157992688536
13.753594857751375
14.852692397738343
11.196397755087201
9.107108631148202
23.15046872538369
19.143842493969892
21.050460645283266
14.939048424179791
20.01070412482405
11.344920322229388
43.372063260454944
21.606410173079084
21.048358987206925
5.46207546897111
8.870302868024622
13.810641751893215
12.88352572716684
16.90063171847195
8.40716411722525
9.165509556418245
9.002298189231233
30.766785186904144
14.489809722706246
22.071859590240436
16.732396351846017
19.397203869333943
7.959174130400895
21.102966429955856
10.034876493509886
8.59510306514215
21.54582359120414
11.981997638846362
11.24642288470307
7.200678066514714
10.320362619944781
20.306384876328146
10.063313949679301
4.887832206109143
14.29347060277144
11.015081486899122
13.405921607245006
17.699036705851157
11.570078268361815
11.807608934051919
15.344634072540773
16.968167013002684
11.337251387042135
8.527083262860714
8.19247595827092
13.745218438719773
26.85284962820374
22.743142910009066
12.909164050326103
17.754752215692903
14.577213439666012
9.750365712079763
23.31777360612577
14.477904248075887
12.27192328156755
20.804670076384298
11.441847144779892
12.031936349171094
23.2582226453974
24.126484093971886
7.6358747860703335
24.87088771783034
17.145119236993047
19.297539031391697
12.131668297843344
18.551340696586333
11.229743025594022
11.74921182091889
15.996826038002302
11.98201902838017
19.987358292753406
13.760767289690094
35.59494684518235
19.206629300601723
22.238211290230243
12.528605922485264
17.341848259153085
10.945038592695125
11.270334108997913
10.999623616365236
35.11034064162125
6.106341230912955
16.576778476657893
10.56509228328901
11.155485197128053
19.96307391741716
14.194679788535458
21.20551674009254
12.488507623984828
8.322181530357438
10.294342158400848
28.183424852478527
32.98072371995189
9.095575505799763
15.288648564577503
14.28096964133265
19.765307565829502
19.974725460621602
17.20210604185477
13.16833823964752
20.485039661197515
16.436334266454995
16.481973107884958
13.30042249726425
12.506873778441346
12.794822188693395
11.2054324411868
25.65841286181118
26.783654997817152
18.98410976110464
37.26829094631742
25.624196036370044
10.897353599149314
11.476272154119279
6.418035513680015
8.771531985988991
10.247796043200232
12.085052235651206
13.912657100821837
14.982409048963245
13.740818489521523
10.060907447224059
15.91044383111217
6.58605359982746
15.45174696628098
19.790977810463843
40.758288800345056
15.912114610343753
14.899544566627704
14.585987485865248
12.598423606267211
12.873115749961942
12.875328439860667
20.240608845259608
27.1476631144847
18.392770927786955
11.439565520077494
15.476642146112146
20.41486241533437
18.031910238261354
11.57473167090485
22.224993062085215
20.197810638926246
10.375716153338912
16.382062711411454
15.59317861871733
12.642396592175794
14.225605325452031
13.74930279777235
13.029074483284814
12.040397395697576
31.319673455340208
10.511284661652583
6.069051084242075
11.17586412825407
18.814921123765455
24.528944767026033
7.835046898981511
6.526474820489551
29.395574176890577
7.496758270924202
15.076615000749305
11.024616898757701
13.624538014755313
7.361867261047757
8.34425020061514
19.092216141912505
13.48634857842686
20.864951557084296
14.109511064102422
16.59013898752022
11.243221330928668
22.86849817860634
9.976787675828206
8.319638111887192
13.402201144321133
33.47576230478364
15.514680678654102
8.539889002678098
8.579332990406172
4.747577561286679
9.17236238402246
20.899464048050508
19.344984577376962
10.374703618910056
13.11260777784329
14.71941021157348
16.6498766639469
9.229796205093633
29.5372061893582
20.32176027350127
11.186199242009343
11.988088057156144
7.401248643868839
5.456026986149511
11.46985854161666
15.99226198908002
15.930750225010716
19.295460479092267
21.576870399508028
12.345201077907593
15.457329175004903
9.848126156410851
12.861073000349323
33.670894103234225
7.117745214453204
7.110219112462368
11.550497831972214
3.2484776296107527
12.849640091630315
10.366506716576186
13.983520692238551
10.260362569580181
16.425641104297643
5.7302258508591
14.841077702333095
20.5446836609519
16.247839880533114
10.604631605518493
16.55877462748603
5.606276735564177
25.266117015969463
13.732558937795966
25.168754582392328
5.940717328959481
13.430156430895762
28.178788300743772
23.956637349151173
10.189388614754485
32.030966010230955
14.97761341316665
10.413444055807762
11.609329608353045
17.953419874647484
16.419831702816374
17.538341181195133
33.096561552320914
12.202206318188782
4.827757124941226
21.160230804827634
18.193644064816436
8.245983647963065
9.792959779656401
11.770417777955473
13.986327484249808
15.967776193928676
8.076601450524596
8.519437385581474
11.215641375425637
10.079742493354495
8.8117049436495
9.733557430679483
33.5514306473547
7.684245151126144
5.465241615589385
6.5587971698049
14.5005369376699
14.199538459335393
10.366955397470447
18.063272873851133
19.938896605273708
16.735273957136876
19.136827936091645
8.396627437220031
22.699496217766782
8.24261525225341
10.61179375354934
21.56628007523828
10.986401436160923
12.343481332666723
8.210621113347791
17.895060727944983
14.366073359362208
18.70597709025671
13.08665705749521
14.974574853773964
13.222748957470056
6.264219771278899
16.958501517710374
16.068172941734403
13.597536984856026
7.753376377144269
6.855150064715489
19.196651693630383
10.896503168900413
10.732026261173738
41.74005418915219
12.402363283285792
17.794255967324354
12.117967306399285
5.767980826131359
13.57179544304013
16.466222880769543
11.259249000782514
6.019673284085722
17.546480269351527
10.140435999658742
14.786069005614392
29.26423782751205
9.845382939821489
11.55853087513964
12.356322118474623
11.455358234950545
5.8234763247128205
6.64101853985463
10.742950932871564
18.604756096586243
23.379304675070983
9.995092271761493
16.871613941154337
13.347635406196211
16.55844309603387
12.322967419025305
14.55356843398395
11.139161545564106
14.688553038801523
12.438718800241071
20.966515580535237
8.261548844398996
8.174264379524157
10.560616040686593
9.065235569611959
28.95787629582454
10.319635952182923
13.55429655382843
15.875554551687063
15.264443185446014
15.632728239533794
8.192551018228375
6.566193594015618
12.96400582711673
9.626181173068579
9.378312235052569
7.804271970720293
28.852733985871716
8.637940522073036
16.72617860906896
15.582999502229002
19.75157897666317
23.49245907149132
13.035582484961692
12.503145635616967
10.155926690568231
7.2161900914895245
13.705226574059177
18.433373211997147
11.78791006839598
18.557129319268167
10.240417942604644
22.236212515125285
12.693187840985921
14.52970947520653
21.891478474583938
16.403854116165224
3.8916910041432553
14.52791300624566
10.311580095946164
7.621069997947903
19.698010267378265
11.58812336488306
11.783927808719694
29.85340876159659
18.460597147996033
11.15763340075264
15.61311300051727
21.388143549375002
23.028968037365686
8.38509438479039
26.321883655580862
5.659020813827108
18.56566841178686
6.295631141053805
16.966498313347962
16.970433934167676
17.11258320595965
16.724331050060908
10.36005314099773
15.415126288646022
17.27186140807299
21.356730237126154
18.008501942188236
7.32307677166977
28.669377592883837
11.744739026008668
19.27988109991268
12.985734142992522
9.473184259328349
9.052711766603569
5.378598407903938
19.858272611296165
16.214108463498214
6.993102271962464
17.880211032109578
15.838493337720472
7.255441896561322
11.802087158319544
12.53304509126363
10.569533670651511
13.680739036033607
13.16403691956901
22.063697742169104
30.510537670671223
7.537550916656166
15.486131002335362
6.661655570610131
14.102726425275488
13.131871148723008
25.496457235649284
10.332813565020862
38.08415369218009
10.392548602419048
8.149353707442025
10.014950216019821
32.992422853703054
14.844644181515942
10.547558226458907
10.570831028984994
36.39850848920824
11.447608974605842
12.257020297945301
12.917502569275008
18.466176112827853
13.350452179014535
15.267811548939017
16.7227430524619
18.13010538026759
19.15736125985783
14.827751860284344
9.49200859082083
14.41036683299741
10.219068706936028
17.10964176981301
26.86229049789385
9.295333781728536
3.736056173915425
14.781293720553373
21.346469510420874
9.872084194778887
13.83709422634045
8.463178750426046
16.06768034024565
24.47350416690524
6.825350838597245
8.39325877651524
13.794478903803794
20.974358122113415
13.008201726443055
13.63936686454639
21.973848711380374
12.058205235854894
4.99926217084153
17.760039831405948
8.706039280393012
10.15872180083485
12.285414006386345
20.582375186349335
9.036963203251066
5.93076689296221
14.657361096126872
16.187990972053896
8.427907302846263
12.95432605657911
16.9439060498193
12.993888954014738
7.676431427042746
5.342103185523178
10.220212445081854
9.46639542317601
8.538256380057186
7.053188641289268
39.27949580428315
4.586288417830352
9.59801558716588
10.849836051247227
23.94595517487082
16.67029429024873
17.086073243750512
6.429351647699827
13.861627616304789
14.02942870169036
18.25396987022715
25.672788838813048
23.73884261055522
28.147566192600532
7.920890777325691
24.10789083971449
13.955333703139914
15.89246437369951
9.870511801271222
4.943826799880775
6.60540059592471
15.778335167021492
21.209533964588225
49.13179573723378
6.426760889610275
17.516705543125273
14.25626217433649
19.58647354152746
13.36224558869452
18.215707171478282
5.409759559914566
8.923532251596544
18.30241176149755
8.206924183518105
21.246773274716404
35.694730354626586
16.53748429905641
10.24157318477214
15.56010450647256
18.49226529400841
24.218472536071488
23.740647799589134
28.290031735515875
6.266019621372671
18.20960120012941
5.355753531735276
13.359335753666779
21.961067289990353
15.509335505846408
11.254398283374977
16.175570465042796
11.537842750282582
15.3892430888418
37.254262540260136
14.322613275774554
17.91609643413023
17.548805776053698
24.091233290272815
13.669369025404416
18.738234908009233
16.266892303930263
12.68433242348632
15.574195626612507
28.1168983776232
13.393500548740276
20.642776741827102
16.823398994736003
7.508927662480751
27.06564515489966
26.2110470096193
14.312648089935815
13.738681414458743
14.14768032804708
14.48510897206798
15.247972957085052
17.952672790253683
9.388723433347712
8.106085149012863
19.258078240363815
16.86876088143036
6.334353082010863
13.87435778379175
16.076904860592737
20.95004339477355
26.35322697512887
9.68761770355181
39.900064632365044
17.46178735800012
13.858197985920109
19.79292705489218
8.37745968275763
15.028608384730271
16.751049386355394
13.102104037997464
14.552267261158283
8.734682238227965
12.40654727080582
9.927868056746894
8.464161127441482
16.560921947709915
17.754651399865786
19.773065895819393
12.437136542866234
17.918706333603453
23.70739466147263
16.293993669638823
26.391131396640798
10.799012264968741
5.795560923382123
21.016555777660137
24.422539716027007
9.02325812079425
14.580567113184836
20.134271829086764
25.168860307284014
10.685826519808831
11.795273065159536
16.17575827017511
15.402253037578864
9.187346337960124
13.386440692529222
17.10280314743485
15.205274362414004
8.260568310222432
13.403887535617882
12.035841911728916
12.335327753082966
9.150183774093847
37.458846117227694
14.10788512036181
12.278687295991313
10.613744267872232
12.505380647940093
13.10904962179473
11.029367723027773
27.548945602958657
5.456552643383896
14.480141717746372
19.0933400781981
13.267152786264564
12.97584805783652
11.691541481740463
24.5761094808674
4.837387648593522
15.328108225197045
11.478545346358464
19.1728810584882
10.392415728609047
21.993648112260704
6.11077002724519
8.747571983085138
14.03730235847134
8.196814039947125
12.087266910137046
9.073486432583056
5.618026069581792
8.727036126829443
10.77023408540109
21.74512273246816
25.450051026223313
25.550794291475835
12.633317579246123
19.066044696707632
7.180967884269164
14.17769704063328
5.938256744757346
4.155224103142443
16.17673935673534
33.00914167685461
14.348048259001345
25.164991316938668
9.997828868740928
10.54786090385757
14.186145301781503
14.09173007975722
18.061651650891694
22.9454878194018
18.043174736021452
17.216518914851065
8.265958084826808
31.786933020068624
14.348933244483216
13.146522390497644
20.17522557644486
11.937773286901031
8.575860028644264
12.503111935817673
27.808523509082196
10.574839954542464
18.376833615614714
10.712808040131119
15.870460575067916
8.252577754574848
54.008797560767775
15.974197977442234
20.349343136788367
17.902873742247902
6.485567665991715
10.645173132758954
10.511163783217112
17.34543136734831
26.963356423511463
11.143837271694638
13.264025384050242
13.34173636380883
6.4366972875035025
14.569818813739523
21.074346157706653
21.83391028601967
14.503747356195792
39.3726595375404
17.948335624999405
22.937955938780462
18.928252176270995
20.600657334126822
10.66573402492572
14.519803287948333
17.11362338929093
15.04215137944377
11.104345878294597
13.716927281773772
13.039791843107166
12.934903077228968
21.404722826298755
13.981486282461042
10.881218184703144
12.209441296555003
23.45781803343657
10.027395063915726
10.206485001114284
17.149260032973956
9.3098290053115
11.83341758773616
13.2574039475048
7.019389889441665
8.295181919993896
11.72029521980166
18.975816633602072
13.053790112854402
17.447996209177024
10.974325699224888
19.659947543962282
24.651644152748613
11.644807774524265
12.659642111197572
30.976119026761396
10.660109841961798
10.446806507132111
17.936681089624702
12.906467798933493
15.017745737986202
9.948012853797685
12.311619532480446
9.216449558845918
21.585458972573637
16.700994901051168
14.363870321957503
8.720028063314746
35.421665602334336
10.657607088810432
24.00320489739041
11.281767399998795
16.57557222357811
7.308638898544811
13.948168661805166
16.785304583042844
14.273966135096403
35.01484323002663
18.290726931572387
6.676661231751316
24.935080246494397
16.21606186806968
16.235022880063386
17.73815417990345
7.131784177522095
9.584171786186625
13.21927665757964
8.037959472910124
12.021773613864479
13.753508538436362
11.202768429823015
11.767269589125373
18.036060517653404
12.891654964416219
10.150596296683698
10.586158673940528
15.661265509204561
14.09121042963831
20.641150970604865
13.659616944879527
10.622998956556497
12.571513427925085
11.277317790776856
12.731573590357762
14.724782459800814
5.003007004397415
17.73699853856458
9.178977719766007
11.382793739636549
20.48753400481256
6.490491441819812
16.59637323718081
11.975128737614407
23.92233317635716
11.090195974203832
13.791821845322684
4.857520501620994
35.763418604495875
7.4110202061723545
11.519203613744786
15.428013642277536
6.477692776127042
35.60522891333825
10.853225452622333
16.413081370280842
15.167079509470236
18.851872547797203
13.172077751362751
19.870605788095073
13.985066119564172
20.067617482928156
12.130187230078263
10.612579986688843
24.454943083193605
9.149022555356957
23.8727338885815
10.303020355988055
13.036738042662527
13.608576709053663
12.306105343362239
9.929813685042852
10.243802401242162
24.889935566880293
27.77144295392498
17.384197062358552
17.585858404408988
19.360298645339782
13.942059406029317
11.50752782700298
20.457169982870703
15.889848376574998
15.764630973752608
5.95706139245966
16.111450677001073
22.099570501989607
8.687200536605191
22.41661472597905
12.370093277327959
13.813375386573767
14.76306856616027
