673.2035872978245
405.274557564901
558.6265761392376
408.972219716361
337.4063353097968
273.99617554756225
197.25487454852015
215.46894988124686
171.85728620082142
125.88028408566618
109.67220395717237
151.45732066615184
113.1518151078376
65.42913825647628
80.28912787457939
87.44148886194355
94.65616751674011
93.01585358657735
94.32688376974903
93.38748365018587
118.55344592748882
91.61444262151342
118.45738094319638
112.3982310416602
115.41822223442477
113.37071736147526
92.100249590859
100.38513515861602
113.08398410923049
95.75222959537993
107.37515430626152
84.50321941511307
152.32762591381672
89.93410969904599
92.43105864873056
57.9177977262229
85.37469021429138
76.7626990163938
122.94442323287251
92.22693530782296
88.72235497606795
177.3916637585883
71.79163022475828
129.19156206585765
118.19380610014414
87.41394800330352
119.59591886720766
140.46537340392737
67.66683561148596
82.67453726497881
86.06774194482107
136.73759753565324
131.7292108165252
127.64337156389827
79.33673335764213
102.01234674345156
59.95832792221669
103.89546522022779
121.38788371728731
83.18012387397692
84.79975467116465
158.23419282302424
88.5886309272149
121.80659496014725
111.2397715117409
114.77412172459059
96.75064786425158
87.9302081695896
111.23397039558334
123.08420434815692
89.5644324698852
74.93113466065294
79.05816901193867
77.13791591976477
81.42160430361437
84.75333336348172
66.52774588289145
120.31803739710057
82.48050413057862
62.2941120050091
87.43897088036347
103.5591668702893
74.13592756003007
85.8811986418475
83.33242802039558
82.6829879063174
69.41162194763399
111.28365309809797
134.41353558640557
62.26883243009807
108.15628169987302
69.35118556288874
75.34070548461524
66.7299614509277
139.23961021287883
62.810756873502484
76.68168274577806
80.5310383011789
112.76162804415011
102.91501651422801
97.82411545881192
70.15553581649982
89.12861995329398
149.87754755503659
60.697489473685806
82.47781426415021
55.31519077615686
116.22441145108822
88.29727124201973
120.1207378817411
86.69805954917436
104.44130462628468
99.3152121754862
168.29634176463387
90.07671982122804
80.10438662271417
67.41783350475778
100.97234270659632
69.12093837221612
62.9709983422773
77.55386177303474
119.14135045176477
75.35724975838187
64.67271253608135
103.43301544040105
74.29293525552013
190.33248039966088
105.34866475392195
79.03290514125699
73.26429424248705
87.52779664255256
90.11160617626868
119.57057936045265
126.18617504208301
61.48801707130783
151.5114141885766
92.86951258042815
156.91614169540753
127.29223777900525
85.99479819564183
89.39699588606587
88.05420253021968
91.3018976592125
122.45881151407885
115.63743454667916
108.68412092897799
100.15006865792901
141.0395803034436
90.59600493305662
80.21801196240737
111.31473777775041
56.87251860365744
80.19287385814243
82.00768528725847
81.51979910405565
129.92970315327855
67.28959407970765
91.70444459134694
93.82678059683323
102.06599687912663
123.8393428857967
92.87627094437131
139.49444801189946
69.96138202948978
109.80681722901011
63.107910294631886
73.4530097421655
107.79180869392104
111.98279764226926
88.29120880539647
100.90611781810954
71.31535137317549
78.4839876113898
65.4232809560723
69.50813508393207
60.37959596765431
92.89166485020041
118.9526768597493
117.23706105693384
71.38085032028481
65.95656657779182
64.19242946868009
60.60899589358152
108.66900149182837
89.880898784124
136.64350476874714
63.62546149016048
91.16798030970696
63.45159474924331
132.573497782799
115.12878100004684
83.42128321825187
58.777108572132796
66.96878921175859
132.79807204794056
113.36685780540438
148.25087762598773
120.40028872805932
83.86057340555149
86.91532888730694
103.79131341921568
59.218982029874425
66.18603490661059
151.36047400323
93.91442084450847
73.5548335607621
60.13893161694844
67.31200890125756
54.30631405893506
133.4917295483929
88.53476384982648
68.07112672598107
50.63599690611396
51.09834114144365
141.24626933584642
73.7634740513242
69.07921323230087
110.71440800928536
86.8365850428759
101.92204208492441
53.898200204921
62.42026040464723
118.82301684536849
76.33917785675311
75.59310171125246
78.07389967720147
143.75610594203184
93.10703378702685
124.29334604063362
99.64628815031166
68.84987987681941
102.97526610070378
101.55459163710113
86.74416825524042
84.55799119529588
127.856596650692
93.20493995642875
107.84293641085728
67.50910905727254
64.79829393112426
80.1266849839523
126.3480116678422
74.4286420103122
62.199977995992484
207.9197251972652
84.25233302771642
68.52473360663674
70.09925959594362
83.56127498873693
62.700479945373566
67.02807386655245
102.27865449253719
170.93309795585142
59.41544522648409
77.4268006071641
81.97378803722492
77.07605301567398
93.61478584396049
92.03082494648167
130.31390474271623
57.18084053987308
83.86198694670041
101.6885417064748
81.88201504327503
77.56613819477889
82.45650774422982
141.3407282795334
120.64938904981612
115.74891970960101
96.32366305081143
79.892563680487
74.63373921332824
94.74208556867838
119.45574907885019
138.30548163248534
145.95273913878793
66.55105590695473
106.32587349649849
94.83172596102781
112.73691664369937
144.2454627291487
77.9008730100321
79.37324868976143
120.02960168978234
146.91202582820878
101.70096724363178
77.95885846596818
74.70190619843021
74.42969409002967
144.2746398157614
72.43541510673356
66.37811642408732
95.35740464067972
61.67674112480186
52.79169474145545
107.4949569718717
74.89062442472479
81.38895585146344
54.37358216316278
63.90483059712088
103.9672591520611
82.77535749466522
57.962276793925405
141.15855273971772
65.84348757399351
70.075237649709
135.91433327650725
64.40904441168878
78.00263058329298
106.80050145139344
125.31366516962636
93.07211000492558
72.38105961960808
83.51076812755689
65.86965338511644
131.85364524214097
87.54300985964872
93.90992549402922
112.72678471041718
105.23593061800844
101.36207905090234
97.30904055839802
103.71083680790021
63.18194476157907
122.20142953200448
54.5400107693436
91.25353401846642
66.01645218956318
55.61959425515175
117.03892122908648
139.6034113777127
86.52204081046291
91.79122904488842
80.19996265665522
78.9637461469051
83.5665589390463
60.81368133166919
49.3149840035114
147.45319504660702
114.93953030215668
177.8531168584021
88.4937537609644
81.48980419417902
63.87655374482484
71.59471974714549
110.65357985086428
99.63004370880765
99.27528012786541
64.79418300586724
139.19330549554857
70.33222855663657
134.5493268065246
104.66397548031267
71.73838339511455
113.0106203687462
115.84496984956215
99.7547780012639
65.47470372089448
66.0147584010262
59.882774920401616
70.66946540234326
127.76810572139989
71.49955608292655
72.96642028530474
104.40729187477358
106.07321171608008
62.2816587720481
67.51755827108971
92.73984755850049
93.20296529916693
66.10258128302645
64.17312365618997
76.44669636726996
53.64162202883145
137.81903761177404
107.32288651927209
59.89969918331971
79.9377832367293
105.35357311665385
69.14051078320892
106.04461211008882
93.6932965046177
139.03975405508848
169.7622436322252
112.93193376257247
97.00789840592347
86.2875770377106
134.98691019262426
66.53977256052083
84.56601688833155
88.4993089688283
99.26578661307217
88.28024863516282
113.36028283184743
184.37872533762643
77.4835029748885
71.53555485245924
111.33542240182823
99.84033558833283
97.46829013131175
106.17821973529556
69.50851612222405
79.43650981451754
71.28129478949093
81.6359796807072
87.71950793527978
100.63741260459203
77.92993299479802
110.99771830391563
100.66958859590409
104.55258183240461
71.47206754096959
91.16896941201442
83.01675740612411
86.35376126076181
77.3696230195759
151.13304150016066
123.40684179482575
100.66711252009206
100.1137057593208
118.5953160279059
93.43613073614911
100.09209082389981
87.39581095841487
56.32595518148161
70.22637903278115
91.98427124720628
61.3320581405563
59.06049803459632
59.30168843709799
58.59876092624546
165.31398552238957
75.85165276962428
120.60061127156776
133.87044585844072
112.0106969896457
104.18311360317658
106.01032267505516
113.96673205982218
62.1981987177439
81.05348647652659
109.50097690640416
119.9943202538072
116.4728366717527
76.51844742881089
107.5166186411957
138.32847807013894
127.34220248780517
87.01475956403672
127.82582500009197
116.91613033414228
110.23879956632703
67.3314113465732
108.07068433104206
131.03863269651566
106.69041785917184
78.81392992408041
139.01880879542247
128.340156040939
88.63483090709168
75.00635436709311
52.35290915277277
53.296154012014405
73.13300753864034
95.53992045275929
109.9794261338716
86.89244280466781
195.93123980365363
95.95899705183223
57.22543887519124
64.51825196839897
133.77764490628937
88.632974818984
75.24512536864124
60.139063293434326
73.67552364369983
84.69984462901876
96.7712336848082
62.67149683910069
144.16226317410516
60.2408216230446
76.07041828916886
83.14732295698134
86.55116507368409
87.3844410034772
112.84876813378037
111.16036109927767
82.15045968503023
129.6371463670971
96.58924866215371
124.43271179289445
129.89117423856274
111.23193879310685
78.18016264826446
88.99872119409353
81.13907379265576
95.88710561160848
89.75351547788381
83.9127926899162
116.93406408449607
89.15106407131887
112.69126808728376
105.40392180041951
109.95541993677243
92.53531169617827
74.4199743331236
72.22271913792204
106.31725503070221
73.96297082463211
74.86272919713687
95.14244899545915
85.49837165653858
47.22969648258346
97.96970823072849
120.3302821733447
128.5453605585633
87.03184084861891
78.28048759980449
184.528697843542
77.71298056610321
100.19927693579453
78.63842426218353
85.47577900547294
94.19721010355848
135.26671096364154
103.97811915228392
82.31502999059505
66.86515193296795
108.41773848623366
99.01337865818793
107.694367303357
106.05313104870409
92.9448257952783
61.26654896876933
66.94112525330029
91.48452311106885
87.94177082028587
90.55206381440014
142.77356220101305
85.70264629691222
132.75056193769976
76.60053604770606
81.42804041308985
73.22220433213383
64.00388188422794
62.23593504476326
112.56711125467938
92.61924389975665
98.76518318267641
74.16579848807378
104.68900595510628
90.93283144910312
81.95933614334425
81.26159421893897
92.35354983489547
126.5979733771821
116.57076343245805
110.0549581552239
92.42412087794301
111.99357526051521
86.86624415606592
144.1478180507844
116.06952319798829
52.99085772207113
76.6898054112911
89.51936896955365
67.6872773692785
88.15048317628697
81.84837416306813
80.35985074619241
98.85962748335307
182.84610909526003
153.93102823839396
96.66551630020767
114.66768551721891
62.70486565058824
70.48811863452795
84.6733897606822
61.02297440387579
65.10669766336103
108.39506415829841
127.24038301910869
120.90434405487554
81.10207059956245
69.85847054435467
127.29694170280649
67.61753714167426
90.28866186969702
101.24248166652976
137.34308265478242
101.15854735847327
70.65794909503039
125.12780369941359
155.51815317542136
69.83314035848494
90.72829672173752
97.42765357562347
74.25586539149793
85.27704039865583
142.8697428399266
117.8824105941217
80.90800916584202
98.99182729823616
110.30022929093613
78.49725586646863
114.38009214382035
120.06860829790796
108.82268912706583
67.98678693251648
69.03600962958713
111.71909446753992
107.72384887233399
110.95589585985755
83.99490021700281
94.99316252132903
114.49333557084158
77.25474391329668
157.39192974360975
92.4443550722344
109.15573655820789
100.52029382833399
175.74563064856486
117.8499117827565
72.19416767220179
73.76868244815967
86.21977926590634
115.60063820434301
148.3866955365706
100.79323210057183
63.63281012198823
107.1809358608948
87.62045361252864
73.31953640574316
91.41511965256274
66.94081642933882
68.58462162539504
84.40597655755494
122.09800604132681
97.73339962439155
81.28369228226543
69.3738166178186
67.09141162254396
82.47301020130733
85.35793723006807
99.29309951678756
81.2964827387319
104.14094494216852
65.69720949746277
104.58761062126601
98.09498509214458
101.21756837455604
69.82365161455493
71.47047962543428
89.87584573170841
112.61558628180444
116.8379233524152
70.59079836726781
53.158956685529816
131.29955276790912
100.63112626477013
71.16081646084992
143.63524305045118
75.0934021309359
81.82674820502531
94.7678360414956
83.60429964587706
66.84720619607094
83.5969535388509
50.072771402145555
63.0460041935348
138.2970992313218
80.53738138147999
85.2953693881621
104.1678568135365
101.27894548571894
75.98843323473896
88.75691854904238
75.09541923969913
53.31636794960316
88.1594925354646
92.65193650906548
67.2643156478668
163.2243705838635
120.01935999061789
98.68865593272754
73.98046496027598
150.68006212311042
122.2148058376195
154.97493747144563
73.55276743872258
93.31353953200279
120.65896090214751
124.69897414883081
69.42255141456948
66.74044180901501
75.61251989079557
162.60404996653992
109.45085280336781
65.82284184373016
85.16800943252963
136.29383405217678
51.57518674457198
96.02506090032291
119.6470584413254
113.10906251076949
103.27146595937033
89.80950926781183
100.70534593349598
85.11112832211488
92.25688245948152
98.11748161019194
73.41602256424497
101.68331216860915
121.49447305817311
87.82066415342345
89.0668521399192
131.18343550581343
55.743838382872966
69.29055215239987
73.03730193603164
59.15499053932828
83.06769036065464
136.95570474551008
80.16807240683765
177.25854697404986
89.46192952872671
88.15558273668394
54.896725977094555
78.02270432926558
86.90761717927401
91.62828380210372
79.69385582872772
71.77660545952236
80.95862407297125
91.32902104410643
104.21250545165222
115.70211228511052
89.90380324011285
116.34828020808176
89.33982752696258
81.37656099411716
95.8266800332096
76.43702653713426
78.75041032682859
105.3376099508417
107.94508903590629
84.51281975080165
149.48251011612507
93.95940756219174
96.25401894063978
123.35631580267435
184.28611014241878
91.71954105778532
85.63192954147829
79.1436337929824
91.81486468133548
100.87256333731946
64.74514364209595
87.76039034922245
106.93158331403549
141.65891583555486
91.74799867813316
89.7232969572828
77.50098413827054
89.00191973979166
110.03868826323307
122.73341366054589
74.52905116031582
109.91793561321926
80.03020501568993
104.28051800634721
47.85547215426478
156.19341259838765
69.02880112458448
72.16920879469643
119.26576560352697
111.80593549788259
61.91182332351873
80.89489882717139
122.00773408378585
78.77516635152827
109.80509563464847
102.06445230029703
70.01207994130758
137.85013402375867
81.18893076441809
76.08166067306381
88.9442477668632
137.74862668552086
127.27670764155918
85.76401572541552
94.72350136804874
112.75628148459187
102.21496910869125
81.42807406330994
116.52415901752364
84.08952830606302
58.7050154525538
80.61050643654634
97.0124876168994
59.546978328502846
67.83762356855819
83.05684829948267
47.39567554302591
112.36489001652883
65.3925407654324
113.08421253854037
76.64937664509026
78.26426042235767
87.23678538282813
59.07794287300975
84.15906594818807
70.3753171134088
140.5600386256276
88.06126937461059
70.71992299970059
70.94510008973059
85.95665184319544
43.57273450723351
89.3842900499081
60.80749166906796
141.57979911209026
75.42995640621383
86.27141349570387
97.98457415883395
126.98010986319667
104.49035277514862
136.76938675367205
83.16377182943697
74.8329526437217
104.42718803670274
119.38136454260686
87.38304707003465
82.63193755648179
91.29047302320136
86.23870469171095
87.74953042313321
62.30310880277599
126.40657011074197
78.68863939355722
119.04027738988529
74.22856954139513
113.67421797644124
74.77576666299795
84.52646358917895
74.23637368518791
145.50860339649617
79.6197576009358
115.13620934135984
92.10532969949942
57.76306943610228
111.88254225745
62.86610476644541
60.1243131630946
71.71034946333535
89.80971416803781
81.51492595021931
129.0279299326432
105.6862130126764
148.71507600340183
82.77203962533318
64.10956287166363
114.93889232124847
82.9599508625463
83.08542956448325
74.25690824449131
82.59034110786841
160.55817950769537
107.05249545423983
140.40577719498796
61.74657648272876
60.391708668041375
74.14395444525607
68.87584139940088
68.29492169758306
146.44606308053034
180.08461966883843
148.01665711781112
107.64645735071477
108.1095312880029
80.017536525294
114.9324751763167
95.82485384653936
107.93656382444048
77.60388065125959
73.92694946577024
152.40826491897909
110.35313077072821
73.68420395533994
67.90926050643566
78.05463234907731
88.572154430273
80.54850580669793
119.81924095615317
140.57546644466657
60.40215412543829
127.46893217328672
152.84974338304468
103.71008491118097
96.94325394776018
92.85448747942972
70.03822008148921
61.97015267503948
69.96038360220986
73.70153667869889
98.2799893793419
69.09894329546944
69.97023082342105
57.46776163346554
63.66869041768616
76.07816785198455
108.0394834658806
128.86022700049142
164.0726829495039
55.229736144045006
100.46843420090667
107.2335092369572
90.87440987478418
97.02952444473122
93.99590117766398
64.77271285851653
104.40167023942605
70.07669402438054
144.40971477586996
74.05881100780627
91.65731147126081
125.91497503817146
60.380275182069695
115.7359724103467
81.46316611225157
59.51228891426674
103.8764380448566
55.14540842393193
94.28989353043336
63.85274381426655
130.52661812972178
190.51104220638246
138.46587327345293
57.32599302499356
71.70179918856856
78.86177967620675
68.96704360670256
159.55491142989175
141.9378700462419
76.61645327907898
132.34023917986391
70.612621916912
71.52992531706343
76.38029650539657
117.84469690376929
94.03644776337237
85.44619452461569
69.85030734477739
133.88887164979977
124.96790819133675
101.13125831059895
116.79163461500241
79.24909826522696
104.90727737193903
146.61054166358934
116.67698004187494
72.48033220846727
64.1943845384316
185.4321944342147
64.4097179995255
98.6765519475223
56.13371601022491
78.79285071206121
75.30449226097396
74.55086459576654
81.78326702403227
100.79159420174413
81.33411902233803
56.47053880613259
86.40404895791934
65.5557328088361
170.37101599252898
125.25259354503741
111.54845503959474
146.43370025655443
86.86446179396083
54.21942300047494
93.80308073798287
63.49905158831237
63.19826708705681
113.6621293402166
68.34724896453025
72.14804093606814
70.3866222324785
88.81392483467269
82.63747602584294
89.9776843228089
119.67071213307383
147.56473707311477
82.38224629429762
106.1158079277138
87.40467980394945
69.45674321363538
123.62437349613032
73.78993091147787
81.37599597581881
77.10006607878447
78.3305112179304
54.329482373697815
153.16538640436036
114.09718949705288
83.9974086869041
58.18802647742235
83.31524946648172
76.04071645845303
117.26490714005004
60.89291158098868
70.71162297154808
108.4919691091304
89.72028767515636
83.39213700108789
61.47259819959078
84.939848865464
67.14858947434871
102.74427871590501
83.07422946436161
72.5865909288726
79.0616791125768
125.35697082232909
74.48832417022201
54.234976907088935
57.04399906756369
200.1376166707564
97.07997435309878
125.56435441537954
79.13843157286227
91.23896250275773
70.44864081922795
64.7455664064456
101.6086342800562
74.78760779592199
131.08085321533247
104.496581750975
106.87525320881697
88.24087915423318
67.82158563898147
180.99042166369549
90.98239729555941
133.05094620817877
126.5830207463534
145.67768646402848
102.81517529759022
68.56680149943502
84.55606497975289
100.94442967351596
83.09474418861076
111.44904497031096
101.30723045245563
77.93163720178813
76.99922576402268
181.60304380011328
120.48159465683936
78.57181507052596
66.51729520657796
101.98877659957431
102.90737502709098
70.3903641804394
88.55787004488994
78.78710321257708
57.92208420908844
116.19989975209025
102.9835373138147
117.82029003924197
116.59579584559323
104.41654405875663
70.43322902214211
125.59617020939807
137.66133166469487
86.73671269066742
134.21673492375922
89.64652963844091
118.49076541021401
63.915185320847755
128.57571925831263
116.08932423840518
92.19042392260621
109.39995726112829
88.27627346378965
83.37802622743105
65.72226398862706
82.5215692792203
63.704647865763455
108.84863049061973
82.36343872536315
130.41048297200314
82.31063658880073
56.43706100368677
128.7496385281891
60.18308547278816
119.6175011461736
92.88953251881883
103.97953053774236
108.16786288768154
98.99957333840948
89.33856053966885
94.39105466725836
107.93407400911094
70.71903889546535
84.49810179199822
108.94132867038513
97.81318857443449
68.36823018980422
106.62676090073214
80.17143004605889
102.24227797927965
91.94881903138176
90.27038975561152
68.10312664769691
77.67152812219769
81.49863203938139
71.26834718746449
66.302837948607
84.83243895654951
89.78044440805672
108.07743648562086
74.4668351448959
101.07040172915454
95.6959770316706
63.89852502031462
100.36916307269877
70.53164586082362
83.13659820864783
64.5370031013564
114.18357478161826
83.0574475313527
71.87205571460983
106.00948542505787
116.77672144381184
95.59176923572095
103.54485078562428
123.6632880018855
114.71358080188632
112.46436551597468
130.06063462268318
129.23078647307557
76.50489024307667
101.93849004186224
68.03216079581046
56.46930440925133
73.53546402682264
82.68377450119361
118.59235660786244
65.91922673823515
85.26660897414126
75.66061901024
68.15450544531043
78.60168605239663
125.12068014338465
102.69961140707787
99.64404297541371
112.5897794127614
79.37683617065034
134.21980852365542
108.26590195585617
123.65651043007368
75.61079254011747
98.7555621272997
77.7733044062609
97.60416982251542
82.38936871566219
82.25808060383699
125.35061171084878
183.3155530267033
88.98561916960615
67.07460287869243
108.57394202155018
122.9291301449472
77.69250988753369
80.80281052549684
75.11939708731961
86.52873008001882
93.65494871362637
130.4445996710466
58.47523192835368
98.17855499059664
106.00339929778121
71.70719124331437
80.67362536667275
99.52214487891752
91.4465115717579
77.3614013229697
132.01316859358693
72.45106245123995
73.6109817579989
87.2621187525948
74.95012142261353
79.68854902745058
67.58957034153788
115.02900221758361
87.53639047813397
66.30195469706078
114.24321805531466
92.87936461531568
71.64615438221092
177.31351879824058
90.45273179240705
105.38676581581502
178.6187098917478
118.95287760565677
96.89566545707713
41.757071393963955
82.01161820538988
79.40406142194837
86.70629526620587
81.48203317348606
78.86144448219824
117.02607056502
95.8006863169126
69.18477811766846
136.44457518317378
58.299696966794045
112.81502227086801
92.85197842300958
87.65059400643028
85.25207794304049
76.50714381270836
82.46201575776038
110.087093278287
62.76512681896762
61.21490765975274
120.60306356030482
103.1371033929344
85.75162861366809
141.0154053421122
122.32947554430748
88.76374974672679
77.43397702438827
135.15569055531137
89.22083146091994
68.98812952015304
93.28462862634005
97.18927942345177
93.93600839118582
101.18858964882395
51.15315259006839
160.21758103203533
66.18387016197624
76.99413603293455
85.74125859999148
83.68594428452153
96.29520130573216
87.21554293617245
79.23342587399335
113.42481142558798
107.87954015934747
133.79994512362262
61.30288206987391
106.98589894325026
114.04233065917768
52.53536166047152
121.90107782876723
106.58692357668575
72.42369367399269
116.07033687767495
88.07600466913523
90.60655023518194
82.61198704632122
86.8602682020817
110.66040991457513
74.40202961912529
97.77082392186446
84.57089346432967
96.24620239664728
136.62125010897284
80.7394237338434
89.67183886169074
56.274580031802124
66.83873619989633
81.83455073656712
123.87349637401222
65.49503646777838
71.03565751500611
74.47905629302076
84.51728985661447
89.33277333007895
89.9189253885333
108.93821877904139
65.66356773559934
96.67150732867269
79.20527263578047
153.4345672374117
76.61408479817175
78.9470472980407
127.94231461305614
150.2014471062006
81.45685109923897
65.53760945920322
90.27843469119819
80.28634389535294
89.99746602658482
74.73563494907208
84.40784467437656
88.24858617624344
63.613817748519374
93.6066491469177
131.87069571005534
74.62981043976164
110.66602994331292
105.20983534078536
75.54066200550471
61.46912421319095
184.44822171502025
109.02120251856375
86.9816616923336
93.18325899018619
67.9554933456552
71.75797293456124
90.48879902930658
108.34937851700876
132.52520261653652
82.64186485807642
80.05047273246403
73.92499005717625
132.9285165430222
49.69333649208993
106.5403777370008
75.58475649120722
87.77327963970856
101.90565345911011
107.06265852931858
65.91949784040652
112.23465270112678
69.81371065430852
68.46274980189982
102.5620501508502
126.97499816175268
142.32283124557662
79.29501120615097
98.37296240021787
97.66524878032705
94.85005105048543
70.89706295428326
64.1555293171763
69.57705392033832
67.95341456358925
78.83384774193539
113.27052959392717
48.842160150988654
46.81312315102789
142.17010184374402
71.70653741316546
136.9792480722267
184.75915258724163
121.10660136725086
97.53074123116487
104.60118616106291
85.53348907595704
139.34963253656417
84.03378222086235
97.83631768514537
92.45919680111726
106.13234631334821
115.83924554450968
74.42970577913943
91.86652507676763
92.24846247349173
82.75362698369379
106.21396720404293
72.89727844450708
128.47531364758296
67.45543784562696
66.63822024352358
53.12741560523335
101.32293674812199
104.64454701748545
83.10926787292486
108.94282360487676
107.13519201134984
57.44546171457483
91.17173066494554
64.57723576765089
57.984257844464985
107.93416573242843
119.32403589562432
111.82473206839131
118.9930600066786
73.90976119778155
114.53122067676367
109.66319248330194
65.79624732943338
84.8840576845169
74.89653166924639
108.1696397275915
97.45632784166457
84.8249815967042
94.27423515236222
94.85745969693886
71.78988162800725
77.51628435400434
105.24877167215303
144.47130096210762
165.36952117839195
83.51157476114783
166.9009188408011
91.66410289683341
92.56063279321009
100.39275933116197
73.79534819018207
91.51072745443417
175.902268689624
150.14302842396927
78.67706357502733
68.36312422243297
85.3769747855022
65.40016741519752
76.7781075754391
103.24356977472733
71.01320370986066
60.75650522779841
109.47586608073398
75.6173801910184
100.45297272250639
108.70721435132491
73.86524045912596
83.31112461881418
83.50837282420457
120.55656391427405
76.96039336098016
109.9578002222865
72.78332821136718
81.45184053840465
98.40181621289649
81.81031318059809
111.48608797649288
99.53734191438215
86.4226791335781
103.22030889949161
155.64070326150693
78.32612460469957
63.818319574099704
69.31099625296964
69.75548855699655
107.90454103941897
123.26329260719085
118.44844331361206
114.38100370639532
111.97666267273657
66.67490860132762
111.7399722577144
138.48408443416008
69.16518737139194
143.4385012451599
75.75742308181852
96.46838148262418
103.03100891593786
71.14740620155133
105.12351545484695
74.44537927681422
166.09431459288388
100.82584932652871
68.94793085064016
56.27372137234335
93.06809610334146
80.40290802801991
126.66547006891385
118.94707377588965
65.79314442369927
62.657307536816965
92.84306186049459
98.71522752940534
81.430472995528
46.03406648917349
164.16848124880124
109.00984252653325
65.16219518591018
85.96419362389912
81.53422095876111
106.31719501924648
75.82405439193799
65.38182294764545
66.80277925327336
111.86522403462517
59.63408251522332
61.99368236202268
63.575807987382994
94.65123710190075
126.57865415808746
98.87486146782194
83.5038879383618
73.33286588110259
73.46618944193933
102.96586809378938
110.53111273766079
84.6200403657073
110.43967392139076
111.74106750713429
91.36925772791572
98.24363608182163
92.5815974531455
86.98355030869567
125.52714757469204
107.2974254294712
100.1105087566506
72.07967331616246
104.95342109675858
57.257979898026356
123.46807638822924
182.5627320851839
106.48000476507036
94.91406934284234
102.05087026355959
116.10704376779492
124.464239956751
86.48317474429982
81.0359891051441
125.28172817173771
134.93933015025857
86.49528206429358
179.51705789399165
103.44291072850609
98.52115791806393
87.0243280112307
71.05280770648187
78.5003673465
87.02416725314117
77.34618810541194
98.69580121085588
69.04872776558639
54.719820036157074
56.14964909599699
66.44646009843164
57.254101930446645
98.82236004835559
96.6766801230966
48.55474555997048
74.99433222091723
73.72279884751
72.1738552165103
129.49842090224263
67.3427693035386
116.82246434718486
112.82771977376551
63.81322079432874
66.95847119359317
67.7781713446623
62.05611624959867
73.16271109330623
81.00848327337383
113.9493745706606
79.90005753030728
79.71170625641632
61.107623944500425
73.88879176632274
102.00549156301615
118.93696133239435
79.75237592587321
89.55197169508723
93.34029712254693
79.62327564335028
78.87573731081702
48.79136118167521
140.8250141401079
124.69791828772966
87.01476374027999
80.11352482809517
71.35269218950002
78.63855003253431
195.2755573933303
97.24493300139036
105.78251641150376
67.4883724659834
103.22490437700289
61.79270749050679
202.06480700959037
91.8945996560558
80.7394480137135
109.35611988007415
111.55832684490976
130.140378634701
130.498876077331
95.56647046908802
76.09466595096184
96.1023410721774
82.70114367742659
102.18216144650165
115.78875233190809
72.46471373081191
128.62456634414363
124.72858285692905
126.59708714008168
81.3071268312657
129.66755184339183
120.2371833877484
109.80286219841895
83.02276983850604
84.07119642341814
81.10105718782441
97.32553179935387
117.4559782603524
105.58129061274093
82.5765730219993
75.06618307651318
125.13742969882257
125.06493697851808
58.67852411946314
100.07708846880787
112.97025170453556
66.6698525425608
82.39858917064498
85.36739507372457
146.9112525727179
64.6679774185658
74.4783372584146
117.6502802727413
77.40524384334745
102.0095025772162
73.7766888035028
111.57685362605045
75.9403590991073
97.4490809069391
121.6631117745052
143.78608106425952
67.61788491467613
129.34399959286404
60.39345902121139
110.18671757050835
107.21536376719357
95.96388372542431
115.5535495851849
75.53313267852168
107.25113380656688
53.443610480768164
83.99222289719371
81.07924246060456
106.81329211033446
110.88470393681288
127.52742337639017
68.39913754022359
107.24150470407426
67.85615642852768
86.53871505774534
105.21872659687179
125.50247269727099
77.55984698281749
87.0527248545039
110.7358762783929
73.1050335458487
71.4734471876278
79.27020909663283
76.17355436099203
106.47144535762585
69.24902732861402
88.9919753152992
120.42038442977123
137.3301738392528
150.23011517014945
116.29367161690607
77.33695062893082
78.29869917567318
55.72540957431427
166.20415210939888
68.1049897082604
61.1336645178401
85.26747473533406
79.5206868468826
90.028694224408
84.66145323574675
154.7320192114227
82.76066021580615
111.24007552433966
122.43598304265598
82.31088283658639
60.828912250753106
74.21181986028836
48.56921718867154
139.68484426019467
108.69046471286312
89.100012391556
99.8048631745912
72.87801095289129
121.10555062216122
140.6961380419239
124.10550976739239
134.00205022452525
101.20188120465667
81.11394790672404
86.23651695289483
116.27973428969536
92.31256928281198
133.26858733852848
103.50457535096015
70.25611989696246
109.75544358126088
54.38781520438476
72.09388322825933
81.74006492794128
51.97750500403544
