574.0439086366769
517.0704472347084
627.5559671029368
492.7991871795276
396.55349943092466
257.12776189254873
218.12794424957232
255.46424434647173
92.17037419053226
157.87779234984922
122.34127722104648
100.89868087694359
122.7499717585798
97.92711505558653
146.70741504153128
105.99978661465113
150.35640223584932
143.02973741748505
152.38695889842725
147.56961436862207
121.10344134997251
110.62965970727967
139.31432184939837
110.73034121503238
106.6461024243546
91.69841702144166
82.32187664935871
95.68870359244576
68.59441235129896
80.25839330095472
44.346425559825306
95.55941996817732
90.71986473392128
50.05529905240046
92.34738688296996
126.15196131312993
65.6915573879215
79.75514979951357
120.1210882561159
94.49038132742487
99.91662276549744
96.98864869995408
92.92984679099933
112.4488706053529
135.70398932064018
104.90122703447635
70.32020838322516
93.7249219375324
70.74084075344231
59.75501563517744
116.24266231648863
66.13179918907053
64.58630500625947
90.34451041823192
103.89309949288655
86.03856484983712
90.67037378097572
72.40185901611797
65.42932478110627
72.7169917494221
85.69631651266707
66.95634556832087
59.76098818804838
102.29612641236531
65.07608769812775
87.72704389723151
62.63725725381839
64.21648381505595
57.48837373726452
80.41487074220231
95.28641866562995
71.58733203144244
82.18296081814344
100.8512266115816
41.987209789551294
68.86860220608627
66.6145016932431
70.07078551983736
60.462845250980344
38.35306291554267
42.38051474835127
119.43005493921541
42.029415202413254
48.14880232094863
38.00132107029285
76.39004933566618
47.27584887428152
43.59131401657061
33.53377144159474
57.94403756758394
63.07768662038401
68.25512941526009
81.88872286073271
47.19409885213325
56.68318520488362
44.26441984657673
49.460005193119514
83.42951211696965
39.444141112264994
49.38888165373271
38.84924829811921
74.5599559839056
45.894627712843175
61.79525311323979
64.68150996960486
27.039838140470085
59.689289515473455
36.55985495569453
36.03915652715669
29.613691333502846
49.92222686684664
46.88579113069853
44.29931309627626
52.77707483929935
39.421733853903135
41.45676928307087
39.73219761846155
47.712622160679935
43.06944630059903
43.370740420465665
55.33177595254946
31.818755304810747
50.11342712482653
30.999139354016553
19.015930954484606
33.555270689309566
17.754518406409623
70.76726653415388
36.38841436296508
16.374118801566688
17.749617709359978
56.350897153702405
32.4135813087741
29.181571763202808
62.181533029654865
30.350551781583434
44.02393039429398
55.064081280381615
28.157571679065118
31.595584551657346
32.01996014843302
25.798375361651228
25.349996023250565
57.16661904699103
53.60605395100374
20.183556165841175
18.4196352337329
11.235517598747485
29.295339978805718
14.148282126249198
30.56646957354866
18.615388128885986
74.12560197634328
44.47419452935218
18.03858696241793
17.50556632030216
26.145073253979135
37.966065192919224
85.18141672043159
46.44190642550273
76.35355199964067
19.74275310474137
29.314418861611603
36.21387984889228
38.81124210367876
32.67067647236427
48.6712204495371
30.650458583352624
14.706480700887628
17.371294756617694
52.51182120987616
31.661436956138694
38.82778068470764
47.98911639880165
34.81321519402425
41.13434415563315
29.796535566560845
27.62482822566182
50.25015222341365
69.56476443844734
34.887618889979855
21.763402761021982
28.02865405829656
40.10350952502774
40.20451221109851
40.624271063517234
25.269881919277136
69.57066041874612
26.838224955011764
18.27842369472744
32.58281793919419
46.62130377565824
55.50161071907147
22.250070285934648
32.81480244710943
23.875809259209188
35.218428932343976
34.43822997264981
40.13835954880243
45.29913679180703
42.607167357482375
24.986238175063054
7.610022007082096
34.656587762675024
27.21632114910404
48.93939976967478
16.733475178489137
66.44356561030665
21.042135469980053
53.657251704564366
51.16851774258322
27.172373197019805
72.14080611168437
17.494670193563177
29.047652727929414
28.131777073938753
25.214313105274666
34.69675223103031
48.098488875541676
34.69517763041593
23.55925751254156
32.32136617946379
42.98204875659927
17.99706592844879
55.687894104855374
24.166091454203293
6.715973622592069
39.244660250089574
48.12277909688942
27.37575666277233
26.697127666631303
48.93094487885768
30.204706715457686
26.73365277209362
19.068010541853006
32.196334367865546
34.73521841463933
43.55295672708998
17.83916709474034
41.78574704455229
24.280407392669698
62.041706922646334
38.05213705504021
50.746365793783674
54.66743272360125
53.21217025508448
24.317936868785225
32.89960642109812
59.15347445479775
30.78204173997299
15.642743562220016
13.342257383058625
18.58200128006186
54.17495574149784
25.15294117953175
22.224039692360332
43.251770484156424
33.142497905149824
42.410722771721076
28.377142704904546
43.79099430136283
43.85782477073932
40.02576926224496
21.118412049559648
45.48466349004144
46.792166324612715
33.30301005497998
73.16994620378703
66.82637728750113
33.71738183289934
22.238993923095336
23.964710123380843
38.7462200098516
28.475567630077343
51.05088854871342
30.981181219237282
29.027268181863054
56.73866712055962
32.9829171081587
45.717409308242765
32.431751215889456
19.679049117956495
36.695152545896704
30.87606846238749
29.591724261087627
24.17200858901513
37.677485636053845
18.25175759274178
34.82288663172118
16.284770477876105
37.936375195704954
45.86642185476863
50.92524013977815
25.572892009810122
27.183218282635924
26.81289398684189
28.87894545619708
55.74310462323092
11.792642428310826
44.33488047957833
26.011777545922726
30.695336239596255
27.736600097407642
38.39686997228002
52.21040313501947
38.32360483490954
17.82960588050962
25.58721757804233
30.255201890107173
23.79871594475308
24.111350340944323
27.947545067538638
16.953515513226623
64.6459444787135
27.184533531196646
50.15155345475913
40.97433765614754
29.317540811052616
35.980401005266025
52.78608683917436
36.40502368054543
51.0524876143574
20.147089088018184
32.94291828410534
19.870053713103047
50.52534234931336
35.34960567077737
32.04314430340561
26.60998100643819
17.313050306177143
29.996177805681985
24.94870282070006
35.299435103863225
18.481851992974992
25.539196269497527
37.63469665647481
33.975981127073155
13.256803490005483
26.852334264276795
30.53005157893297
52.42810021316442
32.50165202745347
23.31610241942301
23.893814248152363
32.8854337188481
44.64121666480059
39.940757393968724
55.25216798772021
18.842801139935
29.748586553451368
26.008551014127768
32.57073778239692
30.27079306299889
31.01913844390004
33.599563596984595
31.31803892761927
18.74998256980691
18.516606723343102
34.04310186585244
30.442496416480274
44.15052088193402
29.419902167715446
36.23806067139322
37.95786790120439
28.72728640362038
45.49836563549534
23.748023330012874
40.1592562696238
18.906890902771174
46.97333149804415
36.569905099256076
28.950818035853814
19.313137223010056
44.98061245864412
46.562610240183595
42.01611330059375
77.72987928127446
16.67105869797368
23.77535088397256
28.767322130804217
16.620042514874676
38.242639073286725
49.5670257135648
31.16994236466676
22.6471623606676
45.09282132742891
22.095810283302995
24.768849332036275
34.107455934657274
50.66877699572206
31.362153131664144
38.72452294547143
15.89475074060149
18.193765354035506
34.55270028317635
23.644209857442124
33.93426275138633
21.65900071107299
44.23044089096187
38.64354527460242
30.21888068270142
25.894968596352914
17.66942805535358
34.98694690075932
31.316849841649642
29.504778325064095
40.49751464801893
13.387319235509507
35.41888578841637
23.629194312444408
29.566715630118708
49.38781779512719
56.15535832973343
29.81135403037402
46.37597806584438
29.305082899107298
22.890337658652832
26.4060218521331
13.692325554790127
24.25364013311519
36.263271956749286
50.75521368765665
17.923251347538617
30.97104727064502
23.946216208601296
16.359694842526864
12.9719227165672
24.410888272487156
28.318477964870798
36.62979822979626
23.482901073320864
28.95941678760426
52.7825709486301
43.118382861359514
36.28544196527545
27.271785414637673
58.26419493682459
34.39425867611451
22.061991025190498
19.57642025028259
31.190110231042805
31.388807092049632
39.38382734166228
16.28179145308222
25.469102731748126
47.15843526872392
23.747328671593692
25.715507739657966
27.542968914703494
17.270963303188662
56.18588078291492
21.512104615798204
13.267509081639817
39.37005186444193
37.16201764166081
35.33128926221405
25.725781859180643
21.584399048117827
12.244421716910454
25.072568890564188
17.86798604175849
29.3400144547729
34.96632814149909
40.57800875140921
42.418473791548074
19.61778034071439
24.94646029335222
24.596803021200067
40.760667933711524
30.267394314281486
45.583874775386384
40.42702617326548
38.46961411958647
31.3447464502018
29.670466305826025
39.66851505967012
23.733719587178282
18.997480856860367
45.365688915107874
30.935759930751455
20.13060005638512
24.219477190857194
15.720427360193682
15.852814245029071
28.358689064352387
26.108045420367826
21.92122751715808
34.395184672631295
15.83056326298609
15.820437754763306
24.67951792053194
42.3854235162763
17.658430189214112
30.12550940362783
43.97005666105044
41.96877881417727
29.704526287781956
29.83529888670765
24.998986740732786
14.521878709345431
27.222921687566075
19.0586230358246
27.571507968588136
24.091226507541826
12.305867829232982
8.600770491829289
31.87930117448403
20.552475672306382
22.449843204346887
27.226420325668865
20.247354477090468
31.961545612527352
22.955849464921183
27.42021178761472
29.649246801007607
35.08009838482615
22.611329736801224
30.591062972935788
35.709718759185975
18.08388510465231
7.303873564319568
50.03706331448101
17.61735456785744
19.13311695288695
33.562183959464384
37.75438452431079
38.110990682875645
12.961421963094685
32.56885594591561
30.270693162861328
21.00992829363841
46.07868346386793
22.0314532646568
21.22412392038682
41.05133625549461
9.743558317058
36.80470575932084
16.897914190079426
30.360451100705372
5.192394244477933
14.763325464060816
37.57375467728176
11.634699589841437
11.067968478727364
12.472487484235874
33.41481968676678
9.495473812037922
13.232106554676124
34.30382192396103
9.519532006970053
17.993343427599818
19.241700474861364
14.859631446114294
13.36344449494287
29.725268884682958
20.395137904586303
32.10255262746625
22.38957498561018
18.424692499129318
11.884377162536067
47.81159712695563
32.87988934607844
18.788178613182048
14.54657891783916
10.802872946370828
22.071650984554534
23.42379511394254
16.82740201392992
22.45534422930826
24.07008310591279
19.39458065688497
40.61767556001529
39.792872730908336
25.841109654639112
13.293945361867824
12.227874623706784
14.293121731184
31.467353564426904
17.016420689676487
12.848001745045764
9.766874198450953
24.70545737290179
20.75494513814883
30.435057206814125
14.220572597278666
19.165046891703902
18.240195419259788
16.613920714406255
12.781687692987315
27.14054885887853
13.499387278041528
12.076860771532713
12.962963346680926
7.560568831422082
7.910351317152567
19.02901511509077
9.924212111286293
8.032166135877144
9.67662283676952
15.672606153440405
6.971265320062753
11.493158903260333
13.574419184575307
29.429040471055824
11.93071880790477
7.614819854704023
5.409457501782616
31.61930200561779
15.033052624609667
6.283296734492132
42.25224057992339
29.251953156920308
26.596363752934344
22.284861498169615
12.435135028788029
25.632673579810543
22.071494808002313
32.17778568034054
33.4813642157132
15.765080872040944
20.452112313049106
10.721944314088502
9.134870769084436
22.118531759916895
6.290999451624649
34.160685413073075
10.649462587715664
12.785764081790795
10.766714905733881
10.623818583144628
15.343266623671129
15.130083868372665
14.67218172743834
11.218381067991915
24.0778760452513
17.577199926344058
12.002214079158321
11.529768656605935
15.71932566927255
11.402126717574557
7.244150301318777
5.026292785932793
13.157309605449106
17.34786834627515
25.836118323290304
10.223221834036616
13.594334322415714
11.551420263588096
14.953892173931175
10.002187504973023
13.868995898725789
29.831609198729947
18.523394867099636
9.577879181833966
21.391897680623224
13.257429612616741
12.448050427109198
8.371915234656386
15.349634904999384
7.085613775422135
18.003634899246908
10.285062223268415
7.965524655110197
11.187608000189005
53.752069945923274
8.60412446654506
14.872656601568558
9.438108561381034
6.5844375085923
21.509594313989126
12.468430968012475
8.055470915159425
10.465256815149349
13.493895466446398
34.258244806805216
6.145106287871446
13.9256611577909
14.482960733561615
14.951908990810159
19.422028430995642
25.713601158030603
12.99335776975693
20.57903431888808
34.410467600212506
19.90239592213387
18.477836773964388
16.275315858498402
7.979574311336377
21.007815644395418
28.869509547043688
11.66422290037324
15.570074390285082
10.761893410111309
9.514667434757385
20.824105215316557
28.00294429169131
18.54055100440641
6.433553421235437
13.483230119850953
21.514654103585272
11.290581157326002
14.12162921630689
12.107039293831171
11.040495813075731
5.924830339884385
7.459652245682347
6.619917413756389
10.748516596318964
11.603273979585943
3.8234220564930763
13.958119307935462
41.225358308855725
17.742980314673755
12.827896441131445
12.304231312460285
9.060716555134029
11.444938436780534
8.224296148459539
6.683789075067681
29.911293227609143
16.304774489824084
7.888184675630152
4.9794778917074325
4.588938579631755
11.030648061488431
7.5422237434617605
18.142242850293364
5.563907917913017
10.483471950639814
10.569111943888604
19.518176646128254
9.71439630441898
8.313665847360486
9.547357856861401
9.91769908679786
11.883440108120473
16.531753361399616
18.477842053094427
11.93745862044617
9.276755836270262
25.054525375520985
13.56482029276492
27.118082094214984
8.82711572274439
21.802428701182283
7.33268112721277
16.364061864430983
22.89517808988892
5.488365322722908
16.08902657880882
13.940665125156812
17.631292464826412
12.88429070624924
18.38621575009902
14.564297283386498
17.536134937296282
14.249726073410802
8.442064203203449
9.29615036921146
13.43171607118527
7.69332794810686
14.913015457568351
14.191860821971455
10.237231585077918
20.06352728337714
20.05846007802063
12.235226828601476
11.249101033646145
14.427440673523877
9.753660791831528
9.663185325656725
14.4987950978261
27.5438046075886
47.27638744997008
13.527870694950442
20.790775078055795
21.040031488422827
11.476195019264107
13.555799473835886
7.720473730750937
15.542349137522518
6.950446611983418
11.849940571343758
11.995120947654952
14.577132440412324
15.832727119967341
8.608494084111777
7.702056472326927
19.65234445649119
9.636120459371135
5.780981597462199
20.532113158359206
12.825725249185208
15.175846643460526
15.2444289100222
15.260340973705794
18.776776898639973
16.409759920283527
19.647866698579648
9.879907505258647
11.64398392777489
9.89152080831173
10.644783026656246
9.03666860575005
7.470641996906559
9.483577282376404
7.341345823941611
13.10939161678563
26.476743216425312
6.601857308813064
10.32923653595031
14.73188767578618
9.935144654217055
11.382357038692053
11.769121424283302
9.164274696026766
13.895974801163746
23.18987440325978
11.08546252031607
11.41567961463324
13.421964508890538
17.312196326739805
20.532617367029886
20.38115251687277
5.85542191750556
15.180309953274168
19.55970042468843
20.797846177851
22.48510467297935
5.757301370073699
8.512050901866886
14.895717289251936
6.620533005396551
15.773337878825872
18.28646220480036
7.622613208667373
25.487884477751795
7.503848618417
7.469764653902192
15.628401832346386
11.446783543891353
16.35337394836771
13.087478292323041
20.74438041801968
15.626108710069067
8.729999151126798
10.04232887698722
11.967629588628308
7.8064615861004345
44.070751209080846
13.903241360830961
16.441322397748998
15.677468473258086
14.690872719138968
23.40219445627533
18.534595932932575
26.891621825675056
13.322705844203695
14.08356788448234
8.229610417401341
6.82334379233972
18.932453836073922
7.554013062807545
9.818511243037493
7.3050718972076725
29.491852722963813
8.463830794918893
11.775413063213692
15.743473103709732
18.56141739915777
11.450492261052338
8.429448259895238
22.11311708966875
8.929055419721418
10.524872179270139
15.270800187374956
33.06917820179012
4.638854991194952
9.615518891734219
14.801837009234772
9.357110623000695
5.776363860189591
15.18212748131511
13.91917266715151
42.024510970265474
12.756577973016894
19.243062539925244
8.833950876390407
21.597508392736817
9.332880446922868
12.18513018927892
21.63940222398674
7.1238106974751885
14.042696864481407
6.459908559299131
32.15564048197131
12.394183882635197
14.423035253024711
7.650148703172112
11.664333327043561
10.848157319775948
21.990493643624088
9.902093781525469
10.78830515188987
30.87208623952225
11.685597476870004
8.73773506088586
9.750462159787649
10.588393895522803
14.75057942542203
15.423152597726947
15.012485125795576
27.9906954128944
18.017126569315856
19.488820662393234
8.47541922230375
7.142504100964501
5.369143728337642
6.862453963758392
8.217927073349243
8.056759862000282
16.11166932839717
26.738186339451513
29.682974078344404
5.3268857312809255
24.853443899590722
14.706224084189845
19.042700960181683
11.230877893968463
10.661554116430827
9.926883812220435
5.819356315377959
11.891364289779817
8.288158551933723
17.880792066827055
6.724664951809929
7.096111153501451
18.055266144430114
9.200785376310577
11.027544442849704
11.79838103214202
18.55536156649616
17.200051660791356
13.273834812996391
10.019758698939052
10.873541293684525
9.31185639635479
17.54284530390951
10.047179809366275
13.336470596719712
12.576929192938389
4.5987274658314075
20.935253434971912
10.319854271269692
9.595469684383199
12.69723859749381
12.622235858212838
8.194495826173831
7.163564143795644
13.306936406638684
16.739048727535835
9.764984560265956
17.363319925371083
10.219176195238635
7.015603831448722
19.063789687264467
9.63826587710248
7.731776967481273
22.577790099707673
15.374880573450698
9.842962825035304
18.677215324838656
15.354228882330265
9.122816424651411
11.12043369995531
13.819703329767044
14.986237599427065
9.821123532653905
17.90186002491639
7.096585459662322
8.16958924813055
12.688479561172535
11.87871606795988
7.558910299153582
4.602259695793615
24.307310337228056
8.410416005220092
20.78781218377085
23.237147634879612
12.91014281693178
17.029944651796765
25.629359737972518
14.49581825589124
9.437580857601805
17.088908468479374
11.52746500420682
14.55100742689443
3.810233887741949
7.822877404704714
12.657502024880285
12.218462846929862
19.54127314862943
18.041759269284135
19.708698418418393
12.432380353307336
15.279520607738451
25.589496755788844
10.384741551382758
14.536344437240107
13.64655433816755
20.21988728024708
8.215053363243337
18.370575091623195
20.7520042320431
30.545112723449424
14.719024048013237
7.265478877311255
10.074995972859444
12.252678990721568
9.648947971411507
20.179283565821184
15.75059892536733
43.24395294749648
11.433484676877747
12.424714308784171
12.37701135647191
12.059668256947178
6.1249242340851975
14.93475094787469
11.962991040373755
19.019048287340027
17.503917733390423
21.058317197043603
6.875139157844276
11.73284612227761
10.396687716868335
13.370084753962667
10.215029227681455
3.638744608136545
14.05819801330798
7.461029628157186
28.27762183643565
13.340803492847533
7.75148290938935
13.635903332986166
14.684814106958525
13.30559090820146
18.401616718685588
13.017677900032327
13.232923330843875
12.89628491074514
10.097966988276308
19.08841805702697
9.969694851912902
12.618730550832161
18.00806428702495
15.324669281720768
14.965845838653014
10.636105769247523
12.830708483761866
14.029030008883883
10.357860413895205
17.918668070371986
6.341131659164491
7.911314598598046
12.127646000775067
20.688063545391124
8.513017281401737
14.14989938042431
15.484523934948283
18.39325134168156
14.211399949772376
17.36823584652605
26.558053379482615
5.387973956821774
9.576284673945706
7.618679752089615
10.145946995688568
18.58134000454435
29.666642190012105
12.465382963940739
9.805820665243154
45.009370246338584
27.4705863321152
9.679383985814514
20.673385330852756
8.563860170937344
16.4104794968431
15.109549964641511
17.19170356520892
12.400031046445893
6.499535074995445
11.730563433270373
6.938251413849295
10.59544076233724
16.919928136627288
7.329704512978463
8.012627577735028
15.86916733174695
21.29235440982822
13.637846285526187
16.222982351990535
18.789918327830605
13.804681256505313
10.239061830060406
9.437604803690197
18.547158528763156
17.24009498739889
10.503248910257543
12.64881294921543
20.380540515354088
7.30216151441003
21.53154992996003
10.650597382735407
9.868257272500008
16.645579243115435
17.701019127057933
16.41999648769259
37.46721171617424
5.765139859651799
11.399449426570927
13.85045019272368
17.190088861408853
12.913728653823606
14.362558630147968
15.581059147117655
12.618201355582851
8.35633115268385
18.291425153025994
9.415352695327538
12.752587939655799
6.377822831444443
17.82570089299875
10.274438569903163
13.668847127995825
8.818911601521078
13.629336287657626
10.43122621322803
20.721161037366443
5.370391499288109
12.19218881612968
12.844940829091748
18.556995697691463
5.9502904178145375
13.413616557216404
13.778533950136184
22.005917878695946
14.072848819395958
14.78984110777139
13.940127288144618
9.050064533667964
13.470696764850576
13.044334884798994
34.862944948324284
23.882762233323167
15.04730779157133
5.57282849626403
4.070954515014584
16.657271953801718
13.338909873980842
17.106869096369724
9.877481643448023
12.118936159101148
13.125167882199873
3.8251239191339192
10.290217040605757
7.411081542327475
21.98905197614408
9.199684289935695
8.78689078407714
16.632864845240515
9.982089314201353
7.026268115835049
13.423101086654835
14.542028482725955
19.006424574051213
9.979669466650186
21.705735019377684
26.06023854978397
10.285095158689106
11.626874951269398
7.357712960926746
7.514498834372967
27.05821557554062
5.6641435248107195
21.053412943637223
9.993454592221989
17.1080958785351
24.75931505864327
11.502522598816315
13.245421278290943
14.4343204882745
12.438623860117675
18.538520564389817
18.65290910885184
30.80441413146387
16.405519942714378
7.569539790712557
16.25300628883144
15.3985002984835
11.225063655829128
3.673806539732368
20.351783953906143
9.472300517187513
24.642869221969537
4.42296471362356
12.74142931899279
12.600628876386978
8.460105385304344
17.506255725374338
12.362057918672166
16.73049018607977
4.1128959192669985
13.941843343365193
16.375512648891334
11.192352695685019
12.024538336605088
12.709500990041414
12.287253805505797
7.488775196331224
14.672702522502243
12.643097367252018
19.496020566266566
10.056507051427428
10.153339472368057
15.949219418644947
13.939518872737208
14.758646404520842
25.006869700110602
15.983540441173915
19.172765243144347
18.107218018522367
33.16028788744252
8.216911613288016
10.966220560371232
15.757755774175164
14.916829802346573
10.515955784787682
7.5007606659840285
15.117135858262875
15.101199042398486
22.217620100860124
6.101091191039315
15.583151712892176
5.959962624764057
9.698878166804034
23.82615588944867
18.720921453973126
18.158306031184846
13.711664851565489
15.512089358605408
12.454769235085921
15.019394979583323
6.140460230135545
7.348745694617991
9.011884329597757
14.702956051545375
6.935361012580551
9.980735324067853
12.417191891029331
18.52909496701986
49.96378933348613
8.610674548308937
11.862601443211801
21.01433217417756
22.91910435081443
26.664471820159157
20.25771059155833
18.48621050149188
11.18476749717695
18.235771094170115
17.806935277448797
12.23326981297861
5.0995420413561
13.853939514580398
15.019956183969207
14.76170278880437
21.39171179592688
6.022341198622218
21.496504929052527
15.668564363677294
13.214125890419155
5.6684938428800296
15.406464099256997
18.12407883584007
6.737299130791392
14.013052311712714
17.360800062406597
6.1759416701520635
9.38804107380456
10.626360085745128
9.157086588181361
18.45291933369179
8.565462868688698
12.842608282789014
15.919813508373442
10.296395064454725
16.58192707642716
25.64425586279908
9.281512547054515
7.288228750664275
9.223595024335763
14.111112770598014
6.379263044410265
13.9834758884466
8.046547414533709
8.249708248282763
15.275676058140167
25.651795668197718
31.08425054831813
22.424108999705727
23.354120541557872
11.130709888186779
7.984270935148274
7.576428785119231
6.1364090938743185
8.01602713704269
16.062843600472306
15.621144365164422
5.7470847569239
16.41197249342163
16.845490825292188
10.989704312168733
7.776908994706916
12.270625970024645
12.026070105953035
17.520420826562844
16.97237747311247
14.965301772031331
11.270926613756583
19.428815790205256
12.79009310271128
16.404136422773682
12.155731224126221
5.686848182448342
12.65464690695498
6.910418421913331
9.813883245868153
8.577389234008875
14.644378580787052
30.752273130461656
8.336323216187038
16.825945157807826
11.707965183014107
17.466161647142275
11.91398202883623
12.714605645225866
8.226816135504942
13.44352373276416
11.022173149634176
8.279263307803857
6.25860048946196
24.468039080884356
15.72910192501397
10.712665318789913
13.940777168440672
15.599714252107377
8.921005735041216
14.173212516186123
11.832275347115699
17.432627667312847
29.450312998301136
17.053642298109896
9.877510387141337
10.014992009852584
25.07091275719302
17.043992060884918
15.069608198566378
29.17465863239569
10.773510482503289
4.39342889812902
4.423853838264911
17.86997236377881
9.770009122922731
22.34756644990717
6.950209630779028
11.123201193035891
10.73828331687887
10.712120594077819
9.203119424149033
23.871636754434313
12.174746742791953
22.870939448273838
9.650874194866688
8.874599364389146
8.920040098581897
10.825082819266129
13.037802785362437
16.04079381650297
37.98199965283759
7.9807967884589
11.480194714259659
14.162280017533153
5.942065050426824
9.784874981101552
8.700137353423964
20.68783595870685
12.030838003291262
14.428218785649834
8.740571753254217
15.569979781153535
7.714331282299253
14.37653514752113
10.587004130184532
27.38824310069322
31.44851447298279
14.29053689347979
9.530325343559264
15.660852084761348
12.012092871622519
12.290781089509425
6.446521963974619
10.615371539649686
14.03429377295623
11.067468921061725
20.38473676524489
10.051146123576086
14.950563557330701
24.69959661113586
16.92751817228323
15.089812627671353
21.849334526021032
29.003108011770422
15.381052195369685
11.561539431990662
16.89365999141551
25.796545129598965
25.597769789862735
17.860807877296303
11.831649832177092
10.286196456419736
15.905033623221106
14.999206906021199
16.21597757927966
7.866208325312416
14.259786123224979
14.917412393711146
13.371250168813924
15.971455885969696
21.970268276380367
19.81509219069052
15.824093715136184
14.203317952522701
13.499455159827543
11.90718415751071
29.00475022922392
24.800060213521753
11.156809437271074
12.35009206687416
9.972771673954863
10.018255389304755
4.677063201546552
8.93890903463283
23.336404822477334
13.38322167387252
11.802845159632117
9.048085299239997
12.94514981548374
11.212234475148236
8.215686420201157
6.896701469709952
8.881000652323499
12.043819396729202
13.573135282389734
13.28194652764674
11.79802463327534
12.688914230296207
13.925971709181152
16.91772191376404
9.65428517264912
15.482421066733727
5.5414292485472885
11.288127753164874
13.327826040039215
11.847605926727425
23.273891848465787
13.040120040643865
10.838026115794747
5.373571666153251
13.664626152653684
18.807958598121694
9.43312991472608
12.281604838883885
12.203897106917962
9.206662770732297
11.178962053737298
19.894584076682975
6.541943115242163
13.433887067734924
42.3300515538258
14.127196198382878
23.196891527686013
18.68921516455355
12.967818914624893
12.468769677449387
13.493495501601801
14.399169482571516
11.88036384146221
8.798725195493189
15.99282578313264
14.503133669427612
16.29462012402101
17.693320723784407
8.028172932142565
7.6437879968457
29.787725476477732
12.846380125424217
12.703761327447516
8.999686802596807
3.514146167555638
14.987730969375345
17.337809616744597
5.213564535472144
22.70918864209052
7.464380159802824
19.526094764944517
5.993091965046425
20.089346527995907
24.25875567847682
10.705410342177654
9.594473961859084
8.13289710451025
7.77936427821527
12.285081544594291
10.491031885234618
13.36626867657702
15.67269673261765
7.9050452858390035
19.965979964035537
9.869797504090464
27.44166507521177
18.065142532328007
17.22940091675151
7.838623907555277
7.246759056642273
7.653496312396004
11.192743053202255
14.509146172724227
12.043330369046817
5.135031081149099
10.990852949444136
22.231261211064233
10.076716867102299
14.940362254107681
14.59628164505956
10.02002974641798
14.22849570335097
12.006917614268827
9.668951640457763
8.389779847598284
6.0174036933509845
7.444133384174885
15.197143459506545
18.29256892232756
9.500723048902266
5.586734859373326
26.929719821754972
24.078299275024982
6.687563285412786
7.076267373962366
19.216195330204762
10.479196524244621
14.72133579464055
12.246394992021814
7.1253161890271315
18.48185841661536
16.60635340728137
10.948964958595463
14.357478909073624
5.797610494428955
24.91776551932486
5.743304405517188
6.822733919616734
5.73895827778048
12.301247522641923
19.65265324660113
12.612222755303454
18.959773860930827
12.164449762330149
21.418452425762
17.53626710628637
12.61976143732983
20.17195518358655
18.85972850754176
20.70410646847341
14.151769257987418
6.999636066720602
12.691613026522269
18.04188065665392
14.300652804136494
22.895415516790894
5.978446636355319
7.018796503059227
11.87776553067967
21.28868504960772
29.21543520560132
6.155483257152436
18.593770470228378
48.90029100179662
9.587644813843777
9.396493531707575
5.94484187561412
10.299672142964326
12.329065792006366
6.996197755025571
46.218247541087386
17.318005084954255
13.484530908907372
10.466074252089964
12.304240244978509
11.391081200715773
20.379760668004636
12.408447991747163
7.57529738810286
17.328385851293543
5.131900481687037
51.24730554079245
13.542176903561337
7.514025429812948
17.789873839504214
29.482384901136122
10.960992590266953
9.739814988971371
7.5525175206262185
9.26888173901459
8.642691719860906
11.074402081030458
18.54689453536195
7.462663197954289
7.0199955234395786
20.70776589638293
10.854466625990772
14.576881705033045
16.43379855828914
14.143789225178892
16.166712649561813
10.268668952187603
24.925315642351855
11.221689756794609
10.078924411322175
12.348783436474296
17.295507774427154
23.269587145971553
13.435417524759167
10.560662692296887
9.528413622106676
18.9587040250431
13.734677901557934
4.820668804144944
17.16780646873438
21.39148068305289
5.800004822568738
17.951898183509453
5.93273387075059
6.892212614720071
8.608554456735659
18.242704829127344
12.008532064581862
16.594990271887724
14.716715668927197
8.712277601105356
9.85160697122964
18.825204533118605
6.792405931481517
18.29180064151385
15.852083953942032
11.433504691895944
15.536171716393316
14.86031225721983
18.434655369618802
17.264973749659163
6.186644598249602
23.124189136449953
21.224181160241514
13.587593262842528
7.513576723693001
17.861112667602345
6.3543030735828925
9.439182908358438
17.861264837821363
10.2076725817737
13.152682760553965
20.967264670077412
13.416500105768126
18.812701979586542
7.166617724039978
29.041833963304587
9.845119502305545
14.66039186819971
19.148138655838594
9.794496583513784
14.359798680954016
12.72593085381131
7.072710600784397
9.328250332933296
13.709558808271694
21.45663309354946
10.631847925894508
16.318406832777846
17.920366921180037
14.66411147699064
12.983305857270539
20.59745271502547
22.108093655282964
11.398964654693735
8.251673424254815
8.552151651928359
10.326123239309783
5.350297899096582
13.321097704398177
11.89918736409318
16.218169039976416
29.089321511389617
8.241903815629945
22.08052348147818
14.217917862010449
8.226127832850025
17.492677123553147
9.477757262040338
7.5295863892768295
4.985331215913881
14.6407312700406
13.067468285141128
14.046507946860476
12.74195881318235
8.83925707940532
17.931478962270393
32.503624782389416
7.08730842936333
11.501150576046646
11.065846718969768
8.90598766760076
8.671280600999987
18.53529920738889
5.98525738111686
5.681921860808722
24.703345100455856
40.17447120992014
14.52804836614558
13.361330189385148
8.65433210351137
18.532569978741904
12.110136245932395
29.263542560484794
15.559409847996324
18.086375518237183
6.6942177918088
15.83223185418949
20.822581493354875
10.212009442605881
13.590162066203215
9.160425838928155
25.630073819620918
10.040837780887792
10.12189878174167
17.290671088901167
11.263594663494064
25.099270369719058
12.186806375958732
11.5955712281378
9.286922889834516
21.727656921437287
18.962280653917592
7.822477178870522
19.822259214563797
8.980283061027478
18.22415821735328
4.633635726484381
12.275230720640474
11.42373821464506
15.694196161302118
13.963412764399877
6.5958791938368275
10.679573838433011
5.853962143264875
14.72902537254728
10.602051059054096
43.77878415151801
13.267672088249668
37.42156409641988
22.04179995018747
16.23960101396423
21.362601154433413
23.86507556838843
27.96284178805109
9.019240401807107
13.22911575220797
21.741595017365878
10.528610753497837
12.638461047578575
13.332921055621325
17.57306124607357
10.203655032480825
12.571222595278678
11.528620210257982
11.460813627097416
19.281921463826418
17.03674692034883
15.584259490541438
10.126139269494997
17.421297199972283
21.653398412439625
13.701179557624087
10.959961950428196
19.514925417258986
8.542678652253064
7.579427049745766
10.24662334531606
23.20898633630741
24.691244390509826
3.873353277563491
13.497798978926623
11.274753419560271
8.917688197293035
7.6518676301039275
12.575033230798274
33.84741620684548
10.681562740088166
20.00819346385768
12.142063360034939
16.654294410604287
8.190285937881926
11.481702021748932
7.953488867335704
17.459179368990647
4.634667634357408
11.613782301056283
11.421659127729034
8.438754503497671
14.43507381427106
16.89547242918476
9.401768561085069
26.27355626367861
25.72117871965202
9.294663216250768
14.923936504492541
21.00228716618031
16.91426367891736
11.444340938578081
7.207353454106529
13.734870562847759
7.19971935422401
8.33336153231546
13.137281275079799
12.091851955556484
10.36436813228116
16.698183241340292
7.873695253125545
12.968127708124545
9.490771091902634
10.872668242808565
24.467468131404317
16.986501012597607
7.397712276707436
16.243067413640112
12.861698195927316
4.602547600164373
12.431038172544131
19.681771393230722
9.674579136123649
34.92388212423839
8.418204643048952
24.735174064038805
10.254361721829937
5.5440864945776385
21.309518858167063
11.016197283184718
5.952484558420149
23.26459747226309
10.939155456998813
26.45976497131982
13.134445550654576
22.6821785739726
20.85899787911659
19.830566218532688
17.841131345046936
10.573911158717966
10.002171830253841
11.830572377407373
10.168366444173623
6.158796639416575
15.560927278439276
11.815362470660897
10.781586757827984
17.745659771199414
13.644927920643655
8.644289287714571
13.314476757503202
20.61556058305119
12.97329231166509
8.857422704956482
13.090441713158901
4.775906198541851
8.386979925487713
11.241920131836823
12.49651885691622
8.109450711929847
16.821034258870604
12.379737062562324
13.509169994021269
15.780904133367555
18.462370269261942
12.794443347306625
16.085867084047788
19.406514953639523
6.555761019749898
14.823076191705884
7.493082453809821
12.249682406585832
12.280907801792466
14.144457356166937
16.672610315566136
8.045975751646663
7.715734416216567
15.586323462531723
18.381499297035294
12.114544708655881
12.455805301228017
13.13731637915371
26.64066014743093
10.967310076431213
10.908928306910154
12.009291585029022
10.392156036649354
24.24847733284998
6.707744214634037
15.079162432227683
9.681936344721391
13.475919213490975
7.65128427122457
12.829444653576424
18.566943662927688
11.531722144170901
26.474630728441255
6.493758817655809
7.452475235200373
18.221549587002364
13.301668548105738
14.309638984266499
15.80330595197768
9.326548143991499
9.215134359834321
7.039368457899137
19.0404479182451
17.102846400165397
25.852809697578866
9.76262586012298
10.985786863904426
13.539042298992197
19.301536303517818
10.608742252752256
20.76984326113391
10.710019271349028
9.965635802541502
17.713185430598294
9.917127371358934
12.149155946084324
5.746517415932064
9.114351612252939
3.66901535557839
12.5873814862273
15.185038290598099
10.45318511469053
6.488270934668648
13.907255789531675
8.750558353150069
24.271545376521775
8.826116672170611
29.589808547039482
12.427470237946078
15.210903087042569
16.042905278987064
9.44906763271671
7.692413397365251
10.255457963677156
54.47679541358744
8.359236821624881
15.392110119802172
5.577855198584069
6.080119867737522
14.209622329560576
19.951838310684305
15.348524184598434
11.288827354964836
9.119737153485906
17.113418171104975
21.53912560578001
9.910348427260772
14.830725185773408
18.673712446914646
20.379944148880714
18.46167661188244
11.402370511472412
11.859693197040018
15.207924448583162
6.753773140361781
10.474821788041421
6.712470878793951
10.617833028586112
10.094781442855371
16.779523836585295
9.376818058322222
40.201056758918426
10.901610542275163
25.122925639701272
9.660192822536054
9.230804805055014
9.533711266307511
15.510987352986566
14.274113670998476
13.85572115894026
13.403697604400017
9.676161777368263
14.016981132554118
6.0558410439896875
13.361651401640067
15.803284987220707
15.070517339416151
7.431844557131983
13.032467845261039
17.094693697250595
21.08050630259912
6.256534922521411
8.13763834128056
4.830045644479304
11.85271805824712
7.588494689640475
22.229737549528988
18.70638485274769
10.24799837782752
16.29869601861523
19.67738220053523
20.653660043080137
18.536582786237314
16.581566455618972
12.781611635722287
11.652658706382283
7.036388653255275
6.832338271312113
7.0134008011451785
7.694998559918559
6.108171150740798
12.020792167760828
8.120808891524698
16.915349110354317
12.131195891998296
4.0327362003866085
11.81831400961463
25.25013429459747
20.034826117376937
11.587648158501235
13.465290211211508
13.220556480788087
9.725114082682744
19.93213492320171
16.8868084513574
25.98770307700021
8.634795020050113
15.069334247414115
10.493855881106251
10.291618906831113
11.645922462902131
17.000764635120436
13.713293784348476
14.151541441033624
10.4984948380314
10.611857994873414
18.540472427167707
9.750414853974359
10.907397064637058
17.107096026556285
11.390631341799086
8.967069701497065
24.659308963591997
8.805707873950238
12.57838767371246
6.440354440418727
8.864077789186695
11.459509402632852
11.268574221461325
18.879085831332702
13.961488780469598
12.926730355645862
11.798480171599124
13.907200093807539
10.355234091581334
17.036798564437778
20.4927748753408
9.722857377115151
20.40294319166445
11.221243504496774
17.518314478920335
8.924906441536512
4.5310488383782905
14.190171782427589
10.301620793610457
13.323125236491673
8.409746565659736
16.560927456037792
13.74753984404051
9.65653181553055
13.266124316239011
9.643883719617223
9.406095832217884
8.02170628399309
21.139472161256826
8.48005504128484
38.75333370031697
17.71188453348826
19.552072014571138
27.255761418466008
12.500503442115527
20.69949928123119
10.236591700611296
12.7725522444264
13.399938471009406
11.767133092637037
23.778344148359185
15.217287844816893
7.008357261812385
23.58874757951471
30.047534406067527
6.549963463073782
8.567370269695198
5.927991023256827
6.070369760006357
7.4567665509587115
7.841454054201074
33.263352443690216
28.958559451215667
9.328067413824726
8.96753928531702
13.728316487742193
17.493896490893693
16.62862707483134
12.013510633582843
11.253244597043503
22.77632444611999
12.823102529666567
10.805433100422642
18.014632080188527
10.32093615105183
11.04759834256186
16.03133602962527
14.884794846203642
16.005284777030646
10.352843264848415
24.354597157407003
11.66127486167985
12.52415607075535
16.601651754414554
5.227101616546055
12.630526094210001
10.620124388245818
14.870048060877048
12.235881334997911
13.842525176976887
10.060909731879889
10.295264751906807
9.355116329673704
11.873424955064726
30.33582770312725
11.070002437864021
14.85415041317924
11.317946484418789
9.61720564029775
12.33861023454146
13.672910371858304
11.469993391989536
8.187431287027607
23.530780709707596
19.366283713672118
11.944874799273835
14.830145570949293
17.506014401987528
9.508531384794965
6.783596767811752
17.136450933759747
13.844098628350455
21.27812979805173
4.963624273391634
14.11672250530016
11.20608071562477
9.709051828026814
9.63830310285936
15.171523062153458
10.431801302684704
18.986420205818394
11.047457717597874
21.730155400902646
12.451514142671996
8.79354461077692
20.44019360930002
29.203386663230507
15.781301938890946
16.507113669326262
14.469659475092778
14.76736731918708
7.286162276581153
12.930928471485359
12.657019635574338
7.661242920810624
13.693125530959833
9.842043457812725
21.84629934047869
4.428977249763006
5.963395990571907
17.530903620598842
15.01998178536673
12.365349459232569
17.347990754577484
38.961012908010986
9.854714188831771
13.230729212477998
8.973978032715367
9.288295774830829
8.676299099541032
11.861091780818006
6.054423994938247
25.42649092159117
16.78577330784887
14.687119608869722
8.754654102138522
20.57651805919196
31.857411674345993
15.15784090135828
12.832145228541595
22.237697295144933
17.452915394508977
9.976873040790649
5.704877261792405
3.9107214323175774
18.476459979784877
28.490343778075637
17.764804928104258
10.782589394212518
11.838447699854648
31.667437055392362
13.235711431816274
17.528730458537016
19.037437284480603
14.422018223294744
11.944755053529256
14.360760747715426
14.47132941912802
20.77790701030903
14.437475941252096
9.04036930421216
11.039324691682625
11.325921704086651
29.44643886166502
13.628724289380543
15.93864516704227
6.81851702994696
4.908660218193198
50.651408001869214
