214007.02928078658
198752.85042301283
185826.13512493402
169498.3083434625
161685.92964494502
148716.05764628304
134979.17570644728
123984.97666518322
111640.22244987484
103953.71597871729
90544.14031034583
79709.37599395655
71741.67808150973
59848.384817476304
53459.314662290526
45842.260355246835
38126.053824543356
32044.186066663282
24492.606341561746
19010.61648927046
16677.097987331417
11497.160483695101
8455.989303186381
7028.61862798901
2735.7193732590104
2050.2284715171686
1499.41010057783
1542.9685546656365
1025.7339512149636
917.9852070992798
1832.9030796429213
1355.2496146468193
1267.4868138387537
1041.6469299563223
463.08292600711
605.5194017956926
815.9899262730796
1230.9047558573375
448.9649532060017
269.45753694199624
368.91165487325225
542.120450840982
460.5598020663086
289.9948094277013
312.5917852853738
249.29576404624348
361.4907629942282
419.93419209074324
88.44033902779324
236.5118750781753
315.220708864332
165.83409013813392
328.0711391714676
118.09574701280509
134.69186692680475
245.42218091147095
103.01120329112014
139.68078870446303
123.20833728212959
231.37061318966929
157.68407411859897
139.5984384076075
114.2724849525689
113.65908819521626
65.82040884599
112.78862665688341
166.58783242905025
98.42151152993834
65.6764433342541
81.20533783330195
117.05371299673837
110.92844904423171
106.08874647409989
83.46201041613853
68.39955190453651
115.4820198131532
123.71436822959706
68.91877199392523
90.24881821082498
91.36962651124928
137.1400538016242
93.80247773377835
94.16894508044977
60.209094294620215
63.78329449915297
42.777155225516914
116.143002418914
102.71262966757564
88.4234899133148
58.11448079474789
41.367436465540116
25.49467321265617
65.71835093171148
55.55632515443839
36.87314797137521
59.88232100761647
91.92711257120165
77.18005889869212
35.22493256091669
35.172229579529976
49.32266620928065
68.0111917389987
36.865528017273945
52.73706256502309
61.292816867824186
50.51102494976089
78.67911600740274
69.67412973438749
67.48735556675797
67.58768711819434
73.32146708408668
54.5987289913383
52.09545560049326
63.68193508050961
70.6871115070833
36.13647081011477
29.828392371779934
43.27685810086802
45.88663926359624
41.70864840633472
50.083817685023014
67.64967541959359
47.63986792312598
49.562630142152294
40.312769977476094
47.9156464621975
49.78084261284664
59.23606059038382
38.39562139844219
27.630636787032913
32.644113765284374
64.06750038097557
31.271790601265977
27.401979286986254
24.38335384938171
21.578180741493288
29.56349082572291
55.07568655627878
32.1308964435668
40.21237462463381
26.66547489083484
31.548554412939684
24.917324992956306
23.695271022836454
26.007962865105988
45.97958621172553
27.147598157903914
35.194281694241845
48.91858282668879
31.18632378352203
28.958318993908517
50.27501281706296
37.614129601957
27.204848144225735
35.098140207256954
40.71700271465797
32.872316101926955
20.668524073264567
22.29704042950365
25.63479519697275
32.46968523832809
26.43308968076597
33.14625338943852
31.997371087832406
20.568574827799093
16.797789699964497
37.45431838473392
23.850938679408657
35.20158565927817
42.31794934410954
29.190708601000882
33.78049135950912
27.280844837182233
36.410731721362296
45.56889458617094
64.24837367009863
38.35874180116103
32.667800974237714
22.957582035686887
34.56824364462242
19.53191140902081
38.3606048197911
32.290451409463905
35.80933502589559
32.7359854229117
36.9843936700463
24.709552017080256
14.184265958481774
17.89470132043391
24.679224069180034
23.938044095368653
22.293259446272167
35.5272613143847
25.523026269354393
21.221056753770384
28.847073736720237
36.89758445610214
32.12841300901343
18.065969615267697
17.339795693256914
23.46704406351806
32.85547040495458
25.63850933725258
60.46954461809003
22.662722664348376
30.211402349156092
24.846738039431226
31.239876952830453
27.65499900240075
39.872446579259446
18.030920976027556
30.32180553808202
23.828676451999346
18.693787419848967
34.863904663713306
36.84172282719539
43.10950489294952
32.53542358947424
53.249256997160174
30.6824690992968
24.63637060690092
50.2229531080779
50.06258200478477
32.27316048637816
74.77926600792595
27.76901472723528
34.893300387479194
54.14463360706816
35.0081276755934
28.04960544795402
29.47822183432488
35.38469371557082
28.89968738092093
35.51502853817263
33.13347398644168
8.97507235803322
18.600232310636247
28.722477121117084
14.363637375241753
44.6045553298041
33.44564693350504
34.817699956185955
26.632238810598817
45.9105630360488
25.21239321521002
20.39947576025728
24.62032605355642
19.113561371110997
11.002985911381439
22.230344107416304
18.809567295943506
14.658182543282134
24.73611882450913
28.269391866085247
11.240043160704582
22.419346237693215
24.687982877146393
24.58819912594106
16.019100739569765
30.636773278964824
19.3410332629252
15.545745469708233
17.213581074989587
24.05964090779337
21.65327655249581
12.112512420383657
16.670539152703125
8.1283380457171
19.63006723987451
11.965284974805629
17.496343902849123
13.002276903065866
20.63177690093739
13.490427429783699
33.80506612471867
16.85175389594666
17.895200053594646
18.706682226371786
17.97703223826359
32.70022560865352
25.827611997232623
28.962587481239606
14.835767111004225
14.789470797881435
18.080320095501747
25.880061792407783
28.45419081293883
14.300540822444926
27.602639768026823
15.332864538068247
16.83786294337273
28.721429532985628
12.146785989386917
14.227621162261245
23.356764308449936
16.97839869548305
25.39084086197746
15.48504044956803
23.59783408467988
33.159997303830025
22.170409244236808
24.809224162753615
34.26116721458523
21.837043283932424
22.82214235431488
23.45211872559075
18.695722803875025
40.07074990028986
22.354283234090865
37.13527316401823
24.458642308245572
17.052721946416384
27.9641776190396
28.905619407125567
24.186494724945252
27.574264399042143
36.11117440442099
22.766337632239075
41.231352080229655
28.485480101447397
20.96358266139125
23.441218713406098
16.984610416483793
27.854322138369646
26.348096498921485
19.419604745336066
19.642494126128263
23.70707196670895
17.584863823788186
15.075771230014833
8.891979413625396
21.100895311844575
23.16200130076364
15.784532978169288
13.625701932376177
17.284284547411264
10.213547092360924
24.006900390535726
28.66364810406608
13.630083981063438
23.822531389242602
29.560341826409957
36.31807034703881
22.91370669966685
20.096500900471213
28.461311698730025
46.14303639222631
25.525748466851883
25.8537843249039
34.48069166266391
19.66784667445528
23.558236058879025
44.02970168986845
17.234640544634317
21.14675462500118
30.879344382668112
30.76087864004837
21.048888683064632
29.851841478401823
17.87088102080667
19.466881628856328
40.379722784581354
30.95772911432031
16.4156036139332
35.6728462021166
14.196656373704949
24.49270066304017
22.51861529231013
34.7225379647133
33.04726305261116
26.756051563872756
12.785179347200923
15.088973296192767
13.247628050156472
15.423827629280717
11.947021922703474
16.41091004604381
15.949338733443804
14.555532562353884
19.08696194642195
26.54221230737045
15.929621222895474
28.34651160276161
29.034678884418202
27.651236487452337
23.392151982764993
18.214455206290207
22.917648110544565
14.229382785324393
20.704316730954307
9.297302080251233
14.414234015642174
15.743425339384508
11.52644545099303
15.130275352434444
16.05453821854984
23.99897659567187
20.617831226293763
25.398035591899966
20.322936699326156
26.788117385796323
14.877648837179743
21.819380494467822
24.897435343066384
16.913540074998473
17.667964542823462
16.634763956808094
8.28332058150399
24.094010711121456
16.44907810666966
12.683429648964228
17.071227956270455
21.54385752078624
22.948952701897067
30.39559342577493
22.885445397219005
20.107720590537745
17.613211069986527
23.850623980593326
18.80180979475144
17.988516452647747
13.745609679601497
14.089202473097256
20.1862675677324
17.914935385681442
17.878423480552076
27.937949911233638
19.101623630248483
18.135110186963946
22.57587536845521
17.802581115787337
23.146110922024253
21.925409695590815
17.504780491723906
17.264292032065864
25.405713411953457
17.273993097670143
18.02029661810832
20.68220530306228
10.886496945503021
25.89747013959543
18.990582261374776
27.36517693831637
23.297819004980674
23.43487310753902
12.18858793298348
18.911147782572623
19.84672331647106
18.575348063439577
18.967259986392367
22.805291161272372
24.633941369109085
20.560119574899453
20.648833602523762
16.87316047973071
24.02209445954635
18.97489162729035
19.226143407895645
22.747117427957328
18.183600104161137
16.636196711829296
22.54291259937784
13.65815265944064
18.148680960460528
25.84523750107181
18.360896746046198
33.1431807418992
12.399783659802642
30.344638428802106
17.5770877091171
19.338172684169248
35.759516860503744
16.92265854403934
10.298271665095335
19.081567818865725
25.80164642259777
17.587901347593256
23.687919160084665
15.029512110365207
13.421667408160632
19.26126386744876
18.60699092601444
17.581474281430424
21.75559572163612
17.36806203003875
38.55826740467087
14.113460204858812
19.22582104068743
23.043879785149652
20.779640006577814
27.426610747718204
20.6671486693291
13.845719364225149
19.000011236942978
20.759593475086827
20.91889827391454
14.206840204221349
19.848150521942777
24.591403587038325
18.688569986104444
18.671555724066643
27.096881364524222
18.578926981502825
19.429766002669304
15.249796116643985
15.05681344454492
18.042212147644538
13.71277324882913
20.057510765238742
13.911241529631033
25.41653445810004
19.837135576486453
19.06663889040507
22.476762164455323
23.891092536252756
30.91201002813117
25.020596213327035
18.51885046366528
13.719425537127258
24.162232206664648
17.193899221826822
12.234921775078192
29.673761219664343
14.080590942605845
20.89741987958142
23.001685962660044
16.311048870152476
17.40571464489799
25.839147232387184
15.512053519197044
13.909319861999897
20.446917250289435
20.78988265509756
10.788833909757754
15.967179366539735
16.651536365649033
17.694256135031754
14.624270643970135
19.13779291912439
14.52554977164145
19.474175060565035
19.412547044886576
13.146502671037434
24.925126483199563
14.628296208534369
24.35415419210721
18.24752892252963
24.187451722531346
30.67510473741636
18.586671263431167
24.096383571461978
25.07088344735586
23.334171939929863
12.541930270809914
24.41224686942817
17.801133045351577
18.615022797811932
15.655545560456943
24.206038194607014
16.209736997384088
17.29966438467139
14.220627587553498
21.260486860330804
19.676873496467508
24.720787780770824
21.75686449674866
31.22526087531282
12.59404087001606
31.91384302992183
18.14041471431634
33.547028641510906
18.397551156735627
11.437970900399343
13.943204285550518
34.52657445313644
17.26947170526285
23.511674976524173
22.58371431679961
17.395525423471398
19.91096987741093
16.335858243788955
7.8428676665341435
12.469861016284515
15.786917244739445
12.156087757918673
12.626612906335888
20.298077334604113
12.267598732417442
12.730327444566097
20.078366006941277
22.035893307789742
13.507769119138175
17.4490337601774
10.39635528838118
12.438876750176359
19.630250575653374
18.74379915443636
18.48989773837724
18.734825124503367
17.508402011535907
15.043343722812196
10.265345415992092
18.382526492691973
17.00555074017436
16.848583307872982
18.6515667183717
21.747193795843522
16.876794283575787
8.811937109455883
13.076510208881981
21.973707607138454
18.724733905167064
10.817709559151933
13.718887587219907
17.772643252967548
22.614907871355015
24.2931161278198
15.420811656184483
17.16563626349452
24.278140439792153
17.2140875076023
12.158057470769961
19.158133337204863
16.6665879665744
27.97284510349017
13.622977178221149
26.254568833207703
15.701746799354247
12.452318025589694
14.82910292826361
11.980463077408169
17.16944350913026
16.0217188605795
19.100179263129107
16.881198817385705
19.131275005626705
8.79280304993268
15.43414020950234
12.486970216282534
20.389865420112844
19.791499898482172
39.534111664362065
16.93483111294557
32.83764592933654
16.057969385569436
20.484368537266757
13.947787057974265
15.88308840766102
26.123298200837286
16.52689341833645
20.723933572101227
14.446393154633153
19.522007958488157
19.025681760000634
12.829550616703644
18.76508304694041
22.699940275897987
13.780700746630705
11.14232943924301
14.689122585558717
18.2210569630504
22.512074660055877
19.65161177577101
16.760505270289734
12.919410778494225
21.53003472907371
12.904704620186674
16.14662958219576
13.024607116582754
25.98010049039034
22.776850611251447
17.619553280462906
31.147632174788438
10.882514380726368
28.64472381280424
29.245150768929467
14.061484314076242
41.817636545629775
16.98105765802575
18.647868673583787
30.744312417750592
19.642301859743462
28.753940777065445
20.822880053472847
16.13660977012261
13.05589439693245
10.580716976308976
17.768908807843943
14.432025859125336
21.719260899595884
25.093672626957986
15.760821900894648
14.035953327375214
15.13919861796825
16.130414043983528
15.717346558017745
13.682744919521287
13.981876355821743
16.1633694379785
13.2980879718857
13.152351842501814
19.178100675754443
24.88228355387975
16.998099516556966
15.873556444926425
15.736738431846428
13.528185604632501
16.13287787451405
17.02521236076881
12.312704600723007
17.96758798927849
11.886486326348809
18.582795053719746
25.112437670133524
16.590126368402476
23.307819281260024
22.371335567198784
7.638891894127589
15.218534006464534
17.734705517721228
12.946294378919681
39.07016699450437
15.525967890198173
16.406376995561335
27.08319483021036
11.675707861604598
20.92488354627083
23.008795885364304
12.81947784464396
14.43510734291889
11.517352755859715
27.611492994697684
15.146747489497772
11.18702744555887
15.630724428894021
16.15105282175756
11.803606908370234
19.200660164813865
17.159117698884817
15.892487602555905
29.44187669948092
13.937506312557305
22.91151676926009
12.487034514473597
15.313637724018777
13.926331600362667
13.967056023408272
17.312997100114863
14.168698055327347
13.526899691292178
19.70156388421154
12.00451719612157
20.36340396778139
13.446588273533125
19.104124198277653
15.56222120623402
19.95747364403573
29.317286769180136
12.329869656052349
28.461311541726957
24.963466440814525
8.582219333396733
16.303571405031825
36.113180637196876
14.973535315948382
24.996862582149063
22.596038977554038
22.012081397499138
24.5813635895849
15.810058103265614
10.727412221396076
21.499254378982997
11.253762279751333
26.051666349911972
16.98686454475112
14.990559915341201
13.078506059858944
10.61248980027585
16.582220531370773
14.396148895221863
14.347476133295563
16.657708782089625
12.24048705527842
20.402335995540867
19.509464460268678
16.283738533992278
21.958340941579348
19.05044066683375
20.549227654199186
9.29867748648831
15.022310905579051
19.917877747100015
16.304502187698564
14.246948106604115
23.908474990383013
13.71637723346208
14.122331042034128
20.726256532669414
33.95113243205746
14.87723023896227
36.200059517055585
20.52393851416524
32.525733177214775
32.89159873553153
11.462527942919971
27.722423245749773
23.250611386799008
19.611736367446035
21.09009531653042
23.62208575528271
13.632861181299269
18.65497104801689
21.994048415178533
24.388259596012794
12.409282674792616
12.952000656256358
13.970288175008266
24.2968199765543
16.573383419829845
12.394573919288412
26.90009173608384
19.258245089618555
13.280838654041208
10.976356533422022
19.962604142390475
21.786543665525723
19.202016303637272
18.511013638951574
12.363249363547247
19.250184737186295
14.08069948149013
20.128045940906127
11.70423302623586
17.06760967735159
10.621646945553595
20.15906363007658
12.569304734849748
10.922066970789718
13.867315890362109
12.847458930017874
8.795689113350688
20.652087545621004
13.766142430198636
12.993144474026277
20.81215775662468
9.603121002395879
16.990997777261583
18.603146209832406
12.45854701609183
14.451591116866858
13.749871678953248
12.93063484416607
12.351325610658623
14.616719876470874
11.367198906310184
15.47922357274379
12.408852311662223
9.11884013434113
21.511818569630048
9.526028858262196
19.30608685989015
8.929717703866189
15.700879326264003
9.030628671744216
12.850853225198474
16.95521374787648
7.748505473675977
14.928326697080784
15.292319288974902
21.054094491925696
10.540298711749612
10.40657250611048
29.394730328689928
13.188395510294551
20.797234136306088
30.494319121308987
15.796394724073663
20.5558704636778
25.670519844992707
19.65820803588924
13.60194676351717
40.68236802662731
11.356144995337324
27.70963056215372
18.992181382478492
25.40557920733992
23.219305026836313
42.65430550085739
11.268247221057878
36.315690871052354
32.3774513426171
15.885554412025924
23.286149165421065
10.947147779630278
21.46842945349454
31.144395336545806
13.77366113353012
20.107136998236268
11.186102504422037
9.648941551750186
15.03186156817107
11.464046257692123
16.301136538871813
14.79439288041905
16.46352208843425
11.145753918061512
16.178762525373692
21.33107347690541
11.579743159967853
13.418938143173134
14.838439397973971
13.65303925339774
14.76375076336306
15.60299143638932
15.530304472995995
9.536788416244034
16.516741032611492
14.948185786372829
10.621534833954051
10.24254504503737
13.200051652944664
15.48058005002298
8.41782250436116
18.222134283278457
15.182881751509262
15.714649635459343
12.11726870100423
15.498804673796428
10.482169078647853
12.01685711776071
8.456391065666741
15.59084605771051
14.71647338448384
11.526650473925578
12.782117069040394
15.846250840376664
15.920849545481413
15.855704416544766
13.157615324324626
19.490396736591347
18.381178775519196
9.049888171355661
10.573002802659763
13.606926928999485
16.93065483314783
10.559708315245464
4.64926675972679
11.418697618297024
18.76339416410581
11.082727536760828
19.665057006226764
12.872701861520234
9.14127965382805
19.939523018354826
16.13534978235845
12.393534638026768
11.46582946296686
14.310401711488394
16.309665770801864
12.852035869058412
7.209687209556654
8.335561960008327
9.563048542824305
19.068100792682227
13.994106963371559
14.10019530493647
23.832394621423543
15.589844458284688
30.368640119450024
26.15176175760255
21.508588512165122
26.476341758568967
6.998729408393261
13.151681501417858
27.489853489332344
16.095101461208248
22.182673752434347
11.583041559143965
18.078846655393495
13.746983125712841
18.533416270653717
18.445187839599654
19.23159808346023
13.415937993956078
19.72285586720125
24.114408243827043
21.206534396247783
23.703888999047447
10.334206362882679
14.285281113311724
19.975315330034597
13.096884005341842
23.80212141900961
20.031990200541514
11.685772966262427
24.24711200862812
12.961519320156095
14.80539572214396
27.75508066494341
15.79311988228378
16.875734678716004
10.304517685169818
10.852276127188906
15.64441997071549
11.357928845963233
10.880846010776665
14.908762834722985
17.26766632966449
15.252960278792441
18.529960238958775
21.371753239285045
20.630622587965245
17.926146685849215
14.393880269551884
16.570737095596677
11.914786069520723
13.027589133703877
10.852621334565002
13.18979706291929
13.020839316598426
18.59401871992352
11.683355628826048
10.419567958760934
13.947411899540974
16.973144721317578
14.637292051960147
16.519005806484202
25.292824392172836
12.65788274090433
18.11645621378077
25.419487890314592
12.44235860372437
14.361195994940278
15.239463513745488
13.70852243728788
18.94369967677908
13.438582006874142
14.11390114267657
13.764258996249978
12.06744436959777
14.936764555039511
16.90079660361559
13.496348606240726
18.731408301746235
6.925740270548969
13.525826907109117
19.65492128413507
16.990294238444857
11.872105077385523
20.407471480579524
13.98295910509486
29.075041659764526
15.189958149899308
20.45323142598969
21.82914218646505
12.530013366329692
9.488061663850374
21.7975815717695
13.899233634294427
12.575381881817508
13.966182317146908
18.99894379686846
13.623564363436888
18.315457954436496
18.28140909083883
13.321943614788825
21.545387293396686
19.146389737574452
16.931667024001364
15.407769540729282
12.901135088800167
14.442809766433593
20.083810769388045
25.767548661626062
11.357118743426547
16.023934388964935
13.457186676331812
13.102777166101617
17.932596927438695
14.457752015876974
13.734747276850262
10.284252178552519
11.501225741215194
11.014803080385775
22.734163085612078
13.49803820173576
13.846693557563123
14.563432509471873
13.205496806704275
11.032227690917045
15.647731843258745
17.225640075708913
8.534641080215199
8.537357714209266
11.783887199910746
12.684365783825651
8.06267642381306
14.736191860205764
12.566749398680482
15.63959743324631
10.486353033844832
6.917679833422323
18.729188195551323
14.206764070267045
18.169698243092032
9.637957750799366
13.007184539335054
22.69629521685699
13.73389842785378
24.504926217605284
14.455446573082487
16.689877141592806
30.76748401978065
18.642488426378616
31.667878162606485
22.061959384025382
15.380783974934568
41.44865111172531
38.170394237813625
15.274668463907506
53.45290687312105
21.48940662990321
26.822708760432263
32.06343458116677
10.928498736768933
19.61196344091541
23.368818606279877
24.288403656457536
10.679675399329614
19.890355216256204
22.532134109626654
9.611036530743302
20.661827785615422
18.55460845405395
13.401760434264148
27.25394607649953
16.642164550598377
13.248416422160632
23.910145026172884
13.965595399452813
18.5394742251534
17.178318184358663
8.161976601948199
15.567123811064205
16.615083577689692
10.594991162358172
11.620591271334153
9.356575528883294
12.006046627116596
9.17527515666518
12.891813572627884
19.310862921522293
9.298520475963608
10.03323297511638
17.00330130748077
11.382596201077956
10.5854529178602
13.665895967918281
18.436916676838326
19.207230839913265
8.975516158232892
8.880871243285565
16.538398555267293
13.3451157581915
19.648252068952413
18.459733813942698
15.215306391317132
17.98738568347088
14.254728519771701
14.321169796285332
9.990568211180454
13.581967609306107
14.702080569582145
18.429732304190534
16.85559512509496
15.358874480878992
36.51860126404418
10.489906132396293
15.950811684466881
19.35527479792694
16.699988880071086
16.70841725524746
15.781392270681666
10.128378568558249
15.663397134598403
11.610184978015216
14.263840384410145
16.93229092590491
12.29837059343872
10.930411732748397
14.402697134509404
11.525045242538697
9.847134149777876
13.927473166859341
19.42441255223528
12.204764968475715
8.663900653206909
13.748919137527494
15.433907381450348
10.629127399392718
16.362549378134506
8.266331592586257
13.78552875284999
14.479629664227788
13.503275029059292
13.909731449651408
14.194261889681304
14.943784278280361
20.307901043322257
13.221730506213532
7.688280497917697
15.610726271850478
14.472025526909965
10.171270694479654
16.43751519405861
8.900281410772102
12.081353300642718
6.7584013439538
8.283122975803606
9.413369021890967
8.819491544345933
15.988120923247509
16.627731990738464
11.51501736933061
27.155942917747204
12.883123248808475
20.3597348857398
11.042095846892648
11.968237046953622
8.644841500701812
8.757847344228429
11.634384685640507
17.29466119110214
11.024555240575939
13.345418141754406
14.15668202082071
13.807983839626425
8.82346822345516
10.344350102212568
6.92889209100908
10.751035359096454
17.025134345028253
13.153574144585466
15.797269123728386
10.627426212732733
16.154815358252193
14.272739650409715
14.36831134124256
19.5479140862525
8.787181584273581
21.255668697397713
7.358972920543938
8.577561422224496
6.167292704968892
18.709230222124
9.509293481047326
12.106896463327836
10.744623113961065
12.602244544463767
12.540527553108005
9.493478881157715
8.088403343189114
11.257837346018091
7.84473382316295
12.191942740402585
21.783290704619784
8.413463299902132
13.141102952314135
15.314582266435792
10.584804643067795
16.111896940045124
19.199287592092716
11.724331237983789
15.494852421972293
16.2199003849623
11.76003194779234
10.813072665817582
13.035499424838054
25.96308803161086
7.674855704531505
24.474285224182896
19.32322766683124
8.210398996588102
32.88432229791521
23.262614834233357
8.375313285217127
32.10997976272764
25.10749653031732
11.75916963793914
25.341919404938245
29.872639222185438
17.552833787672302
22.380498236958772
16.93802188315402
10.473198282687973
22.821788562912644
21.34704892883392
15.876010824985231
29.495922624804322
14.213527753915411
10.31117212477036
17.402617332808244
13.982145639468063
9.440155398384837
15.310724448677615
12.551555146380691
19.431236613398546
15.288871304875453
9.171291788200227
15.83471741882223
12.647994109276336
19.529356945155676
15.474674885185538
13.43055507244155
16.663354719697978
13.293522553272838
21.199324924725925
12.239181615854838
12.630149056068854
16.32891130498784
26.688451937446462
7.275201209880445
17.314311348647667
14.266904650866103
11.449345283415207
10.075870746302904
11.87325272557771
13.979826964447717
11.460784978237493
14.458021593211349
14.284818871035942
12.170254662175129
11.168236361850385
20.170756807571465
6.33288960730226
8.324459394387345
15.218374902059415
21.418140427214833
12.804936589974309
20.45626445487186
10.51042352621491
15.151304438132208
16.04327966702525
13.177172853410832
19.24890761123504
21.08106628761146
16.51940320208085
15.0131232325177
16.585510281687032
12.96753406525786
11.826228894929304
11.849494445519875
13.257221421416157
14.8522348409746
20.261814039528105
9.27394374155273
23.194697713310656
19.543041083516894
12.982509044340754
17.98248887938445
16.768824139261767
10.59059429712181
13.054676573151324
15.16978198285548
21.27439876296142
10.195316145801392
18.41527999670417
18.660607555220757
9.708209311912334
21.84254730897052
9.145954664309281
9.011758527691345
6.906100020642943
11.276757355192613
9.649591619746294
15.810001344643831
13.125804563027947
11.008693467617471
11.943582952813308
12.086167389466594
10.52374678369124
14.053624854801761
10.049576720196853
8.531188420456374
17.19049818290037
14.963911517728826
13.341795201355195
11.753699117969042
15.546755641055585
10.623781772339703
9.47327639047877
15.548717218191586
14.859163755815874
10.51119350724236
13.41530685291486
11.062282509152837
8.786967416642167
16.970393145535784
6.83124810728489
13.63644032252317
8.48686208908068
13.943588248748856
8.726783799770727
14.082412636470625
13.240792746560803
10.16919354725619
10.380740609801446
13.632023950708758
13.291556365631838
16.93949142509086
15.379311211631434
15.25138722280899
10.050126190623503
9.81312721061588
7.7351070313474715
16.386504164967942
16.516694729433034
21.038946306278913
14.637064675549738
9.131382849606414
7.561863900838163
11.508916243960295
9.647423309015696
10.660572437115501
15.805950469200805
18.779591460979375
11.209825460229135
14.890433960017567
14.361996669798463
9.306699212440332
8.837375083156486
12.281538457829996
9.613390082095762
15.65909796168789
16.004369378490715
15.95943693427761
14.834999551561303
16.17762208376134
13.089516163473855
12.314076213069555
14.895750376004328
12.671435213119478
11.931288274639016
16.129655528001276
11.233179307812806
15.003502660231357
16.531776320610895
11.038513890609568
13.425047349845535
9.895998483564146
13.092601250440406
9.64106808083961
19.67270468512035
15.024435274226217
17.796675373132732
24.149426883447067
10.110724953550362
11.357249975738073
13.578918258866532
8.623761609422695
8.121045896669926
11.108682647646734
16.579664613707873
12.23232174827621
6.749346299306756
11.344366791462937
18.58991503079559
9.281616306805311
8.819761442204944
29.149565712471166
13.558195756505013
15.80263322170439
28.707061698318697
12.95897105370975
9.396718386320602
16.181494386823815
14.22364048633393
18.641182229451548
12.041472008158623
8.704635116589571
10.731885053059864
12.362289181434235
11.61161907704374
14.264891185957445
10.597448955346227
14.118883407948926
10.119472634815397
12.119559020237558
9.124201369476486
8.805500250647537
9.87563097499669
11.299063682080758
12.11532084467017
10.984378501161986
14.168027107886886
11.92542103144028
8.194506829228782
12.268522893050875
7.444784265138966
9.93128332669317
13.91828147249828
11.395950777502273
6.149020535864671
9.074517437654023
11.343255764355717
12.533167853561505
19.047437848021993
9.574264484609444
12.24626462752495
13.08205719859698
17.53020747275529
11.553854455721984
9.975572529817658
13.944845154164096
9.124549633720507
13.14589744344851
12.64259466356839
17.74715652086007
17.185043221903467
9.988239054404282
8.776240664879127
12.218741010888078
17.885942114286102
11.826344111566145
17.36187280845049
14.809149784113815
12.628436262151371
13.571231247548003
10.14488091753869
15.234456914233208
7.943390361629138
11.575342870021728
7.565776665660685
11.999779687095831
8.485157410356784
15.086120974345404
16.651589965812363
6.949801834586125
11.104608929320198
7.52707890299622
9.279646151531647
10.347821740522335
8.693804582993076
8.718230858702043
18.160137564314457
8.471538989702227
11.209441278347025
9.004402685065951
13.374132065555965
8.711397765860122
12.809174147647306
5.976323769108836
13.370414505516075
8.892417292809434
6.917281174422615
12.502851073021004
13.00752740330765
10.471537567757867
6.461518313593313
8.63360554508237
10.694666414193728
12.496366354053796
14.129781217452852
12.078858934499873
7.964099079603401
10.530158054737168
7.983824973012925
9.225944586578946
8.002238764635864
7.806584038014906
11.358194300739651
12.491018463128633
11.09418803470111
16.021550302173907
8.95728064518268
11.052119778488692
16.64117601820406
8.827921142192558
6.363649761330476
8.014470894997688
12.743951672811338
11.645018347704976
7.121836663769911
10.327530874022349
8.755842482152707
14.285470233682068
11.847894462753674
10.086805380879817
14.470198580049058
16.317547442767637
9.362107001160545
10.32903886764662
11.697008704533099
8.641585205816682
12.784211248965585
16.029693110233666
12.154119751003982
14.278592566197965
13.777292669471617
24.843797009919367
19.88793368241296
12.714080012470788
17.032433120815995
16.863019358732917
9.952278240863386
17.470079297147826
19.058292851741804
9.46302510060382
21.077936204824834
11.273693950287276
12.463529312450735
21.14048632747964
14.873161023666782
12.467817961360259
14.506268519440527
16.734061371212043
19.318101654507664
12.54757549786276
14.79411635590868
19.821448303359563
22.718537397798695
27.42299012767862
12.84565021549336
20.184397509547466
14.418588133898286
8.572148197185196
20.26882498523204
12.526616154414313
9.274808387107962
8.32072961790686
7.187386096593706
11.493483149522742
7.905689851552383
19.687602190165794
13.389248332787243
8.841105323566824
12.79486291390581
9.265144131963275
15.669622337235218
11.045291867771361
12.25623038471545
14.565340650011278
14.43762938936752
12.930648482697936
13.89756762357402
7.445696840780308
13.707209957272012
8.559403871644864
10.188648921987657
9.75893320191278
10.359823335925661
10.835065768598028
9.161433893349416
10.971861859730522
12.92634963237467
11.069919436102923
11.07169943750986
11.185885102001732
15.40903239435592
12.548946668015045
12.322259516038711
8.586749957895707
8.111533543544665
14.970067651065627
17.323695537820992
13.522306774524562
12.116645216469253
13.70620539147828
13.075548896458919
9.182955229359264
12.232086017162489
11.676078355561511
7.962211465210517
10.442025423227529
10.548422602954329
8.760640118731462
9.542879813255498
17.769402899590236
16.22642661623425
15.103483772197142
14.933374072334852
13.208588021869605
18.284834590953597
11.280032259039453
19.606535833873153
27.047031849502467
11.39122472806388
18.99490817300568
21.87111518424613
15.206764308455178
16.089130011717796
18.657169401179893
15.825977569284424
18.549515016097534
21.41952632378919
19.262093228845686
13.51816872842718
18.90987021041884
22.120297600544742
12.621089035366559
13.72325303821467
33.765230844104074
10.926838393004521
8.456402453189936
18.058158534216616
18.331221025994395
15.551816985189483
7.87425027316376
19.40137512808215
19.574793752887555
19.882193521222625
24.32210523525729
12.081342084962673
12.994012326768395
26.97775235118406
12.459964436562698
19.075495387159073
27.885000080557738
8.954583248512423
10.426588921089015
15.943104529138791
11.037600331900599
10.514678055037043
7.65324866807133
12.620504056014983
11.058691329272655
11.425749352527722
10.530215261697805
8.105368596272355
14.821241053884911
10.29612708087557
9.54165010085574
8.23625515268521
14.366413149272587
12.777020259377275
13.245846889880161
17.459172947202024
9.058961335371759
10.292909239666354
16.415247418531013
8.262894697709225
13.186877507380789
9.548202646714229
9.364077591900926
11.8034650096737
10.351926779741595
10.302304681522275
13.108589398329082
14.716979913934486
20.77396646503633
10.745939046546447
22.01293150995996
15.178855590711857
11.379450676635157
14.147916947969389
19.251303850758614
13.8670486662573
15.369938576728911
15.400069231524386
14.220598872662526
10.558206815326173
22.220397322122672
8.811178157500018
18.376742558557492
19.139486675361834
10.841026370692463
12.609316079302912
15.300857193131273
12.809719597098521
9.720245757215213
6.893367748235645
12.415742386492427
16.929165567597305
15.082328489516215
12.579612396897375
40.03438912641935
10.104574728398061
8.273476181813562
23.795339959892363
16.66853038808004
7.37805306925072
14.885409103775235
18.522221073553848
12.233958872116018
11.686269109402165
26.12813147102213
14.831812963071902
17.97927443438974
21.379779534250982
8.809354902444124
16.428430089347714
34.75653628460741
15.448458335328738
14.370385636303743
16.515770129892175
13.420023036676104
17.03034431708997
12.166607809309616
10.001132903507887
17.5662297463057
11.793138995378193
13.606297903626405
17.84774265013235
7.521704715652549
13.938320145141123
8.034544536605678
9.280018191695238
16.90090070853385
8.2215296998805
4.0504931076661865
12.846327550519138
27.170683501355153
7.232827213607286
9.996859719108016
11.501257211119517
9.554951315471314
22.629363578550482
14.425545266725779
13.16794662120592
9.7499655016142
9.083539167873825
16.70504217475432
13.559951622667235
11.960094412309692
14.365644995094168
18.524589370670117
14.261445093189163
12.800148741666131
6.516563451568122
8.681382462022297
11.168495044968088
19.677791433487954
12.102983804043145
25.11787751703362
21.052288987575917
11.396101499137718
23.647021179375088
16.60849723720149
8.174055022101138
14.101713355252812
17.24989817878928
10.988978835142108
22.596966038311425
16.96836811309616
8.165387853051438
14.505283386792062
16.81797122104874
11.8177247530287
15.084132373547861
9.36296657880908
11.093679640036019
10.97800245159629
17.76109873471042
10.824622874956487
18.475579616600573
11.422143354937013
12.4650191524397
18.23871175277075
10.001066134933286
7.436141961957622
19.525417729387673
14.16983003837817
11.817315507540483
19.38218404863416
14.232460717674588
12.318437517023813
10.179414362525609
20.016610738251558
8.376004657144106
9.27056842897757
11.019027915403136
14.440393954137695
14.890675942781964
9.621255223093499
11.21040762825805
9.03383514562227
10.299057716225787
11.401713421710866
14.25681675363598
12.12108548835012
11.935762471893252
12.983323834151786
14.62292489304079
8.651863233811472
10.22713093366883
13.08035279305326
12.436348578400391
11.312841423213333
7.1358715285761445
11.859750156736752
8.240293242517103
11.156770620256856
11.840331201278065
7.8334774645050675
12.375606518900554
11.949204007661022
11.213729461961783
9.992269846447703
9.313882870652554
11.733792581153017
10.24513337613076
8.720499233714309
12.895988411552628
9.514581451915365
16.964206691557088
10.218916979532358
14.711870928259504
8.336068922941724
15.130302888914587
10.806307264932649
10.335555558240152
14.37322831564545
11.346818093676964
22.044672510840623
13.786725201578703
16.973976765586936
11.235769653756261
9.4481936908002
9.992553178509137
8.859290423341047
17.728542011861318
12.684460608390141
17.69570425823896
14.276049679740254
11.86303588161565
29.114053614857244
15.746904438211514
12.457210611866914
16.095799808030723
10.927406118645834
10.909954913829823
7.3625425260440895
19.849557922600933
6.0790827417184845
14.661999311107396
12.581028681362428
12.849870340444166
11.96393177852806
15.231672723496192
18.755558122803475
21.51374315314401
21.876876160402347
16.654266692172307
12.62684538746745
10.145219520721184
14.91043454148914
8.90624598549886
12.378686029735718
11.540310599533102
9.584342514017777
17.87486773145566
20.98753238312131
10.115342526367456
11.746885173767215
21.161311605387144
13.298789743309158
19.250031630990556
14.649146927489362
16.545491196788593
12.721482761762
12.767853757158962
15.718620119192398
12.488656557347753
9.460142017520425
15.952823433024147
10.301086395043319
11.111819528842709
15.847882871528304
5.819169155724451
10.196173554261433
11.954554894279966
10.589057128515819
10.734083468748791
9.476944086469622
6.338617431398712
7.636434531902707
11.916165225701809
18.42882263950978
15.140745259205913
7.933675931794817
10.470915868833753
14.021175033420919
19.328074276463326
12.270398264165989
11.432438048764645
17.01340710626244
13.69896675992048
13.361221872674092
8.603313958668867
9.64841597869022
8.950361493142546
11.998011280482494
11.691415909527112
10.882330261489887
12.713263566950006
13.168292030206663
12.193471651865332
8.647343953738188
12.539974522598522
9.318759557256916
6.967601564895398
15.41668474499114
10.47687926373456
5.861649105695454
10.03290195983314
7.755770456948255
10.370614858424744
6.444686921782508
10.61619509301741
7.985137475416904
11.574453348904276
10.196762588093867
10.896739374976553
12.971837369044225
10.381845960395534
7.431512724650815
7.858872069043111
16.92617964995795
14.939307717369793
6.972552846884225
17.1607671561043
12.614167813910965
12.412670846388744
13.676583705424813
14.204114402025514
15.120406988021747
11.512540712597083
9.48837099795126
11.926213808683448
18.026746462893477
14.029896193667376
14.000898766557324
14.828728821985024
15.920451397904085
14.75285302370722
10.681722145370435
16.478933401249616
14.394540090616987
14.769284060788406
15.28229011041742
11.031632645456156
14.408907837827847
7.819812497323567
8.176774505190687
12.06021814533719
9.845836496018547
11.012467486445427
11.877654272393544
7.8706001844639175
11.147372478764762
26.117508537910002
8.542140003602551
8.277247184348074
19.81319061066259
9.980343279744185
12.303777182475052
13.453314956612811
12.150473435089957
18.334322527291086
17.230167873591295
10.512863298850032
11.507621797702958
10.872688943196387
14.875049353622147
18.484066498618052
7.381503156377094
14.326183683571589
17.62449474146867
9.142638623063037
14.1774670926862
18.133278499356592
10.691079659346524
9.666150912289833
15.51378759062738
11.900925105533357
14.279222700364475
10.802321667867337
8.660046947003778
17.64142494882355
12.339785459085151
9.684334254890215
16.306158990593573
8.404631683560696
11.150691760075674
9.578711812235948
13.551560579518233
13.003507006331647
9.19621971234255
14.875061793094083
10.160631063718457
11.255723126488533
11.743461018781684
7.188207148887778
9.684327399100066
6.70571237570224
14.496844104168224
10.157979742525855
11.342071664702019
7.798826954048421
11.677702035008625
12.481137526337726
14.568662360924256
11.789091610555454
5.685744221639677
8.978105509484093
12.736251353318407
15.05587943522392
17.892782262966296
15.262280945138201
9.210539880052007
15.028349298648832
14.57165882338727
11.04482979043701
10.12999168431881
15.946393276127141
18.756927158730818
10.681582665334654
10.456478910282016
13.152199697400121
16.751955592010205
10.656748970616283
7.678779089578853
7.962582681373028
12.125840033189553
9.464663169529661
17.28512258004537
14.656944251808895
10.752730321534393
15.275979506886578
9.308566291245066
8.178095247142313
17.79848152453596
7.26316362634643
10.278660305814167
16.390756653051742
13.218292488751459
7.763933714159971
14.270466619690517
15.681573912180054
13.284602448093036
8.601173524619965
14.335832015498836
8.24526676307007
10.427731436629989
9.804475616026917
11.19035634896478
15.09899880500508
8.096028428338046
13.889034984177204
14.358660206717344
9.997245103068483
11.188746518646592
18.089156840296198
10.395098721685642
12.194579681315165
15.282737041896821
9.602354191391077
8.90064132453549
10.314275850703503
15.411673346431904
15.37905891398926
11.685580534620401
15.283749783707032
10.133422989502858
9.470363638048159
13.654394351010277
12.151615298322703
14.047077736482308
10.139213540336277
10.42561339577295
12.785638631600737
10.084776967833195
9.43344654710183
12.035343628603899
12.928246090869134
14.169243713689022
15.26733722032865
10.156326562311232
8.94829009883375
10.678349351202892
4.506352292934173
13.660304132832133
10.469677135874326
8.479720185030642
8.546336679710645
10.12620016409848
9.185174627863676
12.147925909637468
17.10837887046473
19.0518572656701
14.514126129648414
12.86205990445794
13.524413641648058
11.390658266401935
10.705777746155068
10.653324537132494
11.312324826733407
11.983202679760893
10.762563056757752
10.903444152490632
10.005797271590925
15.031669227954003
13.884834186532105
14.78979800103354
6.87640204711993
15.405138373943666
8.073174310293492
8.849766613950079
9.389903074789785
6.809614863255628
9.407899492832886
8.831115791928875
10.89376507059415
9.45511405425077
11.369452584286206
11.704896557590219
8.724805877183652
15.817092912452066
9.119002538299936
8.763061031220094
8.167780225136719
8.587370938024982
14.683341001917565
22.799257807677403
18.599111653196953
12.72519048236357
11.714756396834833
10.341272549961328
9.794465002220463
11.397919897076243
12.754744380239114
6.17534500064808
8.691246222626452
13.988753845398897
16.353807181150707
19.912026422844463
11.861269987356316
16.284033445606156
18.082278264525286
8.665277784892087
21.96744876478824
21.15746694736799
12.758217938913347
13.794500846495641
12.432340088392017
15.473038364185165
17.14645855115772
21.186237357150937
6.671767230289199
20.375580012960313
16.61588076112206
16.683023642394986
13.994800900813415
16.90276039082898
7.506121911491914
11.837578533765463
10.90976386347005
14.021034697597356
9.490887978336957
8.366596416704372
12.787979806790059
11.073388204954464
13.795519919488362
12.862287784570158
9.312674364239012
7.235195352162414
7.243158643570608
13.007196947405866
10.297862547613272
12.600231926248847
9.594781506087791
8.331576767217037
12.533201818114753
10.39205815459592
13.178176485654614
11.606433695929992
10.919567556997144
12.26469182298862
13.842557545907761
10.308296504671128
7.794870006826245
9.003966087417227
4.197725548982914
8.745456899585932
10.184738947152782
9.716033972766699
6.9081753576869245
13.779159546481006
7.3682264607629975
10.415403221881927
10.515664781798511
20.88226712168145
7.567163165387175
8.185727293324561
12.196737755561301
13.202466008800503
8.727494418071684
10.244471098447727
9.780289783525408
10.766516988985975
10.337531700765235
13.416649275516457
8.848804938894085
10.9551008028266
8.187747137497926
8.322050544768262
17.56120072374511
11.14947623767931
14.953945889850525
14.183511436056136
9.48235809275796
16.94717591457767
12.693384630847158
20.610541560813754
9.78432303636879
19.978361052215092
11.613267683300139
8.529226736712747
11.707193703101995
11.921539344972926
11.923789966972702
9.344399678905498
13.832924463113075
10.900885235153263
15.87843892168661
8.672931467282053
13.438973783811742
7.794236743781127
22.221643906311034
15.690496704682925
7.6664352857366795
22.438963574804674
8.031848759748812
9.732703580973418
17.21231476047066
13.47070794949822
17.807200989178348
19.364913110044103
15.157951497292151
13.665145706149595
14.251510812524199
9.436304155752776
13.030687039833827
18.56057652350625
16.977668341697118
15.87741017359487
35.01681289798165
16.46646786574026
19.305420844244043
18.766426920657224
6.20956004788228
10.682445979104875
21.56271738394641
8.395742650292302
19.313178731338425
24.442604064641703
10.755343700432988
15.00572749192804
20.99451308809198
12.22200099186059
14.052076303327436
8.53458515507582
15.352684068577929
9.751507048535332
7.752821120211674
10.193970481058354
18.967531206201453
6.553469377326188
9.823212626737629
17.55299513473752
10.769472844377058
10.084508590291282
17.013794297236718
7.691888687269759
9.080575841785599
7.883011379610186
13.821134630556456
8.06176658603721
15.757200168167806
14.397372608123698
13.115782400669968
9.278674838205328
19.651760916721987
13.616898873455954
12.114650129010604
16.824337430965677
9.08901084262138
7.280414499179241
22.944185887583306
15.021651023371852
9.69106239083878
24.482979553540478
9.76729437756107
13.925860409823562
9.632452327118115
9.486481159049752
7.991923177159152
14.534858334686207
19.0786257860436
13.016883785351558
15.273846633990967
9.739730574331203
11.761364903766284
11.571721012285387
16.79588661878302
10.363248647376157
8.421270643852298
21.714341729292087
7.786427599874242
10.760095415676654
11.821400791074526
13.559530389913249
30.655235861406858
25.708823617038934
17.598800061541066
10.190062245450857
8.317491872014228
22.24765525426741
11.768888182179685
13.251825621057337
12.60849450737036
15.49058441975188
10.930723454665289
14.429241520346531
14.653404307615522
13.232820117387448
13.797202147018146
12.074696323510535
12.774838886274672
21.782078121154612
10.922058778792582
18.41320014740666
14.44773156375721
12.353330126982447
5.6086437987195605
10.463016646441671
12.030972810186844
9.06011295913971
7.238342537036528
6.848632908237357
13.684369388020793
10.248983795048758
8.317429787663116
6.043421630492505
8.897944591884196
11.636729985043093
9.488068718574064
7.825508314396459
12.03267004676509
11.69410365228657
11.500686111314163
7.518703067671879
11.557953232808238
11.389380374092646
9.48490277055734
8.543602531573454
15.244275461219411
6.236797553996778
18.047308580211126
9.10551948024244
13.384336417138739
9.076935981811534
16.385876916044808
13.665988992446584
13.180809424770509
23.86061674411853
11.427001750847685
10.907459643396386
18.332395939004126
11.163746154279087
15.705692831138848
20.242652442743807
11.553366374071551
13.542122712622373
17.024297947093718
15.526074120383907
9.358669360956457
27.12172106550875
18.34841493038631
11.662600873569378
21.096618253412462
9.33248081746502
11.996757302739217
19.56046930958698
12.611148957147394
7.294475482491176
17.090535748715023
15.080879857718896
9.008739346201711
9.521816912263331
11.43255831366496
19.99107836719017
13.30195297426649
14.068778574842423
12.741207214148226
14.678414887699573
22.07020875174656
16.628437954392744
8.367826559459713
24.3564289867715
12.276020393423995
28.416329128532674
26.10166941882548
12.961137232260098
21.499305856074155
21.348153602783217
12.451422776568744
8.152627374253989
18.843157464654585
14.859012711754001
15.11141365348592
17.35012365177949
13.886191447362506
11.97331596878583
7.777205180533824
11.504033414887417
17.180158887729526
12.87223461922388
13.550673219218638
7.344636836376808
13.998486313693148
8.892931359597975
16.96898614794834
7.604545850702209
26.15738622332342
14.767388926524157
10.136649426140705
23.758696558000768
10.139911714917437
7.949563832116679
23.96584405295776
7.057792837939468
9.438413176605296
12.1071571443093
7.755056844125585
11.900917981472032
10.15608041282868
8.343276357462068
9.843077394018412
13.906598559830154
11.993054329598829
13.678166127695194
10.927877921446875
13.121240720057573
13.660235033486245
12.022855672714876
5.892206782588928
11.132942939231512
9.367021815467506
7.097677009002086
12.299025205899039
11.669778823338081
5.977907948260837
7.754674451935224
21.859286758638653
7.94823403831966
20.27625599043607
14.195259775773014
10.395370935802447
25.09534699567581
12.102300784883564
8.91987017755605
11.029926395184305
15.731308457510048
10.59867028379968
11.508697276431842
15.438470225413479
7.369331617344126
13.167604636581205
14.275462567701297
7.019471168389021
10.914791093831882
8.22226486946759
9.7996302750497
13.312564993298803
14.14529363980302
17.717817664476804
9.308068403452225
10.74945422130688
19.304889683030773
8.527648237779731
8.76547993782886
12.55489248125138
14.659245879985704
10.720188718375924
18.968877555405033
13.362198647618978
11.265497787758987
13.099628667295216
12.837524195962644
8.82097312221904
7.587534391424758
14.390571437972987
11.626269942550872
13.130195794133801
16.61288218231018
10.896426353454709
11.799498577234154
9.494999245791409
8.645071916246652
15.159554839978082
9.358599886239842
12.027940278133423
10.123040111903919
9.957344642215848
10.773784709366986
9.783877539746959
12.789279450736068
15.264399318066001
13.475879931493044
17.31703377840365
12.517115783843415
15.141610806195638
13.51761444621618
32.64274817035252
9.297828232796792
22.299501951178826
16.408436603030122
10.943312272412719
15.8372991787367
31.169003824034586
12.371983479042928
9.70355913562058
17.840093693700922
7.968725957386723
14.393138533214112
24.609333608519748
14.688023752892022
15.377193925819963
14.341842312348952
10.497458788425677
20.55160251380946
15.487950203006633
15.754702389842357
24.096812688712728
15.627313100356135
11.239423220255528
24.185949636370545
16.364707269100045
14.270110770002209
22.587782058494856
27.02646543842514
18.517309432314118
9.064270589940195
16.402976074205764
6.9710204470593675
12.572284358464824
19.713254967482907
15.416787978265
10.378411303775724
27.141581925545687
10.672869533922523
9.524903923991651
20.333930132725524
24.563471120074826
14.322390314567304
21.46942149496673
19.0368857943712
10.211621141290191
24.728219244068754
26.646599908601328
16.866318500089868
22.71724809636225
21.122060926875175
8.017438526691638
19.56864225951814
14.404149565738045
11.321152084976976
14.958558533678426
28.227539857679183
15.956447268323902
9.514462213533392
11.982877956106156
11.801892532446496
11.81511208987156
15.373296486390139
14.841288494624862
11.956591807335723
12.615138635454143
9.200941772296742
10.455745752004965
11.035832258393894
9.316342422926194
8.72448362980458
10.40386697592355
9.652941957613837
6.784676519346047
11.833344053522941
17.493143406594964
18.02703134653467
14.18020677621018
8.105921119790608
15.645073489242566
10.280677116919916
14.521571782803719
17.35652066856759
11.89120522476085
10.241311691774065
14.69224195582328
6.469143974896184
12.597286313865276
8.707322441753075
12.225668848392775
11.697127741919752
9.86859762547312
18.229324030030742
14.243657824825561
13.915214446083034
18.10570248647587
14.059487400508463
8.233822759622589
8.077760751134369
8.518904833108378
14.10902134694009
9.237449557600149
7.612076843533604
6.546994429109435
9.759272435766157
14.404956173321581
13.340013411218566
8.57935617251602
11.043314613220085
7.701283983516199
16.856666127910195
11.418287047104805
16.560780206052197
6.429113449862298
13.110149714268129
12.501969849799194
10.61616028042381
7.940821289778471
10.389349593135394
7.0597618809790115
12.149355403523444
11.229109340669305
10.762289192272677
6.06735808742242
17.775994836889932
14.24836830800694
11.06904508618738
8.755528248579726
7.916500395316206
10.171960795694012
7.046417490772548
11.767211621093027
20.234572794560687
16.561113386030595
10.3654124404968
9.706960385395998
11.377827992109914
12.490809571998708
9.51606880743789
17.70392849138
10.30408387267815
12.34940408000243
11.076723314886424
17.790794531681755
13.024209364393718
11.38577736523038
6.197702928810749
14.020794730821203
12.37733330068382
5.7518657256226025
15.118207503601688
7.892005527816188
8.197905326546001
10.169596042872918
8.362460463970022
13.356903043622648
11.83085936833232
14.431981672745259
6.093183642230077
11.007321733777038
10.945605705379837
12.878431537651524
8.42860257150625
7.945279636889975
17.16468256891554
8.750339664259272
12.450950530263434
17.337825161062025
15.252255196505876
14.763053259589151
8.608109808875488
9.600990574844246
15.499678781629573
8.732618076804334
9.239063726053557
11.31146943407275
8.775386784266676
15.086454321594205
7.920254755013653
14.673809479717386
6.0897150765282735
14.833468422275498
12.91130059092447
8.228994183484419
12.546803033148542
7.258808554930411
10.79629796393009
16.210545369255634
7.444795074426611
12.507405437883182
19.722756435205554
10.85967861055648
8.681383618003565
15.070336206449566
20.02770008340603
11.776890601496179
12.714130383051023
15.326307048569321
12.28265134886415
9.634729532281764
17.487224357775982
5.997184067060965
10.661350319845567
21.97945026135941
8.30366323687605
8.641603529112828
7.774674538014746
9.185674240492741
14.91711819323705
11.726972867799626
18.190433467017897
11.653580572120742
15.595119577572191
16.59984437019669
14.369697724547803
11.449606088295058
14.468630219425707
26.786853236783827
19.300266642839517
11.2507661428177
23.79598811419043
15.403137934142372
13.227996422031243
16.85328435514621
14.566432429409362
10.920505676004668
19.45312221229318
12.099789357447364
11.632334229082986
17.03629717163046
12.872741981815425
8.743756410827016
11.944811322200511
18.55674280820804
13.781280485046008
12.280864810829387
10.539454499987162
15.423842702961348
14.005539854351005
16.07888059399659
13.138559894836765
13.274465884043066
14.786763394629288
5.939233897424742
18.334530403624505
14.6165020168965
13.636778354794533
11.194102392705313
12.46984581925651
14.58674983012325
12.722604381995382
10.231200259763169
7.9935840018884745
12.121302322284349
9.26336376805276
11.429308228259854
8.101990202516424
16.946706778485833
11.590040672312988
9.961303571839775
17.225570965830393
11.318417381520796
13.266634867808374
14.107308844347441
12.09791338970867
9.187526327320999
6.498459609679412
9.005712030732544
8.178501852922373
12.444295461197203
10.527601591046801
7.057083146474441
10.477899904688142
10.229092536066767
12.26237863151041
15.4397371226264
6.252216710143375
11.33975276340493
13.600618370691798
13.981948493344854
4.530880504071934
10.547050519437315
13.56887680550435
13.565978149496585
7.781058313949589
14.12050818712073
8.934316951158273
22.616211301270873
14.649746725420284
19.06584460431542
16.571971537847492
6.595023583740164
18.35245665055686
17.215562688358883
11.398887295411678
13.791875003097193
7.413795161433338
10.316877103172951
14.547284456903572
15.271177153139112
10.8851231766566
14.877254777664756
15.043102212171977
14.314870416154655
16.698002475196517
15.4975056370265
9.580398015509733
13.568392025882147
15.389268177983128
12.796472073074144
22.794347427885196
6.804871767377875
7.80232275217866
6.484673747287354
10.60794368533468
11.064138202285031
11.769293700834284
12.490517042823187
10.137723298683591
8.009230654545982
7.374076572027162
8.357052170562355
12.850483545188204
9.873067770560384
17.56519561049216
8.268832493283568
16.03690133472385
10.354142205137418
13.237394526653237
11.174216865147718
8.58316543200494
13.59611064254361
11.818831018648906
7.556937823454385
8.047428609176594
8.310367507811206
11.468507921786571
17.167678903752652
8.174909239994033
16.04332962738782
8.495393700522044
15.228640877950678
15.564150474288732
11.683802695562148
15.748101145187146
8.697058561923447
17.682502688388006
16.79876536919332
12.86064837626381
16.624313715481147
19.45040692095411
9.11171564995946
7.263795720930085
18.528365564264792
15.81435289111688
11.346451368285146
12.162004827529602
9.524024540608089
11.848827275259953
8.411444440947461
14.289342005713069
13.398415613500164
8.078251828005536
18.99352587163314
11.445121107025473
11.576303942531203
22.097641633581784
8.591789716354668
12.547575156173057
12.567399754480544
12.659894356595808
10.216150144755286
8.688436600873962
15.932647901830565
14.310176861681978
13.890897758265519
41.637276190002396
15.867301321571063
9.061850636996173
16.115496365896483
11.34161577437033
30.50804004258315
21.581501691493294
27.79758927531404
18.018647305277074
19.173638730354476
11.426907886075504
21.500959525445793
10.16886847035245
8.020836853567532
14.07131425802843
21.989306314043016
14.858211445421912
22.285347105652704
15.035977260201147
12.723999517850244
15.453818311876383
9.084046712230842
13.549006589539214
17.071047811900268
8.561644208716165
11.779153426106328
23.124174219445838
8.764230924877005
7.978572307525879
24.948317053207045
9.812581469044042
15.148612026232499
16.140021159020737
12.842919695928948
13.000610368219547
15.52530505158882
14.388685080501979
15.060673666754818
14.115936959194586
9.6697423561614
17.23436909652022
10.419973099232417
14.566291004949852
8.730769180100538
9.47690237545777
11.044885548967834
18.51558782804598
9.69137605936112
15.170602642180828
6.463544265385929
7.232039638135176
10.674078351866601
15.15991124434128
8.309164666318088
11.425467686417477
16.408781991025894
20.96475568038441
11.659672370249936
13.299619325325562
22.60029711130131
13.727847157014095
25.142692779262777
13.793142889595153
13.957821044521484
25.22271960423493
10.570430007605882
10.988494089536257
11.150916941748669
9.025366884842564
9.462092043857023
16.465655011341674
7.296022995419049
10.942720684888513
9.442404870542184
12.210141253233116
8.643424386279818
21.874396564599373
8.859030795098066
11.879069587573866
7.988215433956099
9.94948207772862
7.721956043632597
9.307823534197093
7.521434863395168
11.449563565006338
11.387195705880531
14.422441555652025
13.448384854971232
22.338621275750125
9.780510605242673
11.76869711839833
13.710027974759797
29.16713404115054
12.079905236469653
21.19348440285065
11.764858511390246
9.790276519213927
7.607559425395117
10.119571540052725
13.19306409158412
12.748843081898432
9.555987695402784
14.401550182112754
13.069285060625289
10.362017368127988
14.73775204541975
20.278566824427983
11.71556046286241
8.331515423526819
9.464274306236135
10.336713463766596
9.905937373407001
17.731315567735933
10.757792926900505
15.370900617986944
11.465685208575284
8.701807900840716
10.897971778753668
15.95987906612803
16.82616691586263
18.27792476634066
22.632832233705184
10.333320850856735
23.352587592203303
18.4530122334807
8.688708940573338
14.668942888441446
12.752582579968156
10.106066146897556
8.196706273915249
14.173497196466522
22.49601258103815
14.979918662119484
25.814011777627037
8.907128515542476
9.686652487748669
10.610075224366906
14.24195581792252
13.487194954290317
10.533491134870921
18.19191110676373
11.218885148418247
16.71528171141908
33.55241003250911
5.7157808319039765
16.088497535542643
25.85856246313636
7.81626922612738
18.918734063157135
26.135386152191586
7.448761755062419
8.813741109857636
11.487656066262629
10.265627810730066
17.083770979569476
12.461078620060489
8.333284695518623
8.501251415764457
9.51976764480174
12.938045120329523
7.156992885782007
10.644739696651264
10.705669529960751
6.76615020732696
7.836839536395816
8.92064487507044
12.302231162686752
11.143389618867658
13.312228037075558
14.828239771582453
11.203340122414074
10.153623948575506
14.503321833352063
7.598410167063385
13.39153079695945
12.395356219774847
11.01501483316438
14.446506667090597
12.287061486489707
9.528990490174841
13.238631998256775
15.741094940440432
8.948029564911462
9.438229556282728
10.150824120462488
17.60851629559171
11.811686390020842
14.716151181920806
8.767296883813682
8.672936530560374
16.615462127932968
15.387506233825823
15.347869240937358
14.483775401522186
10.254136229908779
11.521683535890167
14.391989086852137
14.851895475779203
9.12080976784713
17.885397054228203
18.59173461409221
13.803913809129439
17.229695137426976
17.882325666580577
13.742242879867394
37.95911279451219
21.565925127450896
10.89718385176708
22.028188937937884
14.169608345563011
17.012311671893734
15.326931613327346
19.016326499753163
14.736289299697516
13.807909341309587
11.081552158458027
16.411640945966173
17.34442279591261
11.049634284435143
11.129387963191085
10.55593965764931
19.426008689490704
9.110483738881808
9.536290688863795
10.474874584621457
11.760683661971884
7.512619867291742
20.253817823533566
7.453145166049296
15.857114687015367
11.541822139280837
9.399007549593245
8.290587889209196
12.180357767988797
12.140658222700369
11.021738071340932
17.70129298283153
6.753138414018607
8.342780054241455
12.458668896178654
13.672978706488164
9.54238604962948
11.666053880492019
8.462837106938013
15.389952123739512
10.284374234751278
10.002096701146415
12.350772299169744
10.359979528360638
18.888107593587087
12.448717807552166
8.382318694475298
9.976731919330327
15.339098071395425
9.156234249853904
13.74106423684562
8.579172058451654
11.461733157953013
6.910720021634899
15.038140584295773
10.999904520439394
11.999640927830107
11.187224075014768
8.455697306570622
13.383683132531509
21.27490802688173
13.703749168897678
22.82054323516361
9.905804154871465
9.753821214304175
12.326223406896466
9.300476317082856
10.457364255232575
8.847370317831855
12.000517949695732
8.197965247771961
8.610225795149287
13.943449189881624
20.345666484899343
6.26710660062929
11.020148677223352
9.07857566835426
12.440352818684186
8.796799214180925
7.657796615709504
13.411804872060362
8.945995248970128
12.330911994633528
12.841672696717543
9.658404527412074
10.17399205487131
11.069806362775921
11.812291613615363
14.657647388259
13.509147768344679
16.428845938326646
10.242424862931477
12.642086816936434
13.059584409839681
9.785779188801493
16.237554890756346
18.677934466168015
14.22725977983653
17.172684991963198
11.078222479907597
14.302780759792968
18.032922848729008
21.090078325338386
10.584252611772515
15.632564727601755
22.43789267957015
22.64434083789084
11.68405892686008
20.890159629948105
11.546467180078345
6.489165846377909
26.023408020827894
22.963666128161876
8.824619502102209
11.170418624704206
30.059148776154682
18.53751211834397
25.634621519451667
15.138875947039471
21.698874759961406
9.871446810698878
17.108166604383136
11.664668126512593
12.154400301778619
11.233506765757381
11.839397016241797
16.53201765070177
25.5025711091077
13.751237339039868
12.285858461539592
10.468770846313925
22.951835263482124
10.696769679279194
12.463403277343591
12.92094776031588
15.920686700569526
7.731549340984534
9.828711750805466
14.639988147083056
10.310600188775796
8.323206052756694
16.540151408430468
15.554116932312906
9.594713077200911
17.407069838531037
15.31321425078424
12.463145828010926
17.91936557181074
9.69709922398654
15.854414986078352
12.088876121285498
20.557215430773866
14.588867301885921
9.13117682525271
10.515399778806751
14.319355971757538
15.028283005526838
14.21932791010532
12.40542372978973
14.853009525906854
11.828924749089552
8.204115805249025
8.230870335514147
26.734782912944354
12.256228648867944
24.63637402488977
8.025995311839505
15.094644861452522
12.49439722423052
12.147126884214591
9.98432137568268
10.97668269240906
12.162404366634032
6.307418611376294
7.8955163245085895
10.754803069490384
9.113406796527125
12.331512763225652
9.193087351572522
6.684854092074009
14.471087099606395
6.377216055711049
12.564613697411803
6.669120990742178
10.119497636640256
8.166832038915924
12.40821236185045
8.879579627273271
16.87284581209386
6.552603051731046
