17120.518107722753
12803.027180069826
9214.920418160857
6382.024623702331
4060.2804247198364
2366.2950214705925
1229.5163124633045
579.1921765189071
167.08609618231932
27.111618844792428
57.52333236610506
150.70256855466315
430.6701214467912
642.0710174247262
813.0419543851721
1020.1040206502107
1101.1271563490006
1208.0016219014228
1117.734582980526
1147.006723984191
1010.4397527891406
855.3993696909657
745.9971872520283
633.5571118099939
539.6026105047713
323.4098341983307
292.6805037431656
157.15656622035863
70.3944586355178
66.73370539326365
23.249904127884054
16.024668926933543
30.60815766207119
62.69736581035382
49.92294410001928
98.57889243109071
119.81201729694635
131.44410886420675
143.66002346005305
135.78888021766548
135.7802384519602
157.00525838408052
136.99437173436903
97.67309537770969
95.27890812266506
84.0248876352253
61.94155879437599
31.131178777181884
26.55133480447951
22.977711265278238
23.555593645301727
21.461057215516607
21.943565822120036
39.324868463783844
25.329688347205405
49.42139921608368
41.84043236143023
65.16882578575427
41.7401917489861
37.48248038535812
29.366344914351416
46.93780913114919
54.7355191454853
22.81709412311472
51.27208822429748
23.424577786417974
30.72070866217243
11.133310081112858
24.18320344056985
17.105327689327705
26.57276085234781
35.24647836509537
27.912945690607366
32.17836575081219
33.77387647820782
26.322488627674513
13.866159867401882
14.527468129764431
27.267713923515185
30.835471538680665
16.364156383881795
14.299516745982487
18.44200498313118
24.84712320133542
21.045897570148515
26.92883705858718
34.44318601616278
35.701269854624776
24.719038429034473
29.96168650853458
25.126561525522494
18.058832626800054
30.943134772650232
23.659290507885302
10.95052267133702
23.525897667364635
24.415720911855882
11.206646135344394
19.504281546988526
20.4652375744661
12.646925681291773
27.01278668570258
17.760142708570626
18.5280490260569
27.74998332953677
20.384307360531608
17.599410011863004
28.110745929351122
13.975304205594963
28.392635341289
23.37814106080549
40.417077683326696
13.373905738890516
22.604727761570096
28.039766532992626
16.766508257128983
20.360590400491883
34.831043981460326
17.07620803899292
30.670243863333685
19.870601715815802
27.872432980432567
10.602112570643985
10.34797991007446
9.215420031833833
22.070222015052025
35.02398673275953
21.020508081718408
21.44717504674847
21.64718229578633
31.82211500342582
18.84540465909092
34.10862709601501
11.19857652097989
46.893520822587234
16.902708210379632
19.23443281762019
22.314103897313885
12.08678340114991
29.742274184833555
14.605498121645363
17.23350057958623
10.260787705561114
19.45140204649669
8.595119078501604
35.773688807467735
13.530354078656728
7.561673736001112
18.88532381157741
15.209442060037432
11.784368396298259
14.7947036455311
24.579559676729872
11.945186294120314
16.617956198923384
14.326489221889775
13.189786173613625
19.54608474642388
18.631365588001245
19.786746344641234
17.35340109719696
14.591537609733765
12.803471409952238
13.218983548402266
12.342581023510007
30.63981218106137
25.076440181954325
28.399654111825047
36.28374103507584
26.49584154423797
16.92781478695377
13.777314545870167
32.17582108435484
11.116671689762851
19.640792105518955
22.643401093577165
23.73209515153892
18.009482834622712
13.347338750079004
19.192541359601428
35.39483332070998
25.637747569989205
24.117174119245004
34.096186381392386
11.154802495779462
25.650526316783317
19.402932742281763
16.58306342642515
14.68975799809126
28.08425954045559
18.668104899898132
27.23929987927784
18.58396078105801
23.709867973817918
10.207256022061207
16.22230047803894
22.084615852274318
30.699184843997358
41.65598509286708
39.05937303278459
26.029542862197903
21.84943045978562
29.394172072427637
23.35062246545255
8.959103082605388
42.47221333170719
7.923867284270354
20.28144255178807
42.635664037845885
29.252036980192532
10.635731229289709
18.34575397848464
9.849547601412171
13.663170042103312
30.18610013873259
15.928417654973181
23.491774007196437
13.04592540910478
25.65711468218417
25.438744568367227
16.958139504607345
15.413747745514431
21.821990133022787
16.90584462739549
17.715267684587847
18.857076123991227
23.82649382870227
15.15579464424005
10.292582915770215
13.202944975974534
14.134480554062733
22.274875379202843
21.518077365535127
17.579495601454582
34.88963287642112
18.59128582216974
17.000802606338734
29.613754344295362
19.76922189075724
25.243011470363275
31.735273740034913
12.581744424895854
22.3355941873205
25.385704761134136
26.101117287330695
19.57304334692346
25.22247049246078
43.96183173052966
20.593729222697917
15.296187341929857
14.35707872494764
21.910318184295182
25.377551070128785
19.259538287070185
13.538981175058979
40.52657548562122
32.41379133158912
16.061767665286137
25.1815842387849
14.32686128151253
17.896944349320552
32.40838609498406
23.994663402972407
28.108823011406404
29.86653485690519
34.7954843660218
30.418146923690255
23.297984359773373
19.194530237110094
16.367160212435348
18.143524968130517
21.958968812960865
28.23210981438773
27.097220899900055
26.644473879172192
19.658191365779903
18.567488248307953
18.369846691874343
11.236445046693053
15.042868584653377
10.214595724111115
20.694550004407667
32.4885505057171
35.484479482188185
35.330353399095905
11.16295668900287
20.88741275007618
20.12653654217536
10.94666322004557
23.062737153452222
22.334979860984262
21.71009630008826
29.682082847764647
19.89003371589371
20.135445770238874
38.94641606248598
11.277257623387984
15.482342111834818
14.919273709273313
19.819238455095494
16.93086170423008
26.460547500189445
20.57445573547822
14.809149325768967
19.889511465686304
37.25292155481167
33.26766249805027
23.97370608139133
24.69501274112737
28.15373895098603
16.25016349596889
40.86757101869005
22.968489100365993
17.376625429791577
25.17668368135401
29.999555064085285
24.52557546552372
23.63003123159632
10.032483210676679
18.60950650585104
17.09920364519509
28.40184553122408
24.551056781438856
31.138951592726112
15.23763918439299
23.42254907887096
42.7762933600149
14.81889177815178
19.175257710442985
31.61585570315544
24.657072077813105
35.487995382036196
14.897481007597055
21.63407308092801
27.70751115773503
26.635177346101113
13.157781740897576
17.137061108319216
10.791810761827964
18.85723331931582
13.204652925794653
21.030404269893708
27.865615060754223
7.465121415167868
20.113677868641947
27.261437509570303
17.627400326294488
12.249863325179131
35.26896127635613
13.45126085339629
15.848323694651045
20.42686026999432
11.764660263507132
13.00306715039716
18.766287113653078
12.965221376412083
23.760804706210624
20.47690216291397
24.372929755307393
27.66072514508484
24.770580432094693
17.31841099943231
17.17269533338278
20.29503750975572
15.183548207842653
20.419503943113174
27.409070858637445
13.710215303011392
21.299394767037633
8.247957369277074
22.644055980703587
35.85413234514819
37.36510965851971
27.257466240461763
15.061510668932815
17.788624458026696
23.496182009397703
20.22711187230494
28.488793088360314
7.536806748435201
16.063281772356994
19.758115934307618
14.800314680035237
26.205579724493937
20.637295251525
15.196185383950947
20.68382754564486
28.987706109471052
18.754922413567694
20.69285869661999
21.489784340472955
13.49489293239842
6.388331098793235
38.02036615133872
18.438163347836163
21.683488656549024
13.153284299825337
22.905375177779934
40.25051069600912
26.746092571010433
13.041533287765988
10.596724100099134
19.33894278405928
18.728874884730327
30.862462446576934
20.124198210028304
16.55893376056079
18.981029040604295
18.687597266340344
10.77279226250906
23.26073485496985
12.403165127524685
34.90919701357617
19.077211315956973
24.224934526918293
10.076617339075277
14.468217440491635
16.397361107609946
23.7083932493699
28.865590952902583
18.618450927529658
27.73751206620393
14.545854995436445
18.96322449829886
11.17738062280621
24.925859944590048
25.614939377522617
18.35361101891152
22.88995919612592
17.272018621907993
29.974040957868535
19.708121903919068
16.43446101237696
18.188318799752835
19.891365301713428
19.356455305191854
19.28492515907287
35.21120477473258
14.705111636893806
17.95388942431254
10.944243060382185
18.127965435704628
20.274151490463243
18.809817692678106
10.481568995350788
9.192529364432637
22.775188067413033
8.472798765496492
18.365903622814663
26.74005563706893
20.093352982229025
17.749780718658442
35.118877356787884
14.362863668230894
27.93024168914055
5.942979311608802
26.40128577813806
20.83801479609472
16.15319373319138
10.744270614143684
25.877006246764722
9.402279265154577
31.001732694186884
8.961034606875673
17.98916558054954
14.246338510532617
18.363585808339913
27.94443910530339
11.885545890345545
23.455920938899023
16.46566087963199
12.866802617441975
14.112678960343652
20.127577403683688
11.849929605859714
14.221846702623797
7.205627114893587
11.05473904116569
12.095388539573923
26.947018661213807
7.899495000496835
11.446396511081776
11.063103058054786
10.429530070733009
17.456227406470056
23.55283265028447
9.092656712868791
10.826083281335332
13.067849112901344
27.322516846331407
17.021406793535444
20.8791198452399
11.497498302355663
21.409913010626866
45.07162921304306
13.122086995182352
14.865575370275355
20.05954962543706
14.334378445879615
15.620082161017992
15.69348380876803
23.769641843962653
18.536355209291365
19.402524579422213
22.305369619751445
19.14026733593724
6.452711303005383
23.221387230136614
16.151220309887183
5.806007170587771
11.334942831491748
13.553755799204383
28.12670788952279
12.616140493297284
23.532656820152972
14.708271936844355
9.415266527190536
11.795393084342265
13.145403633331467
7.2977852930516205
13.517044435874649
19.819255275748432
15.408753408332402
24.662675817660894
9.2312024615926
16.727812018089875
20.479666966961418
22.25514372971221
14.299044383925327
15.698709668082358
19.593305501737536
7.488723505557247
9.511118156929468
19.59537157628369
24.396765987104217
15.130855061949248
15.776956952971144
13.064501162057393
12.306749526139054
13.16000420201185
11.108834819532314
11.378467524044655
8.123566512144373
20.848012184356183
10.436278247671451
9.053259036384112
15.03092994839316
19.57768517936626
14.881549174280847
11.574002702572022
19.41517760404703
7.130856397816121
16.88077512127039
12.023772315194375
10.843326419726399
10.279313152996002
18.635507509328757
10.351376621224167
18.99436695156594
11.78229264656972
10.203262761198644
17.8106037189909
14.713263235900056
5.819848266600416
13.472359478862057
21.840043274365538
12.300477317848454
15.130193730339533
12.097415332569701
15.541563796064542
21.58184561033793
12.544840284757408
9.242288732117455
22.980306008764
11.29290357517033
17.36110530549674
10.713275804346134
13.16999595644717
10.590717512712395
16.976718082775424
16.710913297934226
12.258764197528379
15.924631651478844
9.73638863968072
19.221435687916784
17.290301696261754
9.828604012040339
17.6143373679558
13.047055331958713
23.92924570842237
9.592223468006447
6.1275572593327325
14.166884567701384
8.240845291931894
20.79799602227131
11.8406651541745
7.596848599623608
13.80953559594625
13.013405049451507
7.087665867861914
9.360574827799688
10.877056628507486
13.053851272348215
9.283698419803809
17.303715756956308
14.24468481646948
7.183131828075545
10.973839230667279
11.247270261835295
9.78450233445029
14.217089840585986
13.252306612603377
10.159111833559857
11.123515699201809
13.496557198033369
15.599464368419804
13.986686182145917
15.888017397550694
5.918574988439187
16.84349132103791
9.793629657671342
11.07934742099304
11.841593064949043
10.167939849102984
9.589663392951639
14.010699321529977
15.33871383597823
10.50398432570556
19.389751029271647
11.805116250475125
17.281562078194295
7.075670566380282
14.389533308234192
12.702563836544071
12.428326613412883
17.22775712937212
11.145698244753714
18.198760913267208
13.502786236583528
12.388632260332553
10.178173587686917
13.966289597445728
5.794044336348244
6.58983756337516
13.294598222501625
16.709369099209297
6.4793351830158485
8.567931975168593
6.167379797069161
12.664173121144223
12.838948052306643
14.27625425422972
10.023108272691667
11.430588308814329
11.593111342444526
9.803777013705407
14.94024588491257
11.502076155664644
7.521709015583987
15.694329626126946
16.263178422121797
7.054910965053965
13.158328281635406
9.723423348682722
19.498443886517844
9.225294999569272
10.875666563527288
12.491039891779867
14.239760013298607
10.293223205912637
7.896764722573294
8.940495228278984
12.99564286299896
11.058494786146902
8.208841466021944
13.161682295499022
9.795063531341523
18.935023863187293
7.884131165426133
15.518157989156634
7.44802982217699
6.6839904637947685
8.338168867963129
17.005079498161408
6.808716672342115
7.891017303315646
20.674091657563185
17.39262902419386
12.39356279157715
14.44710655320343
13.299749902687635
9.913789374628706
10.91122461869575
7.855735615833005
13.846341563730446
5.349461372631354
13.575124662035225
10.495699024765193
8.944840546595318
10.380219883969485
20.974064211370003
25.333947249508675
10.25184561749505
9.605771334919263
11.654104873385908
9.849173767610457
7.733445888280527
9.773992515579534
6.30287966640726
9.749485929473709
12.299529109407919
5.98982180848312
11.466048442879941
18.763246628182813
14.156585297196806
11.306598366291544
6.542486963479721
9.100479265589922
11.625312194197825
13.58360006817983
4.779447240687042
14.128285681304941
7.441467596387978
12.55491198350672
5.020447576904292
15.380362414130373
12.00828145492848
9.329951117717647
6.6177737800117304
9.149723421829039
21.956870592687714
16.276844246397694
11.584413891727154
9.436648726330054
11.237709625581257
7.683128461438243
8.034373718947885
11.77305515943781
7.099171253171985
9.915412930184543
11.52255254488536
13.663077593615814
6.7437570978942665
6.3934279584770115
7.90979392396082
16.18187964192621
16.43390786938746
10.3056075393807
5.048991646694242
11.883963357114979
12.692868427351318
12.119578775215286
12.533943530440128
11.220217824677157
10.315699218575904
12.135531020358691
12.055771439957493
12.447721496086976
8.165384904769088
10.469638945058117
4.627954577215458
11.240924963171247
5.543441671747621
4.437660372227351
11.012104326076154
8.643010321140997
16.014421784755957
8.335516449661618
8.851817896805098
17.412359768607118
8.028432863419516
9.820476847245596
11.466520991447364
13.560082926839211
5.49506256002292
6.268655128212643
8.2445457283773
9.104548782582311
13.345207767498687
6.046019860121175
5.55785340793806
5.747279552358829
8.276102668913776
9.815630925636217
10.354609011214947
13.469553685050778
10.707257301299853
9.076289108683845
19.2934871962025
9.862904267932223
11.46118189624375
8.889308408406436
12.391413085886944
9.241361813083632
9.829680436512481
16.662028944271846
9.641932862350655
11.346844381910582
14.194502903402883
5.295924252923082
10.090952287803384
10.484435738548127
11.962039592869504
10.747985552261367
5.125304637661882
11.637781044287458
12.055780137525563
7.143864968751537
14.758545348304484
9.619153279808309
5.761548413716445
7.095529272127092
13.459142622560888
8.03512802881669
9.683490712403946
5.030564106433558
5.715918551219875
10.160345656616746
11.99452385399186
7.714899428659294
8.156919467253676
6.250157253581234
9.527569847491526
13.170097525506423
12.090121178258356
10.691399271091601
10.871393496283424
11.71032567440796
8.587585229994632
15.448379018312444
9.911959187761918
7.798701826064221
13.606528966705817
11.846652805677266
12.619072113748055
15.286996750141398
12.953499476361749
5.185331605113063
8.203996904929914
15.469242179398243
11.87334109772499
8.92233151089934
6.566189764296353
12.01857437652247
14.977985111304129
10.901613801741252
6.087189447600334
10.0173185128616
5.256006657737592
10.760321653619874
8.159909207581581
9.13873052690243
6.770741719427423
8.100964809696885
5.828451619573064
9.855760117010394
8.93004819612584
9.97564564350404
9.025142490950994
5.796913359388444
17.68323297208177
17.023856397424495
8.430152593478162
7.734723599899702
8.364734455745852
9.019439131235655
11.92145779376524
16.487767489921175
10.105943879290322
11.168262394419415
10.394950081483154
5.994531143639589
15.59141998067112
17.181517024541172
9.503984023160857
9.921092459525337
8.831487421098256
12.100562670734318
10.802097294143366
11.545445722034954
15.651741870305786
10.14804767273616
14.988415958600351
11.070715013616654
9.958662771687367
5.285136855348525
10.552169610914614
8.10737405542733
14.42537316625211
15.657547391174129
8.143639623274195
10.767261943645682
8.603977935582874
7.637013654773746
7.0337816859553595
6.462866441929396
9.677484903673722
9.303897621617772
12.4615926779642
7.7017807524081325
6.149629870873891
4.5159701963756875
6.675227432912517
7.021637297918071
13.771514650516373
6.180789422190018
7.545999577670588
15.474075733761644
10.34763177849165
10.954022662127917
10.590354579072516
11.248029616638105
8.553040037886106
6.582578771592587
7.274878117007826
9.754516433232507
5.765646956705523
6.1880849912650575
5.575374748404002
7.306089286507776
5.8937297924769965
8.964532965640833
7.619302893322502
5.37246780248117
8.610020967788621
8.502160262170058
4.941233907736859
7.142166006048378
12.545287023070662
7.2967525379680325
6.891068555666685
7.2284720658870345
7.101363134676935
6.989153504015776
8.653289442142237
10.941728405589187
7.093450379396581
9.537222781938633
7.408236463579936
10.305605301816374
14.336185196223505
11.02460739595644
10.163520973942209
7.255657959286446
7.949592602676433
11.314027401287555
5.69074683801525
9.047262692786195
8.94482259771083
6.899240810869515
16.680293627884136
10.180501343427625
12.030592747844452
9.11710847277396
7.764966538624112
10.753517748604043
11.520791526501945
11.411260543640566
8.700011518462526
7.7983855757566545
12.918332036426392
6.928063918718776
9.5818686490096
7.80139567456127
9.881141673894556
9.184638801889415
11.496137861716093
11.208420885200933
6.549596947064
6.98457147072978
10.740054230015668
8.662832720540246
5.523740360344101
5.974035687728609
13.710327927632598
10.957414969333213
10.6803603478873
5.51408643398916
6.688604844357283
5.066077286570363
14.858582916904393
8.626671748476584
6.641228300761314
6.749356745102307
7.612565093128086
6.709743000701786
6.100368383246205
15.792315316926569
9.233598692447611
5.052391322623138
9.263811945063864
8.636096787216859
9.675997929128426
11.113272221768787
13.357207567211782
5.820756073567848
15.104496342068419
16.452029116119423
8.163185737440498
8.314916062145132
3.9663695076986776
12.66221503065594
11.469353836577625
6.811627728892787
4.849719708766287
8.633073209612702
7.218242443976935
4.71836699577243
13.103442997941572
8.401623253834217
10.170407064478303
7.436047385564806
7.6767904480259235
8.759873317827902
10.3757359120834
4.279361629395639
10.21773705969026
8.993894463506937
4.889053384594566
5.755151977169238
8.360073448746382
6.019368999963784
11.163941198860357
13.11652564646462
9.096834572574148
14.608624634033413
8.379262450249813
10.008680567253307
10.241309388904467
13.986160909162626
10.890841306078949
4.84423881322008
11.586319296351938
7.107243155477881
7.439321833195185
11.100560559168052
6.734137031626747
7.02441787581925
6.620282548641063
6.664178516729676
7.201435879758347
9.551854408001848
5.980339530407487
7.318512258310908
9.252964459286767
7.654563053141973
9.147476319575725
7.748510821962491
7.445403258756573
8.07417356305112
6.502032348408308
7.412033374082079
7.186231809352961
4.468382155245101
7.052729453576526
11.620074961050312
11.95004245976529
10.173233100242259
8.973158753561295
13.834145301685446
12.31546612977403
6.438848660470161
7.796967633677526
7.634198764815478
8.408162009191686
8.00607860717217
10.878713897615338
7.279367447942703
6.368145982548916
9.933610963621414
7.494659634170684
6.2619851318406115
12.196612789676212
9.259137900979745
4.53043938310287
10.482885343795308
9.954433033894587
9.619594821482549
13.43701889804547
9.719493789308551
9.133009345204707
5.69824773279329
13.713935985624737
9.283396851292299
8.910180646962079
6.268638901362772
14.187550577908429
5.854344948836445
8.960000627058747
15.01803211657617
7.210341727819338
5.734461417085623
8.314996671072299
7.3926435791417555
11.188192206199
7.895474452915664
10.267961889337041
12.49623810779358
6.393089580252812
6.4903909775414
5.176309435779309
5.579949450884379
7.431317790255934
7.899177383633582
8.531328406793511
8.386844223977963
3.8284093114757405
7.6690162572046745
5.715580583148339
6.104094041267476
9.056441449398557
10.628808950277168
5.31743880096358
12.061787695905386
6.649207754920967
8.42313470675626
10.378892451845772
6.042288749677667
9.144764257437018
8.07649547598124
7.241114522120684
13.637843914672136
6.975433854026611
9.415735503825628
6.3194168438412825
7.713934224427783
3.1971502131702767
5.656955626205901
6.604644132128549
8.120381023894716
8.031760408322306
5.296523484092852
8.886042744387781
6.407790336568202
11.28217541029021
7.555489572120462
4.99598559226963
8.262232821084083
8.592972923965107
7.802605543972799
6.950173655902127
8.539431526062485
5.389078636712896
4.824836661991096
6.617251808282488
6.652883162178516
7.576326735297617
11.245574814757294
9.0564877695008
8.112322751757596
6.084099795722878
6.492018568959268
3.7813204387518695
5.879324284416587
10.024574964636999
10.249531342188819
8.308080453958935
6.449143132120211
8.062941711865749
10.471894265750931
5.803527618050529
5.841743997196604
9.788892963851
10.656964659180584
10.022535981368376
5.286673361577435
6.791996807067561
5.723040610614376
8.664886567325622
7.389100643915741
5.3553893901751914
9.364758618250356
5.379006887767486
9.774973015576391
10.740810074454767
6.4559810362234265
4.70419502591456
6.782894836547645
10.562735098307321
8.113825833130123
8.363172964450099
9.05022285115438
8.920464931246848
8.138471037595586
9.91222380925649
8.966477852629126
8.131193841100238
5.771479438044409
8.293835889766262
7.470109382404642
10.857444305566355
6.909632164522639
7.763665294104813
7.081969895188994
7.514727938444567
5.140092030436735
8.462292365486562
7.329053055515128
7.199383720285313
7.677163427620812
12.138320252066695
8.933791506015083
4.522869750829867
6.56566784121311
6.335272654669737
5.812008146304777
12.469092902158264
5.656955580599231
9.53587808848187
6.525869352961669
6.070093180498552
15.553733788587435
6.969053289598919
8.66142942579918
6.0337758305221
4.535271032743489
8.698368325821514
12.799619505184836
6.228719493300691
5.681459488141952
3.7166988470883533
7.801059021097361
9.561595642901777
5.119330646899591
8.1068486141009
7.147513760256752
5.400440394996345
7.487539820457482
12.643308178528697
6.818192733938727
5.507002095484221
7.556250256596776
6.463075178661719
6.715720873369902
6.012987199844614
7.2039419687565385
6.626984600237574
4.272595843294422
12.128930877169669
4.805021323843583
5.771411399727155
6.604079829780295
5.107551592537372
6.247156217730522
9.88147842090499
6.3395019163771025
11.458003113732403
9.79047482482343
8.356248015403153
10.40528549697748
4.706602144602637
4.529663620153404
6.418936010766267
5.4566916458329615
11.190525095040108
8.416935065955263
6.464248552785909
7.088958315294567
8.123860675570544
5.54291164077523
7.416681793902854
6.02044002248552
10.193590309951066
8.057330078592999
10.068837371499313
7.310825904044781
11.638381225022169
8.675065748885459
7.5516584269372435
7.400865928350441
5.00412408926603
4.762913204005056
7.131169738803924
7.382281879491264
10.628196160707024
7.050361602601487
13.433366358085788
5.149400056603856
8.620340406891664
5.912560337202094
8.57452067506457
6.88395763220756
3.6804445173659377
5.514131274549897
8.487319848840148
7.24088551081138
7.101245031520575
5.246642725172888
7.408440730697271
3.346790099048788
6.358870222045271
5.168569847134389
4.77948870374561
8.455352515581103
6.135332233542058
12.24911906522268
6.75003655574707
7.850285010512184
6.314334379440484
5.7538104155131835
8.271213188832323
6.480980838296267
2.8915091116304508
11.080392493931711
3.5337268259845254
2.629928421179529
5.406132190780835
7.23098347458409
8.992351108192363
6.115255992420698
6.039703772782588
4.81390507487573
6.288516630883484
3.760830051981538
6.768526095423459
3.986686401242757
5.440368799824544
8.393983704115952
12.636913805629108
5.341260596746818
6.217460667533981
7.581271810642059
13.632210661146797
7.337484361472122
6.733157906571143
5.9627421401320575
3.114671470435931
5.532553422627169
7.110911000211129
9.5994279718356
7.412291693295277
8.279682587890246
6.1364899789078
6.684723102962353
8.563501644471394
4.461307663576572
6.498854699567339
2.8108966302825236
6.0135697366236744
5.978759156753992
5.014179995709082
4.050237776039889
7.460193001660461
7.138956951297312
5.972761964407488
4.263595008994818
3.9400569749656937
6.544155001729908
6.978603102610216
6.054344387354968
7.332698557319656
6.852489254880872
6.0689132390621685
3.7616870511706804
7.773380911586609
7.508770617681897
7.930840238443617
9.967352998018802
6.821144740191405
5.184100595772736
7.907648326738751
8.028166564225671
6.015670962897425
6.157362854677643
5.712812556042984
7.809941431265835
8.138774258976065
5.465559567931953
4.180828721036635
4.720140447375068
8.086775900628322
12.761896651801512
3.844090058541812
9.511043140089754
6.605807307856685
3.7273987979267913
5.911566382647497
6.856001732535476
7.746017601790253
4.394720651490772
13.255259302228083
7.068313242866004
5.872988897177537
8.587287073936047
5.548433201890415
8.582625968074979
6.050799902333823
6.681781498962265
11.270295825013694
6.089147638373327
6.157638834006369
11.00123689933194
5.327684886616776
5.102610761957062
3.768520859667028
7.670694452648469
13.939055180505674
7.701791201591175
5.790257887182619
6.301130656990366
5.614296993750976
6.115127907932883
6.365216899868385
10.218992242338459
9.814428837451604
8.603533783041929
13.924535920014353
4.800887059694697
9.418636930262881
15.13540693436915
7.227441471963559
5.587019046996651
6.074058395202993
6.083511785415663
5.298087854023774
6.988234245470573
4.235271643166746
6.3788492608315055
9.74471832585489
13.292566535334446
10.085888134877731
6.3669783219001586
8.1839493388594
7.614476365464904
7.595355609330784
10.655678191821263
5.116194158997113
4.794561406715584
8.549833134426411
9.548609821496127
6.658447570931718
5.224019036714413
3.5883266246441328
4.684867566949423
7.171489074850254
5.654058586161859
9.955814814829143
8.63213941640781
7.010969403810533
6.225147376397346
7.357698289963131
7.077094015823876
4.980096098338054
6.450053799792729
8.797511993921592
6.588122207635247
5.040062186787499
4.541564410226124
6.565421690671679
5.867449707311158
4.113178462352002
4.665858252415763
6.768719685077137
7.545227403336689
4.736768454425392
7.193003492092596
6.211718177527336
9.280768548815905
6.302033857296865
7.308812787948677
8.531487612591391
4.639958366545887
5.032546370132909
11.089881305184864
3.3906123034037825
6.4423378180250515
6.935031595963589
10.368706459060489
6.212855048917552
5.4218959374807385
6.301728819589443
10.194681561539488
5.021826264821977
9.628221065546343
6.920367624025267
11.035568997841672
7.070269152401392
4.513221151310416
6.734073499055854
3.4595965567158036
8.138422786696253
9.076445937947181
9.54043330187854
6.856064423991093
7.143897101142641
3.292960497913976
5.9683913500168675
6.781720372067156
6.692169832792491
6.742972171124725
8.218837347810402
8.009152362800084
8.867546566767674
7.14757106263931
6.213462686347468
4.429543958600608
5.770725675944465
3.341912815863113
11.540005736058005
12.13958450269539
4.526138086203884
7.4234086921860145
6.158095549718654
6.7267455679284565
4.3824360349750515
8.849242895499012
5.590263305825915
6.7598923093332
4.553786382175426
4.399024076416742
6.481723360939768
9.060422882206618
7.1716575406923235
5.156865858132208
3.874553731909939
7.737267740960402
9.003501822112277
7.513477144568467
3.142085981249501
7.469871569626443
4.011867611805784
5.85189750478456
6.892738534167813
11.561605126702194
3.8157992675758408
5.83763493365807
4.653540562779238
8.515190142535143
7.010956064363441
8.24723946481572
9.23770995601863
7.3902474928871325
6.531176737659762
8.087045382368757
8.716426325556354
6.8292179276448595
5.898460151390097
3.6487900752637774
5.4575013459593285
7.030279807229942
7.5429502678833655
6.649639200969445
6.175765461635813
9.20013815957571
4.397098747121906
12.596134068635243
10.466704309338464
8.905467472538007
5.577186666360972
6.808920540972893
7.011207219556656
6.139577307369999
4.745698888166619
6.904934989718116
5.964381643348628
6.2909272288003315
6.026231319957176
5.467020944130853
8.000807461805454
10.524377466633524
4.236080497618492
7.613807166844583
5.392673798365956
6.2145985159479595
6.422557067823254
6.162494115907367
5.804368183465903
6.334002790801501
6.632638698304485
8.424311156744661
5.372280727698919
5.717165465240379
9.378821990519675
4.605324067127303
3.7121439016544735
5.759603964009315
6.780679022748587
5.935471932520629
8.679023278180928
9.689429130500194
6.453754921044777
6.121463450965153
6.940453130614838
6.186621113551134
7.556763352615276
5.696144055365485
5.151474088488355
5.001264217294159
6.377611234926499
7.362955574524993
4.422501292135359
7.568495993999207
6.506343786651485
6.117927490310331
5.293552344932795
9.07789776269469
4.742215410261591
5.395017983391319
4.997751899348719
9.978913374048073
6.879853790064535
4.6663923066935915
7.956621168033736
7.824858167352386
5.535379923663464
4.8012950395411575
6.403272908866035
8.595578229611181
5.785744460673345
10.597272224757075
9.656866809777224
7.59584940840678
5.380960483149401
7.675284622962243
5.628208433799895
6.111576536205174
4.15410767684943
10.76163247263334
9.30791673243947
6.234287312645879
5.505983958834258
5.408836132857715
8.58233718365015
2.9092896011740117
4.626993969251401
7.940244409225985
5.070682739573233
7.886180912134611
7.415091309395974
6.3039525582882785
7.383149288794765
7.674145120731262
6.329771276219286
6.873814035160315
8.22346302941587
7.24986414411842
6.269402346707944
5.93996254731332
4.266573506013956
6.333693113136542
5.055454405229743
7.216228462445079
7.90186726001967
6.694451186951481
8.07316780588052
3.8087974499384765
7.0394382930454205
7.155223899118145
5.255959529298393
7.928112805113624
5.114078207485684
6.228229416015684
7.548220205027192
5.306626234769365
6.645855666450405
7.618712603884369
7.922808114414953
6.57475094283773
6.698385299205732
5.81111083235942
5.963580268292852
3.212110500363878
6.371255464874224
6.483346862641126
6.768297422775825
3.7278455023319035
7.481589607902232
7.102964469328973
4.325106359210707
6.239829921456869
5.767263778892059
7.653412210356978
6.136271756136873
8.644128298757606
6.556018086536551
6.318948618721102
11.572759527568511
3.138582074941857
3.910686687197246
4.834426526334863
3.792424401199708
4.7285429837884845
7.124201561340376
6.298014313087258
7.330512362316395
9.094087952112902
5.166199546726811
5.174027584900518
8.676563751236152
6.251481162303023
6.871761805608649
17.20503935997347
6.176795220850207
6.764481306804407
8.30736710413501
4.790497418085604
5.741335265004526
7.583961804800113
4.5076399119464305
7.93568783016043
5.936949287519853
6.015922691515352
7.629840891817706
3.9708851037920727
4.47321064751144
5.468423155551175
7.40755374042126
8.15755189653346
6.262018631177385
4.304494245872256
4.812539538470737
5.018123117972205
4.0957214742624855
6.614198446781666
5.162552373434004
8.59953376473574
3.5905779765754255
6.480833091326489
5.742111769249298
7.167518919681154
4.949771313037068
6.006557953752635
4.837292389129151
4.048456410454997
9.026591308857107
5.1145309972858595
7.983407228985376
2.91677952583885
7.306248151970713
3.664922150182391
6.104747572972469
7.800460046969494
4.227547791620509
3.8708265551300602
6.578205785010943
6.295930924393166
6.6814681905669335
6.939148438052575
5.689412433043431
4.708733543838835
7.467200765985242
6.295502831407024
3.709048040874747
9.827038529079795
6.967897921972444
7.123675269974036
7.276915651971939
5.638207644237029
7.612072846128541
4.204452445814489
11.129661032536369
7.402232880332507
7.506674940159209
4.937087533412681
5.952796076968805
9.68075646812132
8.39941228245733
4.271106793648478
6.291539980640396
10.910714967906818
7.926195833813806
3.349872097659378
7.229876774529077
10.594019360608147
8.54236412911393
5.8907946054791065
5.8483824903298816
4.145690199967511
5.79662882955656
5.054228173231885
8.757987266456855
7.995314218292449
8.67616764304191
8.130930169241369
4.5235319761613
4.471754472734025
9.222519331562836
4.815973585653788
4.43546900133406
7.482255983506005
6.315527932372792
9.568985626856234
5.5053870703388315
6.836564823692585
9.84812319279058
6.4184894872250515
5.314529114036293
9.76421314236638
4.536622966928599
6.259489431573581
7.497544543005056
8.160906370916932
6.308108908808577
5.27275845574064
5.92631670485033
7.314941672448898
9.342557454295022
2.5698829179399927
5.06808721071579
8.733361887559548
5.91785049870075
9.100201423166542
6.824660786656722
4.0111360164227134
6.639846795621531
7.643678167313897
4.803591600769947
5.116825689541655
6.321070708624391
5.239426436168663
3.335512072797918
6.078981166208573
5.807189219723273
4.72051159667393
8.757815325917406
4.299690311641893
6.566110370042515
6.226725629043874
8.60170931529366
4.454507765980382
7.9373565580558525
4.420611857178534
10.517808863927089
8.72081206551774
4.497882876577419
6.57568145895999
3.8315760156079715
4.76208507533671
9.437372691427424
10.160163593282343
10.42232044978198
5.2511177964953895
7.37860538569722
6.782357884862687
3.4657013649355894
5.073398843976857
3.931095180495879
8.018891628136492
8.5022117200749
2.6149837025250657
7.373663399619181
6.022646219322062
8.028387159326114
6.091449220004801
5.700698692598804
5.635274869677143
8.648570271775373
8.853708142414279
4.922491407225872
7.9333801514445685
9.15955765196421
6.845792901320927
4.273248860068357
4.88905971496343
7.743585687591484
8.111041519820757
6.801575217439554
5.062238753296769
4.900958673842625
5.693637772394071
11.321612441189172
8.110756711278428
6.881812928629569
6.58277221241771
7.5899011406884265
6.805490138537083
3.844234281654498
6.032172007970503
3.972798919681861
8.382600431490026
7.278554179360741
5.623461599010975
5.007344844560464
8.05641253818776
7.854603577419351
6.122893026537595
6.721669603883083
6.0759771024273554
5.835924251378639
6.313766690965476
5.366386518855773
9.483090226725587
8.95532916655639
5.889024956129661
5.9436524907074535
4.6421507928978745
6.4305040155599915
9.806285013186793
6.31093972093129
8.177969647175546
7.459323704400644
6.398825460977123
3.9399596551340803
5.12083924870361
7.243587127702139
7.787150076331402
7.074749460889795
5.656924703004579
6.253438512916339
7.446871702255635
4.1603268722899
6.682856613781485
5.798898995265855
8.880744709815628
4.885001119098017
8.74261324600634
6.449349309611553
5.392960015251824
5.437633088780905
6.717647329856718
8.53800433698923
5.756942369084605
3.9089439880106442
3.990432441071829
8.317928261084226
5.197063135377278
5.965891900849489
6.206142530728301
6.528296276042892
5.980521092598394
7.567643193043557
4.215435706700023
5.637307372746665
4.920270048218762
2.5809294663046165
6.315081910657279
4.592070266965904
5.77854337231672
5.175560444977996
7.293462427771494
9.701431261690342
8.001536432570097
4.449533201410185
5.753725893145182
10.066603613494793
5.196570390824756
5.487408202749212
9.161441993165404
12.265379403894618
6.750232813661144
10.86479952964414
5.712592431926794
6.5529795193506795
4.862533257928476
5.4240194765905585
8.068574785118045
4.606382432987609
4.005316471092584
7.228682861199036
5.829591980820899
8.198873077181586
7.353542446242667
8.22011889404626
8.178245042077604
6.708770265350209
4.5050306741873705
5.2184674433477385
5.267087133073307
6.847875439785154
5.880245393368419
8.645108643550863
9.173260352428521
5.068193280519378
5.671979423650868
10.233217874953175
5.966109746305018
4.245901835151026
7.136038683161352
5.457251746856523
3.788639323783109
5.557959158442034
5.672250621062029
9.724525352268033
3.154536755231938
5.958319376934143
5.074678962299079
8.572699893813686
5.293223143732203
7.07878396052048
5.6710412771624314
6.16645880505677
3.5274088309064733
7.677017000283554
7.0535339709651925
3.6095030235372154
8.493575524394398
5.141241737011503
7.289500801215082
7.114633315380615
7.27895980177424
7.110474182506363
5.3894188898697095
4.188258134956651
6.204394734958782
6.773239902762966
6.751619912805301
5.756830348623827
4.714082782450168
7.111624875107807
5.230224570122491
3.1734475832627824
6.6715467787865705
6.864081099178448
5.2152981955264455
6.006719456587358
5.3058608290369715
5.428216732243234
7.231242674934142
4.352109964403959
5.960315203884817
6.471548384434586
7.455118142054677
5.577354628102901
3.8237632539785418
7.197505670524118
6.468289046860594
8.044823169366063
6.4513066047108385
4.2750414699359665
6.905050099196733
4.011656888115184
6.94413631124462
7.829893142512574
5.729745321350613
3.3313284318873917
4.3662431903149255
4.229710531524685
5.1870394826106825
6.053393902341556
9.484772309012461
4.816738222980673
9.24355542727218
10.96311209660935
5.9608412502333
5.298011488793062
5.852715787897978
8.188769496538724
3.5725293068753503
6.46400776342329
8.158157475056887
6.281472361054269
9.167283409212486
6.936902387019088
5.2865482028782855
6.937383050520156
12.277097104302992
10.996365065386764
6.7501115826097084
7.642072467920151
9.696707645888186
5.907869574300132
10.504461164023281
6.336865470708834
8.771834473198908
6.108043122791579
9.423293692167087
4.30837968245118
8.274713885548527
7.857344095448505
7.282764713693524
5.942184099475288
5.932749339280792
4.781516506594079
5.4596400761586255
4.320848108239915
4.70772023228305
5.9146136029978615
7.041342628682718
5.295738689408941
6.270790399058776
6.271773210752954
9.717897012843055
9.723964092167291
7.677903712085743
8.808369354977202
8.807035410854866
6.066802756496169
8.20646552431082
4.952411968721957
6.983425609902673
5.181271004685564
8.26043092780466
5.841393426446154
5.053991745867987
5.615039274954298
9.81432439773191
4.2581557194724065
7.524634115769153
6.936682925199192
6.0865589542933565
7.187601066555748
6.159911063719189
3.878438364770144
7.862525156336678
7.106811650314506
12.470967347288884
6.755954249324689
7.320844478730486
6.869102340925328
4.465076008364861
8.457089268299283
5.182177646799912
6.021842660878344
5.949763588246933
4.91822797630662
5.585326814728015
4.623237942357136
8.638883778965178
5.290935686135195
5.257848533695281
5.633136277593684
4.726156306794818
6.808914551933613
7.657568882320032
5.337187903524322
7.505920824455638
3.678048417524392
4.486236881889659
3.907829995158043
7.484686758069876
3.98353188522361
4.505825853939242
6.823055309430849
3.956972391942016
6.027721762549259
3.017976680838664
8.001203340115964
6.650899099642893
5.318334038961088
6.100461372442698
7.903511727211675
6.9077432389872255
4.8223586758421755
4.525044362908893
3.9716778292625925
8.126329759397601
4.831046751307891
8.684795258585165
6.948416389499925
4.777707935248472
7.456221333337669
3.425550071469602
5.713398973844297
4.2916930236726705
6.424742567680096
8.724896295493355
7.372395551053663
6.022090164091077
10.55789827426697
6.956906895029114
7.144373277643876
5.119034378665187
7.2223023643829505
5.076950215216234
6.295091147763679
7.673687113490174
5.435439530219905
8.466567609775657
7.832256756515172
7.3528017449032435
5.064587242939201
5.879173186758047
7.0487746199519
6.375930255440224
4.938316501651887
7.272854907985978
6.732969453939101
7.242663064474179
10.403041738047401
7.374105009580051
6.869562000224641
4.346806462548706
9.120132871512283
3.976383796026036
5.446210846706336
10.267846522175747
7.45072274507864
6.302673787463943
4.227148056022452
5.397713331788745
7.307429072165685
6.142308945845693
7.351449811538098
7.073244764908776
10.736704352474934
5.501769906881758
7.284472962994447
7.739525106635339
4.580063199420632
6.312364019827229
6.361901849545563
7.652424218686751
12.425394439633818
5.6232107467317185
8.284076106379441
6.61750753755099
8.611997231701597
6.858509050121062
8.870570753178587
10.175948206025867
6.356337254863988
6.330881630063192
7.219662785474677
4.614765619782965
9.173316332699288
7.405255333268536
6.417491356806285
6.892168791635486
6.9869713103552336
9.91117670900334
3.897727501178252
6.336267018446215
5.541846944722438
7.9568641909444615
5.029115434163732
5.7036711587843625
6.604596245099822
8.957047242525565
3.627171168482204
5.215184294424034
7.060982236750231
8.275684821131106
4.957064335116498
3.9145294226841076
5.6741031746030925
5.211433082533875
5.159958522240634
4.8041505569490255
5.557612964802928
6.625530319338653
4.621551724758762
4.182583544915996
4.857496532352968
5.441572545744657
6.250358883901093
6.2196215105814385
5.208765431680882
6.240670374795539
9.155699015259918
3.1730090750791176
6.873884339579053
8.018756676904882
4.891695318829647
5.850644431597248
8.019953947493386
8.041204577138364
4.583222043064143
6.177380503523365
5.733847834585591
5.16281557701633
5.742576894732116
7.148152431330225
4.8774791101764725
8.197629412014475
8.155912151038143
3.5455883509804593
4.7605797842107025
6.731076412415367
6.5787066407178925
5.152602954193391
6.975541348090299
8.929516473818067
5.3774074454895375
4.101301949319124
7.016374398494602
5.006823902900088
4.686867966083919
8.283166121171899
7.32352245208084
5.281159614583268
6.135630742069973
3.0802275953972202
6.571418067729437
10.16211596659325
7.232042970686373
8.07046101801186
3.5786928684976607
6.572132436396084
5.52245519705014
5.542299913824749
7.173870590053608
8.752317275033459
7.904942542636517
5.258538603055694
7.432240223928428
7.320166074711788
6.916800478567206
5.9397865320588075
10.390049989682765
12.063146682213373
6.665448947508843
5.214097581016182
5.6563157195831995
6.81645516987342
5.929245424921961
5.798018435019949
6.988766901553858
5.628880537708815
5.974692746300034
3.4021058430203253
10.583883172040686
7.514075072133602
4.569242119655944
5.381116710345285
6.849658777355204
10.62897574211855
7.076683143457268
6.653260642017621
6.802138019121595
8.052366675430065
10.274120351764918
3.8588352924760656
6.588811097952917
9.85872070959385
6.460932737618381
6.712068876249763
5.683618301699356
6.514574143399049
3.558090540507651
4.973231756973655
5.9629441830806735
3.9630407262783844
5.393679272152634
7.80608244203471
7.271796727108713
8.174634301549174
5.82412137616378
5.183254498867886
4.52716903409692
7.867877175600658
3.78759734289901
6.344912380513347
6.42528657385847
7.103045205965583
5.758870812574455
5.525389049328662
5.5529201781660475
4.478401011677121
7.430526333119297
4.880751767615324
7.509035493659827
10.318936943926966
6.115173984525109
7.7143549230530395
4.325003793013351
4.905905928325309
5.686098021898654
5.033029354246081
4.490655354289726
5.585199808167233
4.749148627245499
6.874194779828868
6.103764807142289
4.7248964045369535
6.249536995663723
7.9694975779837405
3.6391227504053276
4.692952070448299
6.579447033369693
7.040372747603573
7.804558390513009
8.259099203921709
8.119757630804433
5.327967563964226
6.144349196796985
3.6918925733870656
2.4834549027980897
6.345614550473488
3.519178842477375
4.936344910540546
3.957360686916136
4.092638267768307
8.49688751255924
3.9236459015795138
3.047555791533164
7.135158124025429
10.290538113375264
5.037371180651451
6.7709082635846825
6.640839450581418
6.848353402146598
8.306579932733612
5.7355359939159865
5.38014806586096
4.737969312003897
4.706906316618739
6.246973378526344
4.548098724919701
6.068743403947186
4.024494148818203
6.712387838742884
5.488953655865978
3.8965300081252097
8.466001978359644
8.050089751755763
4.216728128523625
3.7229954285075846
8.27065066032117
5.009344610335698
6.666947339458802
7.986854464979317
4.472228072978839
10.815379638859426
4.824603629484581
8.203049626424018
7.231168416715057
9.963324085513742
7.91265585640596
6.419755785073622
5.628897962243991
8.81745088420765
9.456003299860296
4.113599474869154
4.30184859831482
7.435086254505799
8.955400279498539
6.358000442080567
4.887408625963878
8.259969465465304
5.078896682346127
6.5875165866111045
6.220427317500742
4.0374620812714
6.782857310582975
9.545765563834246
3.5827608612166926
7.054491158797514
3.8909701123566696
4.75705987227273
7.786868928358036
8.570680910767779
9.771004997860544
5.649391665298119
4.548399649294079
6.42016234926033
4.9790024693862955
8.701657159774522
6.209166564678173
5.851677994340592
7.8663209517314066
3.96303870235184
3.552269597320803
5.6046178047577975
3.4384124213206047
9.008570018252696
4.184101772561905
4.154941225852729
6.434005801251992
8.198001835799463
9.052455909066545
6.175977859941476
7.595425186908463
6.709653762411044
9.923003123077823
4.288250364136886
11.099650433718024
9.839956824709212
3.3555922316424134
5.267033715009033
4.643922214415552
5.976513836186665
9.092067513002341
6.055193486983558
5.959036130410142
9.714344206534276
5.198960175637669
7.1335308354148825
5.68432135298185
3.3363742925368673
4.704550278052154
8.508399217863554
8.342413126013081
5.661729962284944
10.307241177950615
6.4152959076265486
7.266905587128439
7.186659964502253
3.3687926114010907
7.752552408181655
4.570722748740915
5.947523006332615
6.791225598646706
7.105976967801789
5.649804362461995
6.954089499634833
9.041205539783773
7.430508481136265
7.433968079761323
6.4848426834072175
6.302877751938156
8.686803818562568
5.820625284201933
8.199724960288602
3.608920780759091
6.815571215003713
7.418265277593343
6.691189802220622
6.722070430759857
4.595469773019833
3.8230175363097403
6.3488208171538805
4.325931192817971
4.904915547636624
5.487776701336999
5.350241148540196
7.198170447069177
4.713407487917356
3.1653317684228703
4.764254269647223
5.341587397944688
4.810529465750454
4.413730691390643
5.220697949535375
5.361215977676277
3.3986335691781595
5.991490940027545
4.94192630123193
5.3244361584170345
5.976080611109343
7.401304970272414
6.333367002130648
4.496514085000477
5.9338789760763015
4.4993361585579335
11.011958931424735
4.286416287629465
6.696867753889022
5.8176195832908855
5.054064090638626
7.677909200954533
6.789046324996932
7.771295544730453
9.619930516873989
3.8689702346983115
6.741145720052251
7.989179267034078
7.198021845765977
6.726203150146012
4.535692905239927
7.069695292860296
10.985741382789087
7.7496805676916525
6.423442025656106
7.380031962002824
8.427191913725544
6.290475233264066
7.4947531423176175
7.459699821913529
6.3883535654648425
4.697509022861975
8.955234199870867
7.417063145629364
3.660430034997697
9.113472119986763
4.561633746518395
4.743410766227962
7.584065911172157
6.64424875674192
4.793192002481174
11.143309921411769
5.682876095928171
4.870956687499268
4.672030305152132
4.296480166273995
6.732586421463284
5.904071263231662
6.731242184257791
6.799682135757723
8.892554430563964
8.027409814243304
7.169895842967187
5.733013373410145
7.708263432581436
7.515532841555629
3.595044953930876
5.167455234675781
9.680319933630113
7.875711539115554
8.567422339459927
8.980748349345445
5.259880312856541
5.515637087691997
2.9545995137946384
9.742716334160697
7.639530735363589
8.523711339531657
6.119704807049964
5.153227256014071
6.633669163197391
7.974489757675858
5.670654171390373
8.241251080620263
4.5611135028223
3.3568724439946656
7.201597502716579
6.23379094942971
6.881121191505839
5.505233655171955
7.480897533525373
4.668482284630505
3.772682683961697
6.7710938894630175
6.641396062206652
9.97052956991394
4.193705689471251
9.016429542446573
6.4998620654713815
6.109029282850615
4.508432532421097
7.565710577196881
9.174032035317197
9.86577208874562
6.9858229720517935
6.405274097451905
9.28643911936908
5.440095111821022
7.520580947823792
8.002975628132617
7.201562311720827
5.959689541196073
5.784894472115551
7.713925249866728
7.411009788239113
5.74644164484842
6.341765216317113
6.609433781559757
8.213022190388063
6.152551410461041
7.263111449131038
4.381327161962853
4.930157900546275
8.714255167681646
7.908531856382785
7.61949322736957
2.2058258283695094
6.951000151494046
6.587152799660909
5.834446517157145
6.109067277588179
5.586338090805298
4.592354205015286
4.524454046488941
2.9215160856998708
10.923302473617854
5.767413540068513
6.390172453787608
5.465125428482943
6.345947607691575
7.010289925945654
6.485917825178501
5.98739813616906
7.593331958456309
3.9571973830848104
11.036902149102444
6.139425740790273
3.721282640092623
5.6955570090546335
4.744491367769153
9.812959046489063
4.64079657235971
6.473623833861282
5.721583699029765
4.0365650527570835
3.109289629324653
7.383197478457627
5.633755634415523
5.054878037113537
5.744999482399192
3.0622126189691548
6.958534294480721
6.942238063997803
9.803760942883553
8.026539474988388
4.801272929324509
9.281061654341643
4.934150173524767
9.626497367721752
7.192546401540772
3.9289802182854077
9.540607286659801
6.624901326471758
5.688619968834926
6.053928704672233
11.437763282318835
5.99737167110614
4.712879527758786
7.529075720849689
6.916380061268754
2.517985159324385
5.108352111847768
5.569251960178798
6.787730552857949
8.540492558353622
5.038767993155206
4.5843813102392765
4.152164039274441
4.206532593441699
9.668377673192891
3.2082718603468257
7.132944864784985
10.963363312433462
11.648087180507261
4.1013167075117565
13.012868402719807
14.810310965276452
9.839735198067336
8.334021986772004
17.602258850167047
17.728444152140955
4.828636173611417
11.28656069636146
9.510595263999303
10.129011541752822
7.113583750313001
5.388292564311001
5.847133986629973
7.990045446482097
5.629942549436413
5.134669274860867
4.434770101756983
9.0684152747344
4.356117978410605
5.22538998066292
8.65077106575667
5.580864026088353
4.645520591668404
5.63004660541537
6.012950549895132
5.464398832021019
3.843125436124919
7.238320870277206
4.417045750082172
8.037180840970153
4.186251671728349
6.621417771336377
5.817313545487574
6.485571668376752
2.9122747183427244
6.332271438372442
7.396266824167245
5.48085140915528
4.11271486290981
5.292752059809964
4.079223665554558
4.956464569151948
4.610039367900708
8.457121718870457
7.824040431793726
9.097273912404921
8.78030616244693
6.1100864726267785
7.1313306332785
4.304189534318134
13.47394577345371
4.910472933519516
5.474405841574813
2.6757386266120955
6.6382030767008215
5.680456567412358
5.522816220268754
4.205728333479988
7.691271717525853
5.457347841050465
5.034141215491104
7.591488217733912
5.965550144535184
5.244757666259522
4.357860530057419
6.644911937335543
7.944669992606444
5.668611293961953
5.003245016230883
6.152521218228125
4.271932595144799
10.01114672120604
9.785264266885152
5.028920738598827
5.467278363175914
5.4561550265378465
6.939924420923488
6.320355226944139
8.821364806845319
4.395888562975016
6.285669093145113
9.029397060677125
4.699033325250369
7.746940975922589
5.517226672593935
4.981297588376659
5.3595101857483485
8.000138989751102
2.112929367337444
6.2281825312926
8.184420475709011
5.114126525445572
10.181538225997585
6.293054880837208
5.986626727702945
5.129157498628439
6.901454617812148
7.344255457494933
4.823894159429521
5.010979523532979
6.481864950935284
6.384615220172512
5.263195672346416
7.2525540557749375
5.890863817776547
3.9981818110908716
6.70440022972099
3.828978543784939
3.7194709903973577
5.218590614838217
5.63599818916586
3.538137612469902
7.629266147592392
7.620297669765322
4.209328888312768
6.014743875634158
2.486320497511764
5.363771627822693
4.137504018778646
5.214867204396797
8.721094438730645
7.0670005072230495
4.194420851347011
7.205826856387644
11.272660335535617
9.772670907044981
5.054660006528162
8.967379907316458
13.869396108429186
8.118364978415382
5.030453525240962
13.122298931950999
8.188246685152958
6.45362350307181
8.60277464673292
7.251692758435056
5.77972773672686
8.075334070520897
3.6765852584635925
5.249158965031437
4.90407672560793
4.953462582281834
5.990563430048377
5.417979901876594
4.174534241073351
6.040373281258834
8.608840802752264
4.725801416537707
6.381881731641352
5.472744135064467
4.335760705419709
5.851073527574037
6.6584820138350445
7.274794007859521
5.867752140492119
7.910644963548321
6.3006338068035
9.914610190854091
5.306314491453371
5.6048099833878195
4.601190158638105
5.192997676673445
6.068947237849752
7.129846547907805
7.262847139029365
5.522567157194127
2.7250395754742276
6.584878846041445
5.785622495833948
7.8736614595021255
3.1223284870743764
6.2661385037833695
6.175697437545394
6.065582153444849
8.925646692732812
7.133013873639634
8.651333326785942
5.780794587989538
6.229820227369848
5.177915361997027
7.102673534477641
6.585793695088943
7.502857284800464
5.4816089282920055
7.295169706637171
5.706973079173206
5.624057555743148
5.763222498024853
8.039280863948745
4.896913056698183
7.678683769902355
4.906084627531482
7.1865705965792035
5.928430588286105
5.795630715643534
4.601623693369012
4.775591110494236
6.869545898429519
8.594156310352039
6.853986888400068
5.259893204711676
7.147194450866394
5.446697647589203
12.276328853234123
8.156722300468248
6.5823984734291905
8.031835545680838
10.3622942294499
7.108741762076944
8.091770913149768
8.541143761105383
14.42611870925353
5.50276082872472
5.994189649167167
7.420682717870984
14.254993056444295
4.878712562637635
9.055587043577782
10.138524973614347
7.119626821373777
5.5775038767526715
7.917020441870723
8.370572556061145
5.0143400979436485
3.914900486291047
5.099384053818991
5.335306316272866
5.791191019510656
4.755195402378417
6.62801253995723
8.53789381619407
6.835551950524869
7.8752275692561975
6.030406521307796
4.358257224170746
4.68928581831511
5.981173155458762
8.805666335438623
5.507884866700687
4.905563530578476
4.254497967663892
7.8962178790436015
9.035924616817379
4.459980260816116
8.111690839603316
6.261070112841555
4.366605663005096
7.830948967471231
5.5971388950897785
5.808387243675884
4.208501280306296
5.233401411775811
7.058872033160113
6.698314356143496
9.808685389829929
5.805203876070614
5.6570593597264605
4.486539298958755
5.979938016332911
7.732985780493669
6.639189843480143
8.485305943489553
6.8917988452171395
7.400475707899541
6.577518960358384
5.4304270883412515
6.157451285590978
5.1641073719392425
4.905504007922215
6.801723971623118
7.66819566697758
6.976077495131748
5.429888104904449
8.301003852002854
11.135322290942643
5.614569701999289
6.281900188550672
7.612323489704961
7.275978282672148
5.804942623274824
4.957810458859138
7.561421503680266
6.0543857055407475
5.251371864097236
5.983429198043682
4.660230026367342
4.978395146645083
7.021265482278894
7.512724530390494
11.201631017983564
4.5744140818795564
3.3585704611095015
7.936445686082114
5.363190677581719
9.162649641860474
6.13585231410139
4.710450868459112
4.006001885325315
17.77883597960344
4.473998305484973
8.44902555286444
10.328417205587034
8.392985351781954
5.159758280779609
9.593090667030136
5.124295598944838
7.223499028819624
4.227307998137202
10.275661874335054
10.859560031081786
7.196602626006985
6.075157395485443
6.227929960585025
11.71101638326907
6.267832854640217
4.410346961774309
9.351270907158275
8.210283153494235
4.383120438127553
5.83480070197036
8.47311217756638
5.280714958431538
7.14655260012301
12.614603727291868
5.063685548319259
5.894216254110284
8.940878585750681
5.53730642081161
6.023326632908416
6.783584084027283
7.9056119808369125
15.72732457070879
4.6492063465107485
7.078039978496266
7.5964968281218095
6.243864052253387
2.973954905955357
4.094507623949636
7.5572266700990305
3.8495452029775405
6.898531163415361
4.858215554882073
9.288207393610973
4.799200456086663
6.303899499869122
6.761790370932476
9.626417982709297
5.293356504692121
9.266553205967023
4.956409786735059
4.838393941371953
3.7915675892233165
7.298180674046222
6.084926699813448
5.598404440489273
8.85087692733993
4.350511782006902
9.513619759294503
6.249560469337294
3.683107200585719
6.710188864535518
4.926301858534363
4.927713501467674
4.672843915585516
6.670813791231217
4.145355617617301
4.064660465371493
3.2074057969728185
6.138395657111768
5.732328620154307
5.509927061897323
5.136086717729781
5.594096201096538
9.143487328398486
6.761054687238184
9.7330705479431
6.300844056801901
6.774699482282803
3.934704710985095
4.981962373752034
5.396522944248681
5.984288167583165
8.237877099451515
5.004640189902145
6.252943476296983
4.263366069238648
2.810968963027407
13.143296349017772
12.106363714215904
5.184590909090052
9.284875614612838
10.626223549472817
7.049834537484926
6.53349671831817
9.591457981219008
11.535191919973673
7.933405627828516
8.024655516264419
13.1437586091999
