2862.290589553629
48.393414679439665
16.695742591663187
16.977708353654005
17.56283026284399
17.150590355314094
19.185252514538874
16.97765850178605
18.283246883133735
17.875805503567985
16.60429893690871
17.139634251914842
18.39352393276062
18.685810706986636
18.12226179532687
16.870644636187265
18.200976289091642
17.27149119105529
18.436519041804196
17.207375614820076
18.5803987379265
17.745264032182966
18.625944769881613
17.621053116123335
17.265036550623158
17.461406030048796
17.306845120426246
17.395738198241474
17.179099657772166
17.07002930289053
18.30976061682694
