19279.59940809048
11610.217225602293
5906.44916184186
2289.566277506891
432.43708074419123
34.47728885549022
624.5394165611599
1629.1780122976977
2447.1441629764654
3087.826491421786
3068.8242725176347
2679.566840550592
1992.2918817220825
1407.5221681983207
860.2476145362532
398.7855648081911
121.05169176024542
15.050304204397861
43.39607285023732
186.76185736164788
384.93983742454543
611.8135964245807
612.3078908881662
683.9923762591657
708.3918670320204
628.4425575541676
443.6584188893112
303.97918267709446
195.58298156532666
86.34642061674921
23.106341672293315
14.15731675869793
37.579860707877415
69.8222816032545
151.42562826166278
186.20934343222393
225.83674020411837
208.05510647004763
177.0980980293339
131.54962349570917
86.95729548980718
51.319313597540216
29.51872232960564
14.90169964700645
23.82769601423364
27.410390304955452
37.8576845398312
59.441840985288174
50.505311652092054
63.99692368628824
48.015723892956174
46.36883478371641
31.109753776855687
22.760544535109307
25.220853248609266
16.244484969309045
19.16543921301265
24.103111443829125
30.455264125440102
25.305983421065147
26.395813831218838
32.703590241170964
34.046016207788874
31.859851634491655
22.82320878412145
20.176183654034663
17.275490052973495
11.973494824937376
18.675689543156864
16.561785915952893
19.717597654215833
16.882655142064053
16.709632535410243
10.099928065960677
15.95126918090023
22.48773685945106
18.515092065503435
19.880475047868526
10.732708523930178
18.47745392156048
8.704797351472237
16.411142902347724
14.712094775482973
11.044102131923411
17.38363850261688
12.893786087875378
16.01202382058095
10.890607549753339
11.324979873322278
27.230676283756544
17.397619703828493
23.48102892666277
9.217156101624528
7.191502482332387
11.11387337256287
7.963789192632865
16.72391772196612
12.660775642807797
11.5987137455646
16.14728377921265
12.406694185128
17.419601899616815
15.687186175675913
8.481896837607163
15.304871259513863
13.789482957516933
15.56709568614781
18.15996376595178
12.015506409739649
8.05184469421825
15.230250571618651
24.53981350579375
31.773752621729457
20.83617030270724
15.262958994359884
13.004863052948371
12.391315923051282
10.146625976216704
17.386022681024542
9.516720497540467
9.73866427594893
13.341576154284713
13.105370851046969
15.103323260460785
22.528386197439808
11.059743114752056
11.314363950937802
24.856175580328742
12.720738909170706
13.705739362143682
14.840935697442879
13.53131030259163
13.711878492608259
14.43284007600629
15.976951288214588
11.608536634502792
11.436593955470412
13.905330501746437
23.583734041370555
27.74358815214012
15.542498041114005
16.672185257360905
12.825888467116448
9.830632335991032
15.278252015393202
14.277941683334058
14.956595766666478
17.0076704218113
17.42949527541532
11.03913591372921
19.95240669497365
24.785328078274542
10.456514068408183
13.700718590195482
15.870992274253709
7.594913096579216
5.74500808028597
21.47599696478237
18.889479369914074
25.642326724221494
14.390329240719483
17.886077311068032
17.25721955815571
11.530151614649855
18.02875145665701
21.81811233952437
12.057865397547626
17.101914435206325
10.076451234644088
28.74382944171347
25.285404162737745
7.409052528267838
15.09096613730478
22.70368817255389
16.24371213855465
15.65268387502852
30.98109556938018
8.803927668051301
11.936420125558485
11.732731068894655
9.462120473763003
8.57368350886001
28.13794770043776
13.904356420519862
18.586077054178702
22.083581916659114
16.8935895362652
9.934813696841314
11.845806896934153
31.99602377612666
28.743638892822315
21.71256256782036
18.80348390943669
24.888500972739656
10.892835196683254
18.274610967790768
13.01802275420148
15.523716728771836
17.126391122836974
12.998332155065592
17.230790036435202
7.33680680853629
13.93087346245403
15.806561752201723
10.6837277181966
15.108321966540982
19.980871695628753
13.805526720147821
21.315028630767298
21.024052315530326
15.890917451491864
8.650112659879815
14.480290221922898
23.44589817604622
19.707697187258393
21.074019081786897
21.555002917523467
13.98757937969135
14.868014516431755
26.004527926503485
11.214264645180211
30.892376752981043
16.423858255347547
19.331892178550856
15.175062040515089
17.216287837450082
11.571386742352628
14.659086612295042
13.992308195419199
21.39965584372476
6.261203206245095
16.32107538280304
18.339278026214885
17.4664212871338
8.651233628573577
13.667953544758534
13.688828364668323
7.414589258413888
11.809975493571796
12.867191047925916
24.30613116894504
13.288027215793457
14.00765986693195
13.720310575606188
9.714125756579461
13.916481200110898
21.88297824230335
20.57325681687944
16.974145810446597
19.8084508147516
12.292629335833052
12.330392434566194
17.672245543461322
20.850021299775985
17.63003290003806
23.391516639391483
10.825890429278228
19.464323200205992
8.783467477062135
16.78056130520117
16.926194701745843
19.180930092174055
13.891991624699296
12.287176136625867
15.206755369966798
18.322105788475316
17.402946411528035
15.580907666946947
25.281274939044213
15.401398252247347
23.362282361554755
9.491627515479081
14.290606787667187
10.573880272396687
24.35271433239325
6.485364957169562
17.22235591311674
21.262270896893504
19.23839442132537
9.342718039814887
8.641151630488322
11.983801386564204
18.621924380258267
17.497455285190284
22.691170833291068
19.044312191806824
17.573920844263775
5.4765738487735645
15.340494390406956
37.435915525501024
13.86242696895747
15.81120696182774
9.854844604384972
10.288879167837857
21.697775115633185
14.200267575305611
20.978100841296452
10.161093681733858
18.206018855570484
16.024203348193517
14.846083748515031
11.299215423262407
9.946061403540774
19.391888871566245
21.72058836001244
12.112469943388076
16.72227473102767
10.627250835552948
16.55269584038068
16.44389118303503
13.073084016447167
34.57147677232045
17.82028837123734
10.88560398737555
21.822903925092444
10.782861744095406
14.822030272698935
27.227897680877632
9.652174690409007
17.795835309672402
12.54447960141836
18.121227991614163
7.249493809574497
20.77629334099885
13.186572925430248
17.04890002429008
12.168595008871119
11.222599122471038
8.496354624834186
24.342672120083858
16.56504234562349
14.30698082132377
15.997610974096249
19.144313252271044
12.954243402234217
11.469228438555156
13.178519981182202
7.65530004764747
5.133844263072758
23.448228629155523
20.60106905533937
12.606428998153344
12.56898976751236
15.638226140385825
8.56779755378417
12.150747479527414
10.284110265931202
8.986985523881007
13.406206456757092
17.763129347046082
14.718574717387392
18.49288882986194
11.156194485410191
11.141785498544287
15.394783078974635
12.030851811447189
14.665795219006606
11.906772384457929
18.080837444640842
21.248255706637153
15.202721326764113
11.559649497538873
12.025753677821752
15.371188125072962
13.332075137487461
15.624236129356655
10.5567113037745
17.098518201437525
17.561414565816865
29.125868064641885
23.537977910487758
22.65364677603592
9.39688440809358
22.006119063678046
20.272023057619997
22.920813828606516
19.218848640178123
22.00463640568738
12.284548363256443
12.79358507094602
8.750212275647463
11.761830582241762
18.09722908192783
12.210182307561231
19.82619172028885
20.099366640216708
16.998925022465922
21.02542149513834
11.39280821374669
20.82688207873812
11.101557411166839
28.55109558979891
18.452578680403025
21.608035300589084
14.259836356964689
13.673418887490406
9.426463225063884
13.83295873600783
17.59519920412993
27.5296233015312
11.92781265434936
6.915812526949826
24.839146236035972
20.713248507060932
23.382534820730612
17.13346859172135
25.40182826827801
16.931262013938458
24.04072483932248
16.731373977955393
7.79000931040243
14.752583321768794
24.99455807496392
10.14172975074354
8.01647907586072
23.778858269622997
18.53976874818417
16.201073599990703
18.0607704561661
20.02742079156957
19.03161136066674
18.500006262595246
18.184732827488812
14.57179787784554
17.260062418904486
16.76912878096563
10.128662766951704
9.448098996477325
17.739083225239185
15.902017845470324
10.322106179146479
18.69830499189276
8.747625033454229
10.84277156084357
12.55287641448389
9.133729214985973
29.282334652635882
10.183540516418502
17.112652615035774
9.282137925019217
17.00263428465753
9.217240511854701
14.286215103981812
14.863453889233805
22.78749940244398
21.195500754903538
19.49832482234083
14.84115501499945
12.626221984339283
10.335238847812839
17.697877956957644
23.615266808834683
26.67278625531256
21.768467450763758
10.010574388837217
19.774319488652374
7.600535986488651
22.344168735979956
11.959034226135945
6.052879127944352
15.277547341643901
17.529605963957316
26.47121761268827
11.186819437819675
20.23859136639566
11.747070225366887
12.022910517986901
15.9779141605783
11.829963823146825
19.920907491483465
16.795126121499358
12.708540884647373
10.535380674954396
6.652418649143736
19.704566344740105
24.183998789919805
12.102826034922593
7.56597587062888
15.30570658833192
7.987677238736294
13.604148206186844
24.505083151463865
16.690979387802848
12.040198654493631
18.674004211230432
16.313925995772415
12.614585184542376
9.677964317532453
8.718700440064406
20.067766056977725
13.561323826254029
30.119937537503873
13.714166289622673
18.39724411610111
11.31172787665668
21.165086518637928
12.130786828362163
10.558380371303295
29.943494476984416
11.779185411370413
13.624039805771876
11.153553178511839
10.016147213346784
17.42647444488357
8.574767455303418
18.337587911326516
12.519392261751427
19.63038995626065
7.694144030586856
11.79537672631738
15.30365520911556
11.777496863568514
7.274533329325411
14.482465238696566
13.27911825392233
30.195263458943515
13.440987779633632
20.673364891680748
8.833166114226056
15.453087104888702
17.26586516265605
13.305958722942856
9.79103973954528
14.841775151996028
10.577155206866774
15.936087684319967
14.444293351640958
22.538249919105652
25.143242218656198
20.13537488524499
16.894310986023246
20.899914778592624
12.425488668070104
9.770252045989848
15.050699018138602
15.24190350863365
12.079379882505119
12.879306290099438
18.91015890963292
19.042218292203295
16.792943021922976
12.803147309592354
17.890474087254393
8.50334157627021
15.772170076280561
17.507736334050335
18.627135044443158
16.10460840846349
22.5801920286056
16.773858237970586
11.131114709793442
11.939560355773363
13.602640863526824
9.589130300874224
5.021119953475026
11.59405468458007
27.046561338342585
21.294875670355946
15.118062098506952
7.591094622995125
28.831466608596735
24.114210741122104
23.378935650634357
27.225430468517036
16.664986245433575
15.461648595136362
12.745074902241315
19.604417137994545
15.33945274708837
12.521424736407797
8.191171355561659
12.449979932496788
11.655442377278872
19.3181269593164
19.541033220989295
10.394838259919641
11.455255220405155
12.07218466985718
13.034711907114934
13.81915550091
16.710283122300986
12.887904507784953
13.529296558238729
11.188997585400955
13.966291486516532
24.60825175056476
12.38022956609558
14.001764072761016
14.452895019244211
22.320406183943817
14.036256163075715
21.642549011699383
11.663961855047216
8.3271685543311
15.319364645219446
12.981056218492865
17.581230760598018
6.343151460562329
20.872488963205104
11.294390502749877
11.522440123326902
26.04805839854526
21.943319082923697
11.37538953516101
21.62014694632794
15.534577091843605
17.772458416440664
15.552893052179076
7.599611413739633
15.50776367651162
9.4800918695864
19.782872393931957
18.11974275522247
17.468068799365724
13.707688351792987
8.18543477955595
17.401157110927624
23.724383147804616
13.762553637124759
16.208768389977084
19.81357565491548
10.952994966490648
19.164265807141216
10.131809161087144
21.838766833488794
23.053067996766433
22.016257879543062
16.72480181066588
15.10445538047449
10.029309486645142
14.723358861222216
13.391559593793218
14.165666505516658
21.158637968781253
11.729172403662204
12.33475240708667
16.13329458676132
8.004699363388395
14.415955114532109
14.404077228105894
22.520495735978404
15.027480994880055
11.303769236081655
15.755494631816308
13.837576147431022
11.083200390174119
14.411418109548727
27.354424781251712
19.811012490448007
18.987775390055273
19.220733352854484
21.688133410966383
10.475135234010885
13.38555520120054
28.908223067193283
23.147335159392238
20.576049711330345
22.878374557793556
15.719708446689307
10.494994925326084
26.497050380763064
13.271589255438027
24.103415445966352
17.690625887174992
12.556883196779426
12.03026273119398
18.873624407498422
10.757852585994932
33.6708754182415
14.831415302342535
11.200312109400473
13.301449666221805
20.550642504876762
20.450736657102254
16.605673961506252
15.338974412055018
24.300983382945198
14.142719788990041
19.89498264809133
28.657382833887524
25.09525434081099
17.174066043625242
24.420857464192235
26.79660461655301
11.2288618540368
19.801102257029417
17.12692857997528
17.11781771727548
14.326300361452086
11.299723055412809
14.39154663585375
20.1400764052139
19.09311303230241
15.980666242330898
10.542247124639054
12.56193541991903
18.056722298180848
12.212990575411105
12.69275882945348
11.647295559319309
11.698450896715313
10.641132209347013
19.87563438933177
19.338635833208766
22.76357125066796
13.320879516704922
14.687609495186003
11.192597507853447
12.60477753524693
20.913581186029585
25.625653434594764
17.928663710787728
12.603929808201277
25.147399151633838
11.801622938765565
13.963246590589856
12.846183316526394
13.279067928776703
32.20833136158588
13.219106257319218
6.4830695397390325
18.965396109913847
17.31289775625145
10.696881621145696
17.965770021640886
19.05999989046544
14.069408991703982
27.161757378135032
20.27438717782824
11.539122304566822
13.986822676004637
14.022849611831422
15.949689204460253
6.785157432177405
14.071651284600511
14.690092345538034
20.6002296420118
18.22839507674006
9.382191884110016
19.043002329942347
33.18503298798209
10.591218515150935
16.11288723186693
15.572854864341851
27.558579373816315
13.854183230200512
15.268012705092618
11.493855388360142
17.55809203737097
30.09308676419367
24.43008526098129
11.843654716290139
9.989337346238864
24.552535400635374
20.646364704461508
16.837051115742398
22.849479579453522
14.584632075848884
5.884543686646103
26.22089330291798
20.49199758183625
10.600822601742186
11.189138351330598
12.089033651353175
22.392498402409743
11.41193860537721
18.026441965271527
16.802662330108276
14.532440215552816
8.855792220443078
15.421487684709776
17.470912043143684
10.990302045260776
10.728277446314245
9.197321984020965
11.951852484544542
10.81263324317502
14.61317409995378
10.574551081817079
15.237715609385226
9.585119052718417
23.756097888690935
8.367126214266648
14.151315621123686
8.146245771247166
7.9050164442334205
21.299700560285302
20.412662134184465
14.801043079333484
12.968068577985251
19.901202070068166
14.566574059110282
13.87182666681572
15.685539713126412
17.250077867130003
13.095441923921813
15.039026903649988
18.298682854772583
13.52762501999207
17.33314259977081
16.68114743697915
10.594898054314253
22.20764540478608
11.741254724395516
13.432601136484761
16.968177918637224
17.878794921719017
18.518912981993537
17.05525263635232
19.26328068391422
11.76273650159409
11.773494904850839
21.02273039432706
19.581396100725996
15.295314526431113
14.813092430287355
14.993600627720655
8.395467905157307
22.885554515299393
10.909821906501715
22.609491658749864
13.973754321029691
15.303231854620778
13.350290072472998
7.922965163788797
14.352469091771503
9.59326784117783
26.82349820528459
17.256461449944585
17.78242348515793
11.708477483140925
10.295730447164209
17.574008304927712
10.054295323179623
25.821464933200694
10.57512830958826
9.766184315071817
15.093309263769752
8.106323884082547
13.798359718792511
16.64460405131914
17.367767870155983
14.90351986706453
14.387548745680206
11.735742699829203
13.39989869224159
14.352235639383673
18.23549743184876
16.768949573776883
22.164133835128773
7.941766300371035
14.000447750811972
14.410853488449984
24.451374215770077
11.479870834874635
11.017773757581846
21.7438085335688
15.25263135608435
14.962562239120064
17.470297903590918
33.31411471582162
20.39428025324841
18.838951119824284
14.124627708234835
11.84875103882598
13.104285546119254
19.53912934043702
20.769513188975818
16.70173199623217
15.883506225229564
13.828260158348732
12.098111039514441
18.979502918904814
21.41834427806754
19.978506368220565
10.659801946289933
23.651498448040897
13.795068235133895
8.590749888223987
20.434664326591363
10.003788661449219
11.584576922401613
25.421244940662525
11.333861700168582
9.56048824706909
24.111096814175838
16.910801313368694
14.826418758844277
9.267253822009277
23.14092375491932
19.32011465868164
12.977052983438803
16.327874588235932
11.479791434054205
8.910433924223026
30.318437312090296
15.259721115031134
19.410821749660492
20.58039994651401
18.107543389346866
13.145471598766662
10.244970306871581
10.631307106337934
19.979378502531574
12.210729255091927
23.310582910616766
9.781332626265613
20.622262110602463
14.062932128335595
17.27320751150472
13.65288676408292
16.394078823537956
9.542413837346826
7.7069646662219755
28.690150334850156
14.793173601309844
12.669681754517423
11.501433989178613
15.314134845001135
10.078648630307567
20.81892702252205
11.234798030739974
20.3403297750554
11.71764551753941
18.818579111369907
9.060699891185948
9.708599783408866
14.737326399619333
10.70504032589736
8.639154941727831
14.601293885864045
14.590170368191743
4.455024036128628
14.863636363655939
8.209473877134341
20.960573389431662
21.12778892079309
9.760040654640997
13.073019580960278
12.890227153732761
14.115178225125161
14.403963387747233
21.607888236037663
9.682872625015474
9.050621042003257
16.793346183285696
10.466791745944432
10.222997405982701
19.472124666725204
12.601099077493789
6.302983742182593
15.590738475857693
7.478906134581114
11.125243132605773
19.599240117466795
9.522856635250088
10.250807463159994
12.912197338801295
13.15583464998486
7.242499675227611
9.025934257146282
8.144144237344113
18.065519153548344
13.611089123554276
11.835348621339833
8.145912546720357
17.094297282854797
12.772495075429473
11.948910797217199
12.887298345439408
7.670076369066442
9.982175565384766
13.300014902835974
8.008057595788042
11.615379615960991
10.66892751347118
16.524465647717182
12.062124481065743
10.449814226364564
11.475557769069669
6.69944765675193
10.812673486098987
15.086480220078355
9.845860494552767
11.010456019173931
12.10339642196133
10.364181534064477
10.302164641702682
10.924863486705803
7.281116066432881
19.400428159731348
8.794064882455938
12.749100370889183
4.154560529009958
8.860877721920119
5.992212426041136
7.42088707139566
11.825623969851312
6.5869369271018785
11.271664761101107
8.351957680165988
17.525671193439763
7.7261298736714625
9.880267024202032
7.962270783226214
9.906406624824697
12.380407895446211
11.006761063910098
8.372070966516345
7.032696867115576
7.127418576474723
11.170159714727198
10.986950519662107
11.501153332985362
19.117578864873604
13.313269949164438
15.897696494736396
10.298510805078003
11.99867926503127
8.08419915559319
9.528955890740207
8.600450652629812
14.552969082895912
10.269339604776452
4.505315060532795
11.649829571049187
8.995281141633791
10.705697246862625
12.80456241350082
17.847332023436596
11.789509866541309
8.66858356308797
8.72288017873739
5.8879666127324235
8.381224661324085
8.319948172935788
7.648882228391403
6.700752769070488
11.129048913736332
14.909423467428281
10.225907103794011
10.685847817108703
12.852299811709548
7.90314677378582
4.756070536221991
5.17861330369084
9.343104136777475
14.793913816310978
22.638171764942296
7.859855464853621
5.825518740990033
14.551796454695445
11.32349773473762
13.333774041892225
11.962639860201248
7.730785314373555
10.501510941038422
6.815306197378998
9.522161736915221
8.592834346532904
6.526054588133238
8.794324767832462
9.469330152097347
8.308295479645485
8.173164813577898
11.516182355947379
8.764558099722116
8.414072428839026
5.773575507775389
7.904887458555615
15.07785967093892
11.756142536383736
10.583231467681504
11.252969705784151
6.736337927641058
6.481474962210323
8.194184219431849
11.364878900191034
9.33550458933712
8.648535006738506
5.44622763568499
9.999485851154425
13.503065144079294
11.576311775124132
7.025929190752773
7.769550656634089
12.139981335241362
7.3739281740445115
10.868612705800276
8.55591374326934
9.249060104806581
5.396603491320888
5.596116081107168
9.587256528993395
7.220654013892297
9.079442106195563
4.578022122625342
10.856916712834552
11.549558154424885
8.33509453705087
8.280489321963328
7.850925449713557
5.815084392362906
7.602755618383203
10.34610662100151
8.686126285710028
9.711738225151759
11.04285884626565
6.921850959450691
7.24204409448965
8.688417482864532
17.79560509462486
3.81287082457923
5.608737723271088
9.640466523678237
10.376686004840009
7.189262333583342
8.812355068097636
11.704869575205516
10.337418880593415
4.805523132557189
10.642141005322522
5.368890428956163
10.695667807821776
7.537106713369199
4.559419075028918
13.92607968482105
3.355126360188788
10.67666206909764
7.0142542646373585
11.01544539163063
8.059203995548701
9.012736883210911
6.149016124357426
7.782319735677638
7.315276844635532
11.648089937899544
6.960208982699351
5.786590281876302
7.873877788044684
6.377269187910713
6.795208553923615
5.61436888459356
3.894113109037921
6.683856875766576
6.931924247871376
3.7713753349324244
7.100974643182662
6.836572820561614
6.2117402933579395
5.951450394759293
7.993319270241801
8.17825173364142
6.097328373046442
5.893508234121798
4.952419305725924
5.31304947615192
7.76240350702499
10.313403663468323
6.108244093089697
8.803443681480626
7.227589571308789
7.639848391989576
6.671316175025854
4.529496277070197
7.7362749406350195
7.383768482042259
5.393606325536999
12.366381785280064
10.611497677082419
4.877347861342135
4.757594906542714
6.323796343052034
9.402282262123277
3.820196379858598
4.434626568552328
13.706990306286402
7.385337900553621
7.906855159000948
6.6553258264091655
8.931240475382756
6.768853205148869
7.6315451961674965
8.57905179936157
4.313487614750628
4.79792930408167
3.907290451574794
3.943851859672694
6.944025757438369
8.327230767994068
9.284293850354054
7.490639517248665
6.439963846350196
6.074844758524936
8.434053040589854
3.713563954451256
9.995380533098187
7.052548254184465
6.977525622276016
5.046844669104866
5.330296876902928
5.4646126145446186
9.147728200324435
7.905953326006457
6.803850588945953
5.37824099473765
7.600265603047338
2.699941118818414
6.391720089952649
5.580374229731743
4.867313160646432
9.680480209715716
5.988528750540141
5.266708972674665
6.446589227836055
10.65402720447339
3.4052418846919577
7.278365457416541
8.788834072206662
7.941590987017738
6.122011950171928
8.880901849694581
8.46979627133122
7.227250383987266
7.0559910454816634
6.902846849947715
5.876303367804403
5.197170500489564
5.249430459162722
7.9951179574920745
5.305141834587998
5.89592141164905
6.524096942114626
3.853412362038502
5.473386409560263
3.554188247993147
4.40547470850189
7.900335439465104
5.290140469614289
6.021786616920263
5.679203413393536
2.574582154227699
5.642524036074928
6.261148437537274
4.900976508065073
5.775166812439833
6.918078489283623
4.125854028046976
5.93507159037463
6.854555231523403
7.781542984432094
4.306496693188372
5.773195937865603
8.314089406322143
3.66703505471533
5.245963824608676
4.406583094019553
8.32328663817427
5.337179262148401
6.788552420699707
10.318536533675163
5.434167899771138
3.872993398309759
7.2839583080135935
5.282171288628346
6.271132709535192
6.546435959399736
5.05245634135275
6.4235852150376305
6.755108634422792
4.559493002242205
9.155291765695273
5.009199947862795
6.850838632890486
3.0863219273291147
4.421211252573908
7.340928597951211
6.910107909492871
3.836840713823576
6.268582488754506
6.892968223722507
7.513477675909128
5.531397974699448
5.530257756392162
5.425103804146704
5.494141817834185
4.68349878400489
7.507091098853115
7.351912136737793
3.580778060917623
5.805409980903007
5.7022930260867755
4.908726492891353
4.933642416648463
5.375913397026084
10.13828874163586
6.805986205376374
7.687026310241568
11.50138953996969
13.798985995603344
3.027319924954756
6.892805236964642
6.594672359264204
6.6608672320131594
4.787669684690275
7.525493602807365
9.855459440729724
5.319895539533329
5.9679352158162935
6.132335489328528
8.797915187132412
6.168478823654267
7.359567092281486
4.300960226372383
12.438646916288299
4.08893610345613
7.754018270769623
9.519052410472545
6.230284222396667
6.929336954807355
5.491046001256313
8.674532804481855
11.114618512550093
5.187055565241583
3.2543379909928563
6.96725142081311
8.20973172198146
5.947496055749254
7.264290623211793
5.048590225629644
3.4523348774499323
3.8955456321734894
3.483129497312448
5.374999847538934
3.7124651690085426
5.438536993326336
6.786542406998733
6.4958295191472715
6.531989415892959
6.531884523700464
6.2120197825361805
8.668380674680458
7.400311557778
7.500868225812305
2.554174472012384
5.5174865684851335
6.431071353317609
4.40398534844546
5.669802022318488
8.161777035561823
6.31528452964267
4.9582034621951925
7.42556069366455
6.476768609729431
8.817585538857989
3.179362521082131
5.95135676348936
6.5311117379321075
5.41338781070332
6.068126406352812
5.3468287816779245
6.6274465719633815
3.520338324818648
5.682429104434434
7.985581169204847
7.070669996183565
5.370243170402253
4.932706439444148
5.260211947858676
2.7906336640363283
7.278953675133133
9.337944849686961
4.7126008197241545
3.8015760919092902
6.692281243740887
8.036726956361345
7.588902336247543
4.853633179540286
5.870579489301245
8.510516751093908
4.019062541595914
4.504915888069241
10.75664893618053
6.007092009551053
4.40478960299601
4.4382180156980375
10.362480975853783
6.181400720335106
3.946967365278073
3.232272695045989
6.790474820197
5.935878652475636
6.137314528911799
6.451277207581225
10.880621419265179
5.333598623374777
6.158178853071382
7.826237702057526
14.704946306522656
7.328456046917034
6.949905741705624
2.8148578623974356
7.261918066033631
7.267111155355114
4.277884542162768
5.466258664670902
7.4834104707581135
4.634281039712343
2.946989173059502
5.408321100786815
3.982543852444164
5.7829203309236705
4.9291081443391445
7.029395781044756
6.009814045112543
3.5990041152034262
4.46340306847633
4.879744855923166
6.101296509567023
6.73679683858503
4.890286481622486
4.893387796707733
7.552370694050536
4.496696408181882
5.994989805205259
5.041331084249819
6.830829769727662
6.906895337209764
7.1454781549578215
4.1543240471824445
5.976149614776719
6.808668686424153
5.3267675993947705
5.874787741363549
4.779271031090334
4.266566687077598
4.255689326906805
3.43384889536575
10.313073704767364
4.195950624227251
4.577669076285621
6.704740296768026
6.38885562071507
5.756511303441668
7.597085515646953
5.2284752471894995
6.802401719591759
6.055354268432727
7.051404485319317
6.49626018946717
7.083845926298079
7.61902918297636
4.3751516144237605
7.255149766661637
7.031238761613065
5.088162517274469
4.212218515716249
4.913796325273533
9.033449138878584
3.6104621360840548
5.5723954754027565
6.876745490038086
5.811255308002972
4.649856854338412
2.4226621512752784
3.663160644384696
8.843448172255783
7.209560401285805
4.8305317881805
3.3827509586668234
3.026048289135097
5.034291333396121
6.159867348227137
5.1500754756683715
6.013682581112131
5.136291211995946
6.167895441522957
4.356802043806032
4.977321445940743
5.172986037648706
4.8610222285845035
5.108208804537631
4.679678657557931
5.401557860043078
6.550872213114528
6.858956072199556
4.338738737314534
4.264462761059919
6.356808623863594
6.24142173392785
4.322803738458327
5.352033719217355
7.674599413092617
9.552690680372766
7.147456317916806
9.073186468971276
5.661267440325057
7.095939783654927
4.595541117678972
7.525803202215742
3.4934614061277207
6.774318086960241
7.0812514866252965
10.09106893405197
4.216317862677985
7.318306992229616
5.8524644828115875
9.484473137078082
6.6846963115496525
5.413167091184621
9.9489044384765
7.883372753234047
4.541309338238906
3.970154391670285
4.514232472269061
3.440476676080359
7.925125162816854
3.5120607807193083
5.3923930165197556
5.306233857022737
5.774208169027534
5.461564218981021
3.508552187801394
9.392194503186499
4.913202959665414
7.4325642148508715
7.102203314456282
7.1404926878605846
5.47916805062263
4.4190171072944
2.987045255382671
3.8042907356361706
2.5793662258729473
3.982278091962551
4.8723024796807834
6.196672393649817
4.233674608251176
6.417199174532137
6.0016371634876196
3.315113246530187
3.8348185348916903
4.499138942158344
4.816043135710068
8.4917159611903
2.287626535351587
3.4339737068237675
5.925738980644262
6.659740357839442
4.338909359161514
7.2745672686312695
6.558544987658924
9.485908144420867
4.034498945099689
4.3891167864197795
6.387403905854638
4.8955649805651
5.518192549966887
5.590625522422021
7.199267558042527
5.657800138783304
3.714775870676632
4.675014445749452
7.54811311279837
3.7171249831859146
3.6079578275331934
7.2656136765219355
5.198944996913931
11.45229824535181
3.1860414115932287
5.270273767139568
5.4760774941042
6.075978074679111
6.012875904321728
5.232740500804057
6.854383788823383
4.277212271663691
6.377191614400498
4.9815845802590575
5.467534205643352
4.155639350134347
3.8974040267278984
4.724733879517174
4.93087144474149
6.726880629961022
4.135336457389587
4.405241982449795
5.2706620337809555
6.956543184228617
3.3321387653446095
4.935390452860693
4.379460898222851
5.5244715031213385
4.316679347763045
4.942710060056626
4.331386410454732
6.555796687344935
5.231045429694086
5.6348651236078
5.547366705001984
5.498491605641074
4.296172499261589
7.259570136763789
7.204852456943015
5.246377628579612
5.9269833466472255
3.560204490038041
3.012104675322735
14.017582379336366
6.12165273190584
8.03189990563144
7.544194391502169
3.439463542275259
11.454326593172087
7.694803303770413
4.163243120861961
5.2256472579498014
6.811244425147753
6.439085584973632
3.7230989873707245
3.565407861628537
4.787618079619019
6.274417090249279
4.296750508572594
6.147840150297571
6.014071395351661
5.336535894096141
8.86323696589764
8.150449877388642
6.380310025466808
7.01445805200359
4.927603352518652
7.340800855629609
5.8599139838267575
7.446637244559429
4.338489130549053
8.194610859208796
4.967516659236005
3.9329475009100534
4.598992860369909
6.185409975494542
5.752110286414593
5.354459843792184
6.345247381727435
5.450727780085051
5.615832490998981
4.26679142626437
4.091431020888567
3.1330088369587603
6.2316644839134465
3.8709473168842696
5.605952025769268
5.780482902378046
4.436891405474959
6.695075482322328
6.684111232645784
5.529989797610415
4.196723160952828
4.7809774888997065
9.053699839806463
4.23011089052842
5.319138091928794
9.009193223656736
3.701637762537381
6.5224916112572195
5.650761409761893
5.278186131234161
4.8028259918726555
4.47951099078123
5.890785314395465
4.229803009871282
3.4601418719142076
6.786833472206618
5.868077065751143
4.679275073880219
3.673907581287686
3.3295281408258584
5.333807063404115
2.9777531713946965
4.582136004894796
7.60330218723854
4.683125670709802
5.981822925781177
6.899325769944148
5.7837934729572185
6.75162198207383
5.362863927057576
7.0041397955888485
6.308111644508756
4.137444659046084
4.5802281092210055
4.457630315486039
10.648511394159552
4.947915760407694
6.171049862384212
4.5390386255577395
5.163778699337699
5.692988387313566
4.516195525339529
5.357513766518016
6.232696624962553
3.546308141599415
3.9914017021440706
5.437269113022243
4.500298015555958
3.8814986902232533
4.467439254082878
4.514444229596833
2.412853999409396
6.711621819287908
5.066783733336328
5.734698874719571
6.204912128228443
5.432688284644625
6.319878396409429
5.47322594639198
5.8486510890367205
4.713627254369857
4.6900073967059965
4.086556169714481
3.8196897606857605
6.004076908809823
2.6709589368748072
2.8772038724953575
6.3199898865457875
5.176079827104675
5.623971827514233
4.536135025874823
4.101367549102154
4.630023673083606
5.963860373355754
2.8675468556064803
3.9427348000606455
5.44832062580005
7.0558909145622835
5.939924158174178
5.252585122286098
3.019136108103402
3.8655648169969665
7.198439600846991
3.297373397843586
3.917035725281073
5.981316549462614
5.069526536424128
6.691728262022583
5.721490789813193
6.446923470867702
3.188473740239007
6.38054061834082
4.054688284811622
5.1852254899228925
6.63537427128464
3.5108803263419563
3.8139867597334884
5.345405002029386
4.182134847522596
4.563039661091053
3.4799371161613504
3.460362755073168
4.520181911380717
4.349655450979192
4.41550122216075
5.881720684599691
5.683976310998038
6.6679770700077
6.909696238663998
6.922846439360109
8.161888967192985
5.992658703946869
3.850397621535828
4.344635600457609
5.996222304171044
4.566690952823144
4.110807791161789
4.163012390986527
7.984545678324757
4.38431890143562
3.9547710080248955
3.7155508291078174
5.241521841455408
4.720562355220525
4.058569718479248
3.797126919374655
3.438992319912495
6.999893176551285
2.744813050628527
4.447587734286814
5.687032399734936
5.841085154588541
4.408827334163438
6.363275526458994
4.09096801405779
6.823934299541097
3.46316454747949
5.887764945617597
5.72486806953253
5.943118990815426
8.839428495499911
4.309352069533599
4.889596226114733
5.872368718572699
6.62762939042075
6.694885880540591
5.1286721359902225
3.6980941613075067
4.331101178799923
6.413693775292783
3.2763605527862816
3.560084771145136
5.214194167576841
4.364335903400414
5.867489118782012
4.963750948878406
4.686362463658076
5.483693673188236
5.060283833666241
4.233982292378849
4.121929094054785
4.2441662148390895
5.086190701351348
3.86839857818062
6.33745706176526
4.816391595768363
5.815603265759069
4.8377933723797915
5.562387418764869
4.605933495588498
3.469776606827696
3.5633575875834196
4.694020269685882
3.450603942303205
6.154955139935839
5.222549856294224
3.9008839596768166
5.6080450387397205
5.450944467905831
4.760900409405821
4.760920920610569
5.464774298490353
4.740991253769814
8.185827408559017
5.23857142679817
7.194476094748222
5.727787756064086
6.029982558791436
5.46150876366938
2.978928944559479
4.537348618419296
3.1195364858588497
3.846871646619998
3.544287144124069
3.6786254049462044
3.1510979397695067
4.378940613019207
6.8958206717969235
7.262600229685681
3.872528457264461
7.945567952216398
6.722438704301881
4.748163430060065
6.76375618687456
3.191268678033697
5.831982205963502
5.655486351448757
5.902284824606426
6.658484751206744
5.342725457183061
6.935718575692689
7.14594533732641
4.767302145351433
5.543438151073455
3.985634368611802
9.03316287144632
4.065778732138363
4.7199494214913535
10.872346031660546
7.2631940638487515
8.28185678978658
6.87487160237157
8.957326023646592
3.5784715226879573
7.678930717683176
6.1347192926264995
4.442298951955209
5.864035776950769
5.9683221965919655
3.42510955104989
10.543555281886595
5.043118542812675
6.561270458855647
6.08746419536016
5.399826362168682
4.075657733715218
6.190996886948585
8.397072734473811
3.4060860138390723
4.6458914148229775
9.721770686294663
3.6114951793101016
6.597845336088372
3.2587342165289317
4.111945014903128
4.768048469462942
4.700537736523161
5.989446958194726
6.911733486250772
5.074870786361077
3.666776120396447
7.14759305072965
5.550815896016211
6.0676365240170425
4.680148179794533
6.100426171178282
6.561445505662393
8.237492988044895
6.586144772136938
5.259091695904215
4.058906618532694
5.134624101793765
4.174298803785762
5.025434921929664
4.734252679465031
4.238468009227928
6.370282357231459
7.767840274079714
5.237097016485707
6.045783235486178
2.389779029441861
7.126733733587606
7.510113966003332
6.292581528991626
5.191707942929065
7.479891735902039
5.0651558765589035
3.7101161459299514
2.9729573285030058
7.189195883713312
5.644662156833405
6.955478289659434
5.369572170582694
5.088321369418179
7.611469685990486
6.73519560250046
4.429719733476037
4.118740506730241
6.070866378490862
3.249642130583951
3.956969225157331
4.391423912681596
6.283082607324131
6.670340318976041
4.025118242467288
8.745663428636496
4.7513614125439565
3.3188611916260715
6.971878844592691
4.37873974552779
4.905746064263255
8.990244275355268
7.329905733312576
7.348075388982596
6.946339459393568
9.239106908974852
7.252830023237637
3.9946788006773684
8.72433507992421
5.768109799351652
2.884696939556835
3.5521057103821376
5.975492651589289
7.147613935986867
3.534623553838435
7.014940435040917
8.945775889147619
8.586809927951574
9.490518539791925
9.035545781056303
3.422779291274378
7.366212339932625
4.644490773292873
6.392812458000015
4.279675077824561
6.43118685811954
5.349787058129047
6.7202415818629
5.536604932409815
3.8383372040532238
4.406656624119373
6.3543359833911515
6.219251012039597
5.671772129918537
4.636457264214741
4.933953744758716
4.288698939750278
9.101108570839436
6.029727951203743
5.805311275859395
6.092845347558907
5.734971803450169
6.080329021198335
2.9976877902593313
9.513607761368254
4.340698075047595
6.04267290755003
7.59529056458431
4.181324069025425
6.688072930958806
3.693694972952323
6.475687673126934
2.9167016671985353
6.72570122995146
5.845363269698555
4.384250878323181
8.585914205867457
7.39636609926913
4.685831007887957
7.826586396388928
9.35228452788522
3.451976484217291
5.288929649942707
11.968827320520868
4.134671247708699
9.15771662230285
9.70923460979589
3.056670004822234
8.808799045732151
6.2612121784759385
3.916899801149683
6.92621780956123
9.40677829082508
3.772046582423056
5.6109362288705
7.779424023406683
5.616412476779567
6.570939932898232
7.070088911890242
4.859569421328986
5.696878159080534
10.356336426710634
5.119865615964725
3.8323043679746123
6.0593571449232
5.354791713229912
7.95517135845408
5.870039805514563
5.239695012260189
4.902228858258091
5.9730074134540025
4.526439171718185
4.451006972275846
8.682324016805712
4.178176258037614
4.758819755172696
4.634617268445827
4.564318831955222
6.398114591422114
5.588017166297148
5.069292310865788
4.969761511445115
6.777891990951572
5.21084230190494
3.389513561349381
6.112635431271465
7.572121116111526
6.56501818994372
5.739998106703108
8.818613444389086
4.7479778836497335
9.190517681884803
4.773538904073945
4.196597507343099
4.158061423256806
8.907548375539768
4.215124415322979
4.977041874649407
8.467639986773518
5.780001111114653
5.045250635177311
6.315139571906103
4.696963806069783
3.909494722160853
3.5510014350167296
4.90409091299284
5.020270342676489
3.365769362837549
4.663548957857514
5.748631644074541
6.116515975393226
2.6121363929688477
6.20775008449075
3.7816935901294273
6.451293367828045
6.381439799107505
4.308161545463541
15.085577405187708
5.44211600458948
4.86468307178651
9.673937847347808
6.256439503061347
4.181914455194149
5.703803358501952
6.988581948430138
5.115385054406679
4.910064786357404
8.419934874682093
3.6915753193946554
4.846097141820822
4.259376609050728
2.9387692161682817
4.7062483261505905
3.3130246097827136
5.228139918734055
3.9838332095663063
4.439407810717111
4.402886464957114
5.565962602103777
4.072653282552629
4.430412919866168
10.438545855203843
4.529547796153388
4.974690051390061
9.82652019918622
7.249428587712038
3.09888846234415
7.689029468343156
3.9031239686994414
7.250182666903533
8.870535464920449
5.939592937702983
5.359189563131152
7.524834083086128
7.464720718992888
6.453754043038912
5.884975848479726
7.007260222833329
5.174281773479952
4.628631470757813
5.396919654581239
6.879624797223727
8.057999643858897
6.1021090526757
4.1895224130468085
2.2595987919377327
4.373584525694558
5.413871486368308
5.307008301870162
5.331100520370122
6.0602417976966425
5.025069626837958
5.868122948863184
5.066248847073332
3.357719873867282
3.278334740605149
5.068933949668676
7.622687708635239
6.463143033316868
7.2926852534418956
8.424919957659398
3.4672969760135426
4.9264545354103735
4.542541196228692
3.5356234734740526
5.457023816513744
7.282283632068904
5.0792852034149885
7.298874869060742
7.18604240966875
8.583921221039857
8.877133028987163
11.33875892344593
6.061082340536731
4.000108379069531
7.692126059451415
5.77120166153389
6.676998922470677
5.9125806277890565
10.231730526104819
7.097044915098273
7.246870572696714
7.63586790723928
4.235858622408674
10.619620423328618
5.7435310760191465
4.036907917544174
4.109688909942624
7.3750340187276535
3.789808779140328
6.459567963689603
5.025088043192618
7.037065742681188
3.3367297203500033
5.014571142576751
4.382274935159185
3.488803039053809
4.98151712481319
5.432321683873596
3.8588623212074604
3.5239142782465267
5.218298986942562
5.7289783002422805
4.304351479415824
6.258801909601126
5.703387625094508
5.1565909739035884
6.906824934612754
4.099435771428539
5.936812014044259
4.219631607297459
5.483746298057763
6.70772886936659
5.294914699213741
5.778505631286302
5.262888869034313
3.9076245972407038
5.366748542207966
4.933026760062969
6.589653831118479
5.980529841259355
4.3466360911067365
6.1603612334827975
6.349481717917146
5.624724553883624
2.3991522695081082
6.335181427880325
5.639940428089758
6.855927489082829
3.433936157876358
3.6277280646487156
3.8389694599133786
3.733326566198545
5.364035166578182
4.284348717588362
5.065902310233765
4.58987946853358
5.410008274726653
4.187961199194678
4.392942093799695
6.165121918204873
4.780050029597272
7.698792339846835
4.000551670438749
7.082272851665647
4.392755970684727
3.3143520154804644
3.8614675578675346
5.677407253927881
4.750735445061624
4.465453055485119
3.374608754689977
6.311998550991395
5.422775753554611
4.493153446211233
8.016233416745822
4.830640170862455
5.36350543978133
4.4694709730877875
4.042049070124627
6.46073187794857
3.266563010469575
4.406687974940799
6.857998414901095
5.015876557500815
3.9664160324178916
8.122467894337387
8.340101885858134
4.686914886135325
4.70003220251785
11.13956214551299
4.218626953063788
9.390118866577215
7.267980230696713
4.519922989913425
12.577433672515983
9.814391996820932
6.8183629411271305
7.455718020131975
4.658420431835091
5.863262155957015
6.356747217491026
8.378235297203673
5.296902426885293
4.558304571049336
8.35277865904828
9.58490782530863
6.5360873625098
9.901303592929931
4.091234063634218
4.635398461550973
6.490580488228274
5.467585486306601
4.405541804457151
6.978969279265529
8.03241990161409
5.00555574435077
4.949932450327753
9.232879456272352
5.132251207922934
5.855029065808718
6.840511777008445
6.733248915863401
7.320598804983032
9.031009872373776
5.1523639995907775
6.2517217225879715
6.870819084218316
5.12221682204857
5.07914545492515
7.342900537008667
7.0016461955381155
5.349610149613996
10.501710275857299
7.55206039741142
3.383685397634094
7.657250386036899
6.202989549742612
5.667142936115599
8.049448158819313
7.61760560127401
4.491374828263446
8.424461932579446
7.737137954988587
3.038522599926615
5.3619820284577155
10.799101908867465
7.155424745280936
7.138144991746974
3.709436697952688
6.829659848223534
6.74410541331686
4.703792751455519
3.547781937481472
4.642102535657692
4.886271848338206
6.318709303071161
7.066389470472247
2.9363859703138644
4.534103107620901
9.614068382285064
7.295077902127472
8.574304752290788
5.425291416423413
4.3604525471488165
6.212783054859998
3.2155592929332286
3.75640802238413
6.746393091110753
4.7762542990610495
3.184640139468363
4.421428716337329
6.532528194323324
4.647921888238058
3.428774365122015
4.1407005934685985
5.254808715058674
4.842644844901429
5.080078658983383
7.190736448467821
3.8060532535059055
7.3278327597422726
6.05553450339108
5.597357377552186
4.821733733262177
4.876041588437055
4.766221456760647
4.060238581425891
3.440679746925597
5.0779684764569675
7.003031965200572
4.627516112321509
3.7487563101770593
4.0388699307461
4.740857581894346
4.835717583913428
6.355114826232461
3.533924197796581
5.556462465750336
3.1599184480750964
4.426701002353321
6.0121452385178635
3.899886359085382
4.349199007552929
4.008739133690765
5.826251139429399
4.471422194549336
5.152148480065426
5.043641936871444
3.072342975342664
6.464297271559009
4.262150273041873
6.422991195929038
11.2664910040418
3.5110869301334313
8.063871137498865
6.447552104370192
5.223185031022927
11.5272620972715
8.418602149784347
5.537413448878838
5.80751528913167
5.081329519224425
6.912759878444399
4.8185070771619305
6.134844360126647
4.768256675140811
4.047911005799811
9.374462362631663
7.130848473750333
3.081454684891533
4.9834404162750205
6.232709671176226
1.9528518674993653
3.6391303732308993
8.150544657153242
4.891058774357866
4.915652224903242
4.836973983509511
5.159885052579217
3.3401970338142157
4.485871061251688
6.762459927015202
4.3858842841944625
5.54235125011832
3.302437409766637
3.085641158365084
4.008184534931685
2.73317019787193
4.4616052406190185
5.307000922876572
5.953198115251392
5.218224564902343
6.32280586646474
5.829677060645136
4.761736179404577
4.472167533524485
4.193548488371498
5.701783162582532
3.984571027094959
6.745600792501745
4.202211138611527
4.864867856854553
4.419379069277171
6.355545084461908
4.0058723038110955
6.459580066590343
4.137221190031706
6.184739173112911
8.209127502570885
4.686029573083488
5.335408464721906
5.149230116208362
3.9459339585577493
6.35122968714893
6.07150782314982
3.1200384357437527
7.33276246604645
3.963832178287424
10.949887970103877
6.06056260224517
4.217711608392957
6.942237180362055
4.438455903652878
2.5469639930847743
4.502585783388121
4.67160067577733
6.909281920290565
2.7417134820628664
5.328854594229065
5.581863910343408
5.259160866499795
4.124627989126604
3.535242345884184
6.343770959708752
5.029561190871658
3.686074885472726
5.085923360068892
4.814005142621681
4.252433603064234
4.9219840146921445
5.210526254167592
5.166117425981887
6.445674373643852
4.959872067346091
3.883563615540786
7.419208937564559
5.505532762650745
6.659289712299351
6.392298870638978
5.794017666526832
3.6089049472117245
7.830544772064059
4.758096808560145
8.092537683007158
4.687135459263949
7.572388770400448
3.5948419501366033
3.4526309145866865
3.7208983885876825
5.973010649974107
3.941899606095816
5.474469877249018
6.029471981300871
5.676361660178082
6.729487158622829
3.344106637783517
6.489423242382155
5.763891131242971
4.507105015830271
5.69182105835277
9.437206285759935
6.347378713528282
5.274976317646155
7.720955790234147
4.2567868225116365
5.372323018615478
8.315197176996879
2.5935995066792095
8.467866827603435
5.708328182604107
5.364756613554386
4.028798238377686
4.301518191189407
5.572884200212235
4.127431531853166
3.9297617760801136
4.083513109538749
6.288964387000151
5.455619106951252
3.1937595169680857
3.8726244585228677
6.272194215882797
6.0163250854764785
7.376038469910657
8.990771595880616
4.160178241547576
6.974154893076384
5.041685790909015
3.607199522594865
4.947323815255425
9.283004827055104
5.445228855642204
7.741445641135053
3.55019283650097
4.728266477916762
5.854249677544889
3.1598636833611007
4.968282729846591
7.9798888560778085
4.585246400863319
6.190044740976901
6.235975019788239
10.08676109915268
5.94246578302622
4.746296282878961
5.918217754269587
4.863022941594398
5.972509775056123
6.694565665347918
4.985074168447449
10.365706640997654
3.9938070406196085
6.163309217067395
4.163241012668097
4.155801684640006
4.534642993291673
9.637888860538407
3.621491674339633
5.198034793035612
4.324430387429144
6.703528695979416
5.730393629806393
6.21980919172163
4.776979134380603
6.768544881428962
5.406072823792167
5.652189124884489
5.57408589357481
4.630560269875296
4.360955993445051
6.124081846332928
6.321972165611986
3.6549853218959454
8.63311996608844
3.2547250030570796
8.87365958424418
2.899780304665665
6.21223492508542
4.8437597850223755
4.72075689937659
4.401645701411048
3.260113398317721
7.141527007549644
5.473211653078723
4.770196938855479
3.791194492752244
5.478487882152419
2.6263330068611457
3.627239237774199
4.695226147948464
4.427005764194764
6.1000054538077
4.951797983893782
4.681557050035308
4.193090725370171
4.570486110936662
5.406234261235592
4.284374582616522
5.788498140892824
5.831542858440479
4.781334352967149
4.140840553878913
4.593253363871613
7.742228244846476
5.560770855802248
5.461593214736634
4.358457555002766
6.725578339544867
5.198005939219029
6.26881577500356
5.740652837519163
3.2377302730836854
8.897474278524713
6.395370315432247
8.356149010434894
12.64948703555914
3.3520252703026436
5.327042449523027
8.600827641909682
5.270442978759041
8.49582602985179
13.802221398307307
3.5002387230306797
4.447682409027178
7.558422417460127
6.174822121214206
6.848013680751057
9.511535135486744
2.117019245123611
10.417311066425556
5.567853232671405
5.35010146695781
8.247516653710408
7.832790698320041
7.706304725893111
6.56899288728203
6.239252646184745
5.332623581746521
5.833799560343699
4.703572627491421
4.391563458263015
4.923775485447636
6.025388679991715
3.6528680384922687
5.841292522779565
5.2506840180498005
3.87528479593082
5.159112204910507
6.794013022366988
5.081321990028186
7.238520625606883
5.624022735643053
4.655823243169968
5.780411549815559
5.204776694382769
6.161138567976831
6.208600934677879
3.519772332242227
5.21277646332881
4.131170688412868
4.316145459363369
5.895155524504206
4.849314543672029
5.729412483079881
3.1723453566062556
7.009144669796131
3.658546340276145
3.6142373031527733
4.886198004204193
5.5579422256182776
4.038072169692128
3.5933089963653457
5.939414906826648
5.277371997830687
6.3804469548097655
3.573895196773471
5.396337928463364
6.242841961364507
4.264876830165067
3.633365256033022
6.761698185535181
4.318334037771934
5.190853731045058
5.991909425441071
3.722230485152833
5.165266988850957
4.471340900609958
3.6631498375740583
4.723917840807387
4.5854855795387
3.856639346648579
4.7396480484494825
8.62312080256146
6.6003690171267895
2.7774340311384247
5.609348320680493
7.442663996845987
4.420539975477742
7.393128527832676
4.749536844988289
6.161464292789933
5.925655116434072
4.93820686142356
5.419779387678647
5.456325367947169
3.6794759950527993
7.066307253028173
6.5086954893483595
6.844234624248567
4.642262408654359
8.149772886137367
3.703253423241281
5.989298683769646
4.468774757073194
4.791575287261249
5.27523758966328
6.772378795576567
6.739333441829422
3.9498783985658372
8.83170315421919
6.42500605034814
3.9816799722170164
5.518461859058484
7.675628493746217
3.728108608608579
8.480818673939412
8.880025346912825
6.127991328425611
5.7402200082748145
4.395032862703954
4.778261378170504
9.413162030611883
5.825625528691495
4.071752162354123
14.053226394153404
3.170150990245383
7.07353083683695
6.079321167178399
4.527539781517649
5.099417125243753
12.646584803896776
4.668678057523062
13.428270801231895
6.0850558737602976
5.336906757317579
6.743475468084757
6.721545305864571
4.8340094984064015
6.2997788796516945
3.4905248428737274
7.353653903594466
5.801147965305268
4.4508722379548065
5.138141602496844
7.169915287564709
3.46505256105595
5.3312858695352165
4.671969404850828
3.0599472605449245
5.162030698785052
4.08649695707826
6.461026193515093
5.140981254384134
4.908777181571711
5.89641389051963
4.236464658815087
5.2486788763097625
3.92652439592128
4.477899334010964
5.188212774262794
2.5149566380379786
5.135881697921669
4.183933361373942
4.249590444287911
4.326065723731429
4.420106869892582
3.6191777483701086
5.4149045066912675
3.50364389019136
7.758934330498477
7.876515926407945
5.406039666977589
4.075364857471349
6.713790309118083
4.048281540806153
9.646944080746586
5.3356010667903595
4.745652217601586
3.6630446471169322
5.887604202815516
3.499269947868046
6.007769354786818
4.8283260322671016
5.4104438386288685
3.520314656077095
8.651750081817205
5.236376656570287
5.390086870395867
6.753465494310111
5.761716920355647
4.32030054224979
6.000804822619661
4.83421510312896
7.055329166874358
5.081822247452975
2.1992049191448535
7.51978583118304
4.537737473194274
10.179139819447053
6.4821208910745876
6.054521343661504
6.48495527207477
5.271650080874622
