2770.0178121810254
1463.7974013750893
1176.0881574354075
1040.6733575079531
581.8220727859257
590.801780882723
576.1222459813229
389.4729198337588
240.7011262164973
227.32735690386554
184.345705793261
154.52965755053972
302.0979943982907
236.5561612936776
131.61570655981785
137.46610073454983
203.58642868784383
106.54880858299775
181.4656791674294
111.54801295432688
113.98477469644422
123.70427759596375
105.4610815790856
133.06406596368785
114.54001514607724
112.08650380448458
114.24361108623515
99.10693791884486
161.52086145865076
77.22577416873662
94.8277134178764
99.4604363525136
73.69619098509509
121.09582039728839
84.59784344614172
57.445479933129384
98.64241739784659
147.86069371127658
114.08994404137248
133.27226228085078
102.04150625748156
138.14982307423443
139.88771981732344
96.72487741928481
76.85889909217421
81.95993843101034
86.88541337129087
113.16756773214503
98.50376170783355
63.71589184263773
93.11705618599225
64.5623065038754
80.5163169911002
128.2238512833237
62.19457315655528
106.27048168428456
105.12861205103263
90.53907173618863
117.79144096070667
137.0044795319278
107.33798173206807
104.10369289555081
175.09376993107523
70.3757686662435
97.37570664509522
84.86899010616767
75.1657181065418
81.67885773494706
89.63991033567565
93.31528112004895
98.23033283551442
85.76410418336799
87.0303200051582
80.2886380684755
74.76269032852227
60.58573642753624
83.87590849748105
136.14128952352218
81.7977441871084
91.83274534770575
91.5826046722342
74.82893506877157
73.57116853778784
69.43526872054436
73.35981355954713
78.48027570760011
150.72311988325325
76.02303924141329
75.42846448034878
64.91026267429575
74.46331845542008
115.4466642128185
95.13049521599271
67.00768379917751
102.12419321347555
84.28342710836975
117.19366282318428
86.46886267819727
122.53518389430144
67.68870749106614
74.35423899104984
66.47633237632026
113.22395765390827
80.19768514589867
108.26147811002487
71.14046784858564
95.71565798943776
114.81120373199072
129.88534754164672
101.78618509627428
97.7103638022031
98.27498392545507
68.66837481267365
90.67844216853025
122.42873633976896
96.21801299531685
68.12153742247827
92.05806063918067
99.79394552043817
74.31143528422928
103.49758286007295
67.9011537749696
75.6314290091199
135.52170556667568
65.53116174388758
57.611386904360664
64.37349615062288
63.95706842398658
80.30584938500382
58.61092456905457
73.83077608743041
57.846925362936986
70.3127486717792
76.97423816385887
54.136886975601904
92.11830861146292
115.22465581004539
62.117259747377275
51.04344864740504
96.92565828948723
63.59034288660642
51.137593089690334
84.56224886486542
72.7513069358571
48.440197775200836
32.36503768462252
53.11902664413447
76.82121776319872
121.88445375654966
70.18109628751805
61.491652566785945
66.7470845262416
68.38666578942329
79.00785816977637
48.56491134750453
73.3818439170961
64.71866123994522
54.86885849076138
99.28827893536109
100.37524680283316
74.55170856065772
59.79600114899372
62.296963421460816
52.74381620547046
67.6052236315958
35.94544811874648
71.49199631349934
77.07060994280613
50.886516848801556
49.27714045094138
39.06809815056524
32.165580226005716
80.34072086497117
47.036365419012064
46.230105688965274
39.48801852495956
43.702829020541664
74.59015017377901
80.76228995173298
61.512147731459464
46.249493566333676
59.24262421465816
51.55503225686293
40.57843086846234
52.95025359781306
49.499354658345695
51.71538800623575
54.69572942586319
70.98395879916575
50.5718241348904
48.185810421064154
41.55775665182998
47.12424258425313
27.325353634331535
61.988851599985395
43.155582840353624
30.9486516547125
63.46880113596105
77.4937217411982
36.802506217132354
35.38081536826642
41.4015042107248
68.78794732655436
34.15958542933753
71.48611986245979
35.18561766876599
56.23615366068309
43.06651884266361
68.49023055548831
36.93156388934676
37.422106030705635
25.876550649802
73.49569764992752
36.978103202631694
38.44968787164834
49.01139248712108
56.20281861863241
31.095968889858312
44.304405571786205
25.058360772482104
47.08181573754244
28.124272982658095
46.866007308631374
34.489399694086075
31.379593662452503
37.552658983853554
51.18361725095939
37.064498801655354
39.510869167373954
40.39827237972575
34.834237342462096
30.160130443771532
51.995185551329115
29.614304639222894
13.41189954345996
47.89659366756703
53.99360476337449
29.331825663866933
21.515295263120308
18.497955902175153
31.923524121131013
28.670500179174486
26.352221120090636
49.27071320490112
35.32143121958968
30.58394533504642
9.478431635501886
58.69292436284288
28.07919926695642
39.967603430427815
31.46256679647395
81.47579869504507
35.1544465637121
60.883424000905784
29.46783161901919
59.50128748708473
62.36595166185388
38.799341226405474
40.16716994512268
29.212506241072067
37.5616548877326
52.88733123828643
64.76424227102625
45.89594832387658
40.81243705460743
70.6727919884553
34.32492238768043
33.73218344329031
24.056058888136157
47.72601300292114
55.03865665111222
41.83477139160792
50.259626927533006
62.66958317423672
19.19354883601923
39.008925038133235
19.642905804843558
22.526621754411398
38.51204774471776
72.53812909109625
27.176438697488063
16.559497051021882
18.33852465589211
43.33199901892606
65.0932330084951
37.27762379329832
29.203528714250215
27.32286420590934
27.398390612465747
34.6548416436648
31.84855043223142
34.846666695137
27.613157014580597
81.11725067824496
22.560004209529154
19.173182072982936
31.671574209483783
29.94608493533835
35.35157975493359
30.305468650571655
27.095022036161698
55.70163668567072
31.563813104677795
57.19852910365607
60.0487348398126
28.260246099407034
33.178790092522775
37.74004233838228
42.25226850097765
44.28210015581703
49.32857785260156
45.95513151463116
34.07393095646304
41.39289692679551
33.97052586363347
39.188268327246014
22.717703454817766
18.305874208338864
74.89869499064828
21.841839686153694
26.928300109599597
63.05447436543366
49.56755203502741
57.595699666949706
68.86929955579379
54.24684089106274
54.662130223523995
30.479223264540046
56.57654173676793
39.63083698358349
30.426103749844884
34.02264961801863
38.43593221994029
34.59835095778704
19.64738964130308
37.97401493998329
76.09610943269867
20.346631976997017
20.18503324685239
51.93210626487139
51.88394911814827
38.46509376480657
32.97735862792476
34.1649778621475
33.220530870166726
32.727394375581795
19.161807191633002
20.866726619351912
10.173953929382062
47.857253870758406
17.989860516971156
53.1892014506234
25.254085427883645
45.068395712869055
41.98417542388964
42.9807961014119
25.251055963481395
25.698726858130566
44.03202117477596
14.195454440663017
32.09675298095245
33.39586726714481
48.44028393994464
38.78314799816793
17.481098501293058
21.23248084494058
37.66560901796813
48.450653856414874
32.37904495195424
28.620311622637608
17.198255305271605
40.27520130367526
42.27587395024526
39.725876127782165
87.01969765224337
24.865237861859864
27.74460406386518
26.747117281511244
34.67207114882162
42.518234136185725
62.22342821168441
18.23780823919556
22.088475775072656
56.880663977220344
50.65867544547283
30.85742666665281
22.19973159920496
37.17898234839237
36.393993026429925
46.7995061115489
22.23324527900398
29.054358539485143
35.047490018244396
40.61035287442552
31.359875412304806
35.9384180079791
48.38847908578533
66.57733785329962
27.150614890556916
36.82596610568354
32.951622049761966
16.6389806323727
45.53494428403748
51.1648433318073
40.7073022448205
29.6798382997718
27.020304722103617
33.9912164149658
14.090227661274405
8.52488730788226
34.90476440298204
16.53583935140098
61.04265831866266
46.95984560148613
49.773657613263865
33.784367559005204
41.433499240219945
52.24713030288336
34.23503930429944
46.900135614039236
53.72453240090117
47.388522837853465
49.047129957941586
21.551579825717038
40.99138655364417
36.679980536547454
26.555787714619267
17.62323530113042
21.13203061482429
35.21140676907697
35.87016970856487
68.35945949529778
30.555180793295882
39.927889691972865
44.46401912135378
39.82565207120036
38.95621622556117
26.69988185889851
27.564880435348154
35.79849653158322
22.638783246596194
49.89820929872914
48.78596502110784
50.96829806562675
47.50788750084081
19.02099014584603
32.64826982444665
45.772050543695144
34.7860358472627
19.222676005743033
27.655098603240134
62.796383632709826
26.701884410093157
32.60748576885682
35.5844208249105
57.61760367400003
21.785954540020985
23.852533696328628
60.12541170217196
46.65774178168718
27.089842649165746
47.48523897335068
40.979267727274056
33.46301077047241
38.294875124302024
20.440220897533713
31.91343025097817
68.1317820530858
53.739064042818384
30.640342746434353
17.94392146405014
25.71545783261448
71.71879464337235
26.72812419300413
29.250501267662305
35.96616008226231
31.8644819666609
26.798803691881023
27.44782831125131
24.245631356917258
22.02370316841677
16.453227572347778
10.413873884537553
69.39016086061778
41.19634345765416
15.939488231828683
11.363521015336563
36.05726034385479
25.34286252320988
29.75100938851713
65.26791570350258
41.00695017708431
26.11488694993464
43.072075897364606
19.10517567701988
27.557494117689924
54.97318684536949
25.232210365907342
41.79475144798523
40.107645485843044
35.20502062994326
19.42791371192288
26.682452585895376
38.04754606088626
39.75667837256317
30.035404608631662
67.54371346169407
32.912483510233685
35.21486841595129
26.035447056236116
63.83155504263362
63.34800047820978
22.656142776935802
15.904247149440426
27.029967848963544
23.629105609094573
42.705454028021244
26.36631855795692
28.38819166695555
50.79249449281844
9.278320509480912
30.941381518660222
28.4266190162013
27.700631872293958
57.13247243822751
28.705040843423486
35.97334826880915
15.631718937468841
40.684754584939235
52.17021871275892
56.58689108399414
27.16224957830857
16.29052687312624
26.676237680735948
18.163911288484876
12.716481031770469
38.85380367103458
38.31073639727977
32.57200076876307
28.479121397856794
37.54290632740181
39.76791801944154
52.8583362696028
24.57989963650909
27.177767760748484
61.00807466482563
11.027365325325874
35.3714958275234
30.09177311809303
12.22540808127756
17.300338725253898
16.278123339271236
26.597251523155503
37.990514622016114
21.074378151448432
22.866510034262006
38.17265110808002
21.972074300368405
34.59634648949164
35.34677471843343
56.98102706507034
39.433441175572966
29.353981263700824
12.162457675655244
36.95557871563811
33.93790640792987
40.19392404532144
37.3859305028813
38.20125491386809
30.849373666345258
39.964454306633876
20.380921357816867
36.132149859944086
32.64158908640988
66.7375247281075
43.8093025725841
32.08433053421854
45.16405053889556
28.087278470425648
32.78671336132679
14.525279014359812
46.16458975026613
26.80349608426583
22.71582286147204
25.23026415824437
20.070969179540615
21.729473361138506
24.896033765834126
54.875786609598954
51.13020578879014
7.894103666471315
44.41863093330406
40.75103773799763
23.926731261848378
34.26124216413812
49.08210698627029
32.40527807098842
28.262984159941578
64.91881404458903
61.16300370788698
28.76939987631469
32.0347606997033
41.43048116957942
43.03301920815497
56.56094881132607
23.25592978275487
17.433183220961542
36.353008639383056
33.80391720220329
15.097671230624005
45.21079901838363
34.136625838841105
36.171004902731006
44.03350757420403
18.294379344462055
25.34182203499082
43.7547936274422
43.70888109193443
26.3948925950497
17.924401111692145
30.751213856460907
37.000820984560846
24.43361828613278
32.586213277283974
53.66634046090475
44.79817232100325
52.171641918344115
10.84404995399197
16.476970892632554
45.15516459756695
47.05833551465874
22.374922579198717
56.99484544748482
21.384889671438064
41.72620490167074
30.740236588723548
88.55740135937658
14.289386478238999
69.85226458772706
60.18629105999618
36.96582797593311
35.21867742401026
41.58317971874057
52.36701549050971
62.08282962783818
44.81318145111055
25.76792255174251
28.184223998380446
41.14162642365272
40.4425647067741
14.034529964800072
35.925956599672624
41.41604031961986
43.350953169689014
45.7917654357142
27.973206756658257
29.05234954844003
47.076760930618164
37.35249927080309
25.34720170501656
21.162127445821667
24.741156777710433
28.505926637407036
10.383476064217625
54.361761754116124
32.46525193531314
18.08426622567687
53.595257739366645
18.045052042925967
13.08576017038573
26.29011133285338
25.776686514659307
40.39294156930489
37.85290119859398
29.269085287445602
22.617458175265902
34.54576621305132
40.717423951931636
23.845870119470362
22.235551295170662
12.641631412822527
56.06011187722471
46.963167923557585
34.21505840884571
23.607583734885303
13.678102885425075
22.796845963434357
44.49005623947205
26.59567671681741
53.89931350432905
30.61584617482213
38.86508895530936
36.42448006924741
18.088808211624936
31.00601841183403
24.927747061981258
77.25605110784971
46.47495276392933
16.013261743762122
20.646559788650894
57.229641108376626
29.683959069941647
21.10436765853913
42.98910187322695
18.0686870983854
31.248876644039658
42.43095411674673
37.326283572389144
24.148649847558058
60.6342066145116
22.224556935744353
18.800568195823434
21.740912396795608
36.97112885919938
22.880979940013564
28.773671976065845
15.194537953045295
44.90836915415743
17.97685423036485
25.911878516175168
28.245412928740144
27.930793740072364
21.841639523723703
27.105371308558396
46.70653720271669
18.618112448052944
25.743167752877866
34.98587635983332
14.340126276740916
34.02447287308068
44.62586354635813
38.90499591362046
65.11036947948098
22.13048071738344
40.72659073188348
47.821896930516935
44.17546652695243
43.26715830441278
23.826064616581853
22.94978259594331
40.42886616729619
18.67820610615975
18.075441393771328
12.914254057560054
69.3390230840987
36.17795713654029
37.70267972554799
53.35177553326296
37.281230193467216
44.827458965774234
39.85708107916076
21.688357481655306
37.208432482534285
31.89537107187456
35.74567996786768
38.38102209410022
31.292497999980412
30.966027891097593
56.99671499423413
43.309397959304015
66.12890843482384
32.51965854933442
42.69493715203316
27.824087725216945
44.03168224393391
43.35515397306653
21.989735016308657
41.62545057375441
53.71221921306911
54.475092755462704
11.207923778917731
29.310395262157662
16.530744346377816
18.907161003738644
46.72381025216786
40.417402880729384
40.58634117941087
74.31317418184675
41.83407364687263
23.00444342311576
30.99595181386288
49.56135641889677
69.63101553868628
64.33265604684047
23.585773680650753
21.153765470183526
31.583743275674642
29.583949088242136
43.00577712540752
36.88728633686107
33.11720823068821
19.74147621844527
70.4187848071751
25.2724375863301
37.70346610242787
42.91415185749952
61.499056359558814
33.66976744961844
43.050993429929214
36.24879269716449
21.61311454560292
30.65987229927692
44.77155220516102
26.73480663750339
33.72613559646699
42.905968278819
53.53769873728154
46.344014414564825
31.876334199561157
61.598857314078835
18.4634162758995
42.50038458146489
46.04929832255845
41.892531199476686
32.25238683938039
29.182818071634642
22.755538154476756
31.373455985403282
20.992880643450615
15.351976447812623
23.0716479647777
16.157701074706335
21.215586188368764
10.472629040273132
42.2650884276109
35.04562903437608
46.865789524902304
23.61804539824931
42.03780051382709
23.301680802828937
24.88649725624792
47.41662451748286
44.27930272963984
20.038029433006614
26.246826594011242
12.537667725415469
10.871702250079558
46.92495108644212
22.163317085122866
17.87016804254242
62.443389812176065
23.95865280186141
22.984208118509912
22.60398976727803
27.452677641661804
49.80751083043191
59.494940648177774
23.95603943810028
23.242587210758284
45.62793072697144
28.580583462330704
11.946119079692714
27.218002595449555
22.53443338094051
14.936092961536282
48.4715699231236
26.674765091569945
15.76840668438708
26.528558593322288
13.559189498810115
45.734175173585065
51.95090483494022
42.825026373721705
42.0753115569326
44.53027304850384
27.894306475288467
26.515521419022676
41.07412808101087
17.897152232286324
22.594660557675596
17.819091193490866
29.66689539251015
21.087808676021627
32.75118266072193
53.19348151367732
25.214806578297054
15.313786233934914
20.362513671203367
67.69831654109068
45.74691525242438
26.241956027852627
26.861502838450495
49.53211224197602
18.9628657176155
42.968451227782424
40.73502057345649
28.811960653567553
54.97190723166302
46.88776098616083
16.13344552742582
18.932692944300417
54.46504308912141
37.28771017733473
25.48994390031506
48.296795683174416
39.945171850090546
43.37089382691501
36.70920438913819
42.51667486243254
47.81982742865969
33.5909809937634
53.88286522067531
34.75550288309178
37.173047393924676
18.27763076400847
26.286840717342287
34.111416018982545
26.138290756529177
24.779259245368472
50.19562186821081
52.99151537243898
26.84212485748122
15.961063785970842
24.396949590566624
22.220402778930268
25.566265519317348
47.174818625552156
34.95449806662245
61.47545490096118
42.26659615670098
12.164435641776116
25.513644888607303
52.06957432034645
60.171110903478066
27.621068257677994
46.406009456652164
49.417519851046436
43.9510874021567
48.7724345944664
7.735751605740523
19.774219701799918
18.531918534083136
44.815131481767494
19.53968110977213
35.44435096856965
41.32189528045204
28.09020440521716
38.28059828150718
36.171500404057525
47.420343676195195
49.590330248019285
45.666741193417515
47.98785993242163
34.44068139878792
17.034340729093163
46.660511875707414
19.725297460181416
34.62270687404908
17.963873696201386
37.79795836172194
32.80477660474369
15.760345493842124
14.627300115737127
35.00775162210203
10.381150956331222
24.212315643851344
26.281249744759457
15.023547593147132
62.23110873545238
56.04581924227217
39.290916875080484
39.97342030033173
38.83768822527296
29.752541595396664
38.04596317830701
61.075585984614754
19.03658308450243
45.94555245999008
45.26752691343899
52.20376814248472
24.617788293904468
55.44247671891417
33.84986540516925
45.463309214541326
45.16433943985799
41.55753403324868
11.476862556905209
40.26360483104535
12.113190031092124
13.799021303428136
38.10227383145544
22.54214107989156
22.43627916669345
34.84479288460943
48.212496342514754
49.41636344219557
41.82332464621653
20.34279877149945
31.96564716167119
41.630262274646654
31.64099063316493
49.5828852534211
18.62202508200911
30.0900961950004
12.035002026766307
66.50183676924001
43.075680642814866
58.5260675243464
38.99613850759878
55.595875645461
26.406829282827804
36.93630492888103
29.23614940572166
52.06640558376867
33.07301462529517
22.979499940409436
35.03482308460898
19.38954406638586
23.263651426753352
37.99762418598885
40.23384664556578
34.53423554363097
46.96985929918979
41.207077771812905
15.784512327674449
11.403163552762578
25.876202673381172
41.562088659153936
29.214292925642344
25.90131441365689
40.838703082277156
47.84956815052527
38.73364681789409
46.67882997968746
31.194414941185805
37.819632625728865
15.567287302010582
25.03399081333117
23.40982746693811
36.81116020272407
29.509379008055987
51.07477867500045
33.8835903290647
51.30574922880504
23.90187012275496
46.08335128334022
20.383801742773187
36.95307300982968
47.146914840117724
27.3803129770263
32.28778771638402
38.41805111659655
38.18970079931026
40.735605460289726
23.17099191994666
9.979789451628525
46.12695546426457
28.23431266120619
30.953685558730154
49.7522928656441
56.579730422232245
66.84111468567015
32.82354741227996
24.257000103266797
29.898622595761935
21.514634093725274
47.111721834213625
24.570674829083742
16.58127423555178
36.23917787261682
14.120047295615763
36.03626011902105
44.01175496557695
31.97505924640092
55.7469122897431
29.837850774581163
71.24911275779016
54.36492372769366
41.94365997893179
36.38152578383379
38.71152945368782
26.885310079268415
20.590414036085274
31.874331722796462
31.40206581381782
46.53470561507077
16.340499989609725
53.198957844003836
20.24318550150693
34.30637814564812
46.946805036576336
53.90200632919421
58.45312109113142
41.26695019808293
27.06840993763028
33.59041667269613
23.873433015572644
25.05608219666516
31.195987616004317
31.35260611646832
24.77111822425225
68.88144534744578
21.697031553575137
67.35662778076316
58.07858192272112
41.30239089744358
30.121971778479807
43.75361244712499
28.304686482026042
19.74395420167985
24.664040524228707
23.266247873545243
34.576496087304584
37.0027585465826
61.70478162565948
29.89140351091209
42.61873638889164
36.834730216678786
55.52862489388547
26.345679910948327
53.095724152881196
29.924376176283946
45.78060545311562
39.89198646899717
10.045909392640162
38.79119662647191
31.95237557614952
33.98798488248423
30.422075853627444
52.66967758699571
23.74398931603256
22.489365816992763
10.677724876462154
44.61366981227625
65.36127102172254
51.455043027201874
41.269635538049556
18.292769351572492
41.90336338074251
41.046166307636405
25.172005986956197
20.92101472160318
34.25390429491365
31.075140915444432
23.398065633458355
21.67116642286982
29.115589152088468
38.78839670883914
24.158984751059325
79.92540622687777
53.30129622307723
30.416536748838723
29.37955865882127
45.713627857630854
24.34884621029055
50.510732009237536
38.640355511035516
32.853380446106094
25.448362224212794
55.91816525965039
41.31051715526015
31.075306976570914
38.23430709626863
25.871764485709104
33.220270289541574
58.05178628534017
25.812615893392792
46.6853419266867
36.263542476536294
36.76185754138958
27.556045036863985
50.03875534567922
24.011737810551857
40.88453195217203
28.42808315801843
22.845202141867084
49.7750233215845
22.48345091794482
20.361995007946014
35.720917153044944
18.66608267578103
71.54349731613254
25.381034049903185
46.864441004541966
34.91799756700728
55.252843066593535
35.22182813782028
46.05995630291545
44.90196943803688
50.041396704932794
24.370414571844364
42.36948996528025
63.58098584974944
28.815549417446952
49.560534831139044
19.083095353873574
28.304562966570312
23.23150731727423
21.879051231742842
55.12204244466899
31.847402695062193
26.64781715438005
24.411047962606723
46.284523447405945
28.497229204341085
47.937948704312014
29.03531168011736
32.225314999593124
38.16396536392305
11.99113728282
42.65031372602006
52.959019708191654
37.64174868535253
13.956462974270615
21.316230376526807
28.920993576774666
26.478621726830248
35.50531851745379
25.607543853973418
30.56723370009132
35.76079983370699
20.813728739946868
25.720343551762586
46.04327504120977
33.53603241056094
48.50261937726357
24.55903114853812
50.00532823295233
19.84599401605745
32.5059147613197
33.7805861461214
35.4249904568652
26.90700360367205
45.8341256545302
22.35098376873707
49.967371228698035
36.83475792447748
29.299321855039484
60.726826799939424
21.858438867852843
30.206363828328886
27.274943390559592
33.22938264011853
34.79578633129462
55.140083774606474
44.686406868735254
29.14207974251021
30.872725252741485
33.77344841004476
38.980970837970666
45.309132425546395
35.631484104789294
17.04063650898823
33.445997314858694
25.33700131466802
33.36732263557548
34.60921646288178
26.312618404305
41.1339692927962
36.418439357353996
22.308387391834625
21.90640732305231
19.043865790403228
50.874126551161595
3.7519350073227873
10.174899935895686
36.746859507723904
15.973459585333844
25.612100859532628
58.97526544492324
45.08611310426221
38.5392777098027
40.193548858595925
16.060818856835656
36.70543264115953
26.845925752634436
26.49693025564006
26.271208166362342
51.412224145891905
39.65641630692959
24.635999597021698
46.30727880828128
23.672259179305765
8.918949650131678
27.45737936205629
36.29886099167582
23.29283234580644
32.85145416256
9.725761704496259
37.857885445510675
31.40371366152242
40.85009883791636
16.39683990926118
52.302499056843075
28.455929450394997
40.14954443635397
61.64779476742414
28.26272078970958
21.671530346906316
35.36860493705803
26.564914760921347
31.600156151665548
29.683621997265863
54.926363279534726
35.07054972342497
36.26522107092113
23.89694968501044
25.664896826215656
49.21415176701804
42.80765636351822
29.31226332819649
31.029449011940546
47.462725240359276
25.04569622715622
28.138662176107093
28.244029726504046
19.384512432869276
13.364156633483171
29.34116403443071
41.53388172004277
37.23836204939501
13.621691012312537
34.13566951332519
22.920541372864843
15.440995640760214
40.110201510375305
29.560154213972815
16.239236123237035
40.68343820887287
31.86916271004656
23.346801401280253
44.42643089228166
14.186869187899612
20.613539582818337
82.86773538246048
20.60539307360919
41.94483464002891
31.05642291158381
54.399372180530314
33.13497612935027
27.83078404438931
17.49991093395818
12.152512221101372
21.431541918365145
32.41693521467922
17.99855552364521
26.937483941190095
40.19922052592108
48.927875512043
42.30926495300473
14.939798423487542
11.767576980184463
30.077421437736106
34.94495895667566
51.44976716888255
86.45944607345979
26.372826545411353
31.796803993989297
20.62146285901695
20.20821451554135
36.13857503477476
44.59082932046021
22.912440345830326
39.60738635118677
30.99429516602097
34.78189136639673
12.368665841901617
29.09478881815591
22.90256041477604
26.58117476170694
35.30131512875936
37.16557559954579
15.077365752273963
39.717774633355205
33.28486608872779
44.67998466727725
53.85482876817831
60.064380807700346
51.307237536449655
26.56859509606175
19.43925605417372
26.787171486502032
36.3284552902287
56.65566300826501
36.88119500308685
21.34907961088175
46.842499495256575
37.71339671320584
46.629020427247156
68.70228627707084
68.3870373359667
42.404046367950016
47.68177180672795
29.46564739729782
24.486813033979875
49.27443201475527
27.089543852972547
8.990613249535285
61.59189647459714
21.636873409794173
41.199021390739325
34.88654351265962
38.72898264442314
39.04804524374805
35.63354548480278
38.2277850342885
37.89462413079125
58.414456040410634
70.80641399766766
16.541804295321967
21.552713192364646
78.17981364070775
62.72864836171451
43.97440558277763
26.960734381393515
8.01868252784793
27.125981394118842
40.77548926446495
27.546221278870163
6.376411949308845
32.027764788372146
25.919466015799912
37.06264742824767
26.13625858223671
32.42964785847752
44.49574471758678
43.08196357604932
51.987467325959024
24.696686106833297
58.89474575414598
50.10484968806432
44.21046952136903
34.57141904594541
29.9740266264169
31.02883691648963
25.386098681730186
35.10316662869039
16.195176728762956
36.26082292816625
28.816564067231848
28.526459431640717
54.74684886876096
30.74159323760648
45.71952616041208
43.045836972518394
41.91189548818697
26.428939394365308
40.09986230114856
50.29344421473751
42.77674509298176
45.87512632910645
36.98851715948201
52.28770389255581
33.57579425147827
28.841328508715865
32.3112793555522
32.72592598069319
23.639651584945696
55.67477583961118
40.803175000927034
13.48946800702807
79.47008149940564
39.79025274571297
26.211766062380924
31.871623185944394
21.856544823096893
48.10805436122752
25.640490681342122
27.18213298293117
41.05106677867404
21.364272486828366
38.735809005472014
52.37248204439206
20.364122055351213
22.340192268301653
39.10887287037046
37.25916877437408
43.63395760472631
55.08666217947836
34.87459397967028
63.42950633353625
31.075116337553183
33.59425178607444
35.96671527379648
29.807451996648865
21.067690821300385
30.43232646303243
44.98360650615345
30.38922742151001
37.251032398413706
12.5692162570506
30.572299432800637
19.511771549608195
34.87764197981896
9.800468698830205
32.57583789122379
51.41107795800853
60.68472069208909
33.86482112027997
54.11220123644518
38.281077566144226
35.16643187260264
38.641810510333585
19.28887430726774
26.091371823367425
38.53520503804766
39.557405101478686
50.93741343316074
29.871752434360694
37.743284975594435
45.801913217985536
37.43542951544255
41.71677535947395
30.98638899941431
15.962106350574857
45.329212645286674
27.961754975578952
40.609534107108445
46.11445719862922
31.65382756497807
33.59784223915987
20.45875213316672
45.67001645800231
36.79839404480377
53.52471692160786
13.035402061577479
45.39153858168945
11.504113903956037
32.902237391426034
18.615164796266797
31.179091844447466
26.385310233042514
39.51008049087906
29.512371255424714
37.68357232929381
34.07578177708758
20.608618885769243
29.342691244747943
23.161806226108745
46.453039736829474
19.09431866815807
32.63565930240247
30.625291128062397
19.71250114824055
62.482488418672965
33.1069846526112
37.306956806051865
20.342331124076505
20.813168530263315
6.835531161323548
10.664056652443165
37.37438041393094
19.159247182946007
12.13093844552432
24.814445585693854
78.39724838434724
24.04082502431784
26.138949768307945
34.123735612961845
30.329344239102184
19.785762929036025
24.85246437613788
52.94005728553177
34.24726239006037
41.05936932580781
20.262418473348085
19.904506501104994
25.54282560351987
27.69638450160833
39.90783944298134
26.166498079764672
14.843152628594956
38.23050466560409
12.342818505593614
14.369251705758613
18.274467424698383
33.18366095516369
32.792477392275636
39.84414290729617
47.69083215345821
36.56225118817489
24.93158920523262
39.28498635780369
45.15973863200467
28.804312816571574
26.04857617923024
39.5601947053571
33.37842922013853
12.376969577836862
35.48948894810357
30.99470039435605
40.27611489121602
27.99429795717146
38.11774156029063
44.580786669884176
31.401956042062807
46.71711667943747
24.97666731292342
11.983930971481415
31.232989988892797
17.32942321103558
24.95178064489142
21.312205704814517
29.60481860645561
55.397606844674485
10.812608713696616
12.891705914839594
16.701205821138135
44.313316251122465
21.590001308372894
56.94119760121027
26.56397203443547
14.731948370645728
35.201523150077406
26.77010015503731
16.395291328679722
15.938824929345227
50.54340486402032
26.736971691538248
20.11128369555159
26.2619295661414
37.79527873694099
8.852822441298617
27.52792248190776
50.76591738541432
42.5497186772182
45.51414733283208
56.11015408251099
39.94654554594472
50.54414052314539
41.16730794239029
26.687925348159947
29.63774368136812
43.76727050259742
28.841497359573737
20.471654959123608
21.941042918783626
28.4525096486497
30.24231056741979
55.73751581000834
43.255210862041885
14.886070896445563
40.7192544084778
37.988419469432635
23.132626816703894
35.31041350864637
20.882725763132456
26.10594639074524
24.71054101240708
18.2077484200764
39.50301912810037
29.178859706532776
27.558145812277207
17.070084436996424
38.86902543137098
38.442597259929805
41.55237625056896
43.418582019593586
19.847032931797067
41.97637998813063
39.64831079022459
23.36688854130629
46.13777369164166
56.484330852013585
35.49235355329829
17.501414279313753
44.494733574579044
34.771187951930486
26.466269859909847
37.32936055376321
33.175294209625186
23.623855430026723
36.00983063234184
39.46380771856253
64.89133867038237
27.822597640875586
35.72863694943449
22.520983809001134
22.406370627041746
34.06428799808733
37.50270159710465
53.69754112370959
31.204124947302304
25.561217847223975
50.982927468914
51.56474722790561
19.896265563154326
28.525516835484606
61.66308191610778
42.02607890927923
29.670002909465847
29.622451927169653
19.272423612145452
23.572673697700647
35.953386471521725
41.65247895738323
34.149175567879716
21.495577721966626
42.96509885708467
43.792387393724816
49.4747991739962
55.965167575474794
24.277611106939364
44.806176100622174
44.13458565485262
31.783762733551058
22.866950333162634
25.93158060613882
33.592031399495774
33.3053367423498
39.086484957127105
37.82736879661417
14.518037126850885
46.428510449373604
47.090675486234126
32.02117132633771
46.572647537111514
33.989750317647534
30.21491701112749
32.870957549427395
11.818735754761008
38.151654238832904
31.415443640411965
6.909734114554516
42.95417299109277
34.78514923250992
22.595786356012958
16.692140422378376
15.090463665905343
19.636280342382097
18.073186925169175
23.421313000125917
47.6121699763763
15.587492233452267
40.8161160751852
37.56504759620786
32.016498077582746
26.825222665843647
27.545317145908975
34.39301616566359
27.888619303179325
30.58667362068951
11.949611677253868
68.2785614078729
58.088024018256455
28.244741265723377
21.973444365650508
24.122784475944982
33.26001885002898
20.209034301323662
21.040879856856257
31.30706839073817
23.23017915961514
68.91894554486306
46.43293356814658
30.498571996070094
28.5398566439468
27.33467175767143
21.672568461260944
45.43239155723693
40.09467268102257
14.839422918174877
46.72649601830167
58.78358991533518
33.90529756081326
12.997100738877702
23.36580329914129
60.27223720861132
33.65685371606277
25.433205366321747
38.606546092760745
26.224121218447493
48.779156286017646
53.73311513223237
22.55938448587808
22.317708346640096
23.46185472842691
28.060069512848607
32.24414625220273
43.02353263995096
19.490307755843208
25.21859962728249
38.05925703332231
45.07283717147271
36.906016378053316
28.51653653999297
31.202415492977725
30.180501267647227
32.357487515966035
33.74783241185358
42.81198076877854
32.63921350854779
10.760493117511158
33.63921898511803
32.77910459758318
46.22625707193866
35.21495505161777
31.392381540309657
35.25889299430616
23.981511625867252
22.965729039812704
34.89693780032373
44.1955734897735
19.639020304750446
25.832083747611158
43.995598773344724
35.30080216302608
41.53346257755175
71.34199793481699
33.472221052365356
32.39548561219651
62.06146121414011
38.86618066077791
20.211095083267992
22.669761671821544
43.97519513259566
37.351749902455175
46.122778549075676
12.452315951780674
27.670895568431835
19.43032410796219
33.24115611120838
30.343091828240897
7.455154775700146
23.567216902339613
21.378754593750617
34.4694498064056
44.03628472807706
38.52148167540875
17.79452755313853
53.707054563062485
53.28608031831536
54.184579398674494
38.12438233638364
23.501289504554162
23.427016926310554
27.124339125381226
35.66971610387121
30.600772743938077
14.469802965962405
31.376059709429448
29.18667548123528
16.41407586154937
37.26335472038864
32.92314473652804
9.657254252692367
54.37781612562208
50.217378704765366
43.85336332671233
27.761699991941413
35.00561771678568
14.013137991108888
35.74743598794996
17.347957837763303
17.036594431421033
32.45933778372586
73.12379561258966
18.183254647533424
78.39553610950654
32.885534541582
56.87099407833863
57.9538894049085
33.85945770544708
25.33968931889708
23.89609243815372
28.033467299353553
24.256647449415755
32.811661830672925
26.331596282345615
27.622599602154402
66.04640340875095
16.32445160880602
20.64434395946611
38.30711402967692
30.48739736290481
23.34786454433578
21.514982402765735
29.960435269454205
34.983624208137506
22.907559158000993
27.77453238351602
44.864957711501305
38.687291330843976
30.942789782463375
23.37005424654381
23.79883205483477
54.48789264860386
33.96648501591724
42.262139687295644
35.25883493906748
10.522711184021622
37.727880121650195
21.651397347510407
47.29887376241684
48.22157280224579
23.06557091326067
17.51828723013449
33.256791069396506
9.994683893348702
47.33432106431157
23.001530921640647
37.02642997163605
9.41056002647684
24.44438718664239
65.18926394586124
59.104922243837045
46.23475327304224
21.000878387141917
45.751257105613135
41.35237628588479
39.752109342571615
43.002627984407525
47.14222358864472
50.43721053113623
38.80345150541681
22.185054957052454
57.221717433540405
23.960430731939432
27.882560606697666
43.29152176477963
88.6312947466545
45.23146916877532
42.98959171537216
25.820047218478503
50.88661620199575
40.03481311638351
30.2557229417936
39.84489158595679
61.49305245938168
57.74029086826681
25.59609876296105
33.11995217106436
39.45254209295848
53.1672323814888
42.81116706495473
37.83233635503841
11.467377539125263
42.693792382040186
30.36100333591603
65.92688227536686
24.19695221490175
13.876132418373832
44.617174386363835
35.26904965724408
34.719276382513826
41.66356838638252
50.807912131542295
38.6736524703417
15.385956058417765
36.261819029511045
47.71040851867668
46.7141328119415
29.226478837836993
54.58348517261137
22.998584362564987
33.138370600671536
28.51275604857711
9.154056899036414
32.890846443257786
25.580120192234883
28.27811321547725
28.260118570157182
39.70205098678638
44.98441661482302
33.90887833155496
26.132952563280366
32.99420325755343
25.325319663544377
26.064354885933344
51.417496038224606
41.76314032379169
28.226237512981623
41.68878627425307
25.062181582418386
14.206770894842968
22.323668551055654
35.87588323728741
16.76194903548116
26.99472277801746
27.587069484727756
18.876770680452264
44.102187307758854
29.370150867698246
10.495545762380653
6.756576384947001
42.38496622896912
8.259260305047647
12.734166676577829
43.15922060314001
38.96127002184433
25.64246553960538
29.913151213941187
37.063026889959694
22.80415492004942
26.385222844996193
38.65792492804594
23.824779016974045
34.53589460488607
32.95157180948552
26.551352576641875
14.374620716567563
60.07509373859823
11.851842588215856
23.82451955253077
37.524691419910134
27.40185586761553
72.22571405781142
21.11972576044814
61.795471115396595
22.74346676474658
31.1221750919708
37.27842529903424
36.359151876071074
45.93403958962841
51.903286651404926
20.291240255869386
34.84568520768004
26.45877695151224
11.62277453637994
69.79392279442807
33.143544598689935
28.538527052960166
14.031389057479263
37.32423090674968
37.238449535598406
15.772343794239271
43.69002016048806
45.721100221019775
58.889790038275166
16.757874383649177
27.988239096571622
49.49155422488508
30.930196013224787
65.28312868554025
26.98801177358398
25.47592796413154
23.56637260676651
34.164798059826985
53.62651377295666
27.123269707429937
20.683140815601732
42.616366911825004
43.7113523998637
39.28064658263185
36.86323327146177
26.13368988008691
31.003588535865763
30.56137407105905
34.48309609477204
30.220462803760796
56.48920462917923
29.941130616938512
51.31729106594393
36.740405321608385
18.563186482896317
26.408323910491056
30.006151508448696
47.67846018506617
36.74788938085624
34.081957474568796
26.470411402066706
35.68493516726866
47.21258526032197
33.22610747972792
71.84457185091614
48.90392554079687
41.13580207562979
19.81426850842568
20.731842513347985
31.632857016108655
15.756030732194615
45.303086549578566
51.96256928987524
30.766917560868634
12.554878011975894
45.29570182002862
37.93177059194209
41.74764323197364
44.31652289771055
48.6050681180563
30.3035225385354
27.263679845870627
24.124283840348397
58.853316163596624
32.147148895215224
33.16040200923564
38.60838385007867
59.67216454175793
47.98718991214543
33.08861753522539
36.143056412569784
48.60424081633468
37.18225800234724
33.74474728851713
27.459779128768645
19.27197384209446
40.16276867295379
50.147372084570875
37.33408122026108
33.57613331681425
46.86055133590172
44.170681153096176
36.25246728654288
31.299770328437575
66.87486116742762
22.731027287988482
62.65686588866486
30.29748792264159
26.073060006660715
35.78113472264385
51.009954238566635
27.599817017900918
38.576271305062534
19.82971582720229
49.830407112265775
36.72540977689188
49.14608824037296
28.26126206611364
25.156939001468697
29.19744757106151
26.53420039536631
17.24333006849855
50.082318548790724
42.51001897774533
41.431702586501444
26.79273827341271
61.60597795480177
16.426612308303408
19.259683850155724
28.863744869807594
18.344324054322144
16.422247913795967
24.78680773641065
27.801435823576444
11.952193697848074
33.45887094939798
19.598172925147807
35.85956147984214
67.49262004643103
45.554148828074815
26.764069975447395
32.98760803772312
24.08752432196391
17.066093445077374
48.277168748328414
25.156917722997218
19.322995485826166
54.56252099307365
30.868037166931995
40.782477901289155
21.96986008078969
48.71988441465589
35.8189517437982
57.99318378243995
23.33804394782338
48.77199773891036
35.40829666355274
33.76040521916311
32.93822359026636
24.762734969307896
43.931768877898655
15.074759885571781
23.09697678528162
53.93132339432237
16.79287248556666
27.129729017236254
23.628137804190146
40.3689044130212
18.10946948269616
19.813248030752963
27.909248460822184
33.62775923846236
31.128980940727715
24.256652219793914
24.276200713565448
25.147660970130193
27.78006890664474
28.955716561154464
15.884407099250506
27.377172732804194
27.690404187449086
23.05677024773303
45.76401239011206
24.978148976936907
36.31913569496835
7.501962901515212
45.51803407921819
25.023050833552663
53.08200559116505
27.436461246900095
33.84538796935724
17.598647370950765
13.380350603506155
36.99646447659959
41.25464666587686
56.24734177842945
24.14747322604296
47.870046410788106
18.771843557331845
22.175397678342655
21.256849789992533
37.561259652332275
37.961511134834524
26.18182201594909
25.890616810270263
36.167514392566886
32.32689275448981
11.17076398865291
44.20555026536072
29.98271406189399
31.258671842389667
34.73639292312132
25.266695368746987
26.11574188313883
8.798446076672468
76.11588707081606
27.792529823344296
25.803996235242916
31.09646324726267
31.97787679044561
18.130812310803694
17.839582283743677
14.674511326231476
45.28700252108382
43.250666058262595
15.381856315345088
38.74189516778703
26.62813685379811
35.25544519703698
30.478169297658525
20.153290034586608
49.69975516815378
18.066580741024527
23.62909704119669
26.948490177373213
22.587263726399552
35.944663431355295
28.245749110181638
25.851512606758398
13.097298374780891
15.59613523523663
11.812255803124492
31.279363558821437
11.97170714458947
20.230179652083724
44.59267971265201
27.336203832554588
16.75930905998036
27.040471336790784
29.372967174336438
16.37683197821121
29.342998791671317
23.337812437409994
21.619847007788575
33.33061331052812
21.03156379051137
22.681953513929145
46.31757744434054
29.61986778273606
55.57973505499781
35.85407390392994
31.33523770610745
30.21808094960135
49.233453861506895
18.004298454131053
9.763110497708118
44.77159370246901
20.32267590323282
27.916418508123016
17.2434654072846
14.829038521503564
13.85733073122148
30.7970130354169
27.129130756390357
32.27329842060092
6.579237442722034
28.279968944824706
24.88411824652975
37.44723639430425
30.364702560034807
29.49755252004352
9.593442635907405
18.961917509310304
38.0821654246061
41.90578121724556
28.42519095335953
37.91098391235522
59.15480310695129
30.700883184491047
31.393640901186576
88.29919950727754
21.04839743947597
56.7681950480857
22.386979838459013
41.56038993272089
12.71991247791194
15.199673016846802
52.026689325208544
31.210073076292854
20.341868452185388
49.0094775379043
21.431848558949458
41.49017296121518
26.205740925921916
73.31927309998245
27.610367379738303
21.694854461118556
31.40038311877495
47.14649940259514
11.530317069151751
19.66462543779783
40.297512758550084
29.388372115515658
9.285873073547075
25.966434993703437
19.973059485595886
19.51681973250434
26.557606053475318
32.98573683415354
32.184525509458716
10.701431010475808
31.28361220245027
19.565432892653195
37.21201272325994
30.096747806122075
36.6037051684505
28.47579340311726
16.132809316282643
42.78591570361639
53.532101836938075
40.46288513622714
23.585052149880635
22.182564744595975
45.31852968068237
21.852710240355087
39.289686483953325
53.10334411748602
35.700468544096545
44.181575916894
50.48012750538344
34.189614606477264
33.10744779082973
15.27397693682665
33.403955711881146
25.10364271309897
34.45678872133937
9.041023179327388
24.21183606974441
26.143362816992
27.43167643980831
18.157321444873915
40.96295383683615
41.73857039678974
45.10255961119028
14.7126346952105
19.630636195433784
37.02578555349489
40.010435214033556
54.96537970856073
15.713447189470386
38.580142008441165
39.373031245214705
20.570680302456257
35.68049292956957
41.177618777121324
24.4286296965099
21.276524022680395
20.99792653613997
19.02999008801463
42.88324706569359
29.959138082416626
18.962171956042503
44.926124672021345
27.955926304143535
22.77814038813996
37.61779929772289
35.11097851754258
46.25121731837846
41.65885862731033
41.59484991819774
36.93696579002526
31.89650177335246
12.193034688348138
10.817919471352363
24.40601678998138
25.940106613821083
23.35070098066901
17.331210573295227
75.86371204258124
39.26822380074819
25.029351510306398
32.0525522821903
14.393283362050328
34.58336534038439
40.130517264299876
19.352178212761554
11.632568987453402
39.6989087123826
30.15877834917715
13.167442704541
12.092389187720293
18.221045678555793
16.940823440260882
19.62386008645012
6.834130179188596
73.55621768645949
57.297901370208706
20.400633322174293
58.621481824846036
10.664295714649757
32.78703417549189
51.068765428512364
40.18181974279793
50.715861429734986
19.104194173036586
29.227378561312612
42.141484561131094
43.8122184934548
75.94292183755375
47.51288491927497
45.20442040127099
33.68200707075001
37.1170739561171
44.18337745044326
31.548992349663052
35.913570484150306
52.41992570663807
47.510022603933905
40.54473961985608
16.236087214509773
31.045672119464417
39.507672057574275
24.01405683120578
39.567168351316
47.90934144409477
41.0160403730589
50.093990921164675
19.93412264204999
55.359316134886036
15.862906555706516
28.793375466402733
48.33300351890743
51.7283780807678
18.409587812041227
33.22773475356662
21.998936513709996
36.78972765881189
29.18392740180916
20.78244702161732
28.82328761712767
18.968650066353636
21.69679352503865
34.99693287983418
59.2717504377424
23.759126575806558
16.04142466977741
36.335376840861436
37.33644654223737
42.96105452868641
34.20901986422331
40.81337492606557
17.326170204530307
22.97156534192783
26.52833441627725
23.09596226229418
22.726759745640774
48.13416642525964
51.6513554110327
44.0315867479783
14.697214787390678
25.50093716101538
37.17291047550997
18.15394895447907
30.225967842201978
19.309630370434153
15.64411999091444
35.20195898129626
31.152182105536497
14.31177027779218
17.303223170087133
40.16693140806561
47.71564369629607
19.221785143215982
28.739640843580506
34.34849822668658
32.74257914092417
24.19423020550576
36.1355961132803
37.02020343245577
27.784631306179996
30.682398488458357
32.351529175868684
25.81935278531556
37.20317878163242
21.597192655558317
44.992768849000846
36.5774877091165
26.364862905058274
19.150678257277104
24.58863784891329
12.572594459246195
26.16829798413645
15.187475754220364
32.6523731980953
21.939488501911278
24.347227551981252
43.06865153330576
56.20012684378738
20.180400117470956
25.51548009611625
37.02868055421863
43.75330031359509
58.322849316729396
33.04533621588938
51.31970940325172
37.70349968358561
19.082243349401608
37.05452624544968
49.77821225599689
27.1151222492864
25.738541394560656
33.03154067748611
41.87788858545681
14.585398916561784
27.868412814057724
11.712602788385217
25.544651242422887
48.195426205260446
22.276904312067305
52.55641167917007
25.659837116014206
16.318231893146596
33.819794494022354
28.96775633468513
11.555014731211605
15.894176709783418
53.99772220231364
36.884491603169174
19.87893653378063
25.415137089629088
37.62690804822077
34.17595788503041
48.93009561833108
20.305836053102247
29.840415233631852
18.248668946860498
18.693131600867805
8.732361066634379
32.77406015609628
37.66139663281552
22.867629660750595
43.97511035314827
17.771041566677475
33.732298125891056
24.172967832424433
41.608983003749906
45.178214589463806
27.464473339704004
31.25389514607338
52.68808062038146
27.762074006324934
31.83316393155647
40.76255434704103
42.098144855851515
29.2380700770323
26.831708682625177
29.005773704903774
17.044178528239563
19.748496562252473
24.72478344850191
18.139434281926764
42.606299022551894
18.449373986077646
45.01800689509842
26.215299501893046
34.820138925374415
32.53991698547917
25.079847622107028
58.362187347097475
49.99260952400292
29.817088924091795
50.038353612499655
11.285932044737907
29.32225140048206
39.31775178445868
15.64031948562305
35.4105166030737
57.83795450533451
28.146213675193838
50.14359530082271
22.929169873007194
27.434790178066788
20.240389774494346
24.632648261268354
20.075171087515415
30.060034734428182
19.87292704122452
25.216039888284982
40.14038804156771
36.62461761192461
37.762227959163305
14.115643988670737
13.415247790866783
75.36407572762197
30.286143561183398
23.878186300461646
30.490320547647915
27.324558981405943
32.13792998679388
44.037934632365655
48.72952333401327
15.647941191867694
20.931261190169224
30.008286368280352
31.481007998284856
41.880248269944516
37.357985374290905
25.020682771082203
35.06973994349133
10.924828727740847
17.151842945013094
44.75343059040782
31.534125183800104
34.946230773851426
37.45855622074809
54.599075200094504
22.43919720764867
18.93100783529184
23.55677387025198
14.18253323761699
35.458762129614755
14.592302583277231
48.85660138174637
25.112355654973285
42.555636818919574
32.00219620518523
40.015927991355454
36.570381889392614
20.000936768116592
17.72095112687658
13.214951058094632
27.351439433764234
12.964613961419392
10.7166809913563
11.829030077450064
34.26662114160574
14.748864166837631
44.59359481139952
13.92750929809663
17.70810033180496
45.532546359903876
30.797201702794467
41.13596157480527
21.04653054402409
43.58766962223026
22.318250038875163
31.451406407151488
22.283554899975876
14.087524089507774
41.18776523590155
22.324728111271344
23.602719196417052
22.10860294323898
32.94693170415737
31.600467898498813
24.62855970090606
22.73881736635731
30.36536756174038
15.8053759793124
14.076781247291922
39.85726993079384
36.23089111586685
45.29421398586439
59.78712816471899
17.432803821978347
30.850015727217432
24.10666827518496
43.159028655390145
37.000589521908786
35.731233984829274
32.680305394078616
47.991074101769534
25.863475053956503
19.26925470795194
19.452484535684533
27.61129896574902
21.46258783291616
37.144238278875896
45.54012509397073
46.42165445477629
26.92108369373053
22.0161612591293
24.316940275837002
27.363748223475014
38.1757320541434
37.310517516711606
34.115747082686035
17.019620626331154
36.52176205296308
13.759938821167458
33.85208863274453
26.834366495939943
27.997184263730794
58.68993560376789
26.538011836270876
20.393302063905907
20.577866982517865
17.445014163505565
20.257939851843144
13.851920799303349
54.60584788234871
20.76967619991441
20.610755844485432
15.555531496732316
45.31734826038748
63.39120798177921
30.388274058837105
16.23905589019944
41.532042399268356
46.43882057350906
55.12658142181659
34.7301824089461
34.654788765944375
24.949002148421272
12.497326634093223
29.04209760684337
31.79918356664183
15.000785879750577
36.89039292141277
20.77932466849505
26.333389244050515
27.913609143718933
17.869948118152553
40.31722303825272
22.99659741862258
40.14948990962244
37.641603372498224
13.008173899318209
36.941141504521866
29.30555209948728
25.153556572778463
37.3844098480137
32.912809495265485
33.60178125813202
23.66080516533871
16.77103851122183
51.056878636122946
49.51078202407718
47.801505450332286
46.10139228992735
26.872403853466032
27.206547318097897
46.99489574193228
40.33456632513575
35.161255464665366
26.055618296142264
37.52794989453253
19.004614385650616
55.6379857293971
51.169073853794636
46.73256685048209
21.8284248843997
34.013006463964665
25.07384747149336
37.622230042941815
11.46632597011874
21.00044710783844
40.315327514319236
42.05648743600142
10.41500975817469
39.33357983465704
53.796787386131406
16.95419122512379
21.451341547587823
43.35666186518607
14.414371326719817
29.630038534231918
31.612556314162166
36.536377427198246
29.466652198297332
27.22386542824263
11.993472250842114
37.030962783164135
42.86786319811055
24.91418525671576
40.001339415538624
50.20961166678168
54.29614295498328
29.457748136553153
20.652375085235697
36.64803292781651
21.238442946808377
73.78859200614677
25.104865647053508
13.94772227420501
13.291314936263271
15.3005810485007
37.937977962390136
20.225802572743987
27.574722995984914
63.8412607438632
31.97603399643496
34.576544161450514
18.67877983722681
25.294374297595013
30.533213090908085
44.19477299777721
11.836707547626164
41.55489735614745
21.520461637852602
25.55105852853641
27.80373743657625
40.55415862108822
44.3703230571085
30.61447807525775
31.06650312824788
35.15362831548041
22.395898327168933
38.55383394188734
29.911849494525534
34.82342894783531
20.45240104475513
40.39344017513915
18.17707708648831
8.661082877339586
26.614417670127636
29.129651025398278
49.57760635877333
27.41434588662787
12.175256419981007
48.88698972442693
26.01544786028495
21.975181672156914
13.004150158284796
48.20500557645995
56.80125966796007
11.968867218430596
30.23250699162971
20.024512702123243
27.59206025709667
19.14101824452349
21.515855664163336
19.80161733655103
36.188413097642986
26.673980394334773
26.159327244140997
26.16651615897288
32.66942120397284
27.797949110506337
30.90003278934986
32.55145461049059
30.567292218049197
27.933212333221018
21.423417830868015
37.92831561401277
25.872373937019738
36.01068242214699
45.57649273519063
28.538205299234658
35.14176849965826
51.51697150968065
36.15208321278439
38.58139221759257
10.883475646669009
39.283445542937386
26.607629450187897
33.52223634626238
22.799897096057663
43.23706813877492
42.22489642179064
21.9354340827292
42.955184844935395
19.321198076577435
33.300430397138506
31.605846512442525
25.925935383768206
31.017230621607546
34.46816846874234
34.59923336722855
27.904745932723635
34.84458025562455
28.200887319898033
32.449333517650196
18.919350520117014
27.08512948907094
38.212852077644854
18.851717527228832
36.869310699339714
8.569655989988975
17.760665643951075
43.38614694037467
57.7979097140676
31.863421679007693
25.76050195739382
17.47178306723515
36.36726336399883
41.979950390344186
39.94622294311032
36.82552177987635
19.19300447617384
25.206167015947784
27.45104793852485
55.4241104779183
12.712944514337105
20.852795559725852
34.46880561996258
30.06546232866568
25.475676184767483
40.46458194273184
21.25653349815523
36.65547412213966
42.70813587712449
37.0470367518252
22.88492085771091
31.848979462899464
20.53230396471035
24.77797377811886
52.282338422744786
12.798316375731774
30.835395876142424
28.112202379707124
15.012040629092194
24.116902017804158
39.203518861971396
41.888499962207874
16.94341069135107
62.740207900871916
7.91063624340905
29.375955469442783
15.58771174160786
14.64401836560043
23.88424893775315
44.4764318714587
25.929053221247205
42.6663368316203
39.509559600055084
27.46669983326203
21.76733699297551
19.78603969398122
25.221638605016945
26.426873768873076
11.826195277429449
25.431831159296454
20.597761988577588
34.61818844722737
28.51803895998569
27.47515414229676
33.37203246962987
37.7103199740665
35.44928316879174
23.605528923899847
38.739530773803075
37.93256720884807
28.68762141891495
37.019716170017055
30.526064163428636
34.7768720734994
33.17043087959845
68.36725518591535
22.071865266339294
34.40698187641297
56.780286609848396
35.583950269569684
43.68266523184036
40.82733255564194
59.10107678909624
27.888701019513224
27.121007393972548
33.580852999726254
38.360643863924444
19.99496683167335
35.418450824330705
41.70424494281403
10.412188509098415
77.54890357656987
20.501107802323407
43.03762186307418
16.545384381149013
38.640349447434915
15.011244439133916
15.703751966775728
65.57152874140446
23.18285753696668
18.135649992499854
27.25639255613876
29.501288816058818
12.330538046489126
35.84872641258548
26.829641658146876
15.77249244367228
17.177079647665057
10.262967164510627
9.482466048396159
25.641362066941266
47.582573011492165
28.08729881878982
8.44118680113043
28.20315256768372
21.057210815920126
27.782238933301496
23.863877196692638
20.295155166508234
21.461698562310417
23.45252219871148
14.561060902662021
24.61705621687333
47.32870682684007
34.533665465432236
14.379102401027941
71.60323452425975
39.958873643404864
62.85522422345985
22.88524051502081
21.4310300713097
23.150875392400973
47.42861807940159
40.623452911492144
37.11861695755467
26.146526161113208
26.798509985967122
21.231237519783324
25.602745208987628
31.907437822703912
56.629287047514424
27.936937301804036
24.361993093508463
42.741322892928665
41.25919087135521
42.95958767877836
28.37666441027852
18.576611711847775
27.426400657956435
54.97809212473512
12.747792678978437
12.797708496869609
32.19765876046219
20.014763030188426
10.906184364576317
39.76128183903006
34.78984944900367
18.246495642591633
22.220379835310677
33.71561703339185
45.49041625449106
20.026334865890107
15.681381712871154
14.265624215283253
20.02063952360442
28.80249291035946
16.399040534078285
25.935492182450837
21.13322784478771
30.30429459460543
33.89963612503302
21.08725865990153
23.519939994071034
21.53076586581847
24.72866081835905
19.364456199541866
20.63761340820421
27.184469039818342
28.323938966733515
46.684052906522936
24.322138524414616
57.248319558536906
19.69924083975603
40.263800739804125
38.79610846348326
21.096865144464786
43.72598447114935
29.036864566255783
19.152998014847782
42.38267583683245
17.856060861779703
60.74988550217205
38.38681040789969
12.43238456000952
21.369660619567455
34.80539608447031
31.579431171419138
24.244796101806394
31.25527174851806
34.2919618174024
48.383375864001046
17.330695123593184
18.094839963915987
35.75343926931237
26.85603105659191
38.24602004565353
9.403178781425959
27.970543204733428
21.281515822057237
22.5972330410189
32.95111246218215
45.105326089741794
12.896096894090277
30.575833086557765
31.592298046176143
37.772915573079125
23.91496146052097
14.046237831767483
52.47939427374182
25.110378398595333
53.95760816585234
31.822094204276617
32.498538827530574
18.918678995964143
27.186365939790875
21.234778109246168
35.77843635723312
16.599348061001066
14.895849667322524
21.176035397826578
56.888383740064405
30.660582919693052
11.960770880618023
38.477624447946205
20.153858783949957
26.69592816135643
25.60277805138363
39.48159186895555
16.607197281361746
22.27355095378398
29.804717966873064
24.273449494144735
29.804590834306634
24.704828831397123
15.879216334594467
41.1919518802079
31.527237782044093
39.55421695467662
42.77842174284284
29.43622009709082
47.321719480434744
22.713898085157915
42.511528691420594
32.3273336868031
12.388956240334574
26.263781671743647
24.982979876070445
19.1251656869112
30.487004676700767
43.97130035811409
37.86239361161602
32.82884701395112
19.955775242697953
44.69657639056963
25.337377484313496
51.25492571276477
33.35694945315259
26.544583538420547
43.08497924286127
19.25621734046728
28.12433512711157
44.37684499630057
20.62287516472067
32.6256501112377
51.18384724656008
25.062468536590337
22.323876502955667
34.58519095976326
30.552602238771964
29.336231671810193
42.95552447451216
25.679239629181062
38.12947816154892
43.20910788678153
28.223396854662745
37.83702939623292
50.54843266210368
23.39488237245448
22.106647351146265
32.54074998984005
24.112261097308874
30.534731565205597
21.05181607400303
28.346010972213225
17.433060337560573
29.74076117009339
61.332229060876074
37.41124495456262
24.099556478593684
26.22323477132275
27.32318772492021
33.62936881131095
35.767489640167014
19.45740547436683
26.795251972597693
25.42482776670449
15.97297024724841
17.475367299306836
15.599772452625302
30.958547631818817
24.534507280931052
37.55070385996023
14.186732885050596
24.153047884570537
27.57450101098227
32.76052566443463
29.746430566174975
34.128194076756934
24.61791944517269
40.04905681552157
40.145067079076384
27.886302399074804
22.352504214007332
25.374085228344196
35.0767607653869
19.296759748639328
29.15752372189998
25.75984026226696
41.82931161603217
27.285091485118517
25.857410810115265
11.707109749701148
16.646880912273964
14.01648173974893
33.698658372174606
9.92931463773198
27.040943119210027
20.335862513757856
17.422285984207818
23.545311608352574
29.194952635437417
36.65451402759887
37.26461395264257
33.22328438525176
29.51278608837571
41.99080134074626
25.951415139486066
33.913930087431744
32.063493507959905
63.05856944577669
20.671572461291916
31.809529722353485
48.30654546041662
27.612341306292222
19.91015855647716
16.428877803894164
24.750593005136643
16.57539977903352
42.397217875160294
24.958060789886197
11.218336189836482
26.251766832147215
23.545120895021597
17.10555758716576
39.99441366045371
27.214574014519755
18.34133269473973
16.50714118848654
31.058538890454056
45.03063782013093
35.31138542777877
35.89348743849671
34.061308421317335
31.66227810517152
14.306824047482673
27.3194560679187
25.077748867208282
43.62518335201479
29.932886686394916
34.21559077743121
26.86861145348954
50.04214867692003
29.875318083532008
20.65172122092347
25.771544435430073
24.14032700509359
51.51190316581541
53.11118728377983
35.50294664137815
38.70738124682419
19.446635189565683
27.92561190891766
24.008966289437403
31.46610923329154
16.180865598541654
21.306694485161863
25.5992659924073
56.00992474251966
18.554616050014854
18.85468589163122
16.295947395986857
40.71671630113495
29.809182411618195
34.0163136759249
44.06630458153133
12.45265078313118
46.513833925826944
38.0642721602904
24.426906757022067
55.64114553267628
37.91536864841119
51.85806429666798
22.905553836329226
40.96085382206777
28.66159588786762
22.543177672068882
23.499048553110544
14.861892436029333
24.704515966090014
31.314213798313805
28.724064428504953
30.455459297239173
26.983203632061752
34.04219973810127
15.290081308018497
32.89855286714416
16.844717001594866
21.611064637923747
19.849970760799575
31.683825445252005
32.80050595153699
21.126865216511508
26.677115649990558
27.065282609607827
20.30228257569672
26.64426373890343
40.400360446080256
32.770403569951014
27.103781828920702
58.45044920499861
39.19259293262897
20.95621805000304
17.233546760950066
28.090374633750585
27.566523777566776
22.56126942447814
21.475057412182235
47.97934521648739
19.87607623009893
22.76629874062399
19.803482701137884
16.8922561571443
33.67461861597236
18.618096589271165
27.37084578118586
31.5890676299098
17.54718885414688
21.488693012250838
13.384218486575866
18.30329470123882
14.40732420282047
31.060416893411464
18.915147434690503
40.303612821303204
35.273980282534815
41.24467583681394
40.806457280247805
18.428603728597277
22.70188640153707
27.097692589541417
34.51941278033088
20.103098624546266
17.669919227715997
11.854755201415431
41.38124499995086
48.74999598168735
15.354364650192792
16.032528937227443
33.86452035659285
60.82898435924401
52.20799125390746
21.178847104508634
31.441728214876452
23.329017018351824
32.564151406473044
19.9577364546341
27.436611881577434
21.53660234369232
47.392356837831684
29.747492023897333
17.200781468856512
18.3000576834905
31.798480858962225
37.30922445639261
35.55591052365129
38.261956184346644
26.998347685528852
43.116932748386155
32.32268273660599
27.536567642640115
38.61408464909957
20.501103990672767
68.61900161818464
36.41341523941852
14.107300213580967
28.40061246254908
36.02328714863229
17.12632122732082
25.713702445731805
32.866961043322185
19.04218996876143
22.077724057401234
34.33642765911223
18.19376034221184
37.527624685297546
27.060907190115273
9.594247213100159
9.947341849591197
17.479688490963504
40.9836312830302
36.37640600708622
41.17146079623938
30.548444419992343
44.40528895008665
18.463246195801883
35.836849526436616
29.98755839477816
47.86150469551293
22.179037448729805
16.74440079341792
42.38715500484421
18.973745497746755
12.60107082768513
38.71048452299904
29.443743492025682
25.220995936431816
37.399213777553705
30.668709431967983
17.8166737380804
22.6039511504122
32.07997768818085
14.260649209036789
25.45266050164361
12.242548297812055
48.582081926796235
22.320857798962116
26.078610776641604
24.85660917092636
53.11427210716949
24.277364219100527
14.663567130179903
41.74929410372423
17.276775014409125
29.263214440793657
25.356560688911678
27.585466023896277
10.167733343014808
26.191992871466418
30.66291617386015
29.571103305043493
19.579299715998822
28.44468486421273
18.882978087814607
12.349650722739634
30.204562108635457
29.647740283715123
24.343810964117583
11.765540112637309
31.10659756059828
15.973905130964688
25.67476463415776
21.356398999168373
28.29351938688281
22.30840113211774
32.170023796790694
23.570170726810634
45.30914654733941
20.868432037886446
26.026889673422062
33.85344513045331
14.575584217187204
12.136029026678642
29.566025377207534
38.974983909196794
39.02241441584409
14.287464020128834
24.824367672624295
24.612624364247853
19.655233442011188
34.23408485292781
14.48444873342245
21.032275710391087
26.303938114405224
15.071459682214625
17.716814640523477
28.700568475415423
7.978229234400841
36.13525762494182
13.39155582687972
27.155709442692483
30.122587123885076
23.95910166602901
30.704282927992832
41.165432580812016
42.19866277110195
32.402075757234186
16.191756797875083
33.877342846496546
24.801274137300023
16.89664287253883
24.927809709138064
18.074612963094285
25.249540743126666
15.577709686933607
13.143455146889648
20.714700206647887
11.357987383287051
25.782728755666234
39.13741108656252
13.279377607691012
39.64655040769026
20.06221335991869
22.38893320610992
23.10030413930445
30.531152738217237
22.05631173718797
19.347552775682917
30.26681847787324
20.558336193412057
10.9730862218548
12.613211538458044
53.46311018083257
14.01202637015925
24.32659435670267
11.835469884433461
19.540291763542157
14.476144183091499
23.695926276086475
18.69930728467957
22.564148226920153
8.030848721258325
18.533591795853955
53.55364732482045
18.857866147648537
26.978031116860297
30.36252181328652
30.65798569390009
20.218187610447462
12.995285721324384
25.88366997229828
22.21041342124605
9.263068124998938
19.252702412326197
19.943587184092248
15.6260523030402
31.121132259453304
16.92448393373412
13.707795063637215
13.89250438790966
22.83587467363013
17.638521910566777
27.68914670853309
31.356431009012248
15.601999832289696
25.597312353810686
28.276573135290345
21.19803156919752
18.966004887093675
16.08143954650361
9.856283115183462
17.607688324951297
17.073017543901404
32.34636630947273
13.078608547348654
14.639801084443729
15.244723608640994
13.738829952368253
30.45992216364466
15.005745694116012
36.9227253966863
18.504750608679906
26.189330869424776
22.913587554695216
8.401744255241182
20.50144742884839
16.74171775086036
9.541222898515027
26.91794934718061
11.159205195530976
23.576984843877664
11.621177666756806
15.805100188755667
15.228509134265146
17.87243409067883
19.55168337820878
17.934079451913203
15.12817219777369
28.906021547096948
20.8806576548664
18.18852323077248
11.716707531015597
30.647751488081127
8.280826739351284
23.602104799328256
20.39130056744548
18.21257404118056
15.37286714516479
18.993484315319474
17.013163455001227
17.620807722947358
15.042452783902776
11.793291270065415
14.438192796953214
23.238984120893864
10.449294315218474
38.67764477840955
23.855055507788357
24.90794059896308
17.000736229208922
11.235156179713563
21.4761011192618
35.48908893656516
14.376989339681495
22.352145858066898
14.963268361305518
38.672073990263115
25.26274190010965
25.821698787536672
17.167581703428457
17.216337296291055
26.046100684118667
36.47005391270828
9.859910654968088
20.06046468568943
15.871330930074864
24.975218369260062
10.581565683040807
18.36530477335329
21.563949972940723
9.343073022890794
28.511589445134224
36.52638624100293
39.99450452837108
13.04169744884392
13.671999806006966
16.241459469747607
11.912048411805648
17.146783098153882
19.867970879715855
19.50695538606519
28.108536380611927
15.017584939848462
25.6861836353318
13.690536084460378
23.349544563537712
18.852659036423862
9.379134691646627
28.67306152205477
17.886864318094297
8.589501181394985
16.98392207222845
13.252523815287024
8.574413775829484
20.85193387424786
16.545548668650536
9.1450167900981
23.819320605302785
7.617410829409084
30.849462782629804
14.47354841236452
9.636716071693172
9.465363707477985
8.101568333108416
17.437029732495223
31.95571497813435
14.985152724211268
17.49406580250712
22.01861233500808
16.949817294935837
43.5976831127292
16.472664023601073
11.099504458619021
12.368662401288654
11.172409703456882
13.795938711818353
40.487343471663486
14.429158323172341
34.02736042856149
13.795053734157541
16.071545840006372
13.494185724612054
20.367435544965875
12.269628569761224
15.135109834250269
24.682401183578403
17.7381986605282
39.183086746638295
9.105244935599757
21.400714226431493
18.04429817144242
20.40947251191392
25.388834600152084
11.424956990501194
8.972236371608517
27.629653539389547
16.874278585526685
21.102629643165525
18.6950353352291
5.974417428972725
13.0628931554816
12.67855873562077
13.460255096825009
18.02292790590237
14.061521765283382
12.103536771454598
18.60683530230046
21.910482579237257
9.27270331593893
45.81038484343268
15.89757898879382
17.536301416035435
15.53449132473591
12.33143996087384
9.132866419206222
12.919769701607326
9.18464810606702
15.466178330817707
19.858729411940264
31.800841789634692
6.402542344057062
16.90098074699681
24.698001095887236
20.596301449439707
15.330293724049044
7.663376729920097
5.443629718628521
11.615839855314814
12.488722197117522
11.443107532528602
24.019616074850386
15.744822858656851
15.35370181266792
10.045008786524962
12.845896957718331
15.587080729590078
11.800001009882372
17.785255137704826
14.753541600760448
18.0401105835535
14.430411097514973
21.643235384070785
13.203787612102067
13.74651100371377
10.344242759983214
28.03049467460392
8.20429092225271
23.555462888225044
26.847267904879374
17.42106516080541
23.019836025616765
20.585112667762008
10.15377465970411
13.35739294380154
19.557838626345276
14.32207671021021
15.301851433912198
16.80460908600724
28.75178497849013
11.149131286825376
11.69209083858314
17.92313640487119
21.36517297682448
28.55162891602913
7.069150937667644
37.00677524161512
22.22544604710827
14.641521392602746
32.813390063805514
16.38069212288017
20.904986157088427
35.73163256671933
20.849249067889385
32.60186993710224
13.30819328609612
20.523436169476902
14.722398146919883
22.212215673758646
14.714648102314603
13.388217874380123
33.23691388083504
10.571968372541525
12.697457285565008
18.09074740988642
12.450616858246576
15.172568516543508
11.088312185498943
26.452848530040217
13.95558339198919
12.923875305664703
10.738605702825796
22.261455714028916
22.953643349864624
17.247283261657344
14.424944798361421
27.576809771042125
15.907223668953453
26.090718363910355
13.662194646427189
15.36048001354022
19.17374938912854
21.485385896104482
15.726131396289583
9.258917923547449
36.11735418151888
12.022421204842045
17.371199546689812
15.066393270678107
14.388573442140235
18.90569184081089
17.843424004433725
27.05100961665784
38.50349753779015
12.393469182436828
14.36240853566354
19.101733552598564
13.773075271236108
16.213710584415626
18.85433676795771
21.43462447953634
13.826145094258308
14.804606783281288
22.835356368415223
25.110558028509335
24.949947155521212
15.387294174953373
19.407243946943595
23.03336652863793
18.43845138514154
18.531334942929245
8.761445109942482
16.13487268458425
26.44795162393435
30.32346667143401
12.447391655886848
15.106483370848691
19.078146103842634
16.499193130093058
18.27818305063113
12.485737843240106
18.77646165137262
16.58650969009179
21.242788808759208
12.794049489529765
29.278494578087987
22.36371628626001
12.368144623535718
39.51498476746756
8.830886053166166
18.43172400967786
14.278745299640477
21.220462887284018
15.3620856672046
12.60673227577006
8.83096824390847
21.305645171259837
34.13093858989267
10.262864653079879
30.72939924568805
20.43892338615969
14.586020552389872
23.59397219892184
24.845774474347053
17.1198295345381
23.769806466204855
34.537461932386364
17.264631772553606
18.40460964575103
10.851291041350434
21.385395699913108
15.400844980092804
8.956420408073363
14.495060528916209
18.156746560039856
21.92091697124741
16.189689444958155
35.09564767176545
14.657281887816302
20.14335771946366
24.72862644295784
16.366189276663107
11.080926739639802
36.08190760889766
22.41559507417897
16.784612063090275
6.484201217900464
26.39735402950272
22.27393280377149
9.5481914700283
13.185407776223936
18.400729280455423
10.50347688940256
6.692488086349519
11.473471409755057
14.341246357081996
24.520089137091936
7.578710033571919
14.875186615027827
16.82246279697922
26.01619302416887
11.429179795878035
20.883163948688907
12.865526665830618
16.889355828872517
27.54742938332111
14.864399078465022
14.473929408442773
7.590672541413822
32.16381312141103
13.418119821017463
15.784733008017952
24.180368763772904
13.328868345213147
10.322629512372805
8.830480317761417
18.900274815029157
8.431856285011524
17.43266020392432
9.94067940591909
19.009828231246093
16.40557159741084
14.053975685032416
16.681524639209098
10.358779529418879
23.552576482296256
13.768258381950549
16.095575496686845
14.690046184675587
20.178867050013285
20.451556430718725
25.471029867363388
5.905466860917456
9.013056654511027
9.318027793728463
8.847714092410953
34.93917547494339
21.717809890921483
13.54624121002385
11.675409094797116
26.250194984408527
14.505508401562494
13.897715159991098
11.731789238000264
9.706266680920912
5.414629506004216
19.263895439298338
30.288962787806835
18.96625587777517
11.452249907714046
21.242367129926176
8.21798682024763
20.29520438429133
18.917247663470192
37.568985845461675
25.200638982263374
20.073071102350678
13.476160416955976
15.019254467258028
22.650802482248665
17.147423903538748
29.613511065149247
12.074172248156703
26.667270559844702
24.82379252818259
36.63738188898379
6.6812868410576955
14.315451954109706
20.099142417434575
17.133124085177776
14.58097076975015
15.524511033018806
38.51720567883355
17.066286313848995
8.45178371401554
20.903108422655215
19.293003070044296
22.2213427076401
20.504895093054536
25.260222657772836
30.739972504895295
17.74092583068413
12.446352062597514
21.32547923294162
12.905477236176555
33.34202334649582
13.86813212313659
18.152563547025473
9.482112729690241
9.034393915773514
23.35011279929173
28.704391910974046
31.229906543776874
12.35021002737383
16.88596294018305
17.620886872242398
14.755681640074652
20.277809287206576
23.643592626568736
13.46472848089869
17.547481110678184
18.484119033966042
17.51020384772211
27.007494963079015
28.832964375240515
9.02122300750927
24.27702074975606
45.23716472383279
5.492517843477105
8.971255721377599
17.86559140597174
12.33991546611694
18.28281714430998
8.894678128273362
30.240082441764176
24.945517741737213
8.98408162542323
6.613004437813701
14.582607374063047
41.389393285321106
25.328187572134603
17.277962559510676
40.05423597925342
23.67800926072816
15.10890849075234
21.048831868412485
25.63292916113828
10.690355969239468
31.359849562698844
13.112754453336034
19.112570966914998
17.480869404396866
24.6360435661991
9.25995273747894
19.46854674608406
14.143541256046827
7.538167997087686
16.389700274705042
10.647133503940632
9.762431845021135
14.872411871606584
16.42568979622235
24.742232636160093
13.780370728187794
15.916097475421816
34.8104251361292
26.14067711539064
13.914551605549649
21.467126229576447
29.606216393181022
21.883460598948055
24.372864272986693
10.05307626651651
15.834850555923769
26.027064673489843
19.40905144387205
15.96723772002865
32.18664701231523
18.406277645287386
35.205729510152835
19.479986715350115
21.602348786861477
14.204693061973202
16.786464171900207
36.422568336054454
18.73888602915158
15.646879104882391
12.483239614037993
19.297324734801787
27.457192454322715
8.986665562304482
25.82114374700277
15.045697981450196
21.406047082923894
10.396605237785124
14.785008965487547
27.330861042312783
30.740699380727854
37.822011102059854
21.550332545388994
14.34637830012298
15.78083142816584
11.434127143260348
24.652108906539585
14.529530366198703
23.16905018160151
10.860993026789433
27.12479725717081
16.10152472221252
10.203523412351599
16.90330241830941
25.675835539011366
17.814423949768692
19.823697572775153
19.435594415916505
15.904751184901645
14.617313518936708
22.152170429029933
27.234081573738727
19.243843263683576
25.248494540450334
13.393231703831887
12.889736390433693
7.811715847744326
11.586565585189357
8.398408952963294
13.135538095220856
28.797306803468757
10.368647762104537
23.38781743497289
23.324056669884037
29.878969880081087
13.535036160088861
13.844473409336953
12.108590719233026
15.892034477938957
10.270373547343823
14.6359890444628
16.457358900127005
15.42671056474694
22.689401538653996
15.432925407325476
15.7585988335015
11.196785088074144
28.702709486430933
6.966447287516065
7.657308785983095
25.876183103839228
5.777144143226293
11.647311005991329
11.671338807175697
12.505052986443378
14.472983926679738
13.661561643168138
11.539803686076459
33.99620076442285
12.392003572172513
12.950132848362603
12.06311666493081
17.57955292051316
16.420631170130342
23.4657735579647
18.892253167108507
6.885373933321652
12.266446571794503
17.76117587514166
20.528002147384733
18.407582597817886
16.067048412726912
31.19957386593071
21.555934435661182
17.635451616739832
13.904206481170231
12.460035847644209
10.033949708065597
15.493661896604513
23.078462832776975
7.795970607099981
23.227251898777286
16.121135505566084
27.574002608659388
14.98346799143359
8.639024511278706
16.671454877724443
8.174533712657652
29.307742784671003
6.864036686573548
10.307879538877973
20.150796595735713
16.771111611431447
10.992061633435867
15.4398050902677
12.548648285871991
26.008528634795002
10.60252031121683
10.063621761207617
18.64337880543328
10.094755142837325
13.654007569589025
17.509941110687137
25.582005292224135
18.22686709134865
18.24846821080198
5.9282683408485
22.648143060228705
22.89056755517221
11.422854683058521
25.49640559283299
26.73223068658655
24.445419930002476
25.722120908181704
31.175914780396415
9.182254235985333
16.551138457113147
23.628430743908503
28.794400910654826
10.693262987058224
20.543511921582475
10.228455829648212
21.752163336739198
26.403019762660357
22.91190325893108
13.344993728691534
6.078333788566325
17.163084408580033
31.108745835766673
16.599799517527284
28.378340802909364
20.04930965411785
16.559721251796415
17.352364889250264
14.026075124413895
18.549422222764207
11.090990343886505
29.6956442931326
5.5603332199760125
16.288297694829613
15.885809658279157
15.013455416910492
19.632256130982572
15.152073738822857
25.54850340284417
14.508829613464783
14.788595245781602
12.301347983008649
6.98672775001285
12.704975888848189
13.07242386949789
11.732500776241666
29.753146425306515
11.429053058828709
21.355544596194935
24.273729672030044
17.453406438237693
23.658058521157837
10.764548223381043
11.541301136323026
24.563510325869157
15.149672487779348
15.662588991786947
18.367884933670695
13.985599420672234
11.174052472349524
12.084065755843366
23.18485221810046
49.223827816477296
23.042682972931473
9.18541924183754
17.434229069099306
27.987810387564565
13.773729173961
28.079462042093528
26.167789108112295
12.436523646845309
14.60986162445913
18.7644795905156
28.64544595547973
23.755563081201007
15.926618301695928
15.93876509902094
12.28692845642027
8.02909586950649
21.20065025578767
20.155559327572618
30.332529600407355
28.405387742493378
23.587748542527326
29.36910488128245
20.726122922230932
30.3450653342176
12.36227152635589
36.01260074413643
12.581875842305315
15.471080180530267
16.184995248974396
8.95456049752459
18.248820227465984
33.007739438709486
17.241168802348
26.738551619186495
30.708000179875654
18.270647395102966
22.157993670018612
19.485750214851365
28.97652188681744
27.194368308130695
18.17000549084187
21.70461376932967
25.31354321008681
28.199233299028414
30.51122657699217
47.6696666780404
14.094067125621033
13.363747526103968
15.229411529404432
14.975644688282785
28.264488123523453
19.49759084443882
9.12334629389793
14.124502749580401
16.633324383407647
20.766097634282556
16.756625285938465
34.012912812082355
9.290791680447363
11.38328164370562
17.602309585713265
8.027784507780265
23.152283837713096
13.682899213622754
12.313935542170812
19.93606882572545
23.27554531040589
19.86687650494608
22.00721297759817
14.593048404991107
14.788303974136596
16.611008163879273
20.936305206762984
21.873562811195153
11.780600610586902
17.015887590982402
16.269216155870353
20.94935368153464
14.447005501326093
15.064944955359524
12.970568991022793
15.131386543605016
15.22125154691677
9.79495906623543
10.391992192738464
11.237860528872796
12.850385438617543
43.215297915683486
12.183811428311781
8.976436995197636
9.83083946040085
17.274519977350273
8.020894142052933
32.76868987167656
24.99270403194376
19.967211092781834
20.182530970682595
22.16885115138988
10.485510753428848
19.10803221982794
26.093624833021206
25.192865685075787
27.192247365932413
13.14464688550339
25.636049660155415
29.414874723901864
25.90305495101857
13.927203012868997
13.532296081639478
12.48723586148323
16.605921889068963
14.031543479862588
16.87493465775821
23.434550752530427
15.79965167344805
30.39687176951327
9.342072755080169
16.512497296327947
21.139597765079106
15.39072859619882
9.755221745680078
27.518350045334124
33.37878988215381
9.277848055636309
19.560138812680723
24.953352588363153
31.247874255885694
17.102321004560753
16.57609878432373
23.664221940704554
12.808010845722794
17.444823929639863
17.584658107275487
20.175464755079496
16.937642229799017
17.93513761156243
23.953613482289864
16.57308028627698
29.41420052683682
30.593063101857314
17.684538853112393
13.070865080666591
13.045858930904167
18.79548380561178
20.56015673627115
11.464321228571974
33.40670273616979
24.34185198530805
11.973395958711697
33.00133192970397
20.085014375618908
21.222144937321314
18.65526006300711
15.176693837044256
20.49451104995721
31.124788319362708
26.106958246827666
30.523490212147465
11.679850037923039
18.516658809543696
12.082776731327314
13.899573815090921
28.420319860840593
19.92346291106515
27.267141214777407
10.622623121016742
12.645003144268163
23.32341260421245
11.572410295364929
8.635713117835694
19.718537997513163
12.272041975369415
21.734470247136784
11.388715145099686
16.072557073305845
22.908903594938078
16.481297244660816
31.28457439119477
15.900443989539248
7.027649885587589
14.548655510488787
16.936536963817414
19.49298611184955
23.113048956469147
23.960615118751214
10.563911217735257
18.96715919793872
30.164437016389613
12.005180234100806
17.827600529196054
17.992974110779596
24.649088630718495
21.77010803487729
22.041505811066695
16.979622575621793
8.55578448427155
17.118271765344694
19.432295274740532
67.28637530972958
11.262795896362197
16.297577268855193
27.120731519559953
14.09703405119847
15.598207744911468
12.665211146888414
13.443168356892631
8.046819516296319
11.12188606315938
20.58325714006431
15.415541009877586
14.57512327326978
19.71211005537206
22.90627500903272
22.643900696543582
28.302879550428468
10.33865519245384
27.474762393595437
13.475020497142895
14.822485587593496
13.88359359830909
11.090545225815141
20.641890204195537
12.765554129643933
19.27400182327749
15.152703323303749
8.268485358846469
4.140914184949383
8.472084998594342
20.30805575920977
9.39673145446512
13.36880953426681
16.13281095113178
39.727948915992116
5.481755570441013
14.528417214234574
25.650524897683496
18.31172712870479
18.740245285970726
11.545640263904982
15.285122966292928
23.80672598623958
31.60859131828492
8.519287781750387
8.06965441544252
14.244060300557553
13.533591236826965
15.570838908551696
10.908246103776017
13.972744171226617
29.409265464352856
11.685407951100078
5.5184099402015185
21.084990081207426
23.1786572777815
9.647875496813027
12.812752445598157
20.30951406393878
18.759633082113645
18.0732400739899
10.331487001486451
14.384247361286718
10.74723663806607
11.027433075982646
12.213396159925608
13.948019397012812
17.539011019524782
26.679020294903545
12.133037577984394
15.288350020737255
13.609108591981888
27.78397907959113
12.645088534017018
14.430520537779962
12.505699428569727
18.27860640027833
14.22880982797271
19.481478609808452
13.69168403673206
17.806883019893984
17.07241493282228
17.031870561289104
14.287773740664711
33.58800563978925
14.675224461223522
21.08787825416986
24.900286219379893
19.82707974765888
25.558481108054902
23.704289672681426
26.228457672952587
32.46511058887464
31.310455900922136
20.477034792172095
21.679880872277742
19.10924224149041
21.372565280146446
17.61133412583389
32.52203227104653
22.414944749413536
25.956466675819033
21.4872178015131
23.788976477000244
12.093282752697236
9.046392361772352
32.3858410877768
14.130635271484119
11.185690442605605
10.545934672094635
19.540667396296804
9.452096599442356
10.514959806265816
18.079129833205236
6.378787271853742
13.845307729557515
16.140480262354696
10.972479401714034
17.361338837329686
17.07378362810341
26.48124433461936
31.824161619513784
26.13909704221282
14.651892633559523
15.156035936810738
22.97524243166858
29.042532150424382
29.093340818617193
5.789783274739733
12.786450137508673
13.833387162785597
17.40022208752731
15.215188506612046
5.619127311910995
15.282167256651483
18.78800507609556
18.943002956070785
16.771265237360026
6.817107009749966
16.09525625947827
48.9666452925637
18.191776283800824
16.122020361783772
5.797199575660207
30.051435912576036
10.611313195034256
23.825441291682317
12.173913965911446
17.489155238218313
17.696672927620813
18.34515811344988
14.605277143315975
17.180922286526556
23.34075644516024
15.354657819820977
10.0044224332447
9.189878873258055
16.936116058898946
13.059208982646481
13.320376125274475
15.174978968373127
24.972332917444728
11.020461886899344
19.47114237386955
23.95302358377427
9.797341268724963
24.847220943995257
15.565057711523847
10.850717930184498
29.934970894188467
29.33970541017152
17.865129603401396
19.21478933319081
15.076002326017557
13.178233764929125
19.809765037790378
23.40031593098567
11.476337839698992
29.738900649533264
22.478270153460006
14.399752939149856
17.708177151799998
8.366470712434602
17.35049887792049
16.372246451941884
18.22449810893272
24.19467605229301
13.197302411122955
10.838310309887504
10.547791173050493
29.05952089451027
11.433092675278182
26.675113058235812
7.025412930040168
7.526421184714429
13.381792950727506
15.934261595434428
11.216816188078846
14.681327742563088
31.790649845132187
13.058250562137486
19.931141325974536
22.49273179894466
13.561366680278661
11.000390380303102
13.56357783317165
19.792419460555482
16.607202223829397
11.172226320733424
13.312112368240383
31.732420995062043
21.571594782167047
14.992904752629045
5.189502652519876
17.51680589193794
10.374889466317779
15.111173751422886
8.573448882171565
6.704639741937724
11.027848055318652
10.810996635295725
19.217681083406855
21.404383257426783
16.773933022013754
31.75828709164536
12.37107928333034
12.10205108636742
14.4857054809575
13.097275484628874
21.864557651710886
19.486698062509884
14.861337348054676
15.250626154217912
11.92039699066396
17.095449782623046
11.647331608027828
12.17248069856282
22.271285364837127
36.605669026182426
14.006599530149986
12.650970301809272
22.59961466270348
11.044469927866302
24.735004544366245
7.6875110239626245
32.043661942724846
28.871547812523303
12.555235800758693
20.098688558181546
23.210371534623842
17.91539023357948
13.96606028988947
16.468769488898598
10.33730237500478
9.420563291304179
34.608855468614266
15.705141243014115
21.31343395802529
17.66502919977942
15.389477844990227
12.177981457487128
11.731601831813961
26.1787086520012
13.876686943272473
12.747611544050061
15.105166500844359
15.857673576066158
17.690006849183302
13.325178408223257
13.893156536000797
11.85600219472128
13.160187901250048
7.201214904050482
19.306835117104303
23.815650282052747
22.25891197814204
16.06562973660516
6.561706120979277
21.706164685492002
9.801424106147847
17.035161763239635
9.575654084831543
17.94633138021493
4.6108544474505075
12.73539721859936
21.97147068128999
13.189351161595381
19.007186603875383
19.958347433472316
26.981585735124046
15.452616402112204
14.182802630090038
19.353991761572132
28.775404334139846
9.72520437315441
10.633807718689146
18.4089920858919
19.615114393177123
34.51206521403075
11.968206721856564
17.745179887310982
27.647902408131415
14.65488555906022
20.2313550930564
26.793718821277697
10.032708158161757
10.143618631404443
19.791127017174077
18.47459396855254
19.314533548742872
21.97759358791463
20.375967594964635
35.65269997613337
17.493430653660077
13.14945739745962
25.272087610872184
21.323972351824512
16.08135409644157
13.547942198600287
32.37584235415455
11.024259798177983
28.483088544984525
13.169909243081278
16.416459369319906
9.937367590012435
13.031063786860091
18.41643127292646
15.987910673150793
15.933978437411305
16.323809020402194
18.11811042861875
28.942736455161644
10.156258793499491
15.556131434634423
20.69289009291023
12.066025577697902
20.185921711681733
14.822934718059896
23.961049711982582
18.713571670239144
19.570024934225458
12.359110143597674
9.113472734562388
16.51053927559065
14.372616168574654
9.636461591499637
17.960406315547782
19.56880598384249
24.727861374277943
17.4304319081748
15.68711480673199
13.878318674489986
38.776952500487795
16.45881225629674
17.973925392469027
38.50930114845014
16.181635834136646
12.437626311841012
7.004393413669588
28.553434269717805
50.27650583117973
29.116466571324274
26.451312770926734
13.562989827507238
19.001694764824638
13.968604001677406
25.53175520543998
16.25846814675443
22.714912931952163
6.5801830738558555
25.458238650226612
12.87337889820356
14.500068670852606
10.873939214333861
13.044390982715626
22.961581823976513
7.406902102916329
10.375396933947655
18.443801015100192
10.472151175706687
9.096423768591471
11.59212182796491
9.81387658347962
18.93434382677433
7.774810813270381
12.821543336557365
10.937188270007933
11.095360805534078
32.029156257930616
16.41837278591639
31.008912350677964
9.308714475467443
26.868627465766348
21.809838155061836
11.100237971363285
30.071303047965003
19.816795551809278
16.57982543924502
27.274487771975046
18.481896634475937
51.17365725102957
19.052291099203494
7.252648026068967
21.845162362881105
15.795299123662055
16.643580838835685
12.421266109472
22.25321095086057
32.209816478324086
28.010784482311323
27.493485336482614
14.870779654291852
17.407898643416132
18.31601966865259
10.615651866441873
17.041151574961656
17.131042531751444
18.86758273616319
24.73038278110199
13.64945781429362
15.151995240949118
7.056441812949571
18.45888200092055
22.13360714786553
13.464394045391451
20.862886053647127
17.711223057738295
15.684609369955812
4.383448031075504
10.730772885382637
23.550123787986927
16.54350840111473
5.956128060149057
22.02149174029175
15.064536588424406
7.062704667732249
7.330693832371124
34.594181252575034
37.678145826348555
36.716432432651494
21.158475962563163
15.645785764788897
24.6216663298675
14.430657644619307
13.56968727663886
12.346423340981543
15.737791915295205
21.24072233700508
13.735624122753403
10.196530354648184
27.263325453629182
12.798080511820784
22.117742595260953
29.753455159973736
17.80333803294672
12.427216351680169
26.64902329111729
17.98477563298665
21.248488588682957
22.095241386102625
7.89286086131263
11.421769434839888
16.004396875784472
21.558077151909565
12.52534641682607
27.934521705802716
10.91427492550422
23.05758985743359
23.47529199368921
20.693434493001984
14.798660307643349
24.774346488059212
15.151644875212385
28.13296850298601
18.41111225162763
24.22386724730428
9.651690168402272
14.130450776281025
17.95759695676228
20.3785494958357
20.259181371104898
16.950992251546726
23.51006458489898
20.139490618113253
22.944741927453112
15.896186170582622
17.267244857815513
21.965411132972527
9.98148059939341
27.735472985448823
19.06642651907277
12.698650327675603
13.859672143669814
29.66763596315779
14.639887100650451
21.692495166014623
12.717158386102017
10.406905558066033
37.25014822808345
19.675255447591756
35.96641561113497
14.339071121000313
31.804128970542173
23.832948392378757
16.521264409031726
20.181477538415056
21.80975170540439
17.183621139855774
15.77305248989655
13.076730207534743
17.04375348878054
10.546328187481842
17.432010252390462
32.14758248014366
31.189978822841173
13.891434181451023
23.104616342942613
24.904492758284917
20.31228896563825
15.55363090530125
33.04070186373532
20.902854690134017
27.068744897932213
14.04199148994156
19.523391416484877
22.931570643172975
20.691430060673998
14.471889425998292
7.694153507244324
30.24469344846896
33.719054421594016
8.365108138250154
16.955299912526176
16.764966834761314
15.037855707183043
12.790952924636734
15.738484882333866
17.57516048277
16.897610653678505
12.559153885484955
13.658149409367432
21.054978163038047
12.639615865554807
18.131357243633285
15.729140055851998
35.11037644834194
17.48111383679763
7.239862346270135
25.153991399010383
21.59134936197904
24.006166334168892
22.580639525520454
6.809832872590202
10.364628839834246
24.264282813086183
20.103650838913158
18.74141689026975
35.83267549447176
20.96567989366217
23.43755621973507
23.434691690876924
24.162494307134185
19.456846820244316
11.917150850984406
13.480264960479616
21.919876212573968
24.69562131810519
9.95763794446059
22.10726841195645
18.210298442074897
13.300190204542966
16.093584802656725
10.823558627790332
15.439343539481504
26.193809392458434
10.478186484894248
21.731761739067537
35.90381469909767
23.57414056017051
28.550992320207243
23.52874824881565
18.58993358235132
23.801382658881483
38.41138393543324
12.141079986161172
24.258402746058607
23.80304840590978
26.336290145966657
23.59643364272561
7.4245111293386294
16.911836692308626
4.439511517471296
11.596854601037556
22.10152632787842
14.13923077393118
14.53035913375511
21.918131581104884
21.249279492369762
19.172709888249916
16.517161277715427
18.401117904793594
7.977985407685419
13.585025138146023
20.944585841622995
11.48521885009316
15.062075704009374
21.65177611677775
28.184740749553516
25.335077766725266
14.971685988235672
11.420201397281337
6.937319290357352
13.247005017905334
18.780218099067906
9.96995210474541
13.653602286904556
14.030847426242474
8.245155294453884
15.213124434474167
24.508294346114077
21.786709387514424
43.63564738933068
14.182910923880545
12.867527526406816
23.185463829144485
22.32984248901974
15.59351348682783
20.834349955375878
11.161184846307346
28.580049327352487
27.062920513689505
14.202067670635163
16.64020123585296
21.671837090661256
10.400753320454934
8.171212906409213
14.785043081446037
31.03698120315418
10.689216926163455
22.81284248098774
18.65375426788499
20.439690555682542
38.8506120782322
17.559851963189168
17.5586550009497
4.956959617764998
10.33610855802713
17.064458958558845
18.38824849692098
31.125097820117276
29.2188301790726
