460.3654675430344
38.04832225216695
13.762417878920678
12.598312412812168
12.255695516939008
12.14073834119711
12.083655399165007
11.877879754667564
11.664613740913271
11.552762707168926
11.713813162480795
11.338136721775074
11.68614164055081
11.321004909625945
11.055469527435259
10.982426762028142
10.670667597041657
10.445076466197136
10.019952433347713
9.834948977356465
9.657566998071717
9.26513353910261
9.18929412414851
8.974135403384965
8.935416448001906
8.999758385266503
8.900022464694961
8.875414699033229
8.809690370401272
8.84272404485938
8.886589928553294
