595.3537354788959
631.0096743390369
550.8945966409451
525.5064143343144
502.10544886438447
383.7595615668988
391.1377601261087
369.7544891079637
353.05386156065504
318.99536326948265
322.1515598403407
242.7994529519006
257.08517037207605
258.24150647197183
239.7011327676622
218.1496181384913
175.08193406436564
205.34972672343343
199.39482751517085
141.25947230486878
168.0669324524475
165.4104672185541
145.91479091557548
123.52467905443693
97.10174826278477
117.49060276547748
97.80334198657887
73.53114284057175
100.30713221976337
97.49863295296473
105.77375240121816
69.5211973087162
89.07299522605162
59.73133430365499
45.77233641345506
54.16721645147119
66.89706046367387
66.81391797758734
50.07519148270364
41.729924469073325
43.54953909604905
50.181974028100754
56.87852644864283
62.56605325882796
54.93714099998004
39.402913318274926
32.696672074373694
36.93483229705412
48.28004747909729
28.11291971675135
45.972290151227355
38.52123294664669
26.972143481218936
23.850203727248815
20.769906998483012
26.056831823405513
30.02738659941327
37.561839188421885
24.757167918435393
36.51737704225637
19.637258530480633
17.079399629452546
25.11008656259197
26.05024385280595
41.78196683795169
32.201248046517705
28.776964024989233
28.838073304998147
32.231803834998175
26.640507227983413
19.903813309590358
29.795861424276467
32.65462408939996
23.3649547508833
30.315119262124234
23.371874517067397
29.303719946312867
28.0386921271993
21.59845446901497
21.82331384604577
31.04054798438961
19.19649536360665
20.974529720828652
16.546307971273897
24.009431901156564
30.357125588437235
33.63058373359096
23.807400167095555
25.71690998952888
19.666959051898957
29.73329837083459
39.031393535450796
33.00291779906697
17.72317353581092
29.77775916082433
29.886167449720997
31.171943248589457
29.02319240981541
21.86858243058118
35.61934622810764
28.792864414806687
18.936618852886777
24.5321859533915
21.728297223435582
22.47416067860581
20.06473973281753
26.65758720379765
31.045953823271894
22.729397971770663
21.58109082002433
23.064513525555668
18.805237260686532
36.572599526075
35.1531153934159
35.3025419835934
16.677286990295116
35.35572042893639
23.521721114578458
30.44647432089041
27.2604113481758
31.45485254786726
25.39205450340742
28.306271023797446
27.547350363298236
18.296523877422057
30.87035425832893
27.202755366263563
27.884257505233794
19.641018693291894
17.533303936297827
21.861321504156724
37.700299663736594
17.362696123818306
18.956166254090416
20.476513749900498
24.973152575203937
31.184137274952505
16.652332258471628
32.466602977184486
25.396139509392956
21.236141438942926
21.921995473074585
32.373538148270384
45.86640279453022
23.996279883985142
26.39469770312488
28.89621355037849
18.72635854333384
27.14863333227735
28.900837667099744
27.592838521239273
29.193410188682773
21.37784336683657
23.333748556686874
30.487747532641396
23.48713117083211
20.893816884533265
28.190763054566126
28.04605242937782
17.699967958258576
22.793843968278747
23.28167757821959
21.842901732029716
27.01920455245801
19.191601753526164
22.130030783136682
22.8876687387169
25.145756847796658
26.29379747162569
24.507764808679386
33.97104455529218
22.169185191224017
24.771038731805746
29.505874766199458
28.055867099934144
23.017719821733138
21.71077361150277
30.36406380297261
29.222914755046663
32.7879093288484
27.273607351633842
26.764077864017814
17.63706723345325
31.331797833143106
31.141679302678376
27.46564117073363
25.658238970611336
21.77225124977142
29.81754863792721
33.019191048296
29.533063392925296
32.01668465256174
32.79268272725099
30.097013697200147
23.280223760416085
25.423603911046516
27.90223621514177
22.53559357488376
28.9616644559688
15.537728903898717
22.246225896604226
29.3618922592363
25.71282669463778
36.640120286861986
26.082700547843967
43.91599400072002
27.50827133947935
32.29284712299238
27.49401631826692
39.83225683659409
22.795766559926996
20.74993240653965
22.41685365459644
25.274445092859864
33.2928826324438
29.91034652744667
25.090337322233292
23.728705635989712
22.711540872018716
27.07157716529767
29.955712564952787
34.03321263003895
18.111900393039075
27.971678280894196
27.342767217327534
16.645134437467107
23.537009059891016
33.088513283690226
22.003154291348494
18.670752666401594
45.587704184097774
35.038758618930856
34.55121709837389
18.936974579905367
24.024832466207425
22.68652139299089
26.129325615627085
28.537300027049522
12.774880288465852
30.461497543020094
29.817200951091987
20.348706913179008
22.465609540170252
28.413031399206172
18.448952032692148
29.620637041156773
30.084365064493017
32.460827080346974
16.485396574011276
26.80714679164764
29.362145424736347
21.61225943109119
31.538383802102505
20.734843862877497
24.13966481101142
29.50707645606498
24.504504765644196
29.85334304783742
23.3941033776509
27.521135024429654
26.235212766694254
13.336245870952968
23.30850298886213
36.077190019714365
32.98228911836339
21.895688494762656
33.27333354895763
19.287368644248275
34.75137742160207
24.052584093713076
18.73380463079378
22.46491740977279
30.193278450109105
28.167861632989695
30.15708187383214
20.590380432304112
24.80880135122807
34.040130584068976
34.06001971747196
33.58718901597722
24.543323415146265
15.025967598455594
27.75659856754303
19.49649730229153
26.169018895459928
24.876209150045543
15.776811895388567
28.70090489577755
25.436390526726615
26.400998022030997
20.326064292477124
19.49056564152592
20.149572469186456
22.872047352816544
20.724518385433694
25.241002599293736
22.272365753323786
25.54769523510241
26.536823369097277
20.673578200134546
20.81121114932631
26.183958803756102
29.786905210743527
24.689256093457583
21.78650696836132
28.42594180676241
26.98156684056336
28.654318030266985
27.77789886621735
16.443833484403413
26.55654051797256
28.493601521710442
24.59173238247841
24.555341506517493
23.629438729512433
27.85095348072446
35.246062091988875
18.902352624764156
32.31467895311333
32.2958290658674
26.086803443439482
20.655154687627046
32.373328931631065
33.733955547940454
28.622215980790116
34.60351932733964
30.905814990496662
26.305421426264957
25.438476259623055
22.699308107486377
21.139756879090772
27.588395485869476
20.17804429424843
21.548479059746757
26.207404225862035
30.164485649961687
32.57862422650392
27.973887258451075
26.768197317601988
18.92364291128033
20.601501509158517
27.391092658837383
26.03947992655231
29.34144252030138
34.27445674769732
23.330702093367318
20.775670596571754
30.260636461147023
19.883996264291106
23.477841942715845
22.259188795621192
43.71540142586469
28.377250157864104
25.109405840622788
27.23048414885294
25.786182247897806
23.381692330100066
27.520140314928405
23.313668158440837
32.55460581394475
33.25519354429366
19.96307493101907
29.935663798395385
33.747795760172814
19.77385260195347
25.720970052885722
23.618833100636653
29.35115900802411
29.368083940251804
19.979547195596954
25.527479224643525
27.404068125842734
24.051726407051017
21.047975463930946
23.826553538899102
26.97487061929808
34.769128559899485
22.558402342161468
27.491593285920153
22.68843413192681
31.811231500514488
27.866284912050528
30.879124510802157
17.916798734836956
23.797601360895943
21.4301280484709
18.373989857970443
27.653774980494973
18.99364261459121
22.32080772453032
38.17454537578233
40.266735566811185
22.407383421005576
26.625599855778265
24.519544709007977
30.316231649986108
25.45981417425288
24.09555527035539
32.097357156360886
17.961781542587666
19.59141029611454
24.528114769750836
29.29244647283436
13.08899255814805
26.434086843296832
25.229173367963647
25.5734730941903
18.44950983508272
31.52974401757881
27.46824006722466
17.53394315799211
18.622136268900487
20.016597432664852
27.81586502997289
21.915196306961878
24.48687090831211
29.28104215253341
21.77392491954107
18.600562062445917
22.493084446770467
23.608088204747734
36.833658585853144
32.378173644109545
27.70428000451882
35.599181654441956
25.44038687634531
37.413205993877135
21.648251059615177
26.31140392586283
20.21451326672635
25.626689217048938
20.866940567196714
31.155124535284905
16.72995241822342
25.223051525566927
22.94812639844658
29.628705561739977
28.359526296833366
32.50850245916397
27.089633778674017
35.42117499180558
22.234460794928648
33.1441843879127
31.026479028638565
23.75748085742522
38.030474904882766
21.58170889661347
25.412967743536193
26.355702520445334
32.13679424256182
25.54634647586308
22.930395613850024
34.06989783860016
41.12703358350031
24.67650847146423
25.46032604992504
36.619719107981055
28.181189773554593
22.84933178043942
20.01125928795964
24.529608838567775
26.030147923839397
30.496043396007373
18.35022367645497
16.97917115018323
23.104271541697333
20.109306931877782
20.488509923927197
23.825700272867206
36.10889625770359
26.106242812718733
46.423656291811085
27.286647124642332
25.94424004548414
32.627447764731336
15.855639749825318
25.485213565502335
31.029553350295362
23.808150940170787
26.58703191945253
23.115141270330565
30.08216606220427
21.45082477996231
29.778741748347198
17.2651103239434
16.77442670098266
25.995815470666518
23.549833556311768
31.125933329261613
24.517507743477513
25.12079763359838
29.27972462174265
30.35255654071547
24.359281268645226
19.4912748303504
22.89113976784816
24.96698704903077
29.35067496632142
41.8663836579477
25.859864247369398
31.237517029592688
26.521706670683088
28.55053787424567
31.123859390875996
20.89979301907426
22.83967067895453
21.880615974203085
24.97965655243878
24.379241732236185
30.366613494676457
22.280774570716826
38.96443383863157
25.332667237221546
19.373124340801795
32.66011077856011
28.877050085475524
29.236830887149285
27.569920816395904
23.24379569425048
14.659510537553244
26.597588695792346
30.782090729823775
20.75743786813523
36.848016981062855
24.621656553866405
25.800348472489954
28.528349968089934
37.096214261353914
24.2897186560649
22.173842244081477
35.68010052478212
18.76912113252042
28.659895544301566
30.17614482239695
23.330356575445315
21.503813400418764
22.290636575176684
40.33309809286141
37.329785470654855
17.995537034213225
18.434138579168504
21.75778101141265
21.995952506156264
22.33691968343985
29.03397515036342
29.919859256328273
22.274021402987458
24.30669982545604
20.977389903974302
30.474296677539513
26.506087174364623
26.79404423410717
29.057876367555284
26.168890822573665
25.989047244686052
31.89288479411404
42.19582877599846
34.16314549143215
26.479961501323228
35.57421865491649
30.392018577131157
37.248235221549876
38.092576209119436
39.31515153834353
32.3262127654581
28.67117931654457
19.842153344125133
27.78260641075787
17.98575265774321
30.419299184990695
26.07299022907158
27.75749017402946
29.797297337372687
28.061780996350926
25.236355925722382
33.50695570119707
30.96402548814688
26.561008643038754
21.970948144451626
29.085961831794705
37.47003770261996
24.816476346435046
21.948158511082706
30.586571073449903
26.269339363753208
27.955334509701824
35.666977088230034
28.547025215549198
25.75749937609259
27.667023912181733
26.089573957564095
35.27246995095092
29.32194894019531
25.292430170849457
24.712767556929812
38.66204228925355
27.40031434554758
15.428375386976928
33.50493387362409
26.544445767080017
22.23215667439935
31.92305173348845
29.979628172406798
21.49233579867093
21.444582784939342
27.38174429062553
28.897149301573556
34.217387457562374
31.429589320603146
17.8069465741971
21.925350783537056
23.308194396975882
28.47081896530172
43.57623299588839
32.35085075896357
33.3399061794419
26.729566384113408
36.64730216801141
28.638221576007865
22.596174656785802
13.85065452975412
45.24076881078323
32.56688450444681
26.641268607374307
32.92188279294398
29.39130020967873
26.91149000013537
27.43263738790723
16.68005468633703
35.197787194261956
25.417019850091833
38.67449020846724
24.5347068974085
19.65008712387633
26.495405053469128
20.801969353620954
31.378189595518556
25.6750131172523
29.957444359020048
25.161353550756953
27.670508625319908
23.6449706192931
18.62285432152929
35.18008571937857
31.206934710558098
22.78433817235151
23.73046945291881
26.670253952384265
19.665905907045296
31.837333701355135
23.715238756986764
29.837701068764122
20.687370792002575
24.20018828443214
23.635395431172217
24.610722868052136
21.06319938031675
22.242865433770113
24.11723058962881
25.21343454538124
22.96951211152935
25.3395177223008
31.284421675040157
29.21938415960132
27.134290651289323
27.034590220699002
19.403953107263465
28.849117349618002
36.73333366099731
17.89408734060846
40.0082062744148
30.666815929801892
35.41000267723525
33.661791283434674
27.65542596727835
24.966253883650445
23.642466774719413
23.461880452292995
29.434639860701235
33.12401220426139
28.60803459553885
19.206134529426063
38.33726296066844
28.36102666317571
31.649808920469198
31.532117066124005
26.9215568021991
13.204982159196513
19.84633346166717
20.00202903620596
26.546942955806845
31.438387970712235
35.17156401719143
28.793118288291623
13.055854459650043
28.807280442377735
26.256308325804884
23.34420365424488
29.41931081853033
30.43176993895055
38.498004311495
17.872516135556438
28.667140051124544
25.661052065646466
14.958615259093863
27.487298760752154
23.83275571499791
25.546659850781868
22.446364107789492
30.30072635253149
30.56929493204307
25.700633447469347
17.446641193338994
22.41831255563561
24.90157188318081
24.54981813924296
35.535681451680446
22.62135248724666
20.002868808016764
42.061000164552034
34.940867773948106
24.59784105497216
36.403557565776346
26.600532628333617
29.39015584536704
23.245757729983175
25.373470408956926
33.56742985369033
21.750290985019408
18.75022776014829
22.23128968851153
25.552401677299088
24.275283183161253
22.9241374117585
31.35126006121192
17.304115052373938
21.74063043336965
20.605888291845694
13.914419189924757
36.26811182733442
17.047442668128234
37.60453981837245
22.09827877162909
28.112769385706528
27.953381006884502
22.00922472920855
30.94800340881097
22.290944080263735
19.19708222318126
12.447973686703268
23.841174440559282
19.74019869341801
20.41786359617147
38.03521251265305
23.4999343789615
28.02322711474638
23.98818775608267
25.448620488401037
11.777592844050186
29.42647575153814
20.924534125107343
24.34043512467975
22.951270895883678
25.224742764259712
28.24124963625835
18.877447680845037
23.72471753504058
31.767909010039457
19.509902812652292
20.696100257922687
14.455792484927665
24.985518762976206
32.9873361418474
32.07843540497438
30.2595074972921
28.684851314985305
24.791227700216293
14.948817069291428
34.2922600770873
35.5543960924124
25.627914943933494
25.31125879964044
29.836650380310715
14.66718727022439
28.93550208565671
24.75272596009776
23.51568792967661
21.10344195984888
19.182515347128174
16.78905269718059
28.259341652285475
22.039658069881842
36.66834453237512
24.347219863502414
26.989862995049968
25.74643193402738
23.362934768727857
23.31614064528923
29.808465587392007
20.797126752989502
21.817806254130517
31.220847915643503
27.44454203499113
31.842060336910873
31.009253799911786
23.663887646438933
21.68369644475466
39.22617693949061
18.324623400309388
27.39660155194344
30.879084369484023
30.37187307255525
25.482803850071946
21.639846252656643
30.240462882669867
25.46743512479093
24.14986987171855
29.378512469260826
26.548106077420663
28.128679127139396
28.117833960387138
29.1149105192602
32.07911609731543
28.320792618283313
20.216282037744122
20.15163630724631
32.41610915798799
29.155782877040252
16.52902755451745
19.68082415935019
22.40147451133593
32.83716802820851
30.706321501339712
26.28175729467876
30.136870291946412
18.34539461936688
21.442196038630136
24.77978820539151
27.484690630001484
27.404496089698867
24.238600918995115
18.755600735631322
19.177196654908812
18.491184312852187
30.453073099000623
25.257301135810582
43.29906560353015
23.613218291534178
25.310396887637864
18.914167581392896
26.97445795159854
28.015381165996843
30.163417264429683
27.3723188033431
21.751803239656596
26.95289080920333
22.863943890868743
26.08738517326912
20.477228946806683
21.653807504084394
26.018803709799947
43.21778019897089
25.192725794070004
23.153098558394543
43.37196124970761
24.70080195218621
31.078866412012168
36.35157092460047
24.330893329288383
26.420767787694167
20.089359818081586
26.013020050943837
20.776433781707386
22.002989657330147
40.039928153931946
21.557890966076076
23.989077449285336
20.323131669751156
27.17326691105255
22.206078019756358
23.854148993887915
31.79003858751005
17.36052706892491
33.110246440493185
31.139952777880136
21.425987952136673
31.869414350388713
35.25721786929633
23.164969937894114
22.65357220833598
25.348555010951063
27.423533067978354
29.619486699534363
33.38448430398176
35.94613854351641
19.779292602819652
48.12450127547543
27.058785819229787
27.15743885205835
25.898413631650836
31.879819671581295
22.039293777118683
33.72297614872322
24.37320649723405
25.3449793859314
27.992204409370125
22.6495407855149
32.41710835132449
34.67716942212582
21.957572423191614
21.767522524603795
22.58367373939348
23.252112551298524
25.75482892678861
26.278686452125637
33.064420271864
22.304578314643347
20.192974578314228
29.433241925480818
41.965570797700416
30.156560673319603
21.391196965312346
33.95376849290738
33.3542415516588
15.638658765926763
24.856401282096137
18.19169562351048
16.094776951715566
17.343640815586365
36.33841000492445
22.237733654684497
25.012989344014123
28.222493894630414
29.01999643074519
22.69928509525253
21.786625711831896
22.935527047172926
20.71792776165699
20.895849839069665
24.737623194415505
15.881614303569652
25.789621584692657
30.039809915652114
24.150251881318614
41.46314056833951
27.988677265793406
29.953049561308177
25.871974285341835
29.533837476274645
21.470166941145706
23.06781435972895
28.068977745375655
18.068632376756476
19.474483564397275
31.24222425860909
27.037528824703067
24.014332888036154
26.86952006560192
21.874949437697627
30.24100891589436
24.179139917790366
21.00629791611439
24.28572840358345
24.65085787299157
35.317775132159696
16.658534810133947
30.186710165694763
22.932217927306308
18.20280093397658
16.32667301334982
18.957619923374413
29.781892657026464
20.568096575943702
25.33508756072203
20.245911380276315
23.690120923178284
23.11861904124729
17.872159225908735
27.69528013052332
29.73412584893307
33.28109793871714
40.440439915005214
20.88616158534288
21.24743900645047
31.11712068608925
27.88725489488275
30.260997088377167
47.33710216961394
29.40771449946396
14.408084332451093
20.816535213320545
19.111713346550317
28.38380030935882
29.803022332353414
35.976472812799635
26.48313038646457
20.06043664425333
39.617830377286516
24.627078428303218
18.69831760471091
23.061631017811692
35.53680313390452
19.624627282088586
27.561988131280586
25.217142680994225
22.670996190112373
21.137931875697056
29.46200403348512
21.610490400510084
22.045825009990676
21.6335981355593
25.277854999504846
29.259578233230176
25.068677340872505
21.678846745386686
28.326497545831497
15.746331460994966
21.784338516645064
29.542182420973035
30.09109973767268
22.279570985359474
31.83160877156676
29.806018130727562
33.64629444730538
21.060437433747467
23.742128538536118
19.446912081200047
23.863350604644264
35.254826357775755
24.969273502052793
25.445425915275198
27.83812789791011
22.792727182948177
44.36499237693457
25.907745348056142
27.135612407521847
24.9543701813961
24.346174061487467
29.299401017039724
24.001346302702196
43.99468581874476
35.58616801678595
24.810417434957436
22.01356221358608
34.25294051673527
21.750267577152574
25.853230914419623
26.30063296806436
22.52072222825506
27.825752319725343
24.726804859598403
29.121893445416774
42.37353038648416
30.65242711498553
21.033570222310203
33.26967207302064
27.91410216851069
20.175049468015256
25.059073227318144
29.560952325363655
23.46542916671104
28.1893736984221
26.26313840988627
28.666690709766478
28.839256978367157
32.006670403254326
25.852118409545643
20.389283745389697
24.52456947063244
37.777090106890014
31.10735712075044
29.99797518457543
23.708753509579843
20.17013216861333
30.24894547740984
26.74555110732244
23.226630814727724
33.64228834599787
28.171209649579744
29.31965995690747
34.26743370174153
19.867567490954368
26.34162610032627
32.11851261406027
24.54088444624281
16.78432922831855
23.565417189844602
25.17217247607168
29.529966992148715
19.600365945602555
26.593104595714422
25.326644200389154
21.47000415148851
22.322455267927236
30.146687769494996
21.50321525697019
22.08829814665133
28.19581125167146
29.5422289723221
24.665145454442815
28.89691636138202
19.021429396172866
22.882142352210753
21.344359390704586
22.520626069224516
21.851231804003646
19.275560365928147
26.789857009997547
28.049606241383092
42.21535109784962
34.72129601739491
28.84712704450526
22.217238003284407
18.74725164630258
27.88039861461151
21.23561928092147
26.39080994265563
34.08623614760512
30.854135921654873
19.625725860524177
26.348284627686386
27.36800220407845
35.65560822183981
12.234664018995117
26.477212029456393
25.140822715920567
23.107268565415644
18.823998868982848
16.501980975652234
26.42422897586184
23.921944535356037
30.45895753983053
34.44890232958893
50.73474180814864
19.596725902284454
19.075938447590556
23.397439614527798
39.75482958873542
14.591169176068641
35.412247606189
21.10990865870929
34.64246559146804
25.35124182377829
32.7117136826136
16.854519931877828
21.771241323697716
23.78956822405214
31.600617384438518
34.032356218078846
29.151545551473763
22.522989004770924
28.204839241065592
29.234650333856056
36.368354876434864
31.874805178250114
28.482423451478134
23.348584706003635
24.493030661303823
21.731473946401508
23.364755179137617
21.878842261561914
35.83725560475946
31.009129649384814
29.859176029186234
26.377460491078203
26.64988756454913
28.520684600460566
28.695083230553998
17.50797144626125
31.752312804425948
31.697488638254427
24.273330331535895
26.473159941647005
21.60266237024637
24.78198275278652
28.25145840517512
24.56919800971053
29.606939471232106
21.61263919929711
32.801418640496756
28.66775524776992
21.752112653901563
31.67923862652807
23.844777314843945
22.830650607975986
27.431820557579723
19.140508048239692
26.428423350451414
26.688032634120457
30.040335429788684
25.600429079078
38.907368097671835
19.92581669851206
20.509276845194837
26.98548370684104
22.65497850830183
20.167994404674978
22.38034342262726
17.85274929304209
19.33155732953404
25.895431853962076
26.146785243283194
34.880842915093424
23.37127703633089
37.52868676938447
22.828118374826502
29.787943046941283
26.593113076369633
24.400834364324066
23.015385418890734
24.312398078240058
37.08976634728216
23.307968039986505
32.14817492674318
24.90855535480896
24.605206345264705
23.6976932989273
31.899051711810504
24.772082064053354
35.73963218332301
16.528786019489118
25.11134649399119
28.998069753665455
25.700392462126437
24.588675592627744
15.65259091471727
20.77037212152573
37.88765128738372
38.840507054808945
43.18263226208662
24.974882449306264
22.702834562009812
22.539608065331695
30.454592281805038
26.30421186887928
33.092785590542476
29.63920649755256
23.406926523880458
27.064363747855623
12.764326948357297
26.293517677287205
21.71272258679408
19.736706481292742
14.319133084742287
30.284147762514273
38.6235387931141
19.641810431746322
21.743520398949148
36.894919888262024
25.329277827917
31.39067467877702
19.494937038839012
34.880901718732154
35.50707957108851
22.187339778792897
24.800380235694355
24.516678958891834
18.447505730502055
33.122127330821144
23.402844072115077
18.910101143362596
25.772564242435198
26.05973009065643
27.44057520475749
35.407697997366874
35.75576235163277
18.280935252982296
28.054435420465808
20.372427374001823
22.01527202108036
19.1071730139397
16.076328503091858
32.21805265624903
23.56778668298281
22.836729479149557
18.670759804150755
29.254704190836183
31.743399787804254
27.67927428442017
21.43495335222571
31.058326460842068
20.59814723332572
32.48428381634129
21.569806489107464
19.95202807531071
28.707226451892527
25.748840571003228
30.004460019604252
22.297829729864496
21.49395851795003
45.324781720398434
34.822294653645145
31.73028612230108
36.44972061819961
24.805252446085667
28.510797224890165
22.627762958459925
27.450341444348698
27.961174439441244
18.659070916914374
21.81668415049272
27.062957627417994
29.860043035106436
25.65727960430179
29.674823698696002
14.909764077545221
20.931901324166464
23.233890357721027
36.25751032941328
21.10955402464662
24.51597485708244
30.45860042470863
22.52321646645317
27.820184993171367
37.05153866270924
30.561538154609092
24.123665647281932
26.134397953213867
31.70645358750686
31.96914198655547
34.561796948353496
25.603717324545272
23.04398457660058
21.52000105950205
24.450547841902907
29.965578368883715
26.317246259761983
21.012603500949428
20.92046221623602
21.616731429790164
31.80526522689675
43.09529629506364
20.984380149923055
30.350249684180337
30.604011564905147
32.879444966340664
32.98867804175114
24.984821865486097
25.876642216457668
25.2961783547127
29.024597844149586
37.405447518974725
24.021715993703314
22.502716834834537
24.885992472958975
28.244244579265494
20.543340583748062
23.664395300754087
22.87116560865866
22.404478265514424
20.09979687034324
20.943732754088796
25.338677072429288
31.53579458187395
23.480501682525524
34.14942699124712
40.69760984367733
24.327399611152252
30.911184029957077
23.00783914221876
28.27238459122348
33.13098756394564
22.12449021514282
22.46356290686225
23.853777431935164
23.254280106256388
28.358178508260007
24.4182386320697
28.167478748982823
17.084491232883337
25.419718992889383
30.063412538382124
29.466762736713402
26.587151447412666
22.41597660071446
19.578280989758568
24.260908366923438
17.857123108458975
15.596671574587855
13.56417378315522
38.45281736456022
17.523262260716685
23.688280995747128
22.261373330278232
32.23357966484885
30.73191710566644
19.213837979308504
33.84673811712181
20.534972828195684
17.58507483550255
32.15039147389483
23.898417946390907
30.46416263940519
35.75020111149508
18.808198964214906
18.134710649351764
30.518325553735355
22.38936204821602
22.88775805944761
30.57284884384293
19.25986299399603
23.969349479602965
20.60851315618304
19.758217455625367
41.81068544126709
19.3448058169278
26.528310119281933
26.368799111321646
32.10938644702478
43.65758391187612
31.843562432800876
31.315803887507514
24.064219979214002
24.74372632601753
19.58031551004025
25.12249002123373
34.224461433888266
18.969410670864175
35.371086215020206
28.71757289157134
22.922688425597517
27.643386441235663
25.235073763112208
27.662500006885114
20.478721040776634
17.02907301184183
27.898317097506688
31.251532725372293
21.710217399625304
34.89875355681848
23.140027133861928
32.254431217528285
24.88043115574836
20.861928729074044
23.19506770251976
32.69921584159883
18.73461311042333
30.376656244853205
27.4421385966006
23.20059494910483
29.999332308130448
20.052451727080378
22.717357820650466
27.057905842422652
20.084194335975102
20.412422222945857
23.073100999099783
36.788703902341965
27.618484970113755
31.468784460289896
32.551148857151944
27.580519355222048
31.44556965372642
27.08179546088801
18.539024186392002
25.955057582825464
28.018007265677713
40.03374664367989
22.525363991567467
19.51877878127588
28.05331350264753
27.47236090566958
23.605696022256954
24.046013415093896
23.23088697594042
35.221948871127566
27.00306610649247
36.96297537742896
26.411805715322707
26.81412102312824
26.2615743441538
12.882862064989432
13.564035394919083
26.172479687441534
27.185614504190646
20.41649946156333
15.762260179983956
25.486969115182884
28.12310578599989
31.85056315267912
34.01467417042126
25.675075446352075
22.93982450819183
18.264013065472188
26.251797297871597
23.92086175377125
30.777974595740172
30.96138781440519
18.757958272098314
24.744689515244087
34.14534701156553
24.096844039826813
18.742747479573413
28.135263011375844
27.07619433098158
32.03390390067974
27.087743607161148
27.53531332848848
28.285157189430848
26.71283665984537
22.449150268893437
19.311733796903734
22.917033554668404
21.06033760551976
14.70308160252635
30.849787708021726
22.301826016094118
26.74791633475334
21.476584097973273
32.874693894302744
27.791251826665974
33.1713803574722
28.401384111399093
38.65655085088928
30.33565484333861
21.513007769217406
16.073226997831945
26.501022929140326
37.19771346988585
28.8685355385488
23.7890902936249
27.456868669597046
28.041859057333884
19.82582044168833
24.11600262868093
28.006591773450353
40.25603682990075
19.834206974976272
34.842085913224786
23.744261819848685
36.41488634387002
31.900715622251123
31.43257538005303
23.788657701591344
22.837300495120868
25.492956510555647
23.01599043547458
39.38211792312679
23.908876099499864
34.64894259988402
24.927880593086556
20.113235991677602
32.094307637647695
19.838020672124184
25.369343266773154
27.661510958444595
21.672111668297227
23.15090595340637
27.41701254015048
23.331609374098576
19.974646457247168
18.023408513053102
28.62551283735637
25.821104814590147
16.87546774108215
36.753940121338665
32.73094816317356
18.19578774654737
32.52914407015697
20.635110700930873
25.87924280250926
24.720078989746643
29.918368113122735
31.241698398785744
30.599259881359124
31.03950240065199
33.77027234176302
19.44399702494957
18.292546372215224
27.67375877176092
28.566025951203887
31.81104900839028
25.123098049243097
27.00254451107535
23.323818907772772
26.193840987923235
26.020857726512176
15.174370174612712
28.655095108204502
40.45291489498948
25.658952427594084
27.6288507456653
21.035399922589477
19.088791853436174
22.811000791647885
27.18101069902184
15.72441401036126
36.867192813628854
23.69494998569773
33.09767986984035
30.618490867801267
24.616958396216553
25.07264535531463
23.342112846992993
29.37282140741794
32.425076809125
35.680507502725376
20.381000351299004
24.29568521090477
34.36377382405918
19.937555593610192
22.230157425352086
30.216209282315067
28.33597847797593
19.516620682502214
24.68107229638595
25.350757013662196
30.39299243835703
21.25584580721682
37.90349041801369
24.194168258271972
23.45715662521078
34.9256994687046
22.505663934600303
18.515554823825962
21.01587332728201
22.874224149791992
31.067100841916467
37.07599578221031
28.308256086521766
22.023021709351276
31.488350663249413
27.50046766815022
23.73230451355803
15.874551718539509
22.257835144062216
34.91803529979281
22.33623072532013
18.233563424040117
18.045571518592016
21.721666836758104
24.640876445799588
19.26497721816676
21.216480410056306
35.81579167108187
18.948164113598782
16.77788413483001
29.720600674122537
17.184109144833005
39.121859753614316
19.11494650081701
22.478061263070217
21.07643052815464
28.155601375575046
24.697177103248762
18.779542164491637
29.823546164790134
20.42767693867139
23.36571331636211
24.95652954236329
24.32963306736946
28.372214052691803
25.708330975981358
29.920652412404003
31.49449524790412
33.1446506493187
33.44081238340249
27.53303084699293
33.52370203890981
31.695349057472338
29.576421634428574
28.42925045289509
25.823838981892344
24.2297181644061
31.10939805111938
24.51510735991675
25.505314461748775
23.15309327708486
31.71408274694423
30.450615094793893
15.286559173358228
28.759978688486797
20.909695433435655
29.770859898499346
26.788780206061315
25.14050677819955
26.40640845455802
32.6585874815013
27.399983331457545
28.80864232458635
32.544014775241976
36.014429181144706
27.285286524659014
41.78112034474739
27.508280471349845
37.82023649527046
24.083058771039063
28.428185763163288
26.383236401013537
21.026556109759145
33.86705665647368
32.05954298008426
