95.47572803575204
57.359087067991
66.16202222378394
45.75772651265065
67.3609828010206
40.761509899760526
29.354493350309706
26.811384709374458
31.876809709374943
43.095305466681886
29.27951974598842
30.792081177433133
25.08024778045796
27.45481474257907
30.47583559526885
25.76462883234075
14.816051636199775
38.83802955267158
15.596530628962855
25.633416179844527
26.8099297783026
25.361764707402013
28.0844762368033
25.56832131612427
33.427118785118395
23.77786680208878
22.26615518985918
19.49877640362309
36.465303680680876
27.394868601247207
28.2286391925573
28.60036495391023
39.03295741299047
21.370524016837066
23.466145779924982
33.65752494206602
22.53560146000377
34.73372973331741
31.38963737656771
32.74694617684658
29.60880662544538
35.88366808607877
27.927551902293214
21.709918143121477
27.19925319809947
23.847372056326503
25.80268597386256
33.70161473314725
28.28350408084333
15.83436231661893
33.50098386828754
27.61188616375407
23.604373127380757
33.45340908266354
20.07112889166363
20.745949198409143
27.630772691901967
23.107299449036482
25.081371039388305
28.249614235607577
20.60512849782789
25.549053854272042
22.512581180119266
31.126485360443002
22.440017863494212
34.88091635458643
30.69270291180758
18.50948521760808
25.38890195615979
30.670430478310262
23.693254908380577
31.188352033003586
27.70202091632222
24.254624287824367
16.909887054419507
23.59217808517648
31.51572255889949
25.36010904701131
23.195329014442194
40.73906546955727
26.734268290379397
25.122761296952824
32.71275131294132
22.746370632369732
18.985291190128414
43.13468273812993
32.872000370583216
22.158576467552834
27.863563500831024
24.862334546475378
26.00118490360817
28.429602684327353
15.564548995508387
20.645029777216305
27.2238292598518
23.256812987104443
26.509666290082606
20.953952863794324
28.103644149236246
24.125594617144714
27.687973598302833
24.428489963929483
19.57205528037286
26.50407921425113
22.72526486810997
21.314450876518766
26.32186063105251
21.269137124376986
27.892905117097133
23.8751640022665
21.08855443776131
23.107989867049188
30.144707654243692
30.888276377080615
19.87375236021533
27.01129615026201
37.16512481251048
37.11455453519261
28.631958669707224
13.927168952655686
17.890140455487014
36.41178972996006
40.33959145908608
24.517510200577007
19.34839667002663
17.222403338934356
37.44154000568018
30.263364227029754
30.32790575070381
23.067724768225144
32.34808070571604
18.160075652252868
25.494466674811715
22.704840200142524
32.3772991578669
20.386237595157183
17.683849476098416
32.40975798138426
24.18199668127665
25.491522982509764
27.064837998668285
21.006662398546595
26.093526654508214
27.535724698245374
18.7676477557568
33.84320388610899
16.42466075392931
17.248738286770237
27.590741665501255
20.561504606771432
24.837622718010497
23.48407585540619
19.98240304713084
23.94677081969799
25.48203576971958
20.74002043285293
26.84960825688134
30.956964423054156
34.496101539454905
29.546733490204552
19.700487937409108
18.83635416514772
24.239921340386626
20.6617575917244
18.96473238481272
32.95359094267298
21.202615590821384
36.300598308171814
23.690027191442137
40.577878279090804
14.895981251805518
30.468258191578144
36.542981788066456
21.878804816191213
28.431014766757396
35.57307434914815
29.398079712161103
29.08747251032853
19.112883425683997
19.3637158842486
22.12493327069085
33.76816856335711
21.809023959888357
32.21549614702018
23.87393133337305
26.663521617520246
20.881889320894718
30.282017532120353
36.01593619011824
28.782838210919888
24.472695654795277
19.38710859948765
26.972168711288084
28.71359142138265
42.93283382488212
23.45635489981448
24.841512936559024
16.520364178326343
24.62609283066428
32.51203401647832
26.543703204408008
20.39249247160826
26.980717801576283
24.598751719504243
26.955337590522728
29.73522832196227
18.797956990408636
29.04844107457853
26.6613472002436
39.541048117038066
24.958485271001365
20.930067318400745
27.608044169195317
15.73757552504054
32.12630917373353
26.00293261591984
24.76286864217463
25.088503661793162
22.9794019748428
31.314196987661074
27.12622845899307
31.417545192429962
21.818235391313355
23.65231449837112
29.613364390390917
25.98871481995499
19.54075324531395
27.234961576824755
24.5006437719823
35.81391437370367
43.93983479208327
16.08084522233143
34.334767965071784
39.29423227263643
28.430435690743384
29.08323737226694
25.151119988818177
30.675857353383257
35.159036953910395
26.63782262284696
31.53045034665401
20.75007562902485
24.44767768783154
23.161618848650544
32.54382586197787
37.466267362413184
37.224687771212864
30.671125162296647
18.23420329105821
16.260496459930383
22.6353601518998
27.093271754359183
28.71225693027208
24.767945313386033
26.140513931327853
23.449506578551933
24.06821259078524
24.59273274705761
23.682134618692913
20.232534626397594
22.838879735008046
34.720692760931385
28.25971169775581
26.437317459555732
30.388410281688504
26.208424874937496
29.92607101594646
33.562282848437405
15.069835110084403
30.011758940401645
31.43961208222319
28.536362226632768
24.21917895768486
28.141868633043078
26.45172901245894
26.23657232078223
28.488762446139948
24.046668258649092
31.893924857455623
24.650702120732472
18.72312549646091
38.19233223512332
12.93664962789328
31.601481002102894
20.227937054132276
33.89210996902822
39.63368968869308
23.960579079279874
27.899342119558586
29.34422829088712
37.82638610113124
20.23864470753521
25.326359163063973
35.30134414567291
21.588057634102782
23.008740178290886
22.937480789762986
29.45726433635858
26.98610521952857
27.15263337289513
33.493722271930594
30.174997540615617
29.240671069091068
29.2656000487278
19.156125109154377
29.87441539537964
17.733582494667786
27.94493559839094
28.060662439534212
38.70925355491668
24.581024078903965
33.794665573437754
23.823768056227134
29.08360561356005
16.730421202373353
30.00498500228055
24.75060362429248
27.9579742889241
25.642705514306463
22.767109876693336
26.449747415605717
26.29192129973248
35.05965282015917
33.850976535097125
45.32300600644445
28.63828634969336
28.36071554641154
26.59193080800122
33.46717110042792
24.536666908220635
34.83753601312235
15.91365996784399
35.979514990873355
24.57969949700944
28.69765639178236
35.315053365245916
24.306194157991065
28.68692362916947
25.780777611825613
17.773625558019496
34.59895264927968
29.180959677321766
16.642110501826483
29.51820148326767
26.655685033057846
26.357250205008015
32.34091775896112
22.02890364595949
22.420873169244484
23.18119644333785
20.777914981330987
22.59361780934116
27.658746250105803
27.6978332484018
20.90650781937026
25.080486426517705
22.420290542893905
23.978940792762206
25.250728424181794
30.055623539788844
24.328385566791415
24.527755151254905
28.815027397848326
29.150421136858075
27.134458728402056
25.205691719165824
31.427632467967843
30.051097288202914
26.923683270864
22.566432501355678
22.431026924530244
21.737126876346714
27.509482369446292
34.74935021434076
25.951943689886157
21.812369604281596
19.805385299438164
30.91714655735839
31.76853321863899
22.004841272843706
20.60510358570283
25.33799017994951
25.36303571171269
19.412991591861488
24.221076020545777
22.38980633262863
34.40636125666022
31.209705554768302
24.40261130624588
33.05660002857151
17.01301469658127
21.20659639619795
24.200135016982006
31.793552298532852
26.022276174050802
20.084567649391154
23.220518819278908
27.305125329051105
22.466122649418672
21.011948061041817
30.988703851289394
21.971132732936276
25.898346827592768
17.401236663114425
25.447455084940447
26.671788388673217
30.280084712986095
20.04975962696367
21.61896364228324
22.10779200233899
14.60026166121029
24.786069367830407
33.219784817529835
32.202263848260436
18.37844611985222
26.869317446538858
13.922072847917477
19.134687694406438
23.234630688275306
28.490004403105168
29.63985139846593
24.817002326467055
26.098543807743617
36.5672426975248
24.206117083559704
23.14296269835918
34.82142639510379
30.531780661952375
20.250642568233634
20.968653108022924
26.414559857707065
28.701111169960015
37.53764671196737
29.455239940858487
27.27434690148896
29.665370388979177
32.80355865032585
19.353887225995724
21.364482813235462
21.53829420544666
29.104507211001803
29.914290768485063
19.680108714715203
18.376636974523766
28.922156311875565
19.951812368698885
27.338482358867218
37.85258641992787
32.89664068516987
23.13167946791953
26.140373625818945
18.094590005809234
31.045466255645643
29.34354660460755
32.53630197851333
26.329199024700145
28.407820181406464
25.283247945052768
31.033531950510767
26.919560173416425
25.268979360796273
29.433844742208837
33.79453946156548
29.078351969554024
17.958599842557348
21.421172773455417
23.53689655682169
28.171785010033556
23.058217442991896
30.39366844125927
30.821890458727623
24.44597826231711
21.496518072561933
25.5265007270372
20.009199677759206
16.141608643827574
33.70808315275516
27.286261667994594
26.346049394949695
40.5126573147665
22.427298824384316
41.81584382576486
24.081006688883193
37.246043222246264
26.017338890643195
25.69855083223162
27.16156620581069
25.922626249912888
31.628192624421764
21.87803558625131
22.295598911698608
25.836815610258547
18.10655066320466
29.254687144986928
31.915721845704176
35.66384740603555
28.11704147992059
34.20464963162259
19.34420451876954
21.303682255060274
21.15160989519687
23.629334200836297
24.910177023693283
37.48441640522727
27.63925511581681
27.249105779622234
27.67276405747417
20.729035921961923
27.138504405419813
20.601186833518224
20.534806329907866
20.4364876756101
33.55646945458318
32.43555781525909
15.131651323708956
21.70711830324012
30.185601470454248
29.11059203877786
18.28210094706403
23.94668470729863
33.08224877373681
25.97484282442617
27.597200303712334
24.14125620532891
13.992932197186725
24.61258644835169
15.061379023100315
25.3222251471037
15.37242823245013
25.31249418226553
28.965090789043412
34.743423719296764
22.569548775730038
32.76891448190135
22.582191076811224
21.920150583508175
20.49023501682544
26.6019063712001
26.541963880342006
37.91161176947407
25.291258788923837
26.981323434419995
29.39115315742431
25.239637120010123
22.443356764340823
27.64018031161261
27.82794570351541
19.497965326583063
19.48283968018823
23.472402600444276
55.68425024079342
34.83024906991153
31.11777734359551
40.43563358282991
21.217210642602797
16.62553347548775
13.256693004336714
31.18558154072663
19.82377659831127
29.659630024819826
31.910489579501167
28.481815249632376
43.85607955171713
29.536963434766054
35.46756804067823
38.10335026154689
35.9185558671217
23.885038477388264
26.034876028942726
22.95510364644942
28.60104975786327
17.355937994602343
17.919032505874313
26.149758011946293
33.051504987079
19.245084867174704
30.937563279267504
29.757244122756898
34.85779491794875
22.696286025669334
20.707749910058528
34.23732394830788
31.76278766825388
28.804599082415983
22.18860418507927
11.582267415061825
14.525377871373705
24.878044148946195
28.47655431306594
24.63767599042896
20.8944565657916
30.29808534258021
20.89799943616851
31.904917279499205
24.481615200554558
28.66758576357633
27.7192467449874
28.189118005720083
32.251075144004844
34.917696058263395
21.03382125880526
28.06462093928269
26.357514125387247
19.12802263901218
25.586738804452423
42.814129686089714
19.499711035864657
27.8668364091555
26.623059054264033
31.785240852962175
37.20275317136844
18.896939731483887
27.76608187615996
23.44927836287913
22.38129340417397
33.70615494136071
29.764023584428635
27.52517063631292
20.00974102889237
19.5193164304215
12.300107130378537
25.839534169311907
13.82475416852661
27.898380635024495
21.211151368521758
21.194837439231062
24.384892488711372
24.987741012233716
26.19512422174091
19.436540864206478
30.31492833027121
28.631386249682116
22.657101922716567
27.13849523380352
14.34132201622943
33.05357197306421
23.317396722379005
34.76807113409295
27.553871393685615
28.979771660682236
21.83151976940948
28.4811022723921
36.18609725572485
24.755682125111576
23.962012543019902
19.97561090219567
33.28180401154437
30.419296861156813
24.149270427147226
23.429149128342207
15.333944459035362
31.616344565562382
27.64539103053773
31.43358405530317
22.43634637681468
24.1505829425458
24.682313128337892
34.83555847692901
20.01335649832018
32.5677269081135
14.56615843083919
23.984273451314746
30.145128079677686
22.486964882426644
27.087089972741246
35.51996538058606
22.0559739745201
35.60672417953968
26.573313205180032
22.830998396319984
24.058031282148555
28.534569150842188
23.185503558345307
20.541831829208828
24.339507757571237
41.980482197781996
19.143520251476634
28.538400281054603
17.417825566025694
26.41681216707826
28.254930879527944
17.93381896998445
35.30646732222225
23.79421021581734
17.64758951554759
21.10577492052057
33.91816948506526
26.94856069371536
28.990851444947673
40.1345120934888
19.892322700732283
19.11935914889761
26.12051204757451
29.112085012162552
31.161698458259163
32.166105304120975
28.163470356639902
25.507901827569285
23.67978236279964
39.61666184077472
37.03068854015299
29.831640424519755
23.955556997504544
26.68003911419549
13.999062199624158
23.923902466892596
21.199155866311507
31.14456302330721
30.05196354240052
17.4075303875292
25.97527903710177
25.391396923898323
31.14842743877419
24.97503910844996
29.576736436802836
28.67492217130757
24.439143317055727
35.24350678709881
26.034447157281754
36.55644565702417
35.81140768700696
18.228572869517162
25.172552913375995
30.258420880070442
31.299153671351426
26.913330830091976
42.151313666462045
19.55145041879427
19.2160167470944
22.20500998705735
38.44116463240981
23.039464573036444
28.914703462182118
24.508082596066842
28.26226633492221
34.17936024436235
23.262564691206517
20.314769010650533
40.59592018192962
32.4658949618812
38.41050871052481
26.467706493072807
26.8874865766288
36.791015734831134
21.7552187024176
28.764871023409345
18.060007265652047
26.836843824436663
30.891396927480596
23.923895277241414
22.050184882522924
30.730144241286684
17.07993379493619
17.991968066620696
15.364355528732668
28.803345714005324
31.45007892549943
26.557080020500727
26.414988045310256
30.40150122165603
21.83371787948948
21.9288154606976
25.82555589612011
25.243595909456378
32.47909334879103
23.1727461502378
20.597085237310555
29.495467692851008
29.507003883578562
33.00145660623604
21.261249554247193
27.15471589095567
26.658761116939093
38.56834355827752
24.96475459857647
27.673588077784572
26.3490398144455
35.075417754737195
21.052758872923015
30.073645570872692
24.38804184590939
30.383923660335032
25.850164204001587
14.970138927974736
24.056188023140205
23.934777119015894
23.36308624507487
25.814746482599965
26.578202650823247
27.886997620918873
39.63393277253368
23.639960668618084
14.575795506256489
23.99872986391119
31.705275847253706
15.769594259440684
16.244686587836746
24.46682798507826
29.461696256106162
18.540684749528875
26.57771378168401
24.193272225543733
31.51942058593253
30.584909502510616
25.923214568788396
32.047731975292315
25.642854616758626
25.691773759283045
28.377197739674447
29.434186258396778
20.016938410055634
43.4520970320739
28.75554759826942
27.186786522087957
25.288627423186323
31.598469543826567
35.30010383511478
17.475313171939806
34.24989050778524
39.20147019082183
28.036602017921435
19.99034415494803
22.07364254569823
30.56002719754683
29.375218039723215
21.76721637222641
24.687782110625424
33.10666942366445
24.837345320227108
20.25714819859455
20.412767194068252
11.451422136835681
30.90153001992897
32.04197189840988
21.81953573948855
18.940027551755538
19.761685071769854
30.348335158432977
19.989365689129528
28.737482577566652
23.537272547466994
30.076030545263077
23.743092418629427
32.51801809306197
22.152786853444734
15.98415782986195
26.224118320058704
22.42286828219808
35.60148864114082
26.93412092529871
31.112174852080337
26.02847149976104
28.878291412417507
18.443249345270765
33.9758137323082
18.735708422487104
21.464007178423113
30.779474891860303
23.263557374248595
23.989218944168332
26.680465089465777
29.593530522705564
30.057849359505312
26.288207843984456
20.837101100446972
25.317853024389454
27.731853740482222
21.943190585613667
29.718877961079947
35.47843231971654
14.781710123449171
26.744062934101386
25.926976247923943
24.516458322182803
26.89186979063558
23.843876327179974
31.09253238815007
19.178947277433107
26.59821913013019
21.87031372400306
24.398754820280878
40.787687687129335
24.23507112066533
29.3668511561266
27.909668152126272
21.765450426369494
25.490833264996194
31.465735697836017
29.826694154278748
32.01399475407941
17.665139705785663
24.56304459219107
28.02347595073908
35.872165549370706
20.230220697465096
24.753324398394867
20.968470796872214
27.94879138693459
18.417459362428254
25.619673548116577
21.390408279566916
20.501114299081006
22.44823311302147
27.48135388765341
29.14858842936917
29.970682450983897
37.76461975350411
26.21946616693175
27.610618569250427
26.819812388369556
23.872037901734007
29.735843387694853
31.233420985801025
22.803918469933645
26.04228002603882
16.769637208998176
23.11020219607672
23.017225956346696
17.04942484104156
37.6031478163166
16.28790988116545
25.140430466935282
33.70939872779189
27.964234338885934
20.39172998816939
24.147188652987353
35.051547463418
22.943611988626643
27.811995054908152
21.719121812399347
25.182406597871527
30.663503392746673
19.464622728364166
29.433885166501227
25.840845375883514
24.599951217776823
26.791456725899508
29.193801038181416
22.385328599928506
30.56538923775507
24.86086170263119
35.19687624662174
24.314614692669824
30.988884734694928
23.557442056780108
24.89264807994417
25.9948255995454
19.525617298996174
20.24345460399406
36.63391052072756
18.64360995839579
30.750046289533163
27.368964345023638
16.455758025175204
29.988446958840147
27.867030791412407
21.9498133801411
24.6476967203421
37.688841310146834
25.096538743166168
35.36349935476576
27.61226904482911
18.24476906002854
22.94147724479135
17.26877259705863
24.376820388423273
35.926177666999756
18.24711062282898
24.586160484803422
18.638160292205676
29.96661576434206
29.355492139424577
29.332663738638843
21.994417311324924
14.705382438346595
24.08779058918392
36.142044196103434
25.47067293753924
20.95862290239374
32.212527858082076
30.444558129018397
32.81854778669812
31.24809215458374
24.59047826921415
34.51157539880019
30.01692375880369
27.8687350910173
16.11892611065092
22.109570657428325
17.978133707260323
20.606836122292115
22.181332874136224
25.448180966222473
33.0181619841657
28.483260387805952
19.563875599796503
34.6706389925935
26.99950249732928
22.893880067132176
24.67291024258394
21.40841872935589
23.03449715890285
31.519557242126417
32.89163779756373
22.786541289142047
22.938716095332484
36.7890224894544
22.336302840173243
26.403094928278865
27.808571173588593
25.349319808005088
27.60817038816509
26.299509792575154
45.581149232900955
18.80830063550019
27.905596238111976
27.858747872707024
29.806953403842666
18.989799237728604
30.712289410679066
30.493300670791378
34.42781871065813
18.898132733869208
28.594523216520695
32.398970676293466
24.310128470608582
31.594253702869242
29.287747092515875
32.97264724551863
21.95192904574786
30.870362409419183
26.275402370358613
23.467189558224057
17.703169120022306
17.504847715208324
33.23577403640716
23.767984411573806
27.668376652148186
30.578340531381254
24.349587081045534
23.063836738791803
27.108692319170142
14.546366657678444
44.6518791519893
30.67837696281129
23.831357810522938
27.8785821866316
31.787531480947372
21.972612635933903
37.91528501695107
18.422836315055548
15.415217271827567
20.08705486391089
14.622257115515358
31.91116015728877
26.81355317097296
27.138881921090913
38.955099888892754
36.481794385191755
25.74693660631472
32.44756030523096
23.365056969648386
21.625168897800886
20.4758854268523
26.24730060061064
26.380880159728363
29.61497551184743
23.078800875255727
23.75165296382323
26.648590359086445
28.236063088197525
22.514546604567865
21.89017255196984
32.96160306113662
27.001736788606824
22.728069631443248
24.86762372005619
16.78602709754931
24.51697966664205
20.92566218513564
29.971850424459657
21.09013217652454
29.5340176689379
30.475219237249153
24.586131160063537
30.003465861039018
27.059387418097263
31.408544628758
38.51509744502143
32.25111564093618
26.913239269056344
25.3043434634706
27.315166921683705
33.91002085989585
23.04112799032452
30.679004030661194
31.57071766698057
40.038585426058006
24.032122911278993
30.63589648699348
24.771844039335328
26.07986633013175
33.452131206777736
32.41463302535163
25.13842051240303
30.934905651840953
24.420207542991456
18.86599502596111
13.56350427145723
23.814438731615375
21.040444314806145
25.459821874101472
39.06339383361404
29.97892798145952
25.300270534153224
19.769122812343625
22.778010982822057
21.737584444113672
35.81257880984556
26.99374228196931
27.727882736936106
39.41371915959064
29.47534592663741
22.718563638741472
32.503986976316455
29.88844894002094
24.661820955159534
11.07874494902082
16.391267686333165
34.30073264342685
32.803658875934936
33.81584611845452
26.264845003765615
40.35256528373302
25.499928643006616
33.229027171145816
45.08553952018403
24.669749808061322
18.073502909194676
18.79177244581608
17.525477907896565
17.891348060009665
26.520295566234353
22.929021316830344
33.67667069126354
32.97353100100172
31.1094773021393
12.7499391771907
30.402120686048757
28.275908496551157
24.49867567463248
27.432489887682372
26.835215836317843
46.02786582262704
32.91244240549342
34.11482014623476
26.600992960803588
24.948660677504705
27.847625309596985
28.052048547311966
23.440021567824772
15.261756394134412
28.174967074401934
26.854954733535035
41.27259363711736
29.9776823022065
28.069056574241387
20.73325602112822
39.239864297208456
22.76377759633135
31.71270714929275
21.78690007946427
35.06862305213382
25.352498403499524
16.82387217742353
24.855911965844683
35.65674028347962
20.479231586072277
20.36027573594276
36.0838195752352
16.333919792603048
35.38863103519226
28.97989709905671
25.790602537627933
39.90349985384329
24.56809846926804
23.233305311906623
31.52005230602304
25.079035145699276
32.35958467741302
30.569908747694097
27.417842471820684
31.67265688647402
30.528739536014527
23.23958875570925
24.140775821199
25.88084934635697
27.447299960261013
32.63564119371624
25.58545195722995
25.64999458986575
31.17829616601014
20.319438778314623
25.533235075625747
24.178304725405308
21.870343502211085
20.867297783824593
34.12044510012648
30.314538046003104
27.282110183199226
29.58400819177819
33.10869415546893
21.150201693290782
30.38530973687526
25.141575543768095
22.61080196010254
19.030873592220292
20.887119469480137
31.097305222281857
28.930571577196318
23.22072793381208
31.74266978336604
32.46433944290118
23.55695511706155
25.6081997763454
27.641847187967606
21.494639611096137
28.839696636545348
22.59264099784655
17.72138560825212
21.034145927531554
16.36280974945964
25.445761714520554
36.282883042925505
22.310850187278962
23.424418953837844
23.29198049182579
20.87912451512684
22.718599970500573
18.01339978806837
25.720626489387293
18.42296534844912
24.572901924836653
26.677453017608922
29.093156616757902
37.38271633742495
26.28974200925103
29.383274639778094
17.337117104855754
31.448541537107623
27.43523938622714
24.133447924293108
18.33966949464595
32.22068734761797
26.41373932022143
19.568010896184422
24.478364961835688
27.449651276067357
22.508500687446194
17.71442133620031
44.996012120464876
37.79358013568842
34.02508535115312
26.805331141294314
28.542439668007635
28.481417881409403
27.212244323595787
26.511507413535597
25.980840205894555
33.715298534195696
25.9054021260054
23.51220723929183
35.299582325887435
16.449712040734727
20.877265176089466
31.118825826496412
24.659021087034812
20.48194944900182
19.134216237548266
19.55266515426286
24.497903018426648
14.856659009987705
25.212989395214848
26.534874203244748
25.641378162287026
30.781827839134802
11.653504331862116
32.37077333302676
26.461328635092396
21.772097822607172
19.770625964120793
27.369811602252405
34.90034043577964
24.676965506425738
25.059218531579262
26.748287855476843
35.44796770605384
33.390647720822805
36.72334577155991
12.628110224972852
22.779025964434073
24.49798722469665
25.035119667269235
19.726822753721446
18.956579578674308
31.4087720014098
19.318025320749076
19.54199983697778
23.066964657419703
25.96364592513997
33.52715833018413
28.146058301541572
28.248608475285188
27.053539569657858
35.2883883022799
30.38623164837721
19.943479528488417
28.17860692833144
30.69330768111596
18.99332620343665
19.369898012952223
29.160959100723204
26.71754038659676
23.18000686619621
17.942342105996204
21.89318509593892
24.08537414380199
29.81041810737438
19.03173737846975
16.997661623554364
26.686940508611613
25.7545585762246
33.74017752425139
29.25304500894233
22.322467824500546
19.41266593502602
38.140725058843174
17.02437197633529
24.547526224101645
38.272544927747525
32.31464921591879
32.1018300360347
30.253066892180726
28.680253033156017
27.463314432075325
21.08697055603441
20.379022725057926
20.90669332306227
20.77818256155822
23.41413238544845
23.096044964849575
33.919569072577794
25.02107837992802
24.137927658503276
20.525716475923947
29.6856340438359
33.64330757675021
27.96941039204927
26.340685109552552
31.138005214718866
17.142748253724328
27.271490941030667
27.141234065710336
24.315938096203464
23.611961727764196
22.16320084038684
26.267484794478808
21.967480063367045
19.642338311979785
24.827878788292708
20.681887506330334
26.50212272339396
34.61644244383775
37.26527611524194
24.687176259157965
19.877667670368904
39.24694338228782
17.59427837856572
30.045228694083832
30.452614472726715
23.696610940169364
23.240067046159584
21.794862219473433
23.01344130600058
17.783087074394242
35.32757727091068
25.12985519792153
24.93796495894962
29.19201182031854
21.405959131225817
25.84592854717363
24.382174024560946
28.31939847116567
44.93004525816273
17.976098903554398
29.155587741722282
31.137965614420093
29.940150813973275
26.993490041265204
29.845772355413214
30.011392683048072
27.48543950906324
27.048482683321705
22.47894547083124
32.217553110083855
30.828641173116306
22.413849202744572
34.75966652790869
27.233547502618233
26.61779421885774
22.708631641290292
22.081977323397517
28.225717183827186
23.362251906532546
18.71224023968401
32.000276641992365
16.54147740330041
39.609441194274105
32.18890078855565
27.951258703826053
29.411280704621166
22.649494531443075
26.944678073393536
18.054433085434518
20.8258178924314
27.95905917167466
26.582579438276294
19.362102486727768
30.38971365148015
27.310547275914875
29.058735626906344
35.64842956154898
30.3234592383926
36.087154908808365
37.224957714959714
16.71487660559201
27.70109634653124
16.722662997971575
25.454409517550893
28.829387208942197
15.53294909256211
28.886011555408842
28.381502621305888
32.568904664330326
27.36112476250249
28.033730142514745
35.90427000565112
25.332197959329335
27.97578300792048
35.215383000752084
29.856551044665114
30.26472899868255
21.35135419884369
10.17550606917936
27.696034332550205
17.91480873364721
26.22727258549528
27.919294636198906
38.35192573205143
38.329892535402706
26.437204039708533
34.980391948356356
25.838618945606
28.368587175723913
24.254571863662672
26.95982082783371
24.284353140226784
39.86012327027609
20.41634772073858
32.72340572549461
22.593209392626758
22.01475976399481
35.31413322840931
28.364870549727044
31.844385165959192
37.248914926997315
31.63414546890129
26.419440265058913
26.82883237616484
26.578506118954596
23.693759291269846
35.204864736374894
24.63909904713539
35.4624655486865
21.27693770598185
38.25994272405897
26.00295889823586
30.154302458498684
34.110825329577196
37.74374005634716
34.13097965783943
25.671421056551186
26.32751135345679
21.894258926545184
25.489550695016323
27.938538451508443
29.62033068905059
30.454437502490727
24.976260590930007
28.46547163000816
33.51660103191301
29.501159407264847
28.325088637063573
19.82460077560128
24.607754915173878
26.931374513786636
20.522384595571474
15.598191483766746
28.741858166453362
21.326256152934267
28.722834093329347
38.45930857582259
24.229529860755672
41.23232814945759
22.62413450144812
24.49449079898562
27.371518460219153
28.593278556791773
33.704901508411844
28.483093398462973
24.154241297127516
13.467329451611793
37.69491287000609
26.366655444720173
20.490198462011147
16.00796435298045
18.21265321637289
23.398619421528856
21.334929389422218
20.648919277131462
31.803712665093244
23.832051829828213
23.85560256013125
22.401432564508557
18.259881229818227
28.806921547935772
31.35422537020854
23.725045526672755
28.69179361580895
21.24401056312591
30.731800987569923
23.69223138192325
25.713448359817747
19.559742851030656
19.200794381140504
28.75853682654573
24.722586292377883
26.66563425177562
22.1193954203657
22.583232105918494
27.516000570048277
27.622203658505796
25.174769511220173
28.660122828476673
25.22711576360478
31.59548456680653
27.368612074958452
25.764717126758658
30.11019728965474
24.015173437650596
25.56805205893948
31.88672913617392
33.41520685304301
25.042599744565642
18.695828235414165
29.307841088804814
37.427931081392394
20.900271718426822
34.86885664216815
16.6572931841953
24.351874932126606
22.575103920507082
23.6976573032806
28.73724747930546
26.113447012863467
36.687287338658706
18.66170637160059
31.45415710372566
20.749658972732533
23.653542906660924
35.7504154520428
20.17845840137265
24.80612892566956
23.41699401642335
36.497379596362755
32.69694415650524
35.1134831164573
29.516592929916964
39.84369344682578
22.38873995285006
20.202619392188247
29.162362522805275
28.028445150684483
27.124105896697436
26.51336986649207
20.351410593126708
36.118045007632354
29.982871678209595
18.84149164510493
23.125154595501456
25.00441450279739
29.221374233631387
23.52648468721834
35.263081681963506
28.62127774835018
29.83620674579175
27.490656089028988
36.2120675494419
38.64870739987248
26.7169825914112
21.949041312258263
19.358994119409704
18.148143807991286
25.919527120891033
33.46485034189498
28.74006359406088
29.775140951064806
18.884646187995045
30.41309700823814
42.94387704882704
25.063823412408944
27.65836624377477
24.014500905448955
23.734093162143296
29.36799100045852
23.36674376106309
25.444168030260133
27.09089194264195
22.910432534762815
15.81047047550317
26.516684956191266
23.797887798768155
28.48092273405477
19.89019631462247
30.517662575602134
16.117790634822377
27.219721447845597
38.71314582337232
21.879461547865052
17.887636092201667
22.4965096939004
19.665445658122884
27.0082357532745
18.05153086548566
23.61935550278527
29.291675785546783
24.03869088679483
16.74680038989846
22.121957549195315
15.8055047803589
15.564781972239148
39.11219556505978
25.818500017203526
30.05168163940845
28.259631760577214
20.202332535754387
27.203096812134508
38.982593771398825
30.15640876250012
27.978509577684896
20.49330610361476
20.57453691435084
22.867150593872772
16.05868152061449
21.081413202220553
26.927005384962836
23.17733896413333
15.516323198147278
34.857194184675514
25.02207952200709
36.386331522991135
19.930496234787352
21.28970772786191
24.283637665136805
22.14800362541446
29.431416971297292
24.988712613379523
18.230815056708227
22.684658969297775
26.290530332376772
23.659119296719282
31.218895441518224
33.940600430525805
26.08497186980015
21.221074326086317
26.85494799003889
26.53534007078581
20.102139509057277
27.796030784175034
12.999711766170355
25.7386490591283
40.80196396739999
