186.8797843189407
165.55434132926962
167.98050529964308
154.55924125766325
135.44023665381633
119.0960566083757
106.97384775786954
131.46480225112208
97.72626950001629
77.89642463033042
77.32887615883257
74.60863103064011
79.65664567793114
50.57013488937733
38.650218964582386
33.49822056975963
24.91319689393316
46.61320246264769
32.64271783454316
39.92564573933786
34.157223461857534
45.364969956758436
43.69055271533016
29.169534425173975
37.56081562485966
35.09452561246018
21.86932057906536
23.798232339727708
31.13526993855919
32.59607831688167
23.856154391839148
25.777940145311977
39.25310705606754
32.986952082041554
22.93526199089978
42.50630978714775
28.94900942721342
36.85356553554792
24.333744143233712
31.97121766911703
28.19894509218457
28.313430432481795
25.556937173562428
25.490397873747284
32.501591775620035
35.92717722347754
43.39406445502835
33.86998530628534
34.22362280824369
19.080011830187495
29.101647074131794
46.21945935783803
27.866315447781897
33.4664173628173
21.883366582500095
26.716826533723104
28.112322612748937
27.29877317938152
28.388665876341225
41.14965725760082
35.35987100164427
33.51273578170028
22.765359999196964
23.22698456851475
20.602987529380236
23.572132421487883
24.452458348971295
28.71323526430868
14.741592216401264
28.39498704429956
26.201806598621353
25.377397058252583
27.90454864294718
31.785669753794522
18.675488813793596
30.26386183894001
23.676041160569238
18.100974657959398
19.918318814402376
26.991043979581125
27.8687018869702
31.737284370002655
26.094860489117323
19.163194163819487
24.896083437040698
18.331701871077122
17.49887832133829
34.127568265406886
27.52016700536864
21.80884590973457
28.82979623069495
28.904848210615675
24.709590314071882
18.227931994704353
28.797914383766987
17.021226186906407
28.7208713730399
25.89882028692142
24.254637316790184
22.4657241388188
33.7114682675083
20.221217844857883
26.32083405298362
26.348350531272963
39.32131490977338
24.80523172735171
16.65723225025344
26.72064936556425
24.056040105753613
26.175848017228688
21.319159830004615
16.435682793764602
22.18368660024037
27.173135587744245
17.754353526967222
21.049573120883814
20.474912635119512
30.621973403028147
22.060110789086366
28.482619793855253
36.56771950074161
22.95087154348259
25.559379237975644
34.94962308343174
21.10669131076917
28.52393536446336
31.292069720966598
14.372239360850536
37.18227474797467
19.971614635907258
28.555220778001168
33.83170341790264
19.038950005624304
23.61142743743378
21.86716606434431
19.876226166533808
29.6781196698414
21.88830641143702
24.821706602419326
31.118143099065986
31.578208079865423
30.74098835275941
44.026227836848385
22.911239282101718
29.697029009895992
30.425197592666457
25.440974204673374
37.189423683466416
31.69408290042364
18.503675199887955
22.630572838075896
26.58311632266898
29.522098350168203
21.797418646276896
25.90166320815029
21.436182485981966
18.301470056747313
28.220944890714883
31.4196167487202
21.70412832106807
28.758830734816883
22.678396459665084
23.657531023159457
25.336829264271454
30.767644346166843
18.468923208379902
23.766308377688205
27.705108634653758
30.41444533034087
29.0219334462268
28.718031514844494
16.637210176981924
20.104590071012897
23.32593253504854
13.772918481138262
34.272415289319284
33.356818947997866
22.361302569970253
32.24376340829219
27.75845100388287
30.891643881537618
23.464379149272236
21.312804946016314
26.90527423562355
25.909672925529172
33.52368668893727
33.80807253469567
16.874837908014634
28.40586166657254
24.119272931735473
19.33024885254275
40.575054274385394
25.54048765100963
15.69770906644989
12.054316218172415
14.324652036351166
23.339632790559282
17.99532464875825
25.00098821079953
25.5920228327359
18.071686274865343
17.494516508173007
27.286804364631443
19.093325563331582
19.106865981255787
10.825062032112328
22.391317748737908
18.646748010517797
18.300437071420916
23.02594629534313
34.184110078509086
16.733676242104067
18.177161999220985
24.175380352808535
25.061168798372236
21.786208866978114
22.940298459845344
25.0833920097283
22.444615978439174
26.59975549922787
21.860853029217363
17.684930016330785
22.148765439153458
20.61119207402432
28.76888756511051
21.813355604345592
30.814454105866073
31.075141214407438
21.847233598192172
21.10968755215738
19.473513977760266
29.504337315743946
23.932499096049163
27.293731380478693
24.47479908092402
18.22637611211379
19.390454743933706
23.486097215773256
19.33058729375302
20.62728008201863
18.116800355616764
25.230408075483275
21.469502115978244
20.890047805405942
19.189882357081164
22.30037332725739
25.289214621304364
17.94983960683884
15.255287588067828
17.676901793062168
35.35864616607025
18.205425986110075
11.624366017635177
15.378427954609231
13.391375500552144
21.258058555300753
18.881711909955104
19.20697363777584
20.193886716719412
22.346997818212532
24.2043371368383
17.231317258029726
17.694268709011663
19.64650433786113
27.55972910296056
24.187046775995984
26.355432865558047
18.418026331669942
20.290391781305807
21.18220628349391
24.238276506452586
20.955116375377823
16.281891248785712
20.865547203513614
33.750330741278255
14.758028715013147
16.646838219763723
15.429681596437447
26.620101700165318
24.013741692753126
22.799160571648702
36.107602550233395
15.79053553905819
19.97957635427593
14.831526135052744
16.17897877594815
18.68576271168831
19.712437237626805
23.493364635962454
20.383176404199872
16.57426967836774
19.57238232534535
24.272911097160716
25.42459632609057
22.373347426154336
15.124796075543587
15.887392085781467
14.345977428152601
16.402398051286678
19.145485072495198
11.57917586069552
10.083813782001442
17.33389762811523
14.615505879866362
19.766542294996572
13.743073882803959
20.719905647209423
10.683890717190675
15.709304138315009
17.063865694759702
25.332139228891275
20.072758771485834
13.709042533589887
23.936282794701942
21.92652935593631
16.142608573505534
11.791973802245508
15.777793929860154
15.435843411757515
10.209866033116953
20.839786041354273
13.494254691751559
20.499372053206567
22.084106836509186
30.431945399476962
14.14450375841362
18.582752836425488
17.425234253721143
15.889083991673742
14.69155083465099
24.27762908477822
13.503479467948418
18.88529521345682
16.2444599870678
12.932519962684886
17.841638715241757
23.104265681930006
13.790346073329973
14.25840988540543
13.730190062060446
18.62327256258082
26.407620779952843
13.645046481787801
23.093833241197242
20.02819139010005
19.53476654563113
12.843034022040033
12.201408437117665
14.526571602663404
21.654654951825904
18.38493665780791
12.149904662934267
19.2620603891586
16.033498715642743
15.330144198088606
16.671881691912816
18.67413651219619
13.11539733341619
17.194810429179775
12.646936108957831
16.19130580120969
20.198760961983535
20.53265754094217
18.224811277372527
20.346463676597327
24.33062840711952
23.36112513254615
24.85006391197744
18.50647662304563
23.655225844172755
12.892087253422774
28.89324005596749
22.762749155357454
17.4779983801751
13.672362237644172
22.48072079346497
8.594681073439919
19.317211097731125
14.592555437998683
14.390347973298123
28.350159016558997
20.3305888636389
16.33115904871066
15.980489022089525
17.991692488318254
17.81536558372879
22.3652378958017
20.18240206046233
13.290457749518014
22.138326006554426
14.46680158874251
13.615949251734097
24.067064668380684
19.52962472022896
10.859336636424317
17.648853546954033
18.507792387817368
22.205069718248165
15.408711454170476
9.823556978423028
17.244883449048718
11.762004908981174
23.450931792073078
14.78496453227801
18.3204953872437
16.736356517420607
11.656652243317128
16.348828584552987
15.44535563666477
19.335554708618112
15.457759317901237
20.283876717599696
11.288744263675127
20.50697529190933
13.263226987587645
12.93514654230656
17.26588217030712
13.84311427352429
12.029680734002522
17.048446705115595
22.5114985572528
12.346987181963877
16.63100680984981
19.93354336514897
16.136026979565
23.604132235809917
18.238847736778713
12.054280249308857
18.60660939838315
23.75432795050571
12.69346816560834
18.357166876048307
19.731400030192233
22.187827872658463
18.572541506908614
18.33726197880047
20.696819517475834
15.323521896571474
20.2145340616901
19.162397801026913
14.197329199097162
25.054555713492626
17.33066247009799
11.814160177772322
17.638146098035428
18.308455231240785
17.121818845986514
20.86986412135291
15.908506965861143
13.355509356671174
21.386751633144716
13.305933073622697
17.901748612201544
19.711169342314747
17.15760588764185
19.647455806465572
17.204269721593686
11.881746011668987
14.376933081117684
17.92981865847052
17.076241060797727
14.51871013832798
17.030511340889642
11.696559860693561
14.646370757953905
9.163413969141288
22.411353340296476
11.293555207835837
13.37335712022101
16.725292101702685
14.683255567015738
16.17518264326289
19.964928452377464
14.585240133023095
14.376989131842596
22.311146825340586
16.21102345765338
20.486171011679655
15.652849604868702
16.00806752174431
20.451476702061726
20.88534907763781
16.86451217261266
10.732637601181686
20.280548888039874
15.129316052157845
12.34592252349299
35.36827477697469
22.706800291975433
16.121715920349633
16.020899671870577
24.094722245738836
19.716577344581914
21.745384826545923
8.280093207457732
12.479024275894988
10.007338886668208
13.516084463900583
13.895263159849561
14.589639100593324
16.19262513785743
20.478260760359642
10.493176644894648
22.00878000057526
15.09569501933464
21.961814915911418
16.78689376915811
17.912385853994156
12.239961104470748
10.460256535837019
14.428176960992811
20.30112920536374
21.427546541857826
21.14513311649511
15.663434459412265
13.008947453476866
11.079309509449441
12.859280972374274
16.230257852417935
23.162963272521523
14.66179873576202
12.12259732084638
22.683632544605
14.361503569965548
19.2434452575614
21.382615662529158
14.482593845963592
12.934700850820121
14.23898864896671
25.11334089782227
27.352054611989523
15.235418138424063
12.597535961119934
13.632275937667195
12.536872283180859
24.33142118154668
15.329725247603365
12.6970330988751
16.208309268654013
24.357898947161736
23.638380211432292
15.004105017161006
14.459155660154687
16.421913339585572
14.63490672843447
26.858372098168093
12.89268202389104
17.409010224822
21.84305351427385
19.001056241477013
14.03692488758031
18.86027081745068
12.294135434660973
20.877435335629478
15.249082577374745
16.937767632089194
10.981412525861279
19.657963557552254
15.32949733174028
20.74886774442262
20.442003428791956
11.403715688470063
14.004804140393171
22.3658923324394
14.750525960554622
15.955938965266483
17.447470950535592
15.783150795195466
16.306316836870348
14.758562342806961
19.20096640667416
22.439806423516337
14.221035514667118
18.09378801231039
16.30090593813709
17.053430825269974
17.700740180560306
18.723767663325695
18.209925440842785
14.43816492889357
15.628340599667991
21.20473398522833
13.000511397117991
17.592207538452996
16.007907067653907
13.351793931364018
13.875234370136194
15.043125286209836
24.22644412312347
24.111523493935515
22.17900193378789
18.467173840806854
17.828531002216415
15.570855063523076
12.950298243148623
15.633926225831404
18.1236651466691
11.496578149614017
13.665479506220308
14.030557141036383
11.512792490139477
12.780470197396939
13.725814997064372
13.349457458305613
11.103180878163993
18.0075881909445
11.20970424362815
25.522788017982297
21.551707368745852
12.413126380779865
19.974138754769427
14.269561212458894
13.986274822679928
16.90615678603706
17.256985365811346
11.139893549047148
11.163391781266496
15.040659890633876
16.245227302756813
17.776261307379293
12.418747097283548
14.828834204540877
22.737900846564234
14.738754623530653
17.05488088835255
16.389304734118134
17.094626777784345
11.304987793257215
19.525814297741594
17.082324646344734
18.65537182940981
19.320798073593156
19.447386811048542
11.97675743280394
14.214234480094238
14.876092622710699
12.707571077947923
14.554173090231254
9.619256450457751
7.604275549133861
15.748790229124527
12.425746296208235
15.160166031626957
16.10744068668545
19.54048481790404
20.31875943320232
13.350374187033385
16.283818114475256
17.243420384296538
15.43294002674661
11.709113988840759
18.580999124082858
18.065011509014116
19.029602060097332
19.781739545803966
16.205212248149124
10.767328832136688
14.396330733937779
13.426569175975327
19.45347242593763
25.65462531802809
17.464869105633344
13.720180743599164
15.594150318452723
12.271338265972824
11.4979766195089
12.63002035126625
14.92586225200761
22.082091236427118
16.15363244029587
10.834510542868996
24.16815826815438
9.056065345299666
15.084380614851458
13.734595240654699
14.650534925687616
14.14887650300955
14.157776805342678
20.10767316710135
19.20945195448021
12.123297317396704
18.561259789756132
16.406758568471204
12.996146287979766
22.014973631317275
13.369679198674756
17.29464038924972
17.505745198832305
17.960442723174285
12.365697192261376
17.062476209670407
17.33006587092987
16.430264284292768
10.423035043782017
13.631129136475927
13.859674716659867
18.584611461836595
25.62729859269498
21.658227532190025
20.005737796469177
13.481767378539217
12.998569794987525
20.42550170887826
10.531547755564867
23.560694347241633
13.454428471618057
15.550947687961928
18.382618908151272
18.6748575637832
17.25785135274946
12.237348643464378
17.805088703473555
16.571381669290385
14.879376212206186
17.63413832558008
23.092519788131046
13.906011382697036
17.479629257431135
14.439748745852476
16.804967224013506
11.076337295848301
15.250088528243591
19.497824036941303
18.94959165037347
10.329256127660205
13.412167657448007
15.812808767722936
16.413285516945734
19.08003818560422
14.852393329615039
12.389521237098531
14.723427287488816
17.641448228305638
19.76167012128367
14.208348872500606
12.875974820137802
8.22861911194439
19.902707430195708
21.337127071177818
15.006199353017399
24.506047881246115
18.430591165693976
18.497795500550065
21.73664046499522
16.037356604324525
14.137009301550204
17.009910218642858
14.006243874895647
14.186434116379488
17.39944039642721
13.642380369260144
14.907912637107646
10.552608046844327
16.57043073337449
11.29504443580788
13.01643666345657
10.38777657964503
18.052109188309675
14.904621343836935
17.72246598843937
19.13703104253096
24.749062700288746
11.991994460047314
14.670583233890158
19.781261122377884
17.870267138767414
16.642734302223943
15.906432964405964
10.73527115151397
15.398596757920362
18.40545727422458
14.981735672916649
16.54096270891721
14.58581442910108
18.612973224539004
17.29349287679866
15.574070128861955
11.714143809788458
14.67025954127774
10.193075351423529
19.031579979603066
17.68072698134674
21.636870297430292
10.288058644584039
13.418185730501348
13.819646714780095
11.3617811134026
15.50338716325502
9.956029983157567
15.12577286710691
17.48765821891155
8.501882608690142
14.451432481039811
11.450755000790473
16.36371814606417
10.587250685382573
16.987196520464668
15.218888947765684
15.353145217652632
24.649828017279095
7.932397137032593
13.87817778733676
9.677405504563147
12.322058914760918
11.690447048348357
13.251001182325817
10.853131329621622
24.726403369942453
15.646178601277411
15.414718889662826
15.535521667481747
10.508840343673647
19.627359945152683
13.959451496514438
14.12448279087325
16.14077907190474
11.065234706516963
27.38546316397359
19.361059687185435
10.760341617070594
10.113089110382393
13.62086029871023
15.993845049312968
15.988252054847182
12.80259105768177
8.617001763383207
13.387797625865595
18.90100280616798
20.684575807655435
17.661253496723013
12.877863959235075
12.699798105281282
10.393476207161237
17.312269921156638
16.465747151219485
17.95825413318326
12.512345246380416
14.619558401480736
14.054989333130028
19.70909977823448
14.499265407473096
18.230598245828478
21.34280504268852
14.928295878825123
19.18328232772789
27.98465374999334
12.233417034434515
12.28890673189012
20.994228223018087
15.427873713268465
17.69209114573627
17.15471790020774
19.559953796182008
10.294526812288101
17.736020202574657
11.952843632522281
15.944227051528301
7.33594265665936
14.238299661131174
21.244859353462576
11.467842938564232
10.175945401452099
20.97039452766016
25.541590025953216
16.794052735648517
15.809396962172952
14.922454475023802
14.659351452869382
11.501348266571974
16.31163073870457
13.916767637857093
15.07229451563836
31.73920824187475
14.934066101903747
14.549841137891512
23.921241170902675
12.69982486236617
16.28627569231343
14.779047971568124
6.1306894881867615
10.201224238082618
11.90739759460915
11.221175780022973
16.571759305298468
21.941801485124625
16.103251495567434
16.79975561050511
15.554299546155859
15.146296206317952
16.803049101856235
14.32393115964807
11.357117534385711
16.33742375734254
12.858205569732862
19.88477611614141
12.679996415094372
11.580103825947266
10.850194870499822
17.97759626303544
12.880045343234233
24.02664294919569
10.654052400226696
12.441616432857245
16.47879501315818
18.149943950160466
22.382563503308514
10.875724976581617
11.498061190341842
14.015689619060003
19.25893885789966
11.962949869864028
12.947968204515742
17.189896950300703
22.93333798980646
12.89505427665797
12.948429624759605
16.94577259288893
15.54683499374962
12.307477664013405
16.165557267342688
12.536662336371254
16.219741176571944
10.116556384860198
14.584866614642959
14.502311090576905
22.06659906699644
14.91711402861164
16.18363623713995
15.874723632354703
12.302806050232626
13.875896240259438
17.21577161690955
17.438337395913937
13.644311935162676
17.15239402469767
11.825200783819602
21.866510346446173
15.232688798940005
15.486889025158712
12.895630264390409
14.882768242885994
11.572087354805062
23.551252217430136
12.559673193454902
14.299591474569295
21.91469126661307
12.088012893513374
14.906369970633168
20.468758432835664
18.468626176782827
12.170000760816672
16.734564974945844
17.976330191510247
24.141960205157815
13.1007116238859
12.428422181288141
18.77203114549153
11.798228058494013
12.643152957524414
12.248794238723193
11.602891932719176
12.699045805477837
10.865220028071414
14.35701091551157
18.422642855482454
11.637943072060406
14.564927818452015
16.95792465711232
14.824401756584788
20.41719692329433
10.660916439365344
14.001290826675165
11.74389199732759
11.046353145538134
18.120102350025892
14.189754614867645
17.999948317401138
11.927951516505203
11.878394982876449
12.956253699487663
19.446952147552608
15.4721123428792
14.228512848112725
24.886956605416277
15.965746040465396
17.355117913629478
11.021094630826859
17.86152810555844
19.131400853052742
17.930584642739014
17.38195723564143
12.179751358686824
14.10225324560498
14.393778142339572
14.12635015851387
8.50396741782644
13.179197133896206
12.207739686255419
11.418826385196448
12.963296340094354
12.782501950419753
10.67025151069194
14.289304351572266
17.18683420519058
12.078177662374717
16.887513816250486
14.269479837088292
13.500429324862573
11.80846449749507
15.750616765754133
13.027886758295306
16.55895181216151
17.747133606966948
16.237945960167075
18.34514728455849
19.538020386889684
14.680998386031796
19.35145415896575
14.680534436098863
26.281004983402916
8.096996380918378
17.061803864770646
11.316793293798076
15.717726411213304
17.170720392156248
15.996884861047391
16.854478856037108
14.15870992515542
20.181746098736973
14.956312381602643
19.73894400421651
19.09786153078026
17.36761798709348
17.180562213668
12.377715165997326
19.009497798734234
15.330314561434097
12.631530735542079
17.05418810547584
30.01770346644495
17.294074621991253
15.780733064463368
11.887306258509136
18.78358260338666
15.5568894524523
11.027278647416635
19.48589314437241
16.437165025617563
13.373056021392376
13.506473854208298
24.1727691181925
11.565579911775417
13.137758388100096
11.623751613013475
12.32457031331371
17.72056083346914
9.934710423711973
18.223428445065892
15.914246624650666
13.022640417613099
18.615407529017492
10.759288990080716
23.39869053781224
13.141902235710445
7.912393600966376
14.461479550815016
20.491158843934695
9.951193416350609
18.907892743225393
18.25974245257422
15.70904498205545
18.58948929659122
11.01239630963207
17.67907266583941
15.623114551470001
12.266929437666867
25.782749628312796
13.430659423249145
18.672908354934034
10.905986193738956
17.545328522936316
17.686186857790318
14.99484265422448
13.06942493837074
11.634874336234285
12.92867380470624
12.782234123981778
20.05441423186627
17.968678068489783
12.102491489782679
12.476386510035743
21.39002182250379
14.189761452131611
17.295567350364863
16.25337266860018
12.850911963726999
15.515302032013361
15.059606469660155
12.571982504183406
17.35617705690118
12.46142445149158
17.433449090155214
20.853799779380495
22.595726848619673
21.42849622568669
11.058896728784799
17.300950777460553
14.993719938803437
9.42125082630629
11.869965758275699
13.855371378847565
10.459724967745979
18.29154493374723
17.888352078490364
12.852267534216628
13.005647655819267
20.10667515277465
18.552567582284407
9.368456235088807
9.309165919309658
13.574802377002248
14.883876340386964
10.957166927841099
12.123074454475688
14.977568046836948
20.317607076220934
11.097052442141353
8.667285963830313
22.20704021047559
18.56658605227641
21.1158545612471
17.79653537467078
14.482119881738988
14.324377168278993
16.662036302412748
21.68259357600239
9.0704198689306
13.051978119603405
13.240822137306512
15.048344655823701
21.731718568808915
15.503721635820039
14.836651378429435
17.41048838167833
13.935365488913545
16.169002433655933
12.931436099296894
16.56963858302775
10.578252594646852
15.234672127810953
15.055038371788108
16.47623897225885
15.934272402865243
15.197717501706604
12.09652735600696
14.153467808201095
10.93069858571887
16.32664047893383
12.596585506636032
11.622349665712136
12.820962374492186
12.333666526363242
19.582800998904073
19.11933374727165
11.899212310448936
17.466038579853024
16.419413333210276
10.533321971696887
19.831378498890086
12.520684684768227
11.425939520229452
16.37252089311853
12.704320443850403
18.682784025757364
12.657663055177713
10.568688756663418
14.514694557356925
13.072925336599884
14.419808252770352
14.007714839815966
11.133755766221194
15.776320064021004
27.380204695960476
14.688702469639878
10.713315626815909
11.78377525118913
11.488215677316434
25.46910361102664
9.4744735027772
10.210222907488784
13.115635900552983
25.241766578135845
11.36531524777146
16.298253592146132
11.307808640155656
12.818072682169332
9.0121816534239
11.794641642653525
12.078640295799934
22.93622596352983
18.875018728905303
12.872860982073195
17.791745958376236
15.981852591972832
11.136909512473338
17.637980071904764
13.879704403419089
14.79399120204516
10.859839364702431
7.905483030394519
14.686407044856702
16.82853837955051
17.89000789987113
15.556287527670321
17.707010592698257
17.64774794325714
10.73616983240951
21.758888110316228
11.684037558034467
10.607144862303612
20.86392296414059
14.200825963065986
20.16145433888755
17.064321461064015
13.896062377849312
20.308686035352043
15.222215674925751
15.259726298380974
11.244822338408337
10.845015397920141
15.629674388196907
19.774851624467633
18.318824452489054
15.271283867767563
13.75024428947491
11.510640718522561
12.11400646635636
17.638314282937387
16.944481294168636
15.124718315967833
13.7148826742629
11.744252020862447
21.751691184023475
18.293876937135554
14.108736444453735
16.866181948435578
13.935211067473578
13.45040970071319
13.222350574819785
14.693798432234248
13.966382147329634
15.456793034141327
14.966604258565802
15.518905203425003
13.662740867159565
11.18191517938812
19.371695781298577
16.14911341453044
9.811950247556798
11.359188207868257
11.54555495460474
15.880419045123714
15.51021571431414
12.830704483639247
16.08974474614038
15.326265222921394
29.68558469585252
13.589671798007611
13.403728492213107
21.16047713416032
16.990555390130783
23.144860638998246
14.587470919315528
17.472617400710654
18.443789009668205
19.580018526890655
14.391346345245159
12.535845336520588
18.167693531614688
8.754141427763235
14.331684215218306
12.406979670326262
17.754437537001188
13.69150541316494
17.677016525089538
12.861037688235639
7.6991853471312615
17.24469703594117
26.447931516672618
17.067887174802284
13.908201398793393
10.280517043166238
15.092671415997314
17.75951023192734
14.105723367306638
22.087335325737964
15.24146131923329
16.65248225528347
8.876939559095543
19.48894879965548
12.129276756793946
11.733934935687826
18.337964469360024
12.74299804483096
20.060585677597548
12.073322056247575
15.898468016299521
9.819544085839823
14.99878872167767
15.982849768799479
28.466369949367827
18.656141106146016
17.897684450076135
14.067414502560387
16.20864214069054
22.049101696515205
20.063892771910915
16.41158892847441
17.149016342784858
18.54942713852673
14.657685131918754
16.3432218629878
21.26479163031806
18.068925672844234
22.550007296453828
13.068854417569902
12.748618422452363
16.435285818965852
11.71546540793633
14.591544948956436
11.284551409705955
12.025773353059568
20.01693399863605
18.49706376051305
12.360119571047772
9.067953327565071
13.80853501991671
15.553790619340358
13.126589489750664
15.473333163880069
16.04867958573756
25.36541441440223
18.127968272680803
13.279978846165985
20.38664488331348
9.917840477371735
12.578527860874711
15.220045828242917
12.73615543456848
16.85889539135873
18.307051425583634
12.326494488438929
14.067880836516142
14.5200039293906
19.11859011274884
19.66723081684518
14.651943721942223
11.301217583144469
13.998636127501584
12.053172253238174
16.295644255498072
14.261069453686567
15.385853924285236
8.029751847554945
15.790498415343269
16.600555320396087
12.189283548319644
9.95552912390442
25.666887999640835
16.539010667619134
17.551759950941715
13.697670716817404
14.066167772630608
17.79545980347271
9.796680496426639
14.124004251166541
24.806771849745886
18.593306434363836
15.630406837806959
14.49322736967408
14.208595408697466
13.197385256951849
15.886286694563708
16.112488057884676
10.865383417322114
12.97443303138929
17.069459157760566
14.982865047444548
17.521092220404988
15.207664624353983
11.313035926040353
26.213916752807854
9.50996909883743
17.56222387190329
11.624262449174513
17.352665988168145
23.655909429192125
20.724581169699086
17.17220623565476
17.975281434825842
22.653305133625086
15.529885728207656
10.8341482934045
10.686647518866144
16.56111377205394
19.41115625392169
8.712248726367124
15.682153190941381
13.075589381080052
11.063997290359326
21.13329799393116
19.932889668443295
21.5934578659319
16.122187226689675
17.49920419962995
12.379256411619776
12.744884399654321
12.103336869931002
18.113216405152116
25.000010911455544
21.18413720783944
12.772076188878042
11.584464683822485
19.55911420872581
15.121046597858278
12.534695266179035
15.066809764955034
9.530146110190232
19.896811489054254
15.668468887676983
14.068343744498943
15.258918103866929
12.764169813653833
13.941834114996466
12.403963167461558
18.61257178972055
18.53015189708246
13.570963816948842
18.537417684695274
20.53385584310384
25.702408254753205
11.691971059762537
18.18907322752909
12.463248300961476
15.352123139158111
11.22762968982135
12.033383140655978
19.270243642144173
16.350519422551226
14.865463412447836
9.025002123762242
25.013681373768748
13.895560598766608
12.843145147215646
19.946999027022315
13.775506759636169
17.446112983660516
14.558141949469997
16.68290999446127
10.180723817959478
11.584547607449345
15.932053339466195
37.256705573684734
17.08073311965175
15.705651098673831
11.192101567946585
12.950821710825956
11.808481448532032
15.87325182315861
12.124721337354545
12.63395680198059
14.153968018193666
24.89785508221055
21.689682407479193
25.255840449544365
11.614031386744255
17.383627884111593
17.970696085970662
15.871076889003009
16.535044891125334
20.354305970569275
12.336298247504118
12.11872746943646
8.143843023341175
17.7474272455747
15.410683504183883
20.705725804695565
9.523225066912138
16.957538242499577
11.16720024564193
21.025814039204022
13.919396254654387
12.286882031913755
13.885334529771923
12.712562135893801
11.654343671366465
13.257393018765526
18.917179156382602
11.178589814619905
17.20337250789765
13.002515355532084
15.623578446144407
12.805686905769175
14.661413953861835
18.061931986643494
12.148921811835917
28.04107643152744
17.731236461617534
15.603650651359066
14.670228843034891
14.581128436283878
12.718913178878344
10.720347542192709
12.144389827571818
17.338365121530387
12.820385173037002
13.716654829450222
15.276023736980257
11.654050242979825
15.674795415365898
18.24351618222998
11.195482400882934
13.592472317233826
17.93680394397598
11.273607506391613
18.292888715197687
13.021737969599497
18.497531167107233
15.512454157332241
10.309178181300627
12.411874040957947
10.89714770449286
21.427169551727616
12.611990712274581
14.900755140512297
16.824518000793592
14.523804589063655
8.546593355610659
13.944648476278731
12.412188234341837
12.323695430178537
22.593105763197325
17.097729787771154
13.202004120908503
14.310284849454538
17.960847995221034
17.60820622199347
9.161300648847897
15.269477536570633
10.548242216152339
13.979638437088399
19.154057324202515
18.82226418273545
11.563724972538697
11.859713309726349
17.825220122164577
15.086815533133066
18.07851141376326
13.139073933338926
15.040628731284912
13.192603054013253
11.74418995002301
16.681947472447572
11.476778038715448
15.234503359031882
10.496610586963952
11.575330169886664
12.466866228178755
15.451155857017701
17.756386978857254
10.30142995597613
15.919690151382293
15.20402497633699
14.528375446017384
13.462951402685752
15.807011150933647
24.245065103963576
14.120432002257353
11.79865905807003
21.316896913031446
26.801201259737688
21.486007043147705
19.844222701086643
16.696908609763263
11.199779346350915
11.001159603647071
14.746774120278925
19.49903342278622
11.16541458949167
18.408703234320768
15.675024651480554
15.715187324316707
9.914539610197453
13.208676714538607
15.516406164363374
19.14521851414233
17.009051616513435
13.330991901057763
15.6836220612118
17.28040626848422
20.736996159684132
16.383881363759194
17.801757578880686
20.65142405981414
14.766946652780522
17.4860677502816
17.056345874616664
15.102162703144645
20.648287231799085
10.996545951720117
13.638340849658773
7.876420333451804
14.93575181652987
13.279337082219778
12.610485210776245
10.462584154381323
16.361396996766757
16.79325549912654
18.625081687503894
23.318805555883387
16.00305100017364
14.828573608848206
10.507925452583288
14.077803185763202
17.91370028787723
15.601824712412757
16.58949928496378
15.501285865134795
17.99455544002439
16.628172905065718
12.29147081632156
12.860400224083698
14.827742504932587
15.818007652147822
12.446312821883042
11.414694959257737
15.525365643163353
14.961686598993227
14.335518452740173
13.793294490543563
12.759663595651
13.862109350827428
16.642899551610085
15.38257367844481
13.97680354376815
11.490698252249802
12.13224345538237
9.659999744559313
21.759743770757247
15.432348444542177
11.909003541997372
14.608703974163737
17.86478544802392
18.355372976636797
16.343928256235486
17.935153797964833
13.494412415320465
12.001832977950714
13.845048360057069
16.486268449825896
12.337166034908604
12.208940796868545
15.035553596123318
16.978409989029327
13.899645822003496
18.163457225955813
21.125148587858526
22.898888048256673
19.71945722330692
13.93504539301865
16.479205319963057
11.014437328724274
20.966639987684296
21.636570389800685
9.105262466157708
13.751495653163765
12.454921680471998
11.422059192750934
13.558417881929499
12.520952657027495
13.46574630710321
18.64485719191147
16.263485766852757
10.892501870863526
14.044455739849187
20.23759237540765
17.953403050154783
14.48758519184275
13.185595165308778
16.72485033398184
22.208881929634973
20.838182243774472
22.16844536153059
15.113541597171107
14.6075557221597
18.84553327336132
21.33077014990074
11.481298662763201
14.442857009937102
16.977245659543385
16.11311372660461
14.424853711612485
14.765944321382454
13.42201579005653
16.992662212939923
14.984257151019284
16.957433158131295
15.115424372832702
16.916573156824533
12.38987647831782
20.149672862890082
14.363271876746458
20.01439088555727
19.53203833987
15.923809538295389
11.769759830919362
11.882477368499641
13.786343406838078
13.539093978914046
17.931386640230215
15.04951744989341
11.888242034007659
19.889299100579557
14.591098298844942
14.653786567754738
17.251468066124602
7.962202956937419
19.32041686662877
14.84227172316028
16.128011066617283
9.805779082745476
19.71575903916662
14.710932480065589
24.479965614448233
12.537666991108168
9.980792802168095
21.6956154965475
22.655856214942595
15.032766279203113
13.810995893860076
14.554360520401232
24.39727209360621
11.363090386526236
23.665028338963705
8.992052296021512
13.572114189616904
14.077075193573227
12.466582359020494
20.101626247100295
15.684161542826141
14.015058620781565
15.971106424517462
11.053017136135567
13.14405279524123
19.95003866275908
14.079232577882836
13.27243475719164
15.799157825078728
13.570434336338435
11.770092304566834
11.177842590043856
11.734928541115956
21.56072228404847
11.733720173085432
13.102570546867613
16.908220280280513
14.949526658094126
12.959955874728191
11.180845784803338
14.95012060499116
14.894154376953486
16.350510680317353
13.405996473048429
16.190874515496645
10.833263168992758
15.812496279608807
15.297033673486618
12.424007587631095
13.859052483311965
11.629163280855188
12.282458848442982
12.619583686514451
11.103505465984899
18.891486064640674
13.329543753281929
17.515641383528298
13.236924167072395
16.41011269931171
12.931728991070274
10.339382380274285
17.773356769682145
15.804973765401225
17.691770214683004
19.071494072419625
11.602720384523325
18.40796036950614
13.262224421255638
17.824833704273157
12.57215914573568
12.304267185215522
13.199524392093606
12.561182899562992
9.533003554723715
20.630125714783016
17.10814367753266
18.883393683426636
9.705972748355569
15.831343236277926
20.02972944733331
14.665565818081044
11.317513584101722
24.933378387103865
19.47685706056043
11.74266868488306
21.678098858497613
14.565875341356376
14.403634104287821
16.978485732614296
14.176259557609344
11.909431576427073
14.543142911137938
17.075935726376667
14.508224186440216
22.513036038767396
11.577392719547545
12.824923642605771
14.741433574842574
19.81118533864641
15.273467008693387
24.368213073872898
12.150607678831289
10.497062238121506
18.52451264100983
9.93216624761387
16.571358197254856
14.022415591249922
20.511283604925385
13.89753862301027
11.37365988648201
10.30316169865111
11.150643800959026
15.32241051222514
21.122503597066046
8.469782278646514
15.935379859977447
16.30404670959366
22.65727008046924
19.837437664294466
17.576021930554884
19.164903322337434
15.278354325907268
18.725806929569696
12.434437654087395
17.844532381705193
20.007070505359124
22.285762686912953
14.151074127552487
13.166489173062306
10.412597664045691
18.53496545260552
21.021529543123858
22.980925602824932
12.905673835482597
10.89020002376584
12.514127125081922
15.205615743725955
19.177962416347476
16.901200950750926
18.916177959045843
18.046806169861387
13.618452617672846
14.09699013662703
21.39155785618312
16.564286229160587
18.221565348470033
22.197125704698298
14.869841662948357
17.13950040197726
20.993690081929657
19.00602022381925
9.466439663507632
16.97686238602179
12.810651569736761
14.029675406730638
18.73653766504336
10.62369463267112
16.262579159555493
8.691315883717255
14.839189184607068
12.374850882860107
20.82552172815782
17.67473866765839
16.07742773355822
16.427852511831436
13.58182030763048
10.206504009675188
13.570058457142359
20.295170247715465
20.609588681805242
11.952200709192976
12.879479986233505
16.549174296259583
27.748194039722108
17.75182943390985
15.689728993107707
8.234629909351444
11.488714231237262
16.32113353366637
15.30800596058116
12.867607216404991
17.07881380031431
17.65168291994227
16.609687368491663
26.852220811915284
18.513288000293937
11.263830167780975
15.033391761753615
10.803985004284824
11.788668331680004
9.842382046450929
17.138717497060334
11.958955948574516
13.13682512984003
11.492704659255303
9.993197257968047
9.982840001769118
17.24440970595803
11.057280757015562
15.218295254326431
15.346801735906428
13.435161637898526
12.798942138854608
12.303010610768396
13.546720898136474
15.794147800209904
16.558857996333508
13.323042185663875
17.673377398463373
18.87201416542765
12.941990448015424
14.178904201060133
16.40645734592526
14.530491763364958
12.752134283776137
9.67197733048273
11.750071389251387
15.744868639659398
12.76382804887685
12.94960252226948
14.969833281329931
13.197911689338207
15.865887095795683
12.249328441131258
17.25539957940195
17.12887548590373
16.026316225409953
17.499716305406785
12.225331481072852
17.627006663979618
13.857044568598997
15.884564472115445
13.043604456126667
9.215068061540062
14.332562601659154
7.721202051438569
17.16142641271476
17.910989844010345
18.805397958624994
16.72539155779481
14.408710623112423
13.934665736958094
12.286158425441116
10.45351676764314
15.597501136749939
16.29626802528924
13.070402792609922
13.77073225391332
11.820469006427507
10.736339256986543
10.543345610224234
10.182155614532155
14.374485808331169
8.404474978584837
15.458157405054557
21.974280863936457
17.899345284464857
16.82444768828424
16.821325779240674
13.595153506161385
22.023680768092724
10.971339066435021
18.18554344030731
15.590547921913922
13.03297103017795
13.805949259216007
11.185580692692925
16.805564151112048
20.832847278031156
14.318072253224587
12.742256915857114
16.1678132298338
15.452715003725476
14.168290744122643
13.892346818290937
11.491457330423604
14.960667797948563
18.37056284918139
10.5920734989049
13.218903347059763
16.699866133400757
21.724533450660086
17.623049788379106
12.136580094265403
14.181583731275115
11.203850304715248
16.644905451878707
24.538207629167008
20.20801275089781
14.69473440530992
12.777558270056844
12.228329162437632
10.703577409359518
12.765363160612072
10.454167831494852
16.067477318739876
11.393332777416314
24.099913592847933
11.263897150453554
12.405456686400097
11.646031107058437
15.325696800595539
15.48348261024188
14.824441584459672
14.33106558715545
13.432073378919702
16.60448775454783
12.135726934648634
16.913444952053077
17.002815060636287
19.48661480967013
14.220683454955834
13.861900950540615
12.801660373501855
11.143649225752391
19.802433995714726
15.594759922632011
11.137873750441026
8.837208118250555
12.400707603024273
16.040781404900812
14.789413205468732
17.516097972869723
17.369123026173007
11.928248114355753
10.477440660778154
13.262658670885246
13.173827909077602
11.164170359320071
26.066457157769072
12.522676436224556
13.669326780730504
12.474582703271238
14.369142446156616
15.566913209401772
21.050605003244897
16.21934711090883
17.365426438840245
11.447655566591845
12.20629931708453
15.234946043070345
21.62536345417613
11.285160775258792
13.35950215564139
12.148127865109018
14.873061118655501
14.354741342605434
13.62917181595108
11.897861660661846
14.972376354006792
21.308211615849917
15.61541062510406
18.598543905249933
19.589919609612775
11.741992918759353
18.59810035625933
20.265914986847612
9.376917135148236
20.129913915807805
12.173730357272476
18.115811893594316
18.433403949490458
15.263744484726086
13.864957718808002
13.41027093155072
20.79267259084356
14.95073926041994
17.5162355554473
12.811002594250459
14.844979118339355
14.106691868143251
11.686946968194428
22.472429618295074
18.525843833941856
7.9852239774452185
15.898250551169946
18.598002853640928
18.76581477203196
12.704939447864625
23.556745443870895
22.98509145154902
20.851682785911667
10.687837159024731
10.959881508139022
13.132549227191372
13.274719550175023
21.54184481477487
14.973856062505291
12.779624502946774
21.64475560906037
16.233937643817637
15.460055330997516
16.71626343812129
16.36007355817581
16.66545212433871
17.72743770946135
12.027986662136104
13.440607643906239
15.171507978427599
14.716289909845601
16.99808687890453
13.451034882966805
16.30033208955331
12.649112500887266
20.943296706620146
8.230386935763814
9.77468346943245
15.01255506588945
14.172250361016866
13.583628061782942
16.08044481993437
14.259183847241438
16.408996679300625
12.52284235692768
12.704368535464718
27.821743634409756
16.13499593586448
10.720868075917434
15.964081549439868
15.284395295791716
13.543279749555733
12.79802686847342
17.46931994343917
16.212763540884705
22.10603609896295
11.249932956409932
8.468374664194622
19.372108942869634
18.393545940995626
14.10768808596262
11.748161423192007
5.991048943110178
15.893454640943846
18.50567045023611
11.748199527756967
12.374875024749828
12.179919626469928
15.14492269260503
18.60683962495569
15.76201308201129
21.00085261111097
18.06672108112569
13.619202475327885
17.875784918411526
13.20562296733997
12.487408428644352
11.260320348634512
16.337503233338097
15.877625010743666
11.177859442684532
12.472328230576665
18.61550225449523
16.560144397081707
14.690182515476918
12.440459733310922
16.307866299124704
16.868231728305634
13.914518325893816
17.156950458287984
13.183578833034048
14.958986860757168
16.275553679688464
9.245265856951912
22.75906963666285
12.211258687439965
16.88943118778242
19.638952421716194
14.691572139480236
21.001688187471157
9.933782934099748
14.648364598673034
16.664129434163392
15.669982519697331
14.615974822763429
13.579386359726112
18.238282955085197
12.553607836694678
15.19165809439322
16.047847955203633
17.113663167157046
22.536724121593593
11.654134898778262
12.709082780590666
18.277855950989487
12.336966728605775
15.502024183354596
15.09385878375297
10.501753687233693
10.9850559100183
10.919707259399495
8.291745301349815
16.299210522019454
17.958022573146064
10.896812216617553
12.09091404490041
11.790525668013188
19.71279693890356
12.541821631710784
16.071057421468137
13.067661366463557
33.573842824698716
13.303839643923808
12.80240653544366
11.948340102230443
16.254136200773782
14.93460949582717
11.651618814812778
17.358417464033348
13.988024976409344
18.019954676669986
13.333793837487642
12.722888453002918
14.415487598798077
14.013247201038132
13.536081360792421
9.160553832604288
13.039195946362717
8.191894779396025
11.052265716227321
11.473158434535808
14.720454242229813
9.781774595293314
20.20345144387986
13.263587124334988
15.114388368237721
15.678666102880639
6.111005170222147
13.606523789740812
17.018693699491127
15.262585215313592
12.897386277212602
7.365891905101933
8.771846962838415
18.093767043399307
18.338977022432502
18.393254923315805
12.341302868779223
12.361542237930982
20.40299367806596
12.549930365676213
14.297969736589986
10.918377711917035
11.195448758136651
8.455623878117066
17.140911558777958
20.32325852589052
21.65579479565593
25.902293757187365
8.689068926203758
9.841961803579974
17.28771320630701
17.01734205038285
17.313594892526716
11.870068705593036
19.606093128824796
21.647238145215987
18.461271563211007
20.25106082573968
14.923681585419398
12.98584207040756
13.710350346010713
11.224140491509607
15.686815265278423
14.240124066641899
13.365882573243908
24.94235784097404
12.04897477379581
9.076541976716351
15.982162823625334
12.0689620773392
11.431336908286335
12.1731304920148
18.45203493173545
22.500775034690417
10.524309152246827
15.410026143909578
12.421380872217041
26.210354243435592
10.486982613734442
12.874611064338271
13.266280163590391
17.813218271027807
14.225681880877858
14.993912111895103
10.71554872651561
12.916666798875799
10.277389773445513
12.953587480968427
11.615608289917558
14.549767888112953
15.4905921003082
11.55386438794544
12.961159844615805
13.76080810932073
7.79982840539908
16.932938986808406
17.669115862442293
6.601888249704739
12.0013000007965
14.846247964263792
13.908758487326567
13.114752938252463
16.86590974099855
18.20570546239884
12.467716799628793
13.750871205495669
17.561938558034086
13.272781392743733
17.554837965776578
15.242650652107272
13.754082930587256
10.782727415011644
15.9499487944013
17.126691909967523
12.650301038290191
23.88189447815929
12.179038123738929
14.779748952305937
11.04716764281551
23.469779513791845
16.33852239608318
20.114602456864276
16.41577907168848
20.610938588387633
14.818518877245282
13.020525894499896
16.628529698185208
15.024636055417961
12.22356038097074
12.651337981617727
16.963928364599578
11.754253334807961
27.49214587013038
14.956091990220905
17.892819644356923
17.14227118072452
10.889617320678669
16.555591086622115
14.665574491305811
10.524478260541285
12.09812334655076
15.229454410940143
13.51576200781626
14.412370095522324
24.690493167102634
18.797761195465714
16.721745337950587
13.060427227812857
16.25639746109491
10.048919502121858
16.302575008797543
13.22960659461697
18.409820171114838
14.75874957273899
13.097511655608907
13.42957279474476
9.906843273335536
20.379670850892875
15.603258426374136
17.586270786439716
11.759195392473112
23.09222373306168
15.839391623666183
13.394936141967726
17.307153866233815
18.69124784714284
16.318922738140827
12.843403996995962
19.52340534147536
12.18065547225479
11.104202140952129
12.445153668772804
8.082313493147582
15.042501402987327
21.094470678049078
12.021211452050087
17.2955415264988
26.320780851180036
13.156360105249746
11.02807522029073
21.409861969206855
14.119797803549773
12.120543049400489
12.520190081794377
21.224273583946378
14.418023056857457
20.378609656460362
14.485805965490375
16.477970579148106
16.037749112965436
12.163626038077776
8.358577963365137
18.91681388757523
18.101143852797524
12.868437436965571
17.526926698947165
16.680287269559695
13.343021106622388
17.474306417882648
19.829121435827023
17.171143799685055
20.837379732480123
13.82785395439525
19.705445741446404
14.889884746627127
11.771099542524448
11.035211209598334
10.519837379753891
12.121911096839208
14.986801483152027
17.723011206107966
22.638589232842346
12.988853779471372
16.40345511711493
14.127786826907391
10.67469781589741
10.200098004404182
15.694597800533442
15.384106166689882
16.586647544195387
10.090989875948798
16.5835213813712
7.189555309706612
16.632141817387573
15.662339436401576
18.533716176114925
12.342795295023908
14.526267352291915
13.758471988850719
16.69081595826981
13.36812567092635
19.459493925478768
18.21549153504322
11.970365888999085
10.177908003371924
13.499037217002257
11.742136781628908
12.44644742097961
14.137056286234124
10.338957190649005
13.417903629244469
17.129867165481517
17.924035142567856
18.462234643777574
12.075427214215207
23.633466733756748
16.076701207063092
18.9053341483934
22.99502425836208
16.38562123769758
17.025839248999016
22.755411389914087
16.826577586683605
23.08028099164862
21.51036647099484
14.756667649857086
11.704177016054707
17.185240866537168
9.158471904206376
18.21383909691729
23.19692461932779
20.68417060366451
16.7463841891469
15.857278002868869
16.95385792791363
20.312329670933767
13.60121821486477
21.270767681386307
20.258622457091878
18.154061671388195
22.900744174361115
28.74045937064676
15.553215644560636
15.748890225035858
17.92201044909671
13.566423344949019
11.781869045204061
12.381829110243602
13.990248062917615
15.951242427748571
11.79130658074279
15.356804810795099
15.987338973276795
15.525126688875378
14.864482394055361
14.815395839939072
14.24105045953746
17.02233053513284
11.977583804678185
19.04450551920388
9.110609911955239
17.96610698576864
15.451680853124852
17.124353897790733
21.713628040452114
15.843843150893361
13.196146490192087
16.460518745647622
20.158202801860405
16.429534929841843
10.797292189850667
16.017844044726033
14.126667050654868
21.1249186197315
18.72142070987179
10.941099237606922
14.710531551936606
20.831735420359387
4.15280409479971
10.192006270258611
20.97392386744221
12.737394722204339
17.394385528274306
14.234359719950755
18.371149129079836
15.215492577730721
15.429866220302324
18.319640986504933
14.737794079965798
8.005808632083989
19.19147694678978
14.437653904964124
12.925187650168255
14.18172538045542
12.84089286172781
18.518257667337636
12.54625647948864
11.572254438758184
15.945691796902334
9.988225135129865
12.858204238299653
12.7052955484668
14.449305212827547
10.236146143075876
20.41774981796277
15.703869590497
11.044436896356318
14.604391429727956
8.835037258603485
19.72447617718111
14.161089920785514
10.316918626849898
12.871457831221154
16.090929854509636
12.722135159362313
16.784139223334684
15.18807389046845
8.570481518361555
13.445063996006734
15.070345759093348
10.105717836106134
17.66844753005402
13.276595777623768
11.715145993562727
13.579057597118297
12.432191685590965
12.948925053033285
11.971556481312117
14.873486658473398
12.927507524870002
14.120259000592883
14.127983964058227
18.845844620491125
13.839408635330939
10.23535316631946
14.32460336038462
13.503821314728656
16.34556077170195
16.746959912407565
25.78571299588927
13.739128014614135
22.127536045628535
18.07829675645907
18.43028729532122
24.29861047004748
11.584134964386728
13.774529304520044
11.00989651813741
20.099538463782082
13.07489645331664
19.317436235034286
22.37194978648382
11.9857659017462
9.541572549908608
16.39643506210905
17.18065342958214
21.85169932365482
13.964726253669768
17.963255404680194
14.797082944450102
17.994725865021046
15.104388983040609
17.15043990260859
21.86017006357657
16.323557947338507
15.710555626443412
14.073779308191057
19.576375177974032
16.571713552185546
15.555482555806876
21.156704780228136
15.371784269999129
13.826322734535063
14.84746584608296
18.1014345211212
12.45598178558313
16.6919316131782
11.665958436010055
17.407456125945693
10.738046582466167
18.796321569070294
16.375531561553014
14.198526022657857
13.986186741210188
15.190494231974494
13.830212947199541
11.588004201644624
10.950670157285346
14.46275715118327
12.823390546647605
23.339345213533075
16.034554536201977
19.47476965750882
10.723064773109055
6.888801241451528
12.907884437873287
17.103389112745937
13.307875048548512
17.6872348049133
20.06313296902146
25.625565117273936
17.246409132027786
13.921575210857823
15.851012301210785
16.29937278646033
19.49605124741932
19.715181160134712
19.759368471713305
13.490770114789541
13.8002654110907
14.68900141674828
12.536816209963723
11.114123019000086
19.05399386799098
15.22382868260619
8.188102827462643
13.227529043279118
10.540574262076738
22.857395735883863
15.05203803278432
22.831513717397627
16.505978199336532
10.491829472137383
16.035376436525365
12.201289260809155
12.389013165835888
14.307865843940737
18.781961877465335
14.885649235876643
14.48259675569116
9.962514473472872
15.504471084972687
14.64443447312575
18.3342881636731
23.979996530015022
10.139061053093416
8.940048518127936
15.737755669422643
15.744280864560038
21.349708478584503
19.0805673749032
9.80454886767135
22.945106293013907
15.959614842621859
10.327088237313022
14.24442178134816
13.158180320292063
9.056557159498887
14.507294067350879
11.353792907242235
18.22734952623914
13.07917509228779
15.969628382754175
12.196895271332046
12.436011659646413
16.113691196888063
13.588729456040474
12.99076424376202
16.945284246794202
12.411559125436158
12.248777215168491
12.248470435840307
16.628921941843142
18.757334428219067
16.138105286173065
22.463601710017695
9.045603607791817
13.916523942399822
16.32930593551474
20.884305210329444
17.74254512446073
15.374521061864103
10.55837822337673
16.102524232576403
9.943252640407444
14.693905559729306
14.351687107817392
18.232111949303658
14.317680273473634
7.865784761458115
25.23940008502361
14.654972442961478
16.561820226600336
15.876519278839721
19.312337723043747
18.21881735085723
13.171289631310055
15.531922682034654
16.194799748580074
14.679069914586265
17.033240224109054
15.839283025599546
9.61613491874612
15.929474055775197
11.679888299576541
12.264463177912502
18.21320239600782
24.31341430977237
15.001469351445829
11.989230144487713
10.633806137613169
13.057471552005861
11.157667093980237
14.55174634624916
11.110722299779072
13.97838624635307
16.552292802544454
5.026531671657413
11.909512318246675
16.880177403159827
18.834240544178982
14.660395655986818
11.353460096944408
17.399765840708508
14.798791790093174
20.587986542659227
15.771300711638936
13.51240506822926
12.747677944544474
17.619857231822337
14.82032260040119
21.495839342980908
14.570643603408001
12.41696789757719
16.21268476866802
11.835206929435783
12.527063161782511
12.04798854793572
18.364388927371703
19.741086543842187
12.627206227170312
15.383490706791433
13.452623732183383
14.223893946803932
19.860255985891122
20.98960868094037
12.566807306908743
14.215234481547503
15.824897436394336
23.301082320476198
17.906532909635597
16.62950548482705
18.97146969707562
14.660687936873988
10.009406894331798
21.30787990187872
12.762524914524839
16.048357210357672
10.63331895746047
14.598779506687624
8.411527356882056
14.714034803707445
15.37734995597779
18.623166241514248
22.02275458065396
15.853105435432207
12.410709193130353
17.4332030318828
14.173587653805992
15.631650660899151
8.122148840057227
12.260310834664818
22.30920458620482
11.73118239972651
13.53317405149361
14.178770042130445
12.49566341959989
9.179583729120298
13.20044348521959
18.997681258525496
15.95772936878018
17.734039077463304
15.975733097842951
12.655684994215926
13.992398197592875
14.216182313859107
15.132348401607807
19.918430897145942
11.808760789759754
14.010016675101319
19.54410958996941
16.93125247500773
15.297427963829133
19.509527329462134
8.039233573623036
16.897680978003628
14.792177029615223
12.597767918231312
14.089036232715591
11.808064261394811
4.8809292818328895
15.432013000788986
9.44500834205412
17.688571620947723
15.123016429179497
14.281496343053465
25.39441656882091
14.322778710504908
13.416593891100165
10.312563436431645
18.219475952828397
11.466727113738495
17.303333073488997
11.340210744608408
18.099613790390663
17.790509474028273
16.46321004026355
22.33372024520557
12.73044865326266
14.560476964701358
19.514332945269057
9.532225710577933
11.609564094779305
13.16931625942757
11.827314335240178
14.621751863225171
10.817303263536541
12.53865616615789
16.25381233356889
14.755971697799215
16.926740048323897
11.756356996409394
9.833662667719464
12.376300212371975
13.680739188937174
18.68408401099192
10.197437785955115
18.99365341958968
18.41054136044883
6.58095421883923
15.716789807470674
14.980805199943342
17.98692651427843
16.02273176448922
13.744856122882588
13.040865162013048
12.667518279528824
22.123003540293766
17.29217347982566
20.1096761457691
13.037246049152639
12.407539276629882
11.426465482687496
21.00327078687399
17.87883862604507
18.614722974297344
16.358414873890354
15.292371775415816
14.360769745472235
8.439654478194319
22.530402419803274
20.574675840478893
15.121584701951349
22.987874724981438
12.805005042007716
13.680598150078788
15.834169643286234
25.94658058414329
15.415752549096162
18.662758154314304
13.429501135635485
11.535806433496754
14.981364170410757
9.816471416979315
22.01072768079104
10.371104415552885
16.143375604907646
10.861356754274244
14.525789507136167
18.77216005961032
17.9353797942268
18.366248301989753
12.384164640574706
11.850606997506256
14.782500059202505
11.251950815756064
15.241077393898806
11.588479948808118
20.512157571186407
11.992720417019024
15.82763479636275
17.457469942206007
14.114705536038977
13.474736783138383
18.50433111780211
9.242952036610456
14.084996884651376
15.573096188322054
9.59622192477412
11.91981903027162
10.664938625037495
17.183161027073375
19.925058199403285
13.66016634100499
15.46454386881785
16.858679186754888
14.297774158836768
19.47426080458436
14.006926125756461
16.616142231265883
13.41479446295927
17.049120763711194
13.638813034049985
14.952880294894314
13.760999834621051
10.484143492178733
11.711126231497472
17.68675634803204
12.971768739285597
9.713793432516901
18.422471287368015
18.655636149991437
22.621059224415088
13.496442071587936
9.78968056450522
17.748696785049713
16.248590623099602
19.2195595802021
17.82202117606415
15.103608503111305
22.38453251196987
12.880589076207208
18.779856198479965
9.525441083484758
17.462795230897207
10.505279035622905
17.824167625522893
22.861464953179205
20.393228713705867
9.660589267147996
13.24087176885366
11.267831642483324
16.82942445944391
21.40651138112302
17.387268840455196
9.038685862332809
20.801004770497713
14.058215540006131
12.739775382665695
14.405975352068895
14.574870611185334
20.523093935599356
17.41641164089578
18.12765926849247
17.729634615598055
9.17696000954291
24.549908125792534
12.374561781919976
13.268073425222992
10.090432664114518
7.313508552206646
19.201740648555603
14.071813282391856
17.076868758251003
16.8097996051351
17.28332835518017
13.532765647854571
19.271621680146836
21.954933459450388
13.239378499876054
12.20130382059326
8.460369113995785
17.102617478177535
21.2669839252135
16.974655571550823
18.149018429528365
14.976028943939715
11.769541621330799
12.289998117880865
27.52402010393166
11.885762528395759
22.944296038949886
10.24339942734542
19.95150232854015
21.299366817275452
10.798035202675607
8.620822480617612
13.50827837160146
17.08566477495967
11.482282046626617
19.16445229126129
17.4805038676206
22.58621574688558
18.30673674284441
20.834250060739926
13.8551822791761
13.31538314043483
18.94047624823599
16.24114167317022
14.238060192006207
15.633731810800791
15.952168980565398
15.150815905003508
14.845762955738568
19.763998267765178
16.393080650108473
7.693665099159001
13.65507607555867
14.150489492690626
19.22896931880379
15.615658193313331
12.703647038311027
17.446317199978807
18.534353796158364
14.172067172696313
13.955097237757672
12.48130905985398
11.974201804929988
17.82184322132854
13.966861192588203
19.59425706990173
10.949888996116448
17.839229900920802
5.903325119616491
9.95831699123902
19.68995791736992
20.121566549006573
23.354455426191322
13.438194405750359
17.40745878941942
27.407816675651354
17.503201130300095
8.89145687507872
20.09520348299803
15.390160398056729
15.913578468223799
14.609626787294378
12.297653841411899
9.155670693401712
15.494798065884686
10.428472267959826
10.883846967450559
11.487341344807902
9.307980278322944
14.339298424160457
15.102678675093614
14.598162063924933
19.525050042075765
19.33264900817832
14.700914147106475
16.600477482866168
12.223429711705904
6.27071756926291
