62468.5284435519
17726.926788773944
20568.759908963722
21316.7552210466
12262.654311616812
8045.550896557819
8419.400555978975
12378.731057524752
6120.641537777092
5980.265210568931
3429.3488132763982
5770.068323012796
5945.789894773568
4102.191423011006
2356.2766475770495
3608.6131629126116
2512.6878750152055
4273.359981113756
3099.49619739953
1121.131100847923
1909.7111415591667
1992.2581960953892
1599.9193033065656
1189.1673214591467
1016.5765589126338
1575.3758914970028
974.5414222508887
1835.1255660191225
1592.433511492882
765.4334257885441
553.0799213283157
769.6107499066133
623.799015037795
486.2486461639523
666.6373772387783
1199.7018972849892
424.2513691826198
297.2606691640196
423.83233777694375
510.1653720685236
427.3650303048083
554.2326304931335
221.9315565603879
385.28724216765744
378.6555972299786
393.1757391272913
332.8175728318924
365.9400713173632
177.92063656691965
381.6564320227902
189.68990893317195
149.3973196940071
858.4732039756444
843.8339728781335
101.80758338442615
315.91911837119665
178.3706394786736
195.43569359511847
162.67571380798185
119.93726061523617
865.2607623108283
497.78752563028047
274.0686775825757
141.77903655332972
216.36745331712495
231.11516305089944
238.29299944559227
441.27160707548444
113.65664614685123
181.56338091023687
132.9223159272952
212.17363355461634
197.0212538319314
215.32658478792976
786.261427468545
108.2788899029664
180.13835854955593
162.1491552792699
167.64497629133496
102.02239686230186
260.4095739819723
295.8001559886352
54.89405921333087
84.18724700124245
101.13674088321318
74.6903705258241
127.99062024847399
113.00475212318663
298.67333250995966
132.82660157565113
97.56097835823192
104.20650479334914
401.6940746851279
71.05857935074258
34.068635979929525
94.25685140662365
95.25485052171474
146.72226725811402
167.8095418209886
148.46065489862568
205.37771302769966
123.0263802597075
111.12474684551246
123.99074810890463
121.6357190286937
80.09971978421952
67.42335469594289
118.95189667638377
161.6942336371947
80.79171279028762
154.8176611970672
87.07948003881731
122.93842350169135
135.5934675735814
80.72752456417477
73.79277805937517
141.0868857080256
77.79590696445995
92.81783832042892
191.60955201216055
123.14469464622775
226.32259501657165
88.08368027162588
174.31577565515886
79.11269674246402
67.18388219064386
50.38564024400327
144.9832010709386
276.598409835254
75.74366183638126
62.69049209846468
133.24434055139042
33.79208391939919
55.46992193533051
105.16875349083332
69.516576471421
109.0823362943616
110.47443805264874
148.30588212781518
103.81679747302832
101.66606912735703
114.17768177666233
195.5673619665367
99.36685442299823
225.37502594289998
71.37448029574969
137.1525247714235
138.90226576608785
151.23159963898127
105.7917959784215
177.35851147555655
90.20172053110184
84.24536051863357
137.08793658644888
131.26161791954482
60.71439798075418
84.25710082109207
98.5711806379352
52.773413388863176
65.14623970739194
101.81736721455275
61.121070816296054
50.24343336330686
47.8900679188113
44.63621261072125
45.14340326451191
60.553901823014535
63.12750155349719
79.0327225824926
58.89734804382232
43.53290649105944
67.77207281545151
59.9425326814902
45.996784461988305
94.89872664459278
55.28888793074489
99.6337012402171
101.09964991705816
48.393292804679305
63.51372274487629
33.71649697989688
56.593860034522905
54.10523156052268
58.15676817976201
35.1136828289858
152.34547211144712
84.73553232379625
72.17650560607332
99.00623291725731
89.87378128626791
112.74899197631714
61.95914795981384
34.288508833580586
60.843940762747295
82.22508804845052
86.19326953653484
44.535199246700266
76.33251755088034
100.15217524948481
132.78889279167453
41.682705298784356
51.5886378618718
132.03381267531114
78.77246994622236
110.90296080971858
104.91818316140447
129.51657961552934
106.65530767259592
32.96845899256039
60.58283689355055
104.98687941910094
56.66909690405478
70.18931963259985
81.89609097992697
56.39106551271561
83.53742522355351
73.16180200548767
68.88403744482005
97.9223039446531
58.70271827779393
90.82921731681661
137.202999494078
109.28772911524678
94.20319710813465
39.552323858364396
88.99683894063219
48.30703771160812
68.61475567115042
41.40150386102846
118.8594110512951
73.29544582403753
60.01997991943564
63.903431670522224
55.65757318894654
44.00695519434758
41.28329244216823
39.09229314334719
61.558178487399104
109.47064373040243
54.003963998408864
101.42206265095109
95.01422033361561
91.21787143270556
39.806365263528285
55.83143916360728
80.18431383251719
106.07120498016884
88.54482920770273
71.96893093604064
80.41647082789349
83.61744446805415
81.47615816295429
56.95870209411795
63.914753142469635
41.85217061070332
53.49430671012813
22.74459306076763
53.92069598874222
69.0656773236064
70.1614987394988
48.730106918771696
42.373768171256216
42.54950890931445
46.56611496459084
44.818046343677175
59.90054211329744
86.7586599997298
49.99825632707832
31.865698961624663
56.599940735270714
128.50236025569984
35.82958397614148
38.99436638771671
122.38877047419767
50.89817260240079
64.35982680035319
38.559443692804166
35.00813268813286
47.363345011069214
49.109133648183516
34.82097243847054
56.66912459766708
86.42550930495565
64.62283994909322
75.89814926692809
51.04642034670754
61.15546115953023
72.72869444191448
53.75934349241207
56.04224606516198
50.75301682574964
51.02877115183028
70.51199330150777
51.17874554646594
55.85477611511679
49.92029907202367
34.99552133411512
46.397715571179475
28.864441065439443
99.46841665616789
30.74319187106142
130.4874979699511
50.75573137084361
83.56172072137333
39.24760597990458
74.53310443299449
136.6851584510045
128.76100489375023
85.34144048647396
75.14855967336376
56.31930189589279
40.71846206260628
31.956044365385083
101.76668679572917
73.50718021530736
107.97022128617513
103.93391792841784
47.45226927094558
85.10081253503843
71.00136322659765
94.25028267335138
68.9409329489054
102.26872516700001
98.83618312045124
63.74357405392129
70.59239336896604
59.914168609199926
76.48212490087283
83.76722986069447
91.9090216706423
78.27667538440659
61.610995508498036
92.28468370446721
77.6276608031489
44.59378968099422
57.36276065083366
132.29969076048013
39.896768514638964
33.28002258192569
123.10569397333302
29.300818121634542
66.41325090327037
77.49295268663955
68.04760871344625
48.47798076647793
49.72763165513619
63.11016654597047
45.0582969518929
58.33701306070839
96.35481469589425
84.29766540058533
59.631423332446964
104.91196864437921
97.19284063533195
66.91652208562834
61.13558197792095
44.59475855987394
45.81647857321666
78.05079478428874
93.21635309223318
51.366964377646674
70.54759475635731
73.19129913064327
75.77382784227376
57.152878110139596
96.53222401152158
80.88148400952414
63.763963184464856
97.72073231765643
34.053057107541115
60.77216011822204
113.891664674228
36.54820178317997
51.00287183475818
62.83270024828334
46.79731168238127
70.52361428317997
45.101150313946626
65.1125175498891
64.67294831659747
65.20506922379228
43.541013282362414
81.11013853683832
32.69971210618526
110.07501796259191
47.25078040311518
85.27776676402334
52.95482363759526
64.2786831087983
69.4166922928829
96.1970245035388
45.66213535629524
54.49073138353392
44.92919674378143
26.800249179560105
41.75883335739454
26.810422407808847
82.43487053615357
51.416177596155144
46.070710940309986
56.40980261035031
82.08633363417385
72.0369165932978
44.497270609558164
128.0268130316005
62.36444960936227
102.95976463030681
68.00602367598127
94.36565381346244
92.33326060844168
39.23582825383317
83.69213936954473
64.75795141317893
79.7906314576596
127.58798955766166
77.0746264771057
47.7356592513224
97.19757961613423
156.8975202362703
59.01005582397805
77.76591447654368
78.69010094800744
47.497498856187846
99.25104089881579
162.77338627224302
55.59983107914569
76.96609682125117
68.47795895529927
43.7568106619757
98.98661453090375
58.02477112765251
33.52354292483597
139.21907903998988
50.65203121091826
65.8042129863654
78.13872643803333
31.115096920592773
66.43219049939628
22.330136991744556
67.72031167215935
44.33522561246478
34.42698924724641
65.46844318453033
34.62517156462354
40.37585688577365
60.828192582516806
66.32788256763037
40.72480407769372
22.12549652740385
59.9848799070814
73.05777508948856
62.83751497182107
70.56020529793201
33.05326061883059
96.94950305927381
127.33112737460513
50.83012157774173
125.84491179883317
42.69814419092798
101.7444041641936
69.67901403273461
56.467140826744355
55.332791992656716
85.69407419524015
118.73876937680848
71.68066086603095
110.03208328083207
42.79188697378031
73.92577552998931
65.21658418961356
41.483386554176214
60.89571875904082
19.220300478866807
53.50404959595504
44.133465497559285
46.2742311130714
21.05099757351533
47.99473888606475
106.67176084072997
31.243298666944796
77.43346049613112
41.48931490483959
28.409163953594074
49.90342453175324
77.74413470208827
66.11904449931043
63.26499498994917
46.497566697346834
57.95187030434389
33.45444371591723
160.59082387779807
47.67941774594176
90.78016013321624
44.92156329801088
71.02677538585168
71.09912524034802
16.018280767594735
47.452561418161046
71.95262330675752
68.89082338940156
57.520363816020435
114.80008677383047
46.41235357034275
30.907222036199705
24.771794685767112
35.7052984271648
55.4665606143948
50.519494041544924
38.613821040381126
54.271865938670146
37.549199553800236
94.35427959205033
58.345725306800375
55.04125371624805
51.32075457690689
58.174732588192256
37.51627644703361
66.36110039800765
96.77581515415692
100.71911550057555
79.41449752961746
31.467100483553413
41.88484986328742
42.949878111157645
82.5034249517945
46.75250340903414
46.596800159102095
81.43014121721495
41.68542643909163
55.22659736731737
113.34350042744492
45.38655524360925
76.55016089966698
60.06713297458889
81.04654460531594
122.87442088589813
44.86316185516905
104.22306102297935
55.83095808660183
118.37460742854921
77.31602327199221
52.61357564043983
32.416973933659435
51.585174898502075
44.169411386849724
65.43180244538776
92.03064723679493
75.29431718180749
56.62904106505423
47.588985735067205
43.360992947148134
58.88614708060164
23.04535276231901
34.90199162459381
59.95676086342833
86.44380179347995
71.07324692296582
57.469841441261806
67.22832610228738
26.72391711068115
49.79219622747007
73.69734821009592
41.22608624540878
48.96124612538786
45.376491482608586
37.54227109653862
57.127244853694734
57.265781639497426
32.45375780193333
49.040210200430565
34.19534101755495
33.522502194071265
59.6483776765648
73.19134763978224
65.78275905349454
42.84669400502488
97.34190714701977
60.03320674720759
58.263758029060575
37.89201202791129
47.352303433921996
82.35364465632625
60.22822723827406
67.96358529599537
44.17482640377887
33.05813990400931
46.54480768791917
111.1320699752181
84.16757057065615
134.32801919432757
99.14678060513646
91.43767313175952
105.76495977737237
37.48991970477905
60.886895735047176
56.36106024184083
65.81748440116408
63.41374635759127
75.24556250362934
85.5695330390337
75.83972237019614
63.126237892713
67.85583268249815
32.39726153134089
51.18542804638956
77.37124866748354
52.24308215254454
36.939713033287674
80.84336347086865
70.55213847795797
54.00507021570491
117.78313165482628
23.001448192642215
41.268998919244574
47.032870391628556
56.34914930147733
30.73138519772937
53.70699595774313
38.983252701562684
68.7326849022681
26.77944823625809
38.65447147581415
48.62643330125838
81.57337763043745
43.82737599597439
50.70828341150894
38.82081633652573
71.46987059311715
106.42086189546103
59.570049383754395
102.21830591376893
31.45629943979189
87.35313127024176
25.17395921373946
72.74931872612899
23.6483413795464
62.87788185046713
59.880425411844605
62.4265114315864
92.30794605786721
71.26237328822647
51.63240889156102
45.180665004721554
48.32344441129491
73.38163958188761
35.94344799480542
46.941013846721965
73.38360278345576
70.97952369295933
84.21091961772865
78.0439412716197
43.26714973095209
37.82176878335521
40.49660839671653
80.96354999493687
38.599265414105254
56.45949434414839
62.57811796175161
34.818242577972406
18.14313976998058
97.46321828669336
47.55450407693573
56.70965162328743
54.801363691858775
40.89608758818109
39.67733980761483
82.39786047872197
36.00220490270723
92.15532809411206
40.755882136644125
67.27816554430699
24.30678508286519
206.26144408497439
47.7121051889922
44.67821575878004
81.1799604068135
60.959502185336476
66.00884059768632
49.551536731339304
68.09946163932159
51.09905430823952
45.43077699201492
58.66825131226917
51.8571844972775
56.11094089304608
39.337495094217495
50.96979371242863
29.4442931374509
58.47784586314565
22.261784418446958
44.532459464898096
35.17563406227014
56.970678337400194
71.77217041553651
36.10567479455923
52.56465632227682
112.36466973941599
27.09139902400549
51.176297318958376
40.58814313931627
52.13543108200184
26.36009844348281
161.45309021191574
108.91860087904874
78.82847091287854
112.40897081556432
32.60203591960894
161.16224515812937
72.84601603835037
48.01439333694971
70.15157731425072
45.27994580403354
111.17911147417887
47.6359878884492
86.02336133751703
82.27196090012058
79.25209687596103
89.34806883251099
59.502529823451155
88.30279903566708
39.18423231003484
42.21727303409883
34.588009533436
60.11294213408511
55.65429046621001
58.291360343378784
37.748183451992524
77.98396668881328
42.45321747333276
101.4038855516472
34.934876674062956
78.94963902577078
76.9497111607511
39.02549871894692
138.05180368000686
42.901817051588594
36.50128915953738
139.3200305329525
23.71005279630579
54.61964587448465
85.73826258982739
56.94493046949262
31.320455691596006
46.612427791476804
50.59066168370414
22.8319322808717
36.36272269441134
106.01128558665805
53.42505558708843
91.47181558937416
38.46609164495228
83.57248393782153
44.74970265900839
43.549111816979185
35.641666412966586
61.208082842990244
65.02746221101123
36.62737154344654
56.287196779668
41.3855626242981
24.072114940738118
36.14621571832978
24.42140734085642
19.092002975394365
28.13601547697764
69.41282193741705
38.04035445800579
69.98935262001373
51.053457050858256
33.61716262797622
71.0729946735438
80.78384633334983
43.5686683397725
32.5466389503126
24.218634786844444
86.22839847956185
48.59669761631677
42.60526246484375
49.825354289762394
30.55657128332242
85.60868107643815
47.023301498699574
62.447071799715815
68.85660879716777
51.83590783596384
55.19638815485117
75.402789880455
64.9606538013551
56.051261485652084
27.35627626162171
61.732379891927025
51.12170565119018
56.26884609168259
58.68725325040882
84.33331352729306
42.20992749149395
67.96229363316317
54.69111573358705
28.529261107376392
163.00582448156155
22.266454730932704
84.65295319768892
41.31108328966709
61.568971897343324
55.540792029000286
70.19612649282301
58.75388903533024
128.5520541737978
94.51001507629293
34.3770648154735
135.72377061854274
29.4797202975095
55.77765822994826
61.13558612191574
31.398524447961673
60.99809261418291
100.5909210381525
58.25242835889279
72.5169784074028
71.63496304759056
51.346061711830146
68.70119079673451
75.72683478044095
57.554252173984665
57.2264765770952
32.67315289755455
39.341376737970165
39.34441361388115
61.957082821503626
52.38315223430953
55.091748200281835
100.98798056401235
62.359341134456756
22.368553537662166
69.11497329303602
43.486223788829
62.77021078510393
28.651196702531127
69.24192680243185
72.64339484843289
75.43490734704577
104.34352657673598
48.24282012211671
93.8257559577811
95.20481450681237
83.91263751417041
126.25512839361997
86.8369834244385
51.74497787077333
107.44369492712104
47.2865507282191
89.585990110102
103.13281967592505
104.23645425484906
63.47436783751845
141.66279591755412
107.6767684546994
42.40439714988953
81.17030253276461
67.07478835016168
25.090246517147463
80.7103381414688
45.38291674041392
49.86963129912169
49.33445242344908
74.10517017764673
40.843711002214974
59.457534837890904
34.656688600488
42.21410492807903
53.123771098958414
35.60964817187438
67.48904327403937
68.27638000922319
32.74983378828901
48.10358605561845
57.68608584902415
73.21094653421343
60.11680513701207
57.99178188250712
81.14433161735603
32.567666584855296
30.537728918209382
43.364034859814325
43.794361440642824
77.60097503417819
70.21937698369996
95.14230868428625
79.80762952891268
63.48016426243331
99.16522863755502
21.436690140405553
78.74993331933456
75.87434547738053
104.20325917473836
51.18793101538023
60.13209541028186
91.58407991799173
41.70005328881488
88.52144231175129
97.57207489065345
42.910080421642185
81.77017190619911
100.83239956317098
44.557753683958786
75.3323921625807
51.51543083297392
52.40800221656482
51.28318324019481
62.54851667396733
33.30355634209749
43.01210507860055
56.17807332715955
75.2529241856702
72.32337852091241
46.30583322187318
50.173925343724314
37.3297698402837
80.06595501033529
57.534743431208355
26.301354412990698
69.6929971276522
55.97882894312684
23.41609097366015
62.1147141806783
77.88837498649644
59.51595348644727
61.054989807911994
31.53323037243644
41.360579109174516
41.001300864962005
42.155669987085474
50.830692501083384
60.624649903332084
53.434961148144076
46.00856346502213
54.61414793591184
81.74401006475331
61.34608397475224
62.46758271974839
50.124028452828405
54.02403279124469
36.33617368942905
56.34256297686745
67.38444736859273
57.22394914008292
64.49927330128524
44.27142210873855
78.68825816936595
59.61286293386186
59.18494533466714
30.80538002561328
57.055645836870795
65.07930466875487
41.619938011965615
56.203546460030594
73.09942518595733
39.71525969191881
37.46752575338798
83.52670324560518
73.37273070255577
59.27890594814301
47.708284344705305
46.48318116500779
46.737322898933996
65.50404604324423
89.6855415567358
68.89896616573954
73.49353074147133
51.153499289009666
54.17163648700829
117.18846092204645
79.1080467143128
58.33374625364463
73.66574014319461
40.862076205349496
62.66083309590369
60.340852847932815
44.908246565779386
59.27577408777296
53.67635005206487
70.06811417144051
31.32333349043982
84.74781813453626
40.47772076499847
46.396652012218595
53.80067967309281
48.47295328012428
10.513159833991295
49.116445535593115
63.306883882496635
48.26022679724652
58.99401397509091
55.52556236819577
42.32433409626561
54.869774066773104
76.97999196273018
25.46444895178494
19.779872005681902
18.050810599264153
79.22923957621553
30.56782772786803
85.62357883559612
70.25347481416057
61.528390658564945
40.94484246155362
62.801375512189814
32.95466325607881
45.922085654924224
51.79055220022075
74.43496664880969
35.51571948870923
66.71674757326895
34.32989564242043
66.05191982964956
37.03443381391431
61.200183216308815
66.1486830651932
42.96083513531892
65.56594736715793
23.940936804582023
66.69803689342218
63.91796879805831
45.101063825546156
69.23443721361299
73.74861975243098
56.45409097917893
24.478071299691365
75.95602150068973
30.362872581452883
64.46009396171688
67.65551964398614
50.957969248304
39.372356172025086
24.568484090228708
42.08080233752163
57.11414041365717
22.441965899666343
36.13938836764728
59.8917957686358
61.24162290523289
26.639802923159323
54.808513834768846
51.9750291826974
73.01278053409548
37.160931740769676
26.429088338799666
47.660714012107405
18.17835735546159
41.512021811992376
110.13198609879815
42.67777034974282
38.47492096797447
52.46526401758999
67.28187937567152
34.69025309353956
17.23524770572182
40.59548113860223
35.35971136585036
46.19785752785051
63.87100440911134
29.474945983528688
57.17612188075532
66.68060734538025
44.47841736090621
39.87484865178335
34.51110486648619
39.505235540977125
42.92742594048144
65.62132678237526
39.30383078063368
68.55381529430036
63.41673415268853
46.314910307023524
34.04211844779829
55.603995598963195
37.42165252108876
37.90248645317115
65.97215947075325
46.38072728848536
12.905867171228774
51.89840831659086
18.7355455534919
82.79802089451451
72.5138174988433
68.6541226016841
26.383208453219144
41.68834187549859
131.51696699231022
32.758191872628686
80.04824347650802
58.44180677603885
47.483227124280994
77.08296466867391
79.3887075337324
41.70889974184805
52.1626645441078
21.209378024579355
59.038349328654164
52.88457412466976
41.39517571223194
49.544872683723355
21.29393256036847
39.63424246637205
45.387266275639334
59.46142277905137
45.867833403796546
35.127174679442675
59.63419437976866
50.39838711192955
17.665256608310127
64.91923934653698
93.0537525003065
90.332364901287
45.12745369387028
52.06889858202036
66.91662038285844
63.26390729796042
42.94940246207058
74.38748281403807
40.39635271571681
20.70717645879973
81.98541908263374
68.22769553808163
60.18228571561356
53.822899247748545
43.925365121772195
38.668595040662986
46.069957512970596
59.221841176892596
39.28900571472745
39.190606440993555
25.29479109794973
49.669680417809616
39.15512584771489
18.70971317461606
38.49527468928063
21.409014496787396
53.62308464425959
17.04658721599867
35.99049157900498
27.66031988287047
41.88364919659101
30.28913921550477
40.873161249554826
23.566728217922346
46.227366547957324
33.56443847992517
27.357621581311175
39.55552272664617
49.34000089490827
73.87992642653207
28.30424972744342
16.894981986719777
14.799470256018957
50.973111520849514
24.91089847991476
27.29712438604135
46.11127649291198
41.83040792561587
73.47848123778427
23.780649122273683
55.133509693914576
26.039171549445378
31.982551172589673
45.75291439113076
26.496517409352904
59.656248469772365
63.675191433859645
47.81252749898432
87.58905047730026
22.312109383007584
21.375449896146513
23.369281024566426
28.621291316489554
18.144543884668643
26.927787151397897
24.78273365369028
39.933774373141986
36.23395937766895
52.51574492688882
44.91576054854461
37.379904199469024
40.262135194627334
18.990808982192107
51.31851877519147
31.360983255206087
58.78555770179625
30.107409862953364
29.434330041687932
33.27734830032568
55.44871800794219
48.781041997013375
37.771225183260576
33.01287636183913
29.5592926626098
28.145587314932847
61.05517384028404
65.3566063690391
45.663205118787324
49.901716610427215
26.065922213747996
42.195501717447584
20.04774054890544
47.073738167903365
29.53526084097044
51.37429913896818
53.087346631530885
45.01123926247699
52.26321477672098
59.22762870095496
46.546881477184506
61.24235550367646
19.22232840845085
27.468310866103934
36.85073033068698
57.7855634087292
34.545423341733226
70.10484175568442
44.37763958351493
78.4343424220884
19.09283586972778
35.43975915054231
47.46188954280029
20.27197584951186
29.063237676258684
90.64816284254466
43.2316830272524
21.478173321365418
46.34580150190067
17.5701668228779
31.595362568066122
23.09293747762034
65.41388932983553
38.06323241826243
42.2156255612432
26.968047498133263
26.526587921184852
74.1881125860543
58.30606510334364
39.375195293948764
41.19174437020357
31.351908814779172
29.81553236858302
40.38230607663751
55.79033148206594
34.93466467029437
34.62869606706025
39.17231009831908
14.780047701188797
48.333048698606774
11.676444422792462
51.627473600847374
46.132916965930924
45.16263463551496
26.84845026606209
101.7395354736244
38.99995313654028
39.097309546259325
51.013292158987056
27.780351423344058
33.837744016059766
56.04725973221344
49.454257580538794
42.36650897336302
42.698184677632014
26.23284036223696
84.25556222410124
18.51438045332792
19.365591132498032
41.504705916876325
35.793334436762386
27.4139955582369
48.14707569604359
21.665154981983793
21.986997969124232
27.320239767725102
34.12891900225696
48.35524741800305
44.9947776686923
14.681156177567248
25.13620648560512
29.602382655996585
39.8658345449292
46.19438599024611
45.196404716438934
50.47289890667852
73.82432578427338
122.75556552785463
30.041959111554117
39.50358751228576
54.49628845550766
23.76259355372422
34.240417674126164
55.493312585230036
42.144664714579676
27.19889150107192
25.656676748659525
36.87843327546692
39.64457037157472
90.44731412178267
31.28036094087994
57.42224341355099
55.99791943395749
16.71345267292285
63.67123616229484
71.09978377419515
36.097935554303476
91.70185739298354
49.46428251957117
43.41047079621596
60.939898185878874
69.46668922311588
58.848434898007916
93.92229247929114
53.37197692492608
30.898711722806542
36.18531880589879
31.119228707875422
20.492749395010232
63.534362434449555
27.73241498111717
17.173503715386317
56.02342973989253
85.90012294866457
29.542797626204177
25.63768889935995
34.23649800282276
46.420612387004354
50.5583177921098
52.32299050482629
50.69828576671409
52.72880978660831
34.17630271334656
37.64152163659292
49.84011512176289
33.000214717016476
58.789140096641056
27.416079299069203
64.76506884294066
41.405601982530435
17.27214478899232
51.653158753990844
52.445072452302846
25.493075218906363
52.87343221367659
76.37365788877595
28.17227234530084
60.276946510816664
28.654195719037194
17.065695038676335
20.390747240045815
51.066978772558905
47.18448201587367
33.52459357478839
38.41900647963927
15.548224610787184
47.308672686493026
29.178449383630774
37.83344661760226
23.52071732926161
33.95299586648783
47.78886918422129
43.690179248161506
23.963792114611206
35.308068698991846
13.41423670112867
34.36056548179607
41.965821366841496
16.48651004478923
21.493485951353346
36.53960872060332
56.951744136196766
19.58790067754995
32.05228086413055
29.30219556501538
46.71725021744217
13.459463034171728
39.142727475836345
20.537593702445307
24.858035721632067
12.927067530054027
37.821817288382654
29.882947538611337
33.63625937298907
24.010085817260858
38.710163904711976
33.1196541966825
34.09360728376245
21.70640809290266
14.708816255276288
33.599170633252136
48.447838654769434
38.36002091882498
50.893269605770655
12.878758173516067
32.97546694964818
50.96703199727026
19.999286517736415
26.13045011533232
27.998494264681124
20.620590253293688
65.01479006282074
44.3685914454444
14.14730148457377
24.163094893299935
27.71791857240557
18.734982922629964
55.74041491753721
7.39918124394722
24.776573616091508
33.11046403213252
21.60730287060134
46.95871358502762
45.58476598574548
32.00163476584877
11.169607453181305
55.1099465951757
42.59063439487002
24.571031416676423
12.472314539419836
69.11873121274144
19.648944753302107
16.52813713434094
21.430107083500232
22.218430401049606
41.18935445329444
31.16973753581031
21.960919270641146
22.38535467431115
47.737298212061326
42.8846624063665
39.39076692357969
21.00092348756256
15.870097392701638
15.913268521459967
18.70148029282334
39.26930659675115
29.375409358595526
25.199890875474956
30.609929684604364
18.723264160332505
62.506735611048846
14.69286596724756
10.890214213454653
18.326559157502356
27.952477203403785
45.09194524447356
21.73185901722301
28.328611333792587
37.052857891882205
21.42517670746476
23.401534080759003
22.412189023962505
42.85601654041198
15.610072813236423
39.96816695571533
31.082230782338556
52.38561627128656
24.51721525669296
43.53906832995383
39.34658765143586
31.17335907005535
28.16592312683491
13.207356480307887
6.930637625567718
38.23468153742652
18.63729154939602
20.76325515659829
10.238331243351293
34.03929976346606
17.65956552495592
5.704325244626332
13.988048812133211
85.06031401702111
8.27248438298219
44.56861251277073
37.812894653241536
20.881458535016083
31.146176853229406
9.144008816670048
20.88119305500848
12.02228661074883
31.834892223503047
41.364130576732165
50.04568153915482
28.90344796281593
25.626350849668633
21.990830540028046
35.35205245439284
10.36104084549567
22.385755657163227
11.286442705119953
32.859470099057766
32.70259133838772
26.928139868304502
13.19065439884857
9.59938281065327
26.020981932270203
10.532596751110782
19.978510306553964
34.101349108441894
48.464005954841056
32.92222256848026
23.538485110294662
16.45202835023028
16.86577771439662
24.86214129639979
56.738810471182155
25.13099471212856
13.30871453369396
22.388769820528147
32.942459310765976
28.936899678933965
25.181399794490655
43.64583892401507
46.89236380668779
32.37927796557555
10.631092973218887
18.292132021192714
10.67817246339575
15.48531067287448
27.51259671643328
19.868547944981458
71.32253761084992
9.930983375079238
31.98629791261331
20.89906084970739
14.637580556621494
39.84143081372623
34.92158971362643
28.01885710394318
32.51291843910637
13.018433902093115
43.84194535606281
45.64891463676361
26.77199100228461
23.61307061854271
34.97747572049675
29.748865524321054
15.450557314150554
41.295078449336614
14.897897743416689
15.80160173248725
25.43040063725343
17.96570611153777
16.963474745536693
21.396986738056007
22.392473568106674
37.75639542681861
37.27271852430519
35.10188843049604
7.906640924643457
57.70759077355141
20.26493161853013
6.413311923586589
23.282456795821773
13.154162059269375
7.846847637458391
58.91562684071321
15.289147458305916
11.140392724262346
24.153980383611998
30.074413001246725
8.760524740985842
7.328288718292581
9.698117691935249
25.700078595350767
30.11808004510219
32.686063454357395
28.347041737512534
33.217988601702054
11.078567196273594
25.021671017313995
26.493016083838278
19.12056738573944
28.81520470938344
21.466215046750396
9.147628649703563
57.38936073182748
20.3629105162226
17.14150009290052
16.473328541002942
25.439225504221902
7.086785840991418
36.43823542579247
8.483170753352544
25.728685594001888
35.01482936837917
35.37031343813709
4.190908303874015
25.05076386815828
36.44112574697597
34.144292338172036
39.56740573975259
21.029730958778476
23.66958074830021
12.280773887716807
18.35316050219888
15.724910269854831
12.391333967028494
11.343066343170769
16.86583740111482
31.838120714456558
16.2234962146518
16.978102406744988
15.617969834314302
8.46089741110677
22.402805552675154
10.069156998011689
8.411375142437421
23.88325240987637
9.253056401540501
20.249915857713795
6.067290787142878
12.72426470640422
23.373898328327464
13.338327401298224
22.01020438658874
25.763045335870245
15.889772128974878
30.502923621143907
29.1918231292151
18.273026156204644
17.145661205897238
24.298532516010184
22.36170364138585
18.473594181951434
13.241093182302988
12.776421916598924
8.503013640941013
18.798114144678614
23.39057752941706
39.353348414441854
31.50414024903721
31.872225327059766
29.691348653378498
23.159273061258446
23.999805134077416
10.681715905138674
23.359762677515956
22.13247602605174
14.829487234766855
25.216172441139793
16.31078797453767
28.884425729425907
19.7330439435835
13.198995716213647
12.560113305900389
17.730290309701573
16.29730018974436
21.97037485333869
17.40297164162232
29.564091534127297
14.285935804272434
15.583173790307706
18.467106199711672
11.238879815280233
19.847990932152264
14.743415611674077
22.074494661186783
36.47157135926638
18.833061797885424
15.401168079974248
33.72365738199486
21.630794914426023
13.576725463005133
15.421726385876832
12.771065161669249
13.098172960614937
16.44899206617683
18.434141867601898
30.82930195353162
33.495525778996274
25.767342450825726
19.746731959171843
20.346363830462227
38.615899138344965
32.834083388147995
48.27944860257001
37.38310892854212
10.711681310574509
20.644080814569456
51.83817123479285
39.8951293209527
41.86483647231706
36.05462697185231
31.520649502960048
10.28454996016224
38.73788749624102
9.564380194313578
7.8914753746271975
40.659026034637776
37.12761620841087
18.27297122100972
9.982370869775677
33.18041886319364
14.135531895894019
21.156697359258278
41.70365728440624
22.22857256684045
16.36631475893232
35.92079118753757
24.32407557977919
32.34445397684865
20.25030720457286
16.75766795770256
33.75845021850562
51.436218252062616
29.3267576264636
38.23736585112928
19.056908309870032
18.262354627683866
36.20777430727701
20.56284447343512
15.131382239123853
33.307696525951606
20.28438119905422
15.538273210393236
34.892781024212276
14.482754964659636
16.25861639331962
28.00250042815462
16.44418563564967
25.654215376701988
16.354753240865243
6.945903502114392
8.774544491660848
9.622703771303682
24.056058362564876
22.882489982825835
13.308232871259937
23.5385546773038
18.139722914466574
5.903567514682824
8.267382638686056
17.200057263801916
19.173592121595114
12.200424117577851
6.173750425681126
15.989413606556518
29.783945418691456
14.37607400258367
19.54553455574137
20.447083632255804
19.768742614287618
12.797815221748273
47.76412592698726
27.311895591916713
18.64487720542238
21.24492453197623
33.33431038563914
30.638400436298884
33.76806669097324
21.404185657180246
40.48961728454615
25.964929784480432
31.936880392441886
17.335988865027915
17.01108168482965
18.12828861564626
17.778174520397684
38.30039078535859
16.316593794733468
11.549314836499141
14.15073444566581
28.69434821073912
27.454656753007118
18.88050805072546
22.701921304884127
9.77115597861256
25.04754238775818
45.85895803017287
26.66905780468541
39.85540486973472
36.870551282846186
16.399937598844954
61.847768545797976
16.97601393213284
23.521807392298033
29.20137381597871
23.373743680484214
35.175115300609946
20.671334727874658
36.689432775376815
18.607056731612655
26.63218305400538
3.9908989078104975
14.51549457534765
16.53873748254097
25.79217672204272
20.175405556187474
26.98041259363475
20.979746386728078
19.4908351132993
30.55275070532294
21.62498956911567
17.14918109966436
20.408396862198533
23.09514976685969
14.866216150133713
7.49982997073257
25.600319084175954
9.893313612372303
4.334196990748792
12.37620477310438
6.168932329719954
17.820355923351546
10.764490970975702
18.449237961969526
11.236719216382982
15.763011574609997
23.469829109075125
12.17208636209418
22.63588483112357
22.057187029194765
18.70243667334601
13.399380989188906
23.27735573911029
14.097878131471294
22.82509286328954
24.16886528432698
38.07910085285774
27.202509246934785
15.975933380892423
20.585214543338047
32.76028908539633
8.480010147000668
11.52975720203014
12.37618647621456
12.987977338132751
17.292893288086983
23.905573665711692
21.585354542767597
15.352138096023168
31.225944494884704
19.79587159651102
19.824974814349304
17.799002546131344
23.795179179094443
10.883995426625019
14.464115059044602
20.88718510889336
24.994674872413846
21.60584730138254
12.925363037536028
12.292500829472495
20.71490867901869
18.499285531347784
18.05555700368991
11.233786748945393
16.795237303425516
17.096376189844996
19.638803351065544
19.70018943519055
31.179380202127998
15.410659009355534
20.78744515032672
7.53376441125925
24.22165966342003
7.938678762567247
15.584674721762218
14.518840154315047
15.7898213782459
18.219762287594868
22.932125948794972
19.358763512716067
23.19419807209505
26.220421961148915
28.868079710275747
33.03332543001956
14.97103816540033
21.130986406600883
21.48704615258159
20.982732481354468
23.443909689539332
12.518568666446637
20.62400306364585
20.09452942587671
11.281041254479113
31.31424801233676
15.329347196171787
11.686332308632293
28.946710077789987
13.89224547769973
17.930357774078253
23.28958520754543
17.996364642668336
17.137257049870662
40.47001549337996
7.5535882700629235
14.804710102088567
17.85931870094311
14.780695271794139
11.520963547245854
9.66801739698342
15.713250531666734
14.632177934009391
15.45785352528053
24.663723995925547
16.223821946873624
6.964632180938814
13.612671976968324
15.978463597010222
18.020978465480407
16.60088436139848
13.625749684416672
12.144086705347586
17.142687913369087
22.248551420817915
7.257685875246341
22.588772265116503
11.703052013650037
21.02819011328913
14.993737413751305
13.763449540779005
18.610023833464847
11.805004487922437
8.851862075911539
21.236429464399016
23.580242034687476
14.327507349516608
14.039605398610124
21.96106540058916
17.513570259280872
22.29729221575545
12.10393441387365
13.695643729076092
7.432514784296357
21.700637676936786
15.224073234730815
8.942646563569735
14.846369882733274
21.601298549934796
5.412621079257752
21.2672178177567
17.39480938205412
20.839802958539057
18.528380197565124
10.401496384134514
15.38061398979341
10.804490274257274
17.357340277512133
17.367798728163677
25.22639159734838
11.606772460529713
9.543555238176388
32.24782727021557
6.44041998839862
15.133801398220491
11.229401355306628
11.546110184210576
22.12492015184642
14.450970713717759
17.57644853236017
21.626116359373867
8.99450366930191
18.73476832740365
8.207214493080363
17.395178590082285
19.1089405117162
15.397827958810337
19.128744084630974
21.30175261473879
17.371540573770407
21.967884041347098
17.834566724804805
10.357014068223952
10.268908282053609
17.168973696147663
20.12157935869292
7.070977160963422
32.40576071006277
24.56797581397013
19.04529230574919
21.404760163545664
17.87128390857473
24.620844697509987
19.726341317052313
10.469482367331276
13.256718762578268
11.193454046456786
9.517669508828241
17.53031995668465
18.178002866560334
14.116645272539888
19.605482499578304
14.661346182700655
25.84687477953648
14.54417179320313
22.569100657030482
10.250655511144876
7.079095324850951
10.731146896207397
11.733129210321605
13.719335364320628
13.245073227773144
16.658660471789577
8.686968831913253
16.604384371257428
13.68142231320647
13.791563914035624
21.313136707801828
14.085861253522125
28.66398582312934
11.522803638556288
23.588857878342044
7.402131894260474
10.247220605870252
16.969766868730893
20.07358634638279
22.370923181559625
5.788466893810016
15.306899813209975
20.569828369974903
16.23649496465488
10.607583096637907
13.432311126554813
20.188554482713556
12.196676151921423
16.870195163598286
10.934583478908214
13.209852178841833
13.996635170328958
17.24074273437195
12.509067734550916
15.4771939651582
20.56794344120028
10.882682006954198
12.786857563103563
16.323450010682073
9.697184890614597
13.333357511059186
10.688097087350132
21.810688609742733
12.269373577534754
12.868393315452703
10.939743830782705
13.486106405078615
16.1156356956019
18.665037484376814
7.082607064017012
16.01420930434978
19.917461836689508
17.94011190231205
25.95084792802449
11.131091900363758
11.598813716799885
16.62024831504212
20.87375342440955
15.138851040631229
9.661890729462803
18.151628728345308
12.466032746523647
17.98450715910316
19.96875432894197
17.21247925825328
22.30053988021971
26.41842783922746
19.665006124169764
54.448777158343596
14.028848545872656
31.89968883814715
18.914803737746542
16.61194092749976
39.046419540627944
14.766320348609677
18.254119395430468
19.852325030243584
14.411111976535318
22.33027881555463
14.414141096823057
19.67813897751043
13.683784260596662
14.012395574460236
29.75475899523496
21.684048917612213
26.01656440513162
19.578246614603497
19.05734615153242
18.127626022384256
19.987835481195866
27.1059562452584
13.432571567943489
12.046739702665608
27.061751530155536
23.011486364736957
12.665314346384543
14.001131200628095
18.04250473462102
13.475503973027978
22.30255050933178
20.06418757652782
18.258812496975906
26.020808087750325
11.962015330976625
10.292204084710267
22.860825577011134
19.14660470221279
18.889268760169237
14.642437567237723
17.141205960566385
11.536763997103073
14.929501897989947
15.248636903130192
11.829167553942357
15.678220372332616
8.779949475754316
11.051772508420667
10.104986219622578
10.593330069861192
12.60819960370221
11.815858801451268
5.56625557367074
25.518568250615093
13.1037855625674
12.324057553194208
11.301965027876633
14.980432944843002
21.703453205058445
16.90062391587427
20.845618691025365
10.47381778129957
5.428798669604313
9.501911913779484
11.445642762523441
6.796515722375679
7.973452428103596
18.360388565241912
13.847157585032038
13.850065840037768
15.12656066787909
9.196904001458867
13.668889201044113
14.442404696278516
11.552203114962847
12.18861081564359
14.75156187463527
7.416818714549546
24.15704090110819
16.342835524959806
19.04458370910486
29.39362333906314
8.93819368356373
15.930774067484732
11.636917901219789
10.014243449072783
16.16803152610799
14.97968452318437
13.036871652115428
11.345195617698705
17.297699231970014
8.868071931406133
19.695791079829725
11.810094568414415
17.1571046461666
18.008042900241
12.895685679622234
23.210070096659056
7.589762833702715
14.866667067193692
20.164634784541782
7.157949789257227
29.622253005017118
15.508839808582431
8.721998942270716
18.780422224104647
19.898782770229616
10.827060976373614
12.559178432817497
18.80846986737874
13.632405969723793
31.04363708251061
20.48373638423279
19.439496426840883
12.436019089237229
20.49132798177827
18.023902730247222
38.01972351024149
19.37151437774135
19.058372041944406
12.678367370647722
5.889811467460359
16.59515264956775
11.2589608007611
16.9853845220101
13.382110802833719
15.504961648288749
19.15400248691886
24.099351754887653
14.187415462841669
17.165872995538294
18.02671951324248
16.072215984433143
20.461176502157958
18.72667642603493
15.692651660023976
12.01899485128713
11.761073771266794
9.294668771516209
9.735889768126905
23.537533341658268
20.10034700136493
21.461020289927017
10.600458792089658
19.09822435202312
10.300528679497758
14.758129924261409
17.94443753492912
25.149567694165558
9.413942327877988
13.860286486228576
12.090713781194907
14.444646506278715
22.531916002178207
23.84183442824508
21.680633283795416
12.068756388514535
19.4916827212116
27.363716283164617
13.119604901174553
23.862761586354782
22.428701588665934
17.623393092262578
37.26009754263294
20.52192926387217
15.582077241135616
27.978402139220165
35.328831007380394
24.70969689871647
23.534246011428966
21.97322164110552
16.073457645990814
29.086823688504147
11.496416142791304
8.172811748139058
17.807385940479012
15.429337384192563
12.165398868671925
13.97672206685972
13.008623424893184
7.683559383145579
15.855786919021526
24.184673678948133
14.423184245091624
13.111802298624697
16.417934577413675
26.19479429577573
31.4370115820868
27.947662779355582
15.739082672674288
20.061842381822892
26.97181026304171
16.9678325615169
26.159980843163027
13.072782396397015
22.41172739296136
24.37753134739456
15.382163397112434
30.1040040269764
32.747109751490406
14.102672218818721
36.76432116297475
27.971594044426613
22.750286296894682
29.69839236943145
16.630878827640707
25.703476613304193
19.367477652132692
19.1431583621414
23.499154881405936
23.645934165378645
9.699945905566228
22.342059137871036
15.465258159508014
22.29681817451207
22.44639136108744
10.394451208726002
28.006301416893344
33.01777557945891
11.874268807971495
30.401921901705663
26.118783032095994
9.222588552090045
18.572862870328112
12.579954635844368
19.3885854300102
17.05652015411621
11.993689763907552
21.155202277176617
18.70577768323431
14.189101928513637
20.855496639784093
14.548986077383283
19.201379178798913
18.38525806562213
14.166335951919107
12.491774961566577
13.540538582958694
15.48886203120027
16.221372159782888
25.32262270397737
9.778299912630244
18.877427443888163
9.212254395120237
8.17494910649803
14.422980877672572
28.442370762165588
14.487070320740244
24.070254123221464
18.053536436026686
28.08309116975637
18.93476382207878
20.53386953592496
15.772137202886013
30.022728298088076
15.271345411600606
28.293887639162463
25.029763459528674
23.70349379614132
24.7687342216477
16.914298949700363
20.879580952254393
20.877875510572782
9.075933174469867
10.067023920683866
16.858292056613188
8.570562970375628
9.959696468562244
22.669055599351257
10.731554453580525
8.236096700048403
11.57955005585885
18.534885072650066
10.255224913489535
14.313792884567608
8.336670230931123
15.134501793563054
16.915673673072753
11.314972051530086
14.60061101070227
12.815271673496339
15.796013747979288
11.50586921188539
14.833554027418852
11.134522511940471
30.67740129186617
15.492643387901433
18.23515566593908
24.8826716853482
8.899149337793796
14.701919264256222
23.073009339856146
9.531885987754944
16.349397094003994
9.913288775644924
11.400660604979429
15.336218122360004
11.483842662894398
12.102664930720437
24.614486411357852
20.972339728074807
17.11431145428453
25.987390819253726
14.550233940861567
14.223704323851496
23.334609792258405
9.915152958967798
21.237728074906464
19.340224579374375
12.560637511016761
15.308096651663314
16.610649211819794
17.045335539270674
14.726876316441679
10.641210942628575
11.975794230700759
15.175235473714613
12.65868695196613
14.021961424710128
10.464907059278843
14.075309379480569
16.72076797718734
17.091017698318797
11.057735422857153
11.0217774992194
17.83370721631188
17.324507254041706
11.051955532245941
13.470611273763817
18.471954870769576
17.5047695476898
12.013259348944112
12.538107288554551
13.21492832445037
12.22118556269409
12.968488977366643
13.633682401740005
9.824256147419684
33.951662577404825
12.518754992834952
11.583961255516787
16.357683108112056
13.193026741651595
15.862698465092183
22.154000682868585
19.817262775025565
11.329864858652087
13.112782488107822
18.94829784056181
21.365678031985063
18.82909924203219
15.087911833908787
15.511810666369907
50.485152477416506
13.469984021014062
13.072212093515907
23.549864401325042
16.848915353773165
19.084124743603265
6.101478537095639
14.621893054453402
14.569652000017191
8.775135255006997
23.91526295341439
13.068790494944766
17.77563181521829
14.069999564121993
11.268681470774068
16.557049234878228
16.787949786485843
15.590622892692219
10.988792862202763
8.70132437223118
10.850480548493266
15.31448174996283
9.95366334993105
18.06683288225834
12.989612653995913
21.44524984128877
9.847930138801104
9.960200215533064
8.33422598069604
11.535035168084503
17.475258457807847
18.059063602350154
16.042387560814277
22.467653760481767
18.293656625328985
8.283193942988328
12.777882339272416
19.250643607675187
17.77417706583268
8.903745145236215
13.793333332018145
16.76710277094275
15.429165795954491
15.674088187010918
18.702238120365802
11.31017853704606
18.389990004200964
15.275667488034674
21.324707684089127
12.11280066544863
26.376759985600216
13.08754656405805
17.450012878723562
16.893556687647656
7.700944987961956
20.756804537897846
10.666146576576377
13.588730694512488
22.48876322623108
20.269703230537715
9.308819078923008
8.382109670840773
17.260140419752926
17.28197535587616
10.39971185186204
24.364728847497243
15.47731250336987
13.837377442899147
29.856143567678817
11.30624142033513
17.070296104741146
12.723966567857934
10.926473076530826
18.09656240124275
12.617745753271228
15.52109069588429
17.167204840486257
21.25555720514722
12.261418174375729
16.267985092879957
11.164415824018954
16.49304265765098
10.62594062259296
18.285759703372328
26.741068869163552
13.451305023597765
23.88700515931939
22.874217006319135
14.667375314178589
30.182492714682528
11.156603561492295
16.328115952423904
13.80237442386956
21.737818969548503
14.426502842419206
15.386467487579218
12.12476901861128
15.500579979395205
22.612542143600965
17.960672658797908
22.605500084158088
20.65286664612248
10.681450108470846
22.210210977972952
19.364144565970406
11.258704000346686
12.778496174357992
11.260069903907612
5.896974023167458
20.361683708058216
12.43130803661555
10.14454455420998
11.524789940955147
15.299235572993211
12.550613794261437
10.261865288262314
15.945471856455901
15.547510447300358
12.831730488156634
16.169154942528092
13.764569953294181
17.554167204193412
15.365584846838917
9.584482884860508
15.907611816956809
10.163248416645237
19.860109794058133
25.459529441631606
18.445738843732148
24.290253457606966
12.56579247777572
9.911289466457216
27.496052438552095
15.071567875299266
15.607386965795616
26.684263085653786
16.05380668675746
28.104458756065004
21.66456803351799
11.306467695496778
14.091731104850735
17.283697707987315
21.241559957722725
14.630398816848828
10.32750370392466
13.625985470915728
13.73934136436442
11.77582932217487
22.706576852105677
9.85063915938173
16.755548371649002
13.466595831658434
13.007778296836664
14.542460762205
19.04151451832581
17.859713742242178
8.385269484486866
22.453592453757526
14.003321685508155
21.048926874410164
10.985808310831677
12.773788851553602
12.683656932885665
17.492989054121765
10.143268938351529
15.285629593234956
14.66714107861797
9.481779780213301
16.96217676039199
8.957397358759662
15.800119741613694
10.48892158673659
14.387222410198866
8.340291820758782
13.970552767585973
8.84274903862391
10.918427342123143
13.243953842768772
15.544097116289175
13.28250397272163
14.377641111811574
13.27683186844748
15.055309574578423
14.83317264644963
16.62316176400679
37.18924137118217
10.552819881844675
14.91571657895038
16.436968106765278
12.40031958312014
21.468403224974946
17.490527774686072
18.37599987172982
23.62613506464429
16.61297993829219
10.508000444489609
6.3538198753066935
22.546552503157415
15.152659789987538
24.729822759778617
13.329788228503203
19.71792257634178
16.136587188488104
18.955891646298447
38.61872660977571
19.377369710701032
31.71645926447994
33.19299461589776
12.762884098435293
40.33228514077728
14.589389066530456
36.432434631454086
29.11902563573388
21.06498513719819
36.92387469040506
21.394354596188563
22.913878587168973
43.42386554078705
12.663234701487006
23.1582694230883
17.72448541308628
20.912941399592178
31.169987572295344
16.60540069502763
24.373017100705077
12.451712720613708
18.63812634576293
12.392126515084104
12.358240109311886
17.27621782550456
9.369455972684314
19.274949234490414
16.28496765834255
18.361468976180554
11.518825366926709
8.738284872492782
14.637321034153054
14.437967476929497
20.71563496161117
21.765705690891863
6.776704907597651
21.111364070722846
15.45868507467533
15.067624304227708
8.69883133632021
17.870806830340307
24.613168196719258
5.801482564141555
14.663511226128428
16.81962228779918
14.919130143704418
25.789842995748046
20.678861573823763
14.591442903774073
22.106362535061066
8.89944725650545
11.29062061996521
15.840515426180414
14.137227482725162
16.80564184733146
20.62553601975955
10.329204483853944
11.66510428944826
11.675474026558815
19.018039728430306
17.119210265986283
8.685349567300255
11.48891299283989
10.475689043291881
16.104412355157873
17.097071791597752
13.37208925617625
8.258405722062701
13.076183839763441
24.76536192149509
17.745378681167267
11.124723857729682
16.321016621645366
13.92699240527748
13.998039941301199
12.102129186561815
15.297873564320403
11.826400129751327
11.715989572991727
9.851732359857714
13.696143461758425
17.045336534452325
19.488548951528998
10.344320230390649
12.521877680390983
12.735602040426015
10.244859432920789
10.221721883543633
21.439303977446432
12.393863986892097
15.385651919001225
14.541256041128891
7.681925251513391
9.08533820141321
21.254856552221497
11.21949206823418
19.651680654257774
15.18744948316925
11.599799107776391
15.000394366501963
11.499269076716043
20.265307110383496
27.38677521491101
7.692847583626527
13.337802168382263
18.691077438099672
11.979514239306457
23.882283271885907
17.13192395786481
19.89995908642314
21.096330961412527
14.407452291958581
15.348990572560526
19.105003049045628
16.03849362086552
37.05261404776146
29.25951563188566
25.74286678130845
29.204502312282383
13.007640601361892
20.669853944320824
23.693991760985156
25.29264870628661
22.105449214963183
7.008032743136796
9.580827711844126
16.90746647410675
27.97960602035855
12.248051529592825
18.045423044691137
13.965473574686152
17.353946998821318
16.2055986284177
10.282097893297314
15.011820035232814
15.02191853293244
16.63383575527782
14.097138479887983
13.493393870328624
11.698113525520396
13.09254217595828
10.135222445065676
16.452115993455624
12.098173344689538
13.131056492659669
7.030284284810312
22.59579702440865
8.260623169038734
14.184099248664433
12.189314747674853
18.91280885643651
15.261315687423386
22.639083524483077
16.513883144696536
15.482294562477017
23.294470458183515
14.416273654919598
11.90417586857984
13.735910586280484
11.804278827197159
12.558859684785908
13.621469763549419
15.448792831215567
9.494264518169322
13.713374309819512
9.49396574455254
12.337165678951333
11.94689593358371
16.50395863319416
14.273603851225559
13.09624953771048
9.767861384915575
13.581352582039452
16.82526287851219
15.17291006106069
10.926802273330251
14.936077320717803
15.303065400840271
13.570895294388475
14.856372187230066
10.349911049652661
12.455679717209419
9.871470537826944
13.3970774989115
12.831806605086687
12.604489622902271
7.726340904105335
11.49619811453272
13.901382934633505
15.249128400125663
14.996452627542183
17.740970447666204
22.37086256755595
19.577195438926704
18.411250771949963
15.94232290324852
10.681434738950506
18.005314638237035
37.81932014380743
17.42778566794718
17.249859044090012
11.654736716048001
32.41613461436065
13.969065137322279
23.65930183649895
13.253488796676836
16.495123808167925
22.27196492979849
13.970922933986282
18.88358417656284
12.608108119377832
11.850209387940868
11.428779089328861
11.998517674489829
14.691355917438228
13.280372569390812
14.143346448796287
11.939240311453512
6.750499965946943
9.410024375412625
9.511172494021455
11.372509025694608
8.89018347365624
13.130925594690204
20.300079992275066
17.157284119515772
7.233854619553705
10.641257310729014
13.075848621635439
14.027882892465854
13.592841445721357
19.487566814525735
10.828599837291614
10.24243217629918
8.386008482303358
9.967612462041906
14.907735818301616
15.252818065088809
13.37014051795997
11.27503424159905
7.701747366122041
12.358024231057797
6.050754870476829
9.904539106834305
10.544216527403616
11.427511186848568
14.719540242330142
8.191727353210746
10.65088606505327
12.20119757652947
14.722776620381275
11.332442243349663
17.351051493385295
12.179774007192702
20.191799065226228
15.201546737896573
23.953638407734303
6.722679943801888
10.492435613323838
12.64107823625237
15.807617270845508
10.146903134914668
27.019610896150503
17.76353338863335
20.164343942976966
10.43671503154523
15.114126140518513
23.16582764144609
16.695128802292132
27.30810178926195
11.924283341138201
19.3374319134824
17.334219757513754
6.969911705594231
15.00174050224587
13.850593285787113
14.906656022620718
17.782480876750725
15.682108481102935
14.25850423977623
11.211024361127242
16.64758069480062
7.026592983715509
12.541838520951693
11.646792335548032
13.80861914107426
21.55779168620466
21.382413333333147
11.415003208033298
24.018159179432995
7.086019629757749
27.012541892649043
16.5533890601456
15.848218888682068
27.150283499891326
15.41917551851595
17.310958708073713
15.95313474320193
19.049994091198393
28.380868177631484
9.408780774520228
18.49830657340097
16.492008121537303
18.96466689630352
21.17233759938088
14.44325597567504
24.582269984926274
10.10342243291956
21.813376170624807
12.949604667634038
13.181323009212692
15.672402345536998
18.726597712269804
24.47340878914441
11.557066356222027
16.198580236261904
29.45947968518149
21.2728799722639
11.028446853804391
13.151098238815601
17.832586892786264
11.86345332208185
15.033336481424463
18.944570657324185
13.79073035608881
18.926410671466147
14.494660400103971
16.982619010101967
14.28462834922052
17.83683845403676
10.583758732918975
17.126672381186495
8.341938211171632
9.129569394667428
18.41141143402409
19.45566345023703
15.588674834017832
13.667500484551965
18.70454260184757
12.077216307684049
8.891118874624787
20.47644049298914
13.55137893458363
14.62871035418695
15.21165190928909
13.715202539779153
9.717315565481318
16.5339396492089
10.907857940947144
15.470150272214104
12.161722931115067
12.788739465133292
11.241517966215069
12.030424570000637
8.875914825121919
14.624596005149085
11.150238963276944
16.023191957114136
18.06530256847612
18.329327269974364
15.297001783097278
9.80008001250616
15.390992140947832
18.196511061988964
19.33141000778526
13.769605024602713
12.120518876817506
7.749028398104582
16.343424209014042
7.643475384298183
22.178275264975724
16.938192218794267
13.472915182954157
8.532123597726015
11.206568778487583
8.567225799439013
13.263361372734952
9.376961316626923
10.146076425750971
14.111856804998284
11.696341621593792
17.921923565784308
12.609573112800943
11.37821136874498
21.65961900371106
21.618231603572003
20.805180153081526
9.904937369602958
23.953741916536543
12.691889821031976
25.07311683216266
16.789055786672368
11.14011584030125
27.26883327560565
25.437138680515385
27.481062772256653
30.862489935143035
31.5885970122367
17.94396540244637
16.740621973785537
31.958459203729788
11.003109810556042
16.192796127968283
13.584848553022761
15.883100908189117
18.12236775296605
13.072235374718217
8.020759531542703
10.573518780087854
14.86280354731023
19.119724244290396
8.95617953012558
22.132623882510348
10.553364683319788
15.405394621950983
11.632000811262195
20.569730622000712
13.200105657202062
16.02660442536437
17.828747142328528
18.057461593199005
18.255505393365755
20.057070859514507
13.962213465508091
16.454484332688004
23.733722359928638
25.81111969990285
13.889250571907006
25.562084645278617
28.724746971952992
38.73053384144459
8.934510020746837
10.611083638206045
24.970559970492523
22.570931036127927
13.408905861392828
19.601391242090138
13.749076519301868
30.96794579985438
16.276581150077217
23.603698248110323
23.25476805434214
15.97158423412327
23.901888133835325
13.613923351553355
16.584629454600734
19.478952290614405
18.034925190180214
18.546232592573098
35.681247536301875
22.84770563372131
26.035718430347988
11.99542834396042
16.46734399262018
24.642708889606272
10.633767294773373
21.047479653394984
13.233422386267838
11.739459596121375
17.385232954282905
20.200215970961125
20.820792636967997
10.828751126845539
37.28490326168609
16.471826281432172
23.79132915751451
24.600302841919234
20.27409355512258
32.49616385159798
19.710146800701352
21.4764551239288
19.308603029272
12.801201483109503
34.43410515908646
32.08591107589084
21.621130077836394
14.34080026351438
13.661024120373867
22.514366341079967
26.458194192729074
18.911077671750117
13.340425753161053
9.978293953294171
18.178913023983128
12.936936570445345
9.267171341408403
16.753606350854056
11.743242261419914
28.265615407138412
13.762783231255572
11.853654721233516
15.711201667822634
20.007321135868
15.368824327117173
18.17840616558387
17.137446573589312
36.66528232345462
12.600504350381552
14.903808740486207
32.41221782045257
21.89229603302947
17.06171084520138
9.644810072768594
22.781222098197198
9.818779646810386
11.81935918166865
8.800179108418844
24.290341053112503
12.425157736789014
29.845044764835237
12.378804479420303
20.697530725218574
28.62799888953927
17.18810309798034
20.278937599949092
15.816705418244467
20.633193514403672
18.058400875577192
8.602274514134955
38.15605315988142
8.74859866410497
18.469750350232847
26.803675725467052
17.510482294754063
31.333578504271664
12.271740284908319
20.585593829808055
18.475885600401657
14.005195272825532
26.86473887375017
10.23001709310821
22.492100035845443
18.61205318776354
18.384034233736497
17.164753522804236
12.805246294913559
20.461163446496467
13.07905110702063
17.45228560972341
10.226051966610502
17.735269401973667
21.774344240994488
18.044180704926085
11.262089255052297
6.641275569103517
16.237584783691442
11.97241659005133
13.351712449799214
14.910766574868765
26.912837447725202
10.82678571008724
10.094944411161363
12.018366059827152
11.64854931255794
12.533464704783635
13.453554752250385
14.691500764932538
22.020557297362455
25.3891972436602
11.87942067101582
16.669376909342056
11.68191715122619
19.31879923994752
17.576372637703983
16.442962928441688
14.100392821831932
18.06698075219148
19.53777148005616
18.37772325734933
12.227652105016167
12.01067694835619
11.946969065307895
27.213684492422136
21.762326906418135
16.465480720623905
8.428512936890813
26.620064347195793
20.98957912145417
17.030476788835642
15.975143306904782
14.328830003003775
26.246526927184142
30.333007333786245
15.967291625553917
14.387133274881442
16.1452580699642
24.360655686692173
19.296916196492514
14.870258124816196
14.797970583513088
26.282822639629018
18.464939113691294
13.750618281053614
14.094951403597086
15.610975592772219
32.25987898232645
14.519198650787715
10.992047587344612
16.150305404678388
23.133212224928627
17.566114892906707
17.98785343311566
9.170394734162102
23.523094842686664
18.124860223460743
17.173274356980535
15.479772552785487
21.270275516516502
15.649725797626685
13.919398173517989
16.709107133171095
18.541366338154575
13.650275718807153
10.937642826606828
24.02341712133613
17.222461313727926
26.458978214190388
17.788843975772238
18.687103207314685
25.971411642753097
10.335248073806861
12.327778885813952
8.71416784915649
13.545371344622273
7.8859516959645815
17.308990150346464
16.62338082544784
12.12165539378935
10.750763398900755
10.636339109967583
17.466978112390333
13.443942653213275
13.221773881519287
10.237232522295733
8.826898821369719
15.340315480996352
14.734014694127714
19.291922328853552
16.77255685313713
8.887872142407508
12.116311227684891
15.312853769714716
8.4120031932945
12.712026436809476
14.603677907366993
21.506083991003084
9.167235548823212
12.9592618762088
10.072177842189607
10.271515034557554
12.686495217330934
18.08406096611227
13.665495916216553
12.541641647128202
9.624688681589516
9.850187754286111
13.484137910938236
14.067302995957803
12.03177278078394
12.300302355952411
18.49778327408216
11.046271062760269
22.319262721548913
9.439667972088522
21.50701282937435
14.032226544221999
18.3322142073273
15.120647977025897
23.973201233219164
21.70511013408941
9.44954662698254
17.04278138113687
14.220922125446606
13.358199452536986
18.425731187401162
10.454916989507664
12.32279694846846
13.55091473367363
17.41293325048073
15.571677599740589
14.295855339897246
21.012857792981638
14.474526429674514
17.152699775266235
13.80528246269983
7.953611051656755
16.604993167801428
13.989354494069417
18.151035845444188
13.033161367030871
13.162975899628112
35.97337558888844
12.133789286015343
19.647503720041918
15.26295081676704
11.053559281125732
13.72178310047874
11.886380941268182
8.98799087561909
19.36857947409142
10.431800219023499
22.456970530895166
15.041111391462811
16.745848011466137
25.443561268135962
23.912926290303783
42.228670603266906
13.751262367585818
15.29012741401686
37.970869089588824
21.715294799844838
27.50157728364004
15.10769859976645
25.228744775786303
28.138856654589343
29.197448226313156
16.097983910670028
26.54201377953425
20.932079847265754
37.97915599760081
28.894954211262498
25.83022391565463
15.381158137395426
18.84054625256576
33.70813709780621
21.759356324475647
10.931324315665227
24.14597910626406
23.127885562691734
15.597225527350336
13.601456756534255
15.902925466229817
22.860128007260748
16.17798346411452
23.801583006019612
12.152072516721741
18.218106705682622
11.254003295642411
20.207139922487446
18.082521807276542
15.169279056746014
16.24439438794433
16.443428974284576
21.270039987705957
19.131468307555526
19.05731165006315
10.554165159143233
20.49839716814869
14.300156366127881
24.670758365625094
11.677843857403424
20.18553994632464
12.98704262399196
15.023755763776277
20.41917207822036
15.780717474639621
19.805732874071367
13.294387466302052
13.426158400934558
10.344613615558298
12.55331355811272
8.227052230711173
15.669179956167412
19.461391704025644
14.924630234568898
