764.2517464739635
617.0406505150581
511.4222223050844
348.0714407508029
311.0444594296954
186.76057006009395
200.02576523138066
147.29586561545634
107.98830600797966
85.64320455069667
94.49467902507939
97.08796542567106
144.83673145328913
111.04445765862576
94.58377132052458
79.30106850401623
116.16624671909052
110.93135547580644
193.41595130553745
113.9001235937352
133.17969261868828
79.82972443722048
193.69677584455934
125.27054324901951
76.18420277522155
123.87701334450416
213.7682678997706
163.77750881865984
113.22422598651278
84.87210244928515
79.38803897533192
62.526183337759974
72.18061469357717
113.47015689925352
88.8044943290962
94.58431258036315
55.551439501043134
100.80707344592437
145.22701254399513
106.65947214369362
87.82845398128205
71.72742980375008
85.1830242332624
67.99117203964894
80.4781997963126
157.67713599768996
81.29419719055444
104.38606619400674
81.75201879503781
68.40064908146752
85.29460343029241
130.21433554300688
202.99805309631128
134.39033285301386
158.24342412896243
56.36178592141023
99.52415477059802
82.91772643086664
105.6693571964345
99.67984014219698
99.15985911766651
127.13994837155327
58.99071039945633
90.2458125579195
148.96612324668132
106.38380576880004
95.72137876862053
41.150426124583
106.71388904633096
88.40614771704853
129.31612053832856
99.7003582419468
72.29950500104067
138.27672709624306
65.89928419482852
122.6374886462644
85.17346848434374
113.54991725579173
112.18526743829065
81.18341470170591
107.4494553317055
86.33726579905796
65.05803446930513
93.79173715975735
96.36733835745592
81.80702667266851
74.01804722810881
86.22560523104103
132.6494237520351
135.2766862396021
110.68451962272911
169.8080128936791
141.8857895462161
64.55271463716896
123.74220829873094
69.75164812096114
90.48506261277122
71.4195921169476
94.7643034496813
59.577862862638945
77.70221688423563
75.17553424930578
78.2165512559015
85.00696751259596
103.63680555856985
123.5789095368369
173.26175198871886
136.7468862356023
75.93551379273455
73.27587388996838
118.48301751404745
83.11332074347234
113.67971888521436
135.97489486268447
97.43902795187542
100.25459483272914
98.53036804664652
83.36950643443656
63.041046010531254
79.4405410358713
84.6112140430913
92.41631821030619
103.47925578055579
112.13721973041342
73.63102887199982
92.91019518636726
93.35543146271891
102.9860779189905
73.09925777337725
126.17548307650472
109.46627356612815
110.13132330616078
103.20811555938451
102.35259985396246
88.22101874882141
82.36958250331232
71.52067149595435
108.63884535230197
71.26171527954166
80.99532087215529
92.59411707184128
105.00915940230963
129.89545855773542
77.0192077633828
73.0893825198218
90.07575003067922
110.02872987003008
138.3363543156097
70.49989533397458
95.82658446649495
64.35514458958015
99.00333897439182
84.79636346857848
69.54722844423624
166.3162432188677
102.2719169347284
91.53178987558269
106.56823672080947
130.04095319941945
69.06815063107781
99.38108596291553
81.1017037946416
66.80247622965038
76.22541794456517
89.80083261607969
63.39664013552158
56.72366616503568
122.4207408892263
91.8700390539689
129.37396969252455
60.95895519180768
108.12034787258769
92.2418619257706
68.39230859485646
121.80402600937137
81.3958238471381
125.45870462236476
92.59484021996268
87.94689571315651
99.3900746776645
56.9746821080649
68.86630349163157
75.72338200042338
74.19119015889083
76.57493321304779
112.69650252802943
144.49139354915567
73.69982938823199
119.65006048794034
76.71809727032586
60.54141784354093
66.06151771543972
81.13282446440934
68.11561159878757
95.74350641143296
78.5534219670995
105.74359510128606
54.11040937457104
90.19613679474003
85.7312585277816
90.06492630662912
144.4297531216023
73.69519969761127
78.63998570394473
70.06726988392565
87.66964856571965
56.72349825237634
66.28336021093256
96.11769354341727
68.14424503912328
70.84634173021365
100.43653454940194
103.79781185731322
67.80506114795415
97.59252134047148
56.240209560824454
94.92483761404512
82.04198210467189
120.59262694547301
101.04699090604888
95.1336648195231
149.19609880712903
185.2271348805707
84.90287176619944
89.05781146125281
126.25711077554513
81.94225763214418
125.49358981016543
85.04206628685421
80.6438666440504
74.73891842277325
116.32807922857656
92.86592541187207
60.85888205529202
84.56592867204448
60.4068553672251
111.61429752426461
87.47533093440202
88.52049421363914
75.58217025480573
85.37579450050443
124.85330477255022
67.31968189322453
52.8863239247122
68.7364159718954
69.91824236030304
124.13366629732454
76.64267818365832
55.882620380379166
76.4317927876984
116.4666402698031
96.74334367409065
70.53820842413259
69.01293951396002
112.91656154294003
93.67289380859573
100.99409288595234
71.13874174679208
110.80785171895884
82.0226640960838
104.9877686124068
83.3536831081634
98.39494657704803
80.70541855666514
105.16695564786316
107.1030969846631
90.93273827501264
128.2454208592896
118.83521487833202
60.183393894921075
54.39071502735702
73.43594759695657
82.14796995282228
130.62712746960202
64.83682786405886
127.91339860599528
106.7613112292426
77.19659827517881
73.68777336877163
60.395287459353995
122.2712436698568
79.57984340101241
65.04485644924797
73.14100237340064
83.3146052270718
102.7423621091724
77.65917977802351
55.82802816229889
111.1768122591027
109.11154807420431
81.15882612588389
47.37670476054907
66.28834700579122
80.78324784724339
56.091923866838734
127.1307245785874
131.03961238014062
47.54975307653927
81.80936177182411
76.85847183250972
64.43186618066767
115.23194121812159
119.43349529470497
71.61736233415668
90.02536910676403
145.72413556521252
78.54776622401862
74.6626103249917
99.20589323357981
84.33744448078156
73.6659681114725
70.86580610082669
79.63274091749551
97.40731731084075
122.7186380470302
174.92368731179593
69.71420579963188
91.29990413223774
89.50948198289147
66.15486916011125
64.48443225867317
73.54348221703341
129.29430708392508
120.28142716544457
84.04679051668548
72.93185645855732
81.30532595790079
91.05148284714556
94.77797185146432
125.78555492834451
71.72354524846139
57.704475716945645
93.63446582305241
111.57490443380999
86.3838408825485
85.16887766857761
124.13024739285896
46.33323238032091
100.4753440190058
102.30467095329556
84.88425573373495
86.96481673506487
89.92895170074905
123.27434661567021
76.27159762806292
77.6915698685079
111.16075778985561
71.15622967483351
81.67194401184231
93.78599024655026
86.58542243642535
78.91709806835239
108.00140875925608
56.665820038245364
79.7721640666034
88.72179850352589
68.94560639093858
60.25796395308268
78.15854202239831
135.90478473102198
93.42960079029655
86.34529054061758
136.7956910572823
95.03455892400471
71.00585478641779
90.16761700773837
102.7317363582817
79.47125893969572
119.84185048113909
110.88555898260041
53.51995740434125
63.74624838173239
72.43698502506322
66.78209837775813
75.84819711023931
58.893362769172974
67.85641467601067
135.7791943929355
88.56792976902224
43.44107014882506
141.45103928110152
93.93922036489212
152.93342580870424
75.6747285530056
168.93479311461655
72.95413504966966
92.70498861778542
116.51951092028324
99.32917607653576
115.95386609316046
124.21203390565294
85.1131328232999
72.08123729350135
114.98476046704052
92.09090183731345
67.6828500655517
89.98922284224348
95.74954642455619
103.95521084839203
77.18338622212958
87.33907300774364
166.68923310093476
50.58998742716307
49.274491138380014
119.7302269544389
60.79298997860501
109.3577241773836
116.21755559882334
107.58170885811067
158.70388340321193
64.40626974517902
82.35153861265707
102.2475960375403
64.76691117244457
81.96013318990026
130.72752649713664
89.88584953422792
109.24108197060349
106.88835797889358
81.60445923745174
144.66274024474254
85.11965407899577
113.83117072233048
113.6102503474197
103.89801271797342
142.56612745285167
154.58784203986966
50.928215101546115
108.53500172653135
74.9801374787531
95.35791059319345
78.47357257211767
104.51072531557479
82.58666845543104
81.58863952890717
110.52075527576312
83.45535977132252
96.49289628916304
142.28424960928405
94.7356199888471
68.86353343139317
112.06450175181114
66.21169540785341
141.43132205607705
90.30668967119657
96.47194340947478
70.39893971563733
92.99104859824534
83.87995954598705
91.062549407921
163.8686429792255
84.21489369158974
84.38285698742975
152.7774809180277
125.6573483903187
94.75222022272138
97.50370388889685
147.97630605648325
73.98642504231888
72.45446603875585
68.78461759751418
92.47868683559682
121.5091152770022
117.31362802277474
121.84705744369404
114.81025249006717
83.67897873996762
96.3327045358919
102.37749173379835
84.14337671857155
113.21805448796083
84.05342246646163
98.80887755018726
90.2568468366827
93.5742129627757
72.17393216873558
73.6010365892296
96.32678883046526
97.42238021338594
66.6668936632494
65.80832364900151
119.09887591323864
102.7665916452077
145.5645864817509
133.69801014843338
62.7965106941802
70.01012900105478
134.87094305935986
133.26960764791147
91.14358774217975
82.26208582937579
101.71870322153707
130.7378954332031
124.35938115246175
120.32943780859443
137.83225737788075
138.53840821127235
101.6040383384792
109.37402794459736
92.47317228576973
100.34693571855709
113.74641043245339
102.11623495236637
84.2318168408485
90.44710713902884
91.75039703455884
85.98457992405088
72.31634337978362
110.66364722366882
57.032513533935045
162.1185886381169
86.92727313380935
72.29894303116166
149.1206972781174
109.6520862980567
87.74380498607874
83.82012278584212
57.77581892965776
72.2067353756537
99.7234725395125
82.93074389282604
118.2934025831783
78.10597629837581
142.18490417364214
70.18617872688388
81.4109420007929
60.242129409706536
70.576648352193
55.43916180913497
86.31092186800558
125.24862337662918
54.377566325607816
86.05683336787014
66.86800811222322
82.12297804154474
62.079335915014596
147.30435694865565
97.78323952255484
79.03018115940728
115.96655778338103
104.20983542718206
126.74333143275362
95.78650494545018
96.13405593351965
129.00489207538826
91.13907462524267
78.26360674597855
75.20059858481984
61.89644015878283
118.71739818722746
143.70853386234288
97.41958609835568
105.55951424440913
71.78640148973494
110.13949047930869
90.18781268295307
111.73504122139786
74.2398343782867
178.11801212184474
67.09029320158932
91.14296053546603
74.41872185525988
72.25059407533891
77.89196309399318
82.0735956509943
80.69336912655406
74.98432977992981
76.24995970321827
73.84721697342623
79.42686388661076
89.44627259622465
121.46403886938589
81.74580286773012
75.64270157798411
94.25398818310451
64.20221310356663
122.92509211365
112.09603983216712
70.46948708930645
71.64138055580902
85.0250129863262
101.61857093133821
93.51439514968396
125.80582424815789
63.94382489236731
103.01700999689032
68.9904353721589
94.76367101464798
80.15354214030077
104.14120321966837
73.51552429729253
81.4967552465011
91.74655370027244
127.87585742616454
76.61903511289051
148.83627393722702
97.51292044506515
87.62559284600978
140.9500844987977
79.20709255486334
88.08540518860339
62.70375166372335
63.49231638869449
77.16393262855323
99.81024465556835
145.57824533935525
96.5638259516983
92.45375527966647
66.98671323513624
88.80189294240293
244.93937789080485
75.52831387675153
94.10100979571504
74.0277247721687
71.05696344697176
117.51964263785808
69.21828305822122
105.97111931793253
80.41718880610338
61.21920608295712
152.90132048458628
67.97602873761296
90.67865243699241
86.49462018337209
73.85907255451741
87.40009563270009
82.47248525507077
67.5267603113866
87.23608488275005
130.0137312298283
169.30834737463408
93.78221699383273
89.43604647300737
63.93229146645156
75.95737520701695
83.12961488666753
92.43833474981379
88.71620433249183
70.26651353268878
91.5821645402594
71.87946950371024
79.76060400518736
77.67603286230546
70.5574615535306
117.8589114849327
80.86009639034363
90.58562311723391
63.838738343231924
133.52596567988195
113.48265209507467
96.77930853783316
97.1085775394392
95.08300649420337
73.22189699826936
115.59477256886281
110.20435853218854
149.64725603877727
135.23835411591966
163.838904326656
78.10475207052883
109.58656885618572
107.74673591942141
66.57588610525383
82.65000402153183
58.4796742938425
84.0752447315335
64.20272763236503
85.74315224011734
59.10307506269399
71.04304068212859
108.81259125822731
109.2863132750147
83.22206850236493
172.6146587121852
107.99361268256784
78.75808970277075
85.54814173971033
68.53112034724856
80.01996992421397
144.01819450360546
77.99996090138366
100.32816129130163
84.86324855465062
102.1264316178333
115.85170764554987
87.1979591287411
71.8254373454768
80.43332882901353
100.31489467348761
61.9508602909667
172.96690358411263
100.98085352483135
73.22109187699971
97.21284446493095
105.07456950778324
78.06002367664712
125.44382486339865
78.70198971181227
75.71210946638706
81.96165879283454
112.14011972050433
86.46643495848713
96.02813747610354
109.60633311152412
70.1379667160556
71.50249138272584
91.61594919375335
71.23109533559104
76.01531838651039
67.90258912518244
103.73932498931397
81.43420091081485
131.84387568807105
103.25502023543413
226.6331721991703
67.14017355120873
89.68850572834764
92.89808453368539
79.526667252487
113.97489118267768
124.531408701356
103.5565877109939
84.46514688598616
69.96675782025237
107.3578311669863
81.22351123805745
63.9961364452575
63.490836019946286
88.78345547352198
97.0637394604668
82.52201413008792
58.00260544738277
82.53222974130082
235.49481612816763
133.49704999494546
128.31479263206367
58.67496809235846
70.01753329337645
96.95676585899996
98.9568803178034
121.00198728845271
124.31574080232602
49.089042013075805
97.16588075479541
77.33203624529088
116.34524918020088
118.38574744707526
141.62705315090628
52.52779682025369
109.72587664958562
63.677846611404355
84.856350047294
63.57115604902288
95.2104878868694
155.22139544411198
75.5823292209512
66.92151369202305
76.49043356307246
63.6565312888124
95.66941937982547
105.78866759227911
95.46602174182507
87.83662083837777
98.68748135004671
104.2849124892252
97.37454002642633
114.16165669164707
106.23876964848569
66.48551902067209
103.49931690219898
84.67209974259521
151.1280363517796
107.41035246921666
97.66879259080122
113.77294764018666
118.9476987965264
84.95526496665717
70.24770292028103
133.8887023079154
96.45294349953252
67.7153213269439
40.54347982632883
125.65988438451208
159.18269804680543
105.88728461743628
72.73451303478235
69.22273842643061
75.1867629432126
133.0025297328337
66.99785978380007
70.62427723098665
89.48803976321862
103.49087408478373
84.75713984890959
81.79921636262168
94.668567458906
96.0321887869657
131.59910978173335
173.21973101370952
123.24585059025904
64.07368976204037
108.09681465931185
93.79210177797161
96.87105357613902
105.42678079378052
98.44586307181903
86.26792934440142
69.3529904996348
92.28394153804045
93.58310382658937
92.10415091950233
98.40444928373792
73.93816287721995
110.22919044084144
92.34368997600374
60.18281556507594
121.22028927935173
89.55021639528557
94.63786239643413
59.31680972824645
109.84269916744537
59.41718900517328
124.02047633463864
147.53092894129074
60.0798442364778
107.18934575771388
68.78671545905026
168.18582462068082
94.7134342658787
82.97042763576013
117.91937725192783
91.34660829891342
136.81877907384762
120.92901867741557
110.61663591180452
86.8891450941144
114.70076905294948
79.56942642157158
69.27102202476922
113.39133842613546
58.02375055604989
113.54085664881566
59.81708023362009
110.65207281154139
96.44311451642693
223.8950990091529
111.49849160613545
70.06014829172005
74.27765100139386
63.77380193735201
75.62246172644404
64.56908273400373
58.73184827301734
85.03594555752755
98.50862798382305
89.98442067140465
80.01058302759658
101.0132167818855
53.02937502795834
172.5466276629743
55.52792418436392
48.78587393809276
45.996596833594666
119.29844377630978
82.19197936749063
150.14310227041776
98.72412196155774
130.16337680591482
104.96848479981563
73.66004708548157
71.39926586072772
65.52470321768273
71.38289117055017
64.75633698016293
72.74019612447128
90.40030921395541
119.51676320048648
91.81058324862077
89.12652292810755
94.8656215402521
96.92210521795982
87.81941822721002
97.9914364943096
239.2815594419262
106.03390410359279
109.13876347414278
84.23761421859479
76.434708511879
139.48849118137468
63.781541941186774
151.59181459746972
100.83322349366497
68.14877110847894
82.86162971144807
105.9004321781192
73.0308122558109
113.78650836977273
98.71534345199262
55.68122613892464
111.92142742987956
56.38622317578618
109.42985457997898
82.31205352969042
91.87627721191663
107.45275208412906
90.44058472355451
60.076398968598156
119.12227058361368
49.854762885291784
77.76031526759554
71.97043203341843
118.86771867271433
137.80756157205533
81.5733469898522
66.07462923946436
142.87972374550688
106.76877651099868
48.15356483010984
58.153610857251735
114.00772291025115
133.53598464163176
149.16242501304689
66.92740735760228
101.06734226929251
105.25263643581584
100.80038675780519
140.87907228864327
74.1792402609047
71.16324596478617
87.09130145347676
48.07538266456379
85.45737660860104
87.74897336353087
62.35262638748246
59.240455023329154
107.6026455373736
57.448749672196364
91.70648598899663
84.34328680812845
175.31353857892728
88.60928283001533
86.9057048291236
120.78171379416204
83.58468972353018
132.33239348339615
131.01371404334898
139.01364231377096
81.64268548293893
97.0330287827814
66.89015840100512
103.08590499386267
107.15883145416561
95.44033588493083
63.15782463227464
69.66002180492153
90.82935549731135
89.56863936416866
65.05319845324242
134.02520288755574
56.82947080623413
88.92767620448151
85.42939169326387
89.96087077917313
97.30136212016843
117.5413441765211
63.19351056023008
103.13449219476021
83.87381888313037
117.41075061438823
85.83917757370777
79.67645748244448
96.60721379359207
89.25234776520597
67.30531706661965
110.3910226978586
134.3035503057267
85.2879372863237
137.08020747740622
97.06309533718284
73.12883546382174
58.9757750192208
118.90983407606464
107.29236806703778
125.35605320305274
105.57464822452238
97.52096035344745
94.1458858063031
116.18672717240408
143.61436282842556
79.3976086168373
131.36931305835722
106.19571428777552
110.05477038707143
72.4929619883945
123.62520517954924
42.501251800895176
119.36821119016199
110.18263950428408
124.76634538386182
78.94586290709623
78.29178459437318
127.33958985499365
76.3786917106813
70.13251617813506
72.16190557194282
81.653409914257
75.96186524681725
147.04076421113098
127.00815184026311
87.34656880869925
144.52983247700598
133.98924915883987
94.15060770454001
129.28939639394738
89.59644183428298
84.36754378667744
97.47893523264483
143.4924478194659
100.63260977399833
115.55424560067713
105.76426033223869
89.04828007558606
61.04483151178742
95.75211182379202
110.9756549601673
79.4384964283191
118.76056627922533
148.30467407408585
122.799606366187
61.8464229486129
92.31002450861486
97.03130230709563
78.62029160443727
110.60126403844488
76.85021242154632
62.8959964819694
154.0831000178749
65.56909536425677
70.14819958394469
165.97312792646025
132.14310256355742
124.20313262483636
67.38210570544072
71.90205782372739
84.2212672946733
89.06879690148949
78.26762687179823
98.9136993725952
63.67085667259909
76.68556220588253
128.22541485269625
72.1050632835938
73.79491431534588
113.65918520000716
102.42394049790504
75.03242328374652
128.24960561040288
70.84626220175477
77.08228409353801
93.60851173133626
61.729555019727854
70.20374374288691
72.02429917635553
69.92872709859529
81.40322439885395
66.352247730139
105.3050838610449
113.52924183048427
72.10318021832678
105.92512916966366
148.53809047548418
129.59374776158117
128.9663543863544
80.33310272697504
142.82058374380827
168.26564641751028
83.27662805191324
100.24700492694888
90.4581017721408
85.55351028876524
113.29866715958472
75.33897662174954
102.51812263389075
97.9261385060669
73.29579453107863
84.10353462110656
73.40692729854737
89.81808227094483
71.52858547992278
59.9423203707748
102.57041173932674
177.7881214114624
70.26448952290757
87.55162415846682
160.84741624909614
80.25092535144834
91.52951766685214
98.37689837897344
124.62259615279874
71.7166617893954
74.23607979214361
96.62053730981341
115.48623373172519
88.14702489719946
92.82130038542354
75.60943269163556
75.68166378147343
117.65509858728804
95.54633852901236
87.93871478509503
56.83129785745056
105.08294529175902
86.91544134478964
112.24104456064606
89.62819611992539
68.99541394939178
100.77259306510662
72.98969087354854
52.0183650342635
117.69229744708913
98.0031481128405
97.78764122066308
91.01480434968593
75.51510577828894
74.17688526418964
101.13050642718461
57.22550313807463
70.2915980303936
95.58393124909502
126.3878884525584
82.28067468738165
103.41523117903604
124.20413716870154
106.67680357904032
111.58863321667324
117.80246087548139
168.70057757633376
71.34779302449499
67.85511905152507
71.41614409451557
141.97083933699244
67.54259592813067
97.0096136227302
75.74064832308741
168.69517294831047
97.04149465562469
79.05050070775079
87.39445161478072
92.42614713834774
70.6445511836326
99.97465413452477
55.36515448525665
120.72938290186417
143.3518629863313
61.51001114357495
60.48034689347075
168.76580849582393
84.45988018127196
114.21645905229832
98.93503548388777
73.17644974769038
102.80406062334254
66.57374272017489
103.12948393479755
121.75755092811853
80.50981664593661
79.30484381575037
105.12870312845253
72.28641227550034
108.9807941137832
71.747709213356
96.12545004890947
77.26408472990755
80.91636071775508
78.9276349353154
103.77000696045322
69.41761039889599
64.94225642814261
90.3953066594341
102.35173735815144
138.5400572592296
112.35009040906722
50.79587429708984
65.90385973904992
88.70962621633221
83.21660870246916
119.30722064452463
64.91088350135276
105.53827406118974
180.21094213470997
81.05980834465066
108.86303085536389
85.56434917213518
112.02122655457774
56.78974490306249
156.31942584819248
76.23211146665511
107.25360841679807
83.22851926069573
100.14874684458029
167.2086668565744
142.9037844882934
82.19572411621108
98.44029762021566
100.18426019974933
99.63923715658484
120.30038212905684
100.45071053075856
84.83151970790888
67.80327614157247
73.98056293284847
83.05890401063672
107.08103339540659
106.30131481758747
142.83580731136445
107.54235594984235
112.42368636702412
84.55312542781896
63.346153061007136
113.55677301586987
73.31894457816155
79.29722800280852
86.42386925866118
106.34656831645091
114.64003546636413
103.23499979589623
126.13589504116491
88.82549677854227
65.90719257007594
96.03338489023184
76.8616506067255
88.52348494591817
139.55687284713713
72.44285385054002
96.75459548617286
129.18969290371604
81.99204407319952
89.48959139417137
128.9389674551026
65.92110986929553
74.73421281885173
63.95840539480996
95.52088059389952
103.64152088181382
74.4828156793575
140.17422025497157
115.69789335763991
70.42469568541532
56.69091910963522
76.056410653718
58.583828287046
66.58027495942785
91.79922247279374
101.92007009200728
140.23454160046094
141.9390451819073
76.94683482258891
55.77409743138701
83.31857649130295
142.2955833786094
90.50057598175151
78.59672084620696
91.89740135437975
76.57978191844258
100.9163909610199
132.58337359561233
69.41207136543403
87.2849789167487
90.15358470686819
92.77583863927613
88.38021729141738
111.65439353820541
80.13012511923296
100.40701971123266
70.33489189557032
161.33125923123174
113.5973633925321
161.5617606639862
84.16131109985957
126.26343581705268
54.90856878817878
81.40870618387135
99.83072053465688
78.24858165823602
96.96259900526522
158.2861329295126
76.03272462919821
62.35769529796132
92.17427120018735
126.67419786225322
66.81363876335107
79.62124652008367
77.85782959940872
134.70836872059843
63.2142243492264
105.86451592961981
116.72589868123104
77.93008257602841
101.37249607874104
90.54491683500007
119.50858071404991
111.8713639107263
109.92929528790816
89.66611975916024
50.703103522563886
71.50141280325427
136.381506508133
62.43398338138017
62.761463238722634
94.66216066488643
53.4050552728422
91.42954231335695
84.54281934231008
104.591295487601
151.78854133190254
81.92789537585735
67.16109163180619
124.56759291334282
154.27054717945103
94.81379251802623
81.6199548155737
57.8452512898708
96.21853269192678
116.23956166228476
69.63792629655349
110.59167721165825
83.40217848222869
92.62184927674528
68.67060843924533
89.10180628863625
89.26199227369042
81.06743934513652
99.67293825213144
109.91932656108835
92.50802960729479
67.08329469766903
55.62857658313316
83.14928989996851
102.11162437744257
73.71842197300724
97.63311403392099
106.60329872167151
83.9229055438057
82.72113198086741
45.61811305629575
73.78506792846046
82.4224688579579
79.98095556266985
61.680103553950126
108.23018759387813
129.31156374865242
112.49783841679633
85.78131680999812
71.25596465906395
109.21597702384125
95.69944691429427
63.824263130879466
75.2382656876763
114.57870127631418
77.65036972454588
75.68093695284193
76.02190399045287
154.09353433495787
136.08145543453728
61.82850535835514
65.57928111200552
120.73053804133083
170.82850866166805
83.83770266986026
77.07426972678812
99.02326444662759
80.44490044495004
113.99007184134047
74.66782422315941
81.86107196432488
154.06400735296788
46.11644870980649
92.3881629873182
77.12920011580641
124.53812782679114
79.76631086999588
103.6097361695479
61.45370468610976
97.99186028868374
83.01239047374722
106.65746521124903
60.41449985985557
88.39439859660573
72.24760211027011
79.59358078743149
75.81386821463768
108.26173095492557
129.5118492153238
173.73237695019824
95.19066869140886
116.93033533835808
136.76200662231673
116.11794703809906
114.2327984059574
116.45478714922778
98.82619317308998
76.43772325749984
81.45319200113576
61.92985190530044
109.47134198681208
63.4273451170995
107.23507004753354
74.04895609093995
78.89665796115175
67.93127661678416
115.52642824428725
95.89747727012178
142.27336333784177
100.8374722406204
73.34936106369182
81.2544917736409
99.52701355947251
89.17834795288117
98.32924900710563
82.91326263485564
100.6170992296574
114.45384926722232
79.4681796010464
65.8079054690912
79.79207748245831
76.03155498077481
92.16878834801919
157.14193298905704
80.54154086801836
67.74927916703732
55.12941473924613
51.051485911301356
81.46327337464444
100.42358790908274
104.61147389196846
132.04928831767998
114.95179997254752
122.9257976975495
88.39543715549205
107.17237755166487
104.82527567077373
94.37380127312542
96.88445526451329
118.53746008651076
76.7548195595006
109.41910807555013
79.07240547320636
159.98033746145657
121.91744752521558
117.18987555124065
146.08437233184898
81.72438013443755
83.43184494251635
106.52984516647498
99.97980938208283
92.36839232506414
63.047144520456364
53.88330647493598
107.68201880386403
78.41818995855473
49.47842025851737
98.83599000287336
64.13876831357771
58.28154122084073
115.57457871397712
166.97096476537888
71.99417494220393
106.71160055669459
56.18010307895673
56.829743557313584
73.33460252680533
104.36003983072868
84.39343767632153
89.81616032267657
66.88771342103452
74.22448295465391
144.79292615422384
72.94247730685208
74.64064547044252
122.93498050987598
79.50034544655232
158.64594455989948
64.64005659010091
92.45997761715408
65.5930497649413
87.17506627310381
192.38754843787106
70.45972348340318
107.60265792935301
67.58847816073225
123.66817466012152
87.83076256370246
105.0291544269442
72.06881638564589
88.17915559464255
91.18592886670233
69.51998894392334
64.7370796557386
67.54230190230196
108.09854718516033
118.18638820754666
112.46128245574312
61.814984879977416
104.12254581391454
104.79147489726692
133.07505689800084
66.71640915684097
68.61166491944391
110.13272744858178
82.05475483370664
169.0606390688739
92.24177094210553
66.22590396323838
115.27122230350876
89.51310728241607
73.44377299096917
75.51759942522108
123.74446446264562
86.47638606331834
97.18326196837869
187.50986092452726
61.495992410407055
80.61094623841694
74.28959923241185
71.9597089361294
137.16817625860872
89.68472041131285
120.31554616989035
56.081519789425215
103.63496931134475
122.20117329459134
69.27483416989102
95.20132044504723
83.17823556277521
74.71794557797584
98.57504559814213
65.72370123758576
107.09906767171147
143.67094904175553
71.60029845364222
86.8868756070389
74.68766427515342
72.64022084979513
136.52248216038413
70.75672577050796
101.6230015182562
75.56366701898783
93.96898669346413
122.60968511533059
88.37129013979037
128.8192539106307
79.87856799720092
85.4496246243485
61.24055995214365
80.11581152217316
70.29512524730268
150.04199392561475
103.66937826919789
105.10731432514586
88.89966968405315
64.18407455412209
64.88516943917519
83.59993458198977
95.7584321005922
100.79163358725563
67.34868909778902
178.29617777045144
112.93771566984361
93.94003501159325
79.66243135924704
93.19182454652378
78.40363232706684
74.82618970781554
93.47653878123508
125.98246192021819
50.87517717603044
59.502710130196014
78.45997642556519
90.58811013875805
136.18228283717067
72.92297260708422
84.74916379590877
57.7141258838419
121.68813628526784
99.67251384146466
68.45654835237028
75.06541025026104
114.98942213228909
92.35462576920307
140.32577594098086
94.08797036271285
62.371783273838574
120.52160286061408
98.26485598943218
66.81970980462899
91.53721333434235
107.62067648098285
129.259745325735
78.66592453843752
79.93175282141023
75.72407524405754
114.1881075387664
95.96849684241275
111.68994629012694
111.45862278800448
95.3075402690261
82.48881241209237
76.57134466807706
78.22601196818526
141.72962612905116
169.5098699261561
99.1512265900927
86.41537957471877
101.96598499693981
84.97000606355137
115.003614680937
81.04251278671437
68.51071231279843
79.5531383527351
74.12330813189708
73.99455635937547
126.90335393256444
77.98798457406811
117.69274570983106
60.18325086757967
99.82280858567859
98.728220885704
63.732259155025304
161.79833367017977
60.13180810806913
77.19739569410993
109.3211583904777
69.04104265898766
111.5468926449116
58.56310371803487
102.17041666009199
125.71427427941033
81.9694482489003
72.22924700024826
129.0639305529725
92.77247223094022
67.94789738116772
93.23253297203318
90.57934835159733
101.16872529772189
119.01207281990709
87.74047005439337
69.17224119238028
91.36028696994978
109.75882516810897
110.2815364239731
98.86407409594877
122.34988279144532
110.28005327888178
85.87541838673715
115.31667057696124
94.95833426583977
77.85198392294099
140.75688166780134
89.74960300315279
81.20097370507679
114.90858610047367
149.1466268803456
62.56466666412584
71.42776311616731
94.00509530606571
97.01305606599423
92.84041251907405
134.44948494179957
116.44890506001468
115.44266386574378
130.51721175981885
112.15417987702256
64.29983555963572
109.49187739311643
107.51198373912534
101.93405483316317
70.64242612665888
66.81656182194588
120.09673146063167
73.23743955391544
51.984807714621496
100.9214010023172
107.36029159005093
92.74727072116636
115.06512359283442
40.42964110610722
113.43425096315912
64.59263034369062
46.49700537080873
85.96260438760204
75.93104916021221
97.38224177217526
126.24248351063814
51.59382762607071
111.65509257727662
81.56415866584136
69.1747472176088
106.14979656835142
80.42013663525894
77.39221764539248
73.33760559828711
54.50652147023516
143.71465757416553
123.01980624941238
111.14296532079868
123.35278763327537
169.48736846307523
88.97900253514818
111.49503215336406
73.05956873390326
114.1247997375795
149.46916557394437
104.82919166656635
82.72304977308451
95.75114812117069
98.9739843528278
71.62180453514017
82.43083843579112
74.12786667835726
139.35573121615462
77.36915035432082
75.33742450618072
67.64182104320258
54.4438370976546
92.46443886193599
67.86813602214869
101.02293998895118
56.56771482437315
59.773525541466235
63.576740244549676
119.3412986917971
108.59275905570176
98.37413082526311
47.48790276438663
94.1606195646271
97.9707598261512
105.69138126892508
55.010844077021645
138.25033486046544
123.66107125722922
144.17411062790433
107.80953897127459
104.61997543378878
83.64037232519703
71.43208759589467
69.49835617045638
93.7518959707673
89.52878390063735
100.34376385706942
84.42323074964516
94.58784423315458
64.62758462209126
119.56651089005439
150.46987071534332
75.96838436342999
61.62563428519303
73.69369052872244
75.36222429014924
138.2575556463834
99.96174801176511
104.87815812613684
118.25610334937939
117.52878685521178
96.30834848474915
71.01352972280304
89.76770107564377
73.98547989261026
74.54569420816888
69.17253926696058
78.9507270412525
68.9787406009774
98.66640075407452
60.07720871967036
107.55892742814788
66.80813096671471
85.50507177012622
73.49244003662987
72.81807204544639
84.00958836679929
63.62340538792027
169.21572977060012
79.22881585654845
80.40876456021948
119.71250368213168
82.40016930821996
71.38676851325604
111.01426068442792
80.37797366727385
76.82560609838539
113.55938231731415
67.6220921665474
69.12573818949875
131.97453072563084
112.00163606251708
92.18393016166728
74.00054422710328
98.88365887802075
97.29872750819129
86.73475390640193
66.81343233946448
93.60166591309269
72.24247736850552
69.99668082507345
104.52962049975527
94.63672490871532
156.06995151540028
121.2765501621526
62.264302502404355
88.09026858110389
64.10304033464939
87.83441447336475
74.9068558373115
109.09933609798755
92.2518773495737
81.01406693971217
80.52626769127619
65.19139069887807
86.1304931395462
117.3185381728751
88.1864713166328
76.5044536598284
116.1171581791326
90.47201386455764
74.8716704679263
75.79360655062364
106.94271348649242
87.80133699659154
102.28849162279732
64.48695508619402
93.67122843557294
76.74752041646175
143.0309997978369
102.72456744818102
81.07737926028217
129.58899284852737
114.63215279542935
90.12776161739934
63.81289844792438
76.96734632666072
117.83933179347126
114.50867417919872
100.70634616536249
98.23989520533648
182.19430072499873
63.122727903987055
125.77559413630242
148.5594177826719
129.98967990366012
111.96716493967787
74.2234377803344
100.98116312723316
90.87315405087257
84.62608102133561
92.2443067694315
96.9961138525164
109.5643108048546
85.74896521889735
106.64441808590514
85.4762833010941
143.4472062086344
69.76450330364003
54.23286772166467
152.39717729657934
101.82594209178461
107.39656886362572
118.73527896178777
73.52350676708484
58.11274388092011
157.52876644715093
63.17363665775729
66.05891979642655
87.90288949029107
125.52405992153712
112.34069216712257
100.31883228990009
157.6329402937693
63.330037369583295
81.89238110688552
119.06910731186497
96.60294169550461
107.3169867306956
118.73119010488628
152.44743509256142
71.36152206221529
76.66334020844789
99.17634188677853
79.10301231270779
65.32895380548844
68.96948897264235
70.76328848119272
100.56479228619075
128.668551707911
93.75646852212148
131.31078940619935
112.50046478539375
90.36042963158441
120.37790816008422
91.43705783848361
92.07669444114356
72.19738184769705
81.2471190645191
104.99304896983313
74.56544978102141
85.85828079727904
88.74305272872985
77.52688871918583
68.44463809940014
114.34779799453128
82.7947834208704
75.79493938311793
103.04579234471932
83.22775230758359
117.79795271076681
119.48155546442281
99.82369774600944
83.80697315451607
81.28495320011461
90.05072260909105
150.03995554913018
119.09754679071818
197.05792669009205
96.89812819683611
111.51761243759478
82.68851806722677
79.92683236301664
85.16826970362575
64.37630043466905
67.62243802480667
104.7535453965108
149.35836520220806
122.37885658113179
167.15714745580684
69.25562290963929
120.01096776774962
74.88926988223831
71.89323016574178
70.41341974153174
64.50081896828121
77.30069770378613
78.84464524108482
68.96770552200451
106.86050103999574
116.89437834799128
85.67280935305094
117.5729099292825
161.2698083456776
73.42514579077216
88.63541085332228
112.35090048372828
72.54767780215923
95.99640621352123
93.07106883297298
85.41621695138694
84.94257840280459
92.98220438069553
91.17899506229425
107.94701419406674
144.75613626197864
146.83861727053912
64.8797522755077
85.38452933476232
96.6571510028051
84.97875430348947
88.50504101044284
123.40380585277077
75.39702819997474
107.29760266651547
82.22249722833706
107.87451499722751
84.41132613353632
74.32166761585822
76.93678833054565
42.33047558222737
88.76027599019028
99.92116674466598
97.12863863599485
160.56693021981135
89.90700193372113
58.9507017640427
100.20265368269897
92.28091936448386
56.249854436497834
105.36509708621804
82.86457644577968
176.32693790910236
92.11675834130935
83.0437148284767
102.43145654136647
106.65688928785127
99.31643782232261
83.63537421612398
74.33212365444322
125.64570508577137
98.12429549893585
48.87357209865515
98.02686021745461
83.3713071303772
73.51817890831693
63.800424597092295
121.95068289219026
100.75679959613464
69.81885595050255
110.4522133796562
83.33473148719338
72.10994997313844
53.04238232572084
83.69532113778865
149.2050931326723
144.1287006186596
102.31093659865347
66.86031843898475
67.45118833587179
77.8936064552834
70.87927665054077
123.63709643445537
98.88294397963948
83.6017704969465
70.06882947700105
75.65735077782169
81.65724419072801
137.50653427183568
80.61121397134315
90.00880668671229
90.93877252780496
93.87620804846657
97.2161069125573
112.61825906722038
110.46644881680292
137.23140577065462
87.67704245828935
102.68439343487421
110.67172053733148
107.5869893767084
98.16009014370049
98.87041832302401
123.95828090047986
104.8137158666969
73.16206823943398
92.77136689652718
128.76047010408107
71.21651068364343
84.31113093080917
75.53668996116141
121.81214106665101
107.38780964022045
102.43571940603056
64.67342989277314
133.13486532555305
103.31168520308857
58.55509576494281
56.096478194860055
74.88060139067474
64.5304736807261
169.0236853796995
83.76164761623848
66.96431076432343
72.60554611930637
148.03004315116794
41.4095667648361
119.36174623310932
101.97361202775548
94.41982323079412
68.51926552424634
58.30660966842148
71.58732452915625
59.88928350234167
97.32453982321783
71.25390727861036
144.90971820491023
89.041125637452
56.5301442114957
131.43381366402517
38.8853362630741
80.44439906583631
155.72867316461821
143.64293147690137
134.50758689909034
90.27450059781214
94.07879336551875
104.1824201132438
128.3562609172466
84.47434722427752
81.2766811093771
111.39582972677482
71.56945910440187
136.83244201498218
183.8232759989907
101.19583432883181
103.6507266638998
90.78677466324866
139.68091353661478
66.28442495045587
57.82993680986019
147.72615181309283
54.357697223608014
83.04432586128046
67.55808407617945
99.2721161154292
71.79378274901865
54.25209981149468
106.11854312851634
90.82416641684351
108.09812226043694
110.58394010952813
67.62965920291558
121.12377671234236
121.62197834335709
72.57104259863519
102.98806169555678
83.62989873791685
86.33435349107641
94.34793301229904
114.23358096447231
109.22016421127307
181.84887447035086
95.09028835725222
130.20028520088994
84.0681167965388
81.57094196343374
104.3124230201528
84.13224029035469
87.9275326372739
84.1616627958883
65.76288594736515
96.27726354383431
68.56503768953608
73.99730985931816
103.60060682409579
99.16082717722242
118.87724410367531
118.3630994240659
120.15397178541826
79.33764206861268
72.6895769100118
77.23776466764714
71.28533883434913
81.28833725089638
146.9448330006036
85.15117182009789
83.25973208304738
150.4295737830422
82.62702065199844
133.89060018746872
108.70227695801246
127.57445572469047
116.78673804368356
110.87425638032407
89.55703636280153
95.36698231563193
231.13358068221407
63.52256553893032
119.43858898686837
126.9174770116275
105.02816186006199
93.23635849846127
108.76110695824408
105.26140481208452
90.81938090264524
95.77067690519618
83.49723323627389
119.43464824933318
84.25527049591783
87.61228639858636
96.1809223765286
105.71482392140497
110.46093609450665
72.38057058043503
84.35902362375522
95.67814510878263
98.20748194618811
67.29162937610921
88.43768749937688
86.42681339737572
156.05913426723822
177.57900165163065
70.01007790692326
117.78777975526222
57.63795586293754
92.02361127013089
91.96489450304297
83.29668396522419
45.98007438161915
116.18109206581391
81.86279336867347
119.89797307781025
67.05367835308755
66.57431536419175
70.01009413463764
96.94883005973881
98.68422018985527
76.8941284656277
76.35497388271058
120.7163674375648
75.28148100923869
81.05194799004431
71.1181389354963
85.21803197218183
111.16606127277626
62.55408530276285
67.48833970832472
65.20164267536201
133.15581267240373
67.6168832078698
91.97883966137334
52.05954772487193
119.52524482338835
88.16249249791139
59.69676078519262
138.62311658376814
104.96113743609034
71.78165443071312
97.3029012390864
96.84070194136314
64.73001612127385
68.6131199731646
105.35662921564142
71.00654285764793
76.17513328871979
79.82642158990384
77.77750450725917
92.48759186946947
67.00733532769199
88.42186122582866
68.44464344387107
77.0716010734331
110.92292377159396
151.2093969588921
59.39337846443827
56.41238445437457
81.67468562052596
91.29882789813554
102.26492621118966
67.39305481525292
59.29657165485763
66.72735405019489
124.37981256059307
99.06319090972676
135.51620822453745
146.86061018558294
116.93132369174614
91.16968563588753
68.14398714794945
130.65413841163723
79.10244971164538
110.91498084118068
94.97017163936479
87.49821104766117
99.14273610864502
87.32296184038798
82.36340557920846
98.76711547640198
111.90471092867841
61.593256940786155
71.8770428120027
21.26339079673259
93.948015665576
70.87819792463944
70.40440867067937
147.31841945155745
77.34469498501227
93.49999211557709
74.46326434334568
127.47167197364658
113.31580595056847
62.458516495161845
110.9833522538216
68.2973547365229
83.87846255927863
82.80903001234437
105.66114453898648
80.70630302195528
86.40588967209733
88.10675595637201
102.85286760816726
111.4230466620761
72.45352690287609
82.80806553256986
99.56501266208863
91.79064178131182
61.30315731642314
164.5403776020251
128.77620928825965
79.73877098202843
222.64908827030808
115.46651264353798
121.43764075262587
90.19900901162563
113.7052097680521
114.62587267696662
157.32474933132937
107.42385870580331
61.34288237885359
75.94524257477681
103.90140634905805
95.31592279178645
92.63639608049606
74.64676678414986
68.07410371890818
93.1312579976051
62.222064841765715
66.63452068441697
98.60637591506227
123.2400893715881
73.45481191268584
83.53014354268146
94.7014922210629
65.29959217228658
69.76718503736504
110.35863410487683
80.77697064589032
108.14044469893147
66.4611211015559
100.3560249471318
112.64652175520612
62.42203702294854
123.38473025732614
77.62595603718006
66.94241170403586
60.2502749972542
94.12995074006919
132.92738921530963
50.0850095027956
124.2379618298697
68.41718526987724
102.00871209033986
85.99337065904898
66.32954703248268
89.94638613817187
113.53351483386847
75.52735995485676
163.2791421201271
71.74374275169471
92.35494881784992
62.66989217804303
112.62567224168754
68.69238477568061
107.76619188509531
121.12668098465143
71.86008903186095
72.00779251159045
129.8881911295326
112.95510450488307
107.85999976455498
100.34289363298012
128.25286068850806
70.07575225753332
85.2019646677637
94.38454013961994
67.16378135718563
91.4474651762363
102.33367330916793
68.13893826895965
117.96835702378988
121.74788509156798
94.03976864298352
72.63843662616225
81.10640458862554
114.14821749020085
131.7133009417321
89.04722979219977
71.66726561184224
72.66935056636112
80.10453252474763
90.00489855782605
83.80777871905258
65.64578918445007
146.06122946118472
65.85007591316455
107.89568773775744
81.89511703650375
131.98793561143484
65.0551498394027
163.83765155366342
177.93878456201188
91.81730840904854
71.92440212757872
201.5993136267669
107.45344005798442
107.57481767674403
139.01563130438603
104.02567341546869
69.65995758855635
106.22867850504612
77.9511283795786
175.33757416480157
81.87991376435606
95.65391130854142
133.97548423849713
107.68771889828712
138.22890789477768
193.1589829938118
93.1554248108509
84.53675716935119
108.02166888152031
104.22801529897082
131.61207913402544
64.49354375446474
138.65842442641355
74.13691794271607
74.77996909778034
106.39057308276429
82.87660722502659
86.71138204771344
71.31093409324248
74.66585450180631
88.79629512236407
47.866857273511975
88.04377899699396
105.97174246351977
235.80723563234756
76.1337034503056
90.88037900456324
103.26350250325082
122.02875053649981
82.13881089225023
75.38799372501754
135.33936814234627
84.28807355063714
73.2471034638361
118.52976794859815
92.47369409886164
78.56863152044191
66.22137015003626
61.21866649625197
66.46040138603236
84.52971165935959
106.40914567584534
127.85813899158225
200.1261491983767
54.777216046145526
164.07102774224114
75.60671709878135
62.639088153419124
90.77645382235445
83.72940358385203
82.45631754181993
116.11524806849064
106.67862601410711
79.38749172073784
70.63049742953118
101.91018887889784
130.3424503752341
72.04735926283831
83.1218626135367
84.40381767395999
98.29499578206291
124.31542234518635
91.62163835218875
61.754864504429406
99.49203703135493
84.78749903405843
61.420563303008734
105.97832747264813
113.95356165483194
84.05800561779606
76.87864468797302
101.0151656593635
109.35013452430165
73.97349420077926
66.48118226198989
82.64520443471821
106.58412798468812
97.67995766703186
55.200123532891496
122.71223750599516
70.6509220190473
103.81140454062702
64.41859709143819
93.91081506828576
120.76367823980785
77.6086700764241
69.2922402702853
66.11835938949216
73.5496942370358
78.41073185501675
66.6113514234293
65.25823942869516
96.37350793254159
62.63749226529847
107.11034801924481
108.01417708633466
107.00925892884705
94.6332175782467
98.77072458633673
100.85742921973129
93.09484687882626
70.08620261909455
104.4504808156131
116.8285001323808
70.73671349576153
91.66470362656187
153.13969320774945
83.81410587501563
101.43769753559356
57.38946876325009
126.83137647474159
67.04716362915617
83.99005243623012
65.2844630517879
77.77011678855649
93.92529093207132
120.5588458663378
90.89082380699291
91.67365152596037
80.96292504769987
68.37691117225343
78.30125744480212
52.94400484033749
87.65136852923565
68.30831021310266
84.84305848401925
150.23719741780872
98.04225370269653
79.85065655637221
136.63158646973463
78.77160166441926
140.979125901999
71.29592222941874
63.43991788883416
60.80307775633378
71.15962401291856
112.98062770203263
107.34587978094471
125.70649822988436
66.42442983195124
84.42620978665659
104.37919252924767
90.21712185619147
61.26096149167366
84.85026799693686
92.10550256835094
92.68525244904559
65.33886233002015
46.63108256526583
107.71268160604848
47.92280010196823
393.04506551753013
