256618.9277977706
2918.689686185148
99.13756679896171
62.963421441501715
55.605736803959964
39.7461046277594
34.82647330504125
25.380742497618584
21.79657051337334
26.668001511943253
18.30697539832064
17.229510287895273
22.237373220408486
18.065412010449993
19.795301610195143
19.93562162413743
23.62693247529097
20.26876496758219
23.812081039780313
21.541358641581844
22.30760056379571
25.271261969544287
22.089935187931488
21.883904918432243
21.131153723109477
20.8477284176897
23.050742621219644
26.195996971579927
25.075737343843638
23.05834648547505
23.251389933431188
