1238.111002156781
880.776647760004
782.5181008890318
605.9726541506664
302.0318350511572
296.81211974505953
166.32544273022543
228.85706296600225
128.90477333844927
88.64837640867958
79.8250530682256
79.51352234534511
85.62787542655363
112.56524527338183
112.16427991747528
164.45794160263986
168.67220735855196
144.69923154177383
127.75587542780748
134.01033052625445
176.43030810014523
170.25324363735672
137.71597310172973
134.75410708732866
119.74843512367505
90.02921900149853
79.4236646725948
83.26382974654595
71.72914615175512
110.28674053909326
155.67679848583606
81.74341071812486
91.40164342316346
74.81876896159935
94.99797746976343
252.48517039551263
105.71184971932908
86.32872001115753
121.46599363405146
98.47226183534471
88.73654682183381
81.171901628358
134.3299465479897
117.24882126093696
85.60665564928574
109.75385788354728
120.20557732949166
101.37330202132921
130.5097115069835
58.43081885424266
160.62845805002823
85.53837472393485
150.9275985104051
73.92444814575612
94.81650713975401
101.18958865156867
90.42504341230382
93.50789908472798
102.16474011378835
93.80861088223212
90.43592358650189
83.22943431446782
102.78685265478012
103.72683553627928
90.40395664460125
108.87658148333806
105.95214641734727
83.91605954307063
119.51384587377589
91.12112057468586
92.20419834834595
123.96774181188431
113.6658426851084
120.90890392496931
106.26411125327162
75.37058650076422
92.29432471752989
55.801989453966925
140.58533417974792
77.60837279925148
82.37725661419559
94.98615773634964
107.58773325080375
71.80023937139703
78.63607500722634
80.26825499510014
125.45965270774772
67.94030164173242
90.36828476114266
93.77947416959506
115.1226604452956
77.17236585100777
80.45287605512665
96.48390480642765
67.55152101946254
102.33100258974265
124.18186804991811
88.91453696192801
120.52077084102861
73.90245928787473
103.73464729901232
81.31558964924483
70.50085375486339
84.52252020579454
89.14760239690634
89.0230407101802
73.82174735277466
82.33563851372355
93.81862128114456
99.14772060471213
79.57192079440746
141.3496529896122
71.62782518844331
63.753546761573965
74.34145853025463
65.00453989598722
56.36640417553509
76.15846554474902
83.62673199372875
121.21659391632234
91.51581359277117
82.95282788964629
78.10566120324461
81.39561496436464
73.9870953581104
70.26771176071311
52.937223309739636
123.49957482212923
54.85026220545712
68.95129095325233
74.56655837555299
70.80061892320604
53.9776647888653
119.53172059193564
110.99975720386814
173.78814311519682
113.02887044177542
61.65266615345361
89.3152414082756
101.76954472228161
74.7208950472644
57.69477291808217
74.22455763331457
75.25273465447923
96.13206501037111
86.83109483464908
75.70385619756232
77.70257433716655
84.56235102088395
96.90623885412482
63.061045166101984
74.04916159659433
125.87833419480702
83.8561647777896
123.85222964358637
67.68267926953658
118.91865171710485
111.53981746815566
139.18558640033262
103.55511880391441
160.5242454632226
81.66205903681939
110.50478172745397
79.37734376429516
82.96332101819402
79.64341398568938
80.21214227672479
104.85904792993941
93.92620882263522
79.37781445491365
67.2473859576813
74.75046405219358
78.31653463657845
58.119101936313044
83.99970101213813
74.92824731324647
56.72324300439904
82.18333630755684
147.58998642869358
83.71336374001315
59.73607047878422
107.31876424441762
57.00502862629024
75.15035143914241
125.15968470772509
68.7849770716938
60.49323846319723
110.91313371324179
100.29570508447718
93.78081386679092
77.47878124440327
104.75924585661558
82.03093019972574
120.68460101572755
124.17812426028314
75.62557845955213
82.29886560524432
145.0284205354547
76.02176138041551
53.19161878058577
127.49875028639268
121.34838006915503
108.05708919062428
99.61898540837292
82.91349702555742
97.92571063059444
70.91800898294133
61.976335525307746
70.30920701625163
121.15647201029651
88.98423459337472
124.79700035547792
82.59045912928458
74.27172250682553
96.61024398669669
88.2693924953668
76.23670213068708
71.87827655457076
93.7094190277457
72.40035738115648
51.72661757337528
102.3484761689575
71.91564170770755
126.69997298159943
127.03902522731232
94.7101073002204
81.43287156311392
76.95990081560899
75.97206164726035
93.82815518002585
90.52711163234223
119.22508852375297
86.59143678107542
98.49584067338202
146.75441209245437
93.20636259342179
72.58970722322213
75.51054560619423
91.5352935632949
105.77354483252887
89.08000322549597
95.67377028356816
115.14725733609892
73.25116625618821
89.3359839636043
77.46112354274219
83.24712736804858
76.65745536012994
84.33539478378549
69.04820273498412
78.22391046669904
90.59421034951251
146.98151191762
78.09630462906526
51.5132094798877
94.1887095157288
101.95177665582275
106.98311454734973
108.06491410048832
74.00467937850472
117.10188847417216
87.04313857700157
113.48132257057975
95.48780469555797
90.79536297422244
71.4662945659593
93.55282641289314
100.42861509737403
84.82066150874303
117.31674548279918
87.0287214176318
111.9349192501975
145.5666924739597
122.03628988482815
83.47449604046959
119.78815808465907
105.6449763749514
99.59289583953048
70.42256789566693
73.65451966538141
62.659202245979586
100.32123189571409
86.73823666281216
104.8452779364765
72.72830465470928
70.0932948888068
127.18564915736846
84.2275804153019
56.00097834908044
108.11589839017324
136.4249888950363
113.86569460766833
122.17758033717998
105.53894977387357
71.93044911788489
64.2414975314542
111.92395409249175
84.81318336408901
60.73895317448085
59.20523317083068
144.49418312597615
63.35900977533653
73.6974353732964
87.23247779804855
61.27292945850695
120.76436105325143
132.11711122120175
90.81677801158008
64.17835792146006
83.96611719634677
68.87954244586257
93.37892471037593
137.8588847495871
82.08917526449831
74.53917265109425
74.0318854686615
69.21432680641384
137.34641138002473
103.78650966246208
71.77931504607392
105.97264933640325
92.50929169987103
93.32939783254669
113.68983607798117
85.25564967942859
88.75738640043113
106.24374151059253
80.08239703300906
99.06733261437293
117.61464929629892
100.46975970816408
72.38651100326992
87.08286120785002
59.285439304643994
112.9729766831681
78.06787633460225
74.20589209855328
101.246656813778
75.80820467263565
73.13527088992178
76.96615793810929
139.2433330163648
76.95272439202544
109.5549220212196
106.61451853288892
68.54140896120197
93.88245014088945
60.064930689595954
86.41277327233924
60.72372810681104
62.19654144914926
132.0495592221531
120.81697090315843
129.83255004007177
108.21993073707368
135.58220350933277
54.89799663046991
81.58670558396392
86.6087228043835
100.26590412470017
89.02159776441074
95.13489212785777
75.35525828825052
94.19127295107967
63.79107709614769
100.12102190614829
94.33410992106236
94.73898852387622
90.17380685040715
118.6964167563277
58.409105596076735
80.19499031927757
109.84386345940243
82.91282847413973
71.89451933157002
104.46300548306107
58.5628992799221
103.46737608145307
76.47783178914959
68.06554473873548
102.79055604043899
74.54849847335548
89.59449346921053
111.26633212122907
78.36777645150352
138.17605723358912
106.89808574350165
78.85743183867216
72.2245409391849
150.22253467214972
90.23658144472654
70.90770850296438
75.18411855030924
104.31474643211543
84.20106017801572
58.82772860630921
69.20666298734636
78.56361251760056
83.10111106232154
51.53827671297184
95.70642485403071
93.70037339920354
97.2827175595324
81.03238894153326
69.57860812856816
76.13982926796825
87.80427326160759
108.75551039591984
85.9010729819508
84.7665390865452
65.33858232773142
61.594519714322594
305.8699103694764
72.0763497653588
80.292824923316
68.7128895580234
76.61664788961076
97.30085393263847
98.19953790757205
104.80046201440803
81.01015063282445
72.6096758962198
139.79085467430366
75.27789665678529
52.518840142438506
77.89887157085708
103.56286559537055
131.553896075509
67.68743696254738
72.77522034625692
74.58419390088228
86.31567868373023
68.17636786557945
69.27470907895086
85.03291769634512
59.12706249275631
126.71510545774308
90.18423324668801
67.69718918316165
84.2043187372968
70.51754017734103
89.53045188730287
84.84443167749531
98.3654541617296
107.39933014186178
77.14796277427985
132.3629922701526
95.9076902828773
72.16672505393839
70.56326620642312
86.7991609913575
125.1007025487414
75.83028190187395
81.27014061317124
76.22463523260706
51.31906032275738
126.03917087163087
124.11316480348744
64.04404593004169
67.4123088505239
129.79721281645
67.11272691618807
155.92311135209226
91.35895985920642
81.0906091886152
69.2427148338911
92.66006357476634
136.84140538615085
93.842388358772
73.48039043274056
80.21112460914227
86.72623014542766
54.52501341588661
122.02284120661264
90.78782297527226
74.70867345962768
82.91589324544901
80.2372815396006
68.60569892107856
98.00509627610344
79.73899080991231
88.25274643836588
108.02877629784233
134.89572303645883
91.8387224120363
80.63495655744913
97.13280601862715
84.47599545716554
96.76100118464115
121.84647592389408
91.26792738118084
81.92128657160687
74.72467580238302
156.08202889817923
85.35527826421064
83.94063566050497
71.5502873575924
129.3196211331237
126.68948064628256
105.9416574350863
147.82340680722515
91.58730083264072
63.20215446630853
93.19652579720069
80.42336080864148
118.13226726036592
75.74474254517696
85.01631400103882
82.09740735787763
104.01753106423723
87.37485698710017
89.16854858648388
87.12423307904947
91.6163421006156
83.58068198983968
95.23851902372024
142.84875158730804
93.04413276163748
80.31175991081697
78.7000277655043
125.8140561377893
104.75950656414743
92.13528292620565
73.5139931611453
77.71091123443388
104.34997848267646
89.10350759041266
100.16979005351017
72.80725281150553
66.10923155222237
99.1134687378131
78.83488407300439
96.28012869711172
147.06157523796512
120.35232546033816
143.55146139667488
97.86322075403271
99.75009113731986
113.60432802884162
97.3380418352873
85.85594781187662
88.00139216613373
105.89521700776265
132.32170043988992
69.43777115106823
70.71141644723023
121.06099854484196
78.97136741515244
81.78233920322707
95.42949327290339
69.22226810149866
88.29395523620357
116.2125930806551
123.24644949513643
105.0939206900791
65.06616420132326
73.98315454077937
101.87699160905652
103.33268464830768
86.48878307540296
95.4429900585587
78.48908513911869
85.77639506531953
64.23010016440762
77.67158111791278
84.49293950141397
107.10595251868189
79.03107181594677
147.320470756875
75.61229924467862
101.2702922090134
92.96702445935904
91.96165122562326
101.79619671961035
70.23247198698127
97.35360696737112
86.40748972689369
63.83280237425629
77.41337955431648
72.25033765152136
60.68012363003348
75.32241184553632
110.2924760797344
108.81563984736462
65.34780300556875
152.23151115595874
63.6274444325145
102.04605952966894
59.70214719585698
96.93144450392238
91.83372522618305
94.7732958864369
87.90334583901223
71.99384398603115
136.72646168848243
112.46151322843214
96.76171097694733
100.97230140969869
61.7390761589073
79.29988764938254
96.9002402911829
63.306217141634015
130.3418515922363
108.41091679798069
97.0345445253583
82.26685535440053
63.09904027840967
74.41063202800055
55.166875092842446
77.16019199164779
100.73841355709459
78.9801406915012
60.99097190388307
110.2087324040265
97.98048974716836
117.65828074150552
150.13573645638832
175.03222515829307
70.36141658773161
93.4002467843847
109.56971695229478
118.9311113615954
94.5420946730188
85.13033813515547
71.49568232628353
57.041007946526534
62.533467687582124
69.53937810934812
130.6721088582625
47.12286114003438
87.05440934807632
68.23699268253573
50.399181272669246
69.6327201162269
101.54627256635504
187.5324714142161
94.29040402579851
80.87680850997775
79.43654538496901
59.70702429560413
108.69182083257745
110.27390217749773
104.22893893877539
78.46871435603339
76.01561649651931
87.29151966510442
61.98572780722015
126.33778883491631
81.36966518455625
106.55185466334231
91.6489100491661
81.89344478609247
125.73607292958143
67.12913763464282
102.13017649949659
122.43228365804598
99.24999026575854
68.98920239118755
66.95765338955127
77.2619661966305
105.21135070371206
79.31181507080045
186.6304935299308
93.7651091782413
62.59131648230044
108.04511866709954
86.55318749807385
111.27529184662835
83.70083010698612
78.7574507509057
57.87557122616107
150.63768183562607
71.68886901332768
110.0298184785383
112.27951504097862
75.53449533216131
62.64637936012038
87.49553226870185
65.9982384269663
110.04398796696077
137.01854310200633
76.80704166958874
85.32641078129694
112.36235484922106
97.72927262088406
75.76390761978523
118.51314541781379
76.98474792461445
70.38932546434432
87.3410084288633
77.03031946883792
97.49906508124198
117.61943275920781
108.94168243619787
72.40683225879218
74.68891130853065
89.30020881267663
64.10336087701253
73.74981539196011
110.4876876804427
64.54184030424827
65.95535117268335
77.10186770223729
69.15818570605147
79.69993677413979
70.9027808358993
111.06716492691078
64.64204362968587
70.0700319265945
98.69363714221473
151.27576855742672
103.43672859688601
75.789875335928
61.802161974834256
129.8815010283292
65.8921116394493
104.78340438278883
121.0305306275315
101.88328755814788
87.79282448282893
92.39335802888651
103.2671421577384
85.39906737932291
92.66058375564353
69.4273296320447
106.9626519093572
102.40396796517474
60.65886000401609
58.70870424963932
48.5161704592823
84.24378112117601
108.73597281194844
94.65749168867055
77.98914258794737
89.66373369839967
93.21620910389773
71.67437404939639
104.18619764686821
101.92016367703354
128.36582882266617
91.90574167718064
66.84527581042575
76.14186193641584
91.46085053631025
87.39462381819199
106.68480687034953
68.9453340079534
82.07131161392095
87.89252131059314
59.896816085512526
64.96452070955475
62.54619837947036
112.76945324794931
72.39166349017013
75.77513891825936
59.081468125290634
116.64987891331097
132.57376943531446
61.79865187575129
73.30176843164135
105.66970839185635
83.26908566495997
73.56546753064443
82.91079264837245
91.90455368690128
63.16289321695354
122.33592436875907
87.83982558014915
57.902886591601565
103.71817008168604
76.93541558301621
122.98861955159846
71.39855443416515
116.17579819055139
114.20404190493203
104.49939288373744
80.57773666135098
112.14678510594089
124.41238920962594
86.06250789665799
84.5612599694266
80.8356328236915
111.11344269065154
100.87179647891153
84.4135658776047
162.52618425974612
116.71306970276211
118.57234598666338
64.49644187703197
87.53873082763516
75.92326499939517
132.3602437311594
136.34163146929131
69.1800003422803
93.67358439876693
99.46907150877017
111.14129791105407
80.0005795495939
80.27613302559227
110.2596423611894
73.83620155472948
108.78493695946318
101.54782843729969
68.14965776041734
76.90511960359095
109.47390415914562
88.68655805804939
98.7368020926199
75.0279303698688
142.84912528300399
74.63275728948649
122.19009887210763
70.72708487178143
72.84174130384554
92.58244723016331
64.17306332504694
83.75607862201034
70.97029244047526
94.7823018838675
85.2964510415924
78.93879578776539
71.25402899472626
152.4967093611091
73.89865361400805
64.16690189273247
134.34138746581246
111.86024445389286
76.67199092053156
95.80263723203292
99.24496143521876
82.54469845308272
118.3887202871083
75.22876918063129
84.47451975492926
89.12592466820666
95.91638667603681
128.19158768201913
117.71929685216016
125.19065280224177
122.09576317156066
110.11658890221496
100.97700487399793
98.78981488190045
109.78995990289175
121.50822131159438
118.80997301183524
85.5936506373357
124.8173258332574
141.27970265086333
86.35680849394848
110.44857682373126
77.01496568155065
62.40309278045392
81.55314542455268
120.9751809552376
96.61028712689189
48.55649323685001
112.49022230019776
81.49549860372181
84.69850125307025
86.30674398652002
98.56608673454437
91.13745286606624
79.11577520538097
49.59945261904618
90.36027504970657
124.62859022924052
99.17287777356621
83.51209043764608
72.7254206295932
81.48643657201035
108.19199270589436
122.94563441370998
80.07345761562499
63.24127557911938
100.68196289554592
90.35343744001314
154.85741338553183
107.64072882651463
115.93027850650708
71.73980978888731
88.45496976871321
133.6471098835682
81.52864742964755
94.84940632112581
91.24228157297388
111.49555135647367
120.04152480363788
98.33941287268934
183.8303933070215
85.18725527600985
98.09429351886763
150.01079474732597
65.23921792732212
95.84221047410931
140.9342449682877
84.91151663676465
82.27606681645399
106.25292150955524
93.54946496689361
76.61285547199354
84.24984467331817
74.00978792643355
94.25514517390015
87.78513704504829
84.5999132867237
59.698267647715866
75.73736214037038
136.03642933857404
106.43413672948898
129.67870787426824
66.31135739955711
70.61457699626149
110.43163069577078
85.55586789793715
99.43369029499141
76.66572715150153
78.76973003427614
70.60404324838852
79.55363754426162
143.16937676080744
67.32047993260936
65.22599308641539
77.93863993446921
78.36099069731374
80.33073769624453
86.10030833197588
140.46810746739277
127.60492221595665
89.71537298692508
77.23970576703753
107.41221281091372
79.25878998532492
103.77216034069335
82.47376472795908
103.08908580414698
78.98584560915285
75.96311428864728
102.55672123679756
84.14755502361788
109.63562831021328
119.38019726503006
94.038153317401
83.95127059175623
78.90523490735177
82.25309745525585
68.61160423939957
115.880337721935
88.10249914718082
75.90876868442888
124.71378445430392
59.94533311734563
70.36328704442171
103.7458853479323
109.33137428586419
120.53042799244213
106.89266794685312
141.34196962676117
144.00209486668268
75.36626975167708
125.16385997768167
107.85205420646295
97.51767517180998
100.56595770181467
113.37086594456687
75.87828122939753
73.42113996178819
77.94553662314435
90.19807076682517
73.1160006393593
73.01718131210173
114.3021735176502
151.84268431449163
74.04458781696277
98.38366697812869
132.00685456119191
66.10006422739683
77.27040617678449
71.29677107345755
88.50175350251088
100.8456320181618
114.22549183323369
61.346713057615766
102.21189329076435
99.70875349127118
116.79444770901819
90.57956535750759
144.56348686909175
95.46535166452647
91.84047346908115
69.47884932900169
79.58176870902717
88.24726807953344
107.61456105871139
75.6292401512071
79.8738517391638
78.73933159144264
81.66697681136496
89.09107344012074
107.25168079206753
71.13400008326089
83.1190099332207
108.685515592247
65.70620747134033
77.6397749708045
61.959492761841915
87.34681578650536
98.10560681531658
132.26074278427194
73.29160554929479
72.5879069110634
94.85836475723227
102.02239108749997
77.29799669076498
89.65906648130371
88.01894826120983
100.86902054792577
112.50104787695261
73.45502802646224
97.29080187254195
91.00598240746413
149.1789125929978
124.66836154306714
109.34762367272587
108.06551493681307
78.64652015081678
79.78052651886864
107.19052785238297
64.49245510002113
100.86235038819973
70.86484264061194
66.70976728688534
57.105019239838484
116.2726093531708
55.41365088155932
65.1034492215191
142.20755512575394
140.32639186922512
98.16927895887119
110.70460191415137
119.49054159807287
91.24210269926158
78.66461220821925
87.24598890782838
93.02183461844649
111.28295311604788
66.76377616103811
80.08999244937273
62.29534259400494
64.21092054858732
109.84880974342659
121.93899288731751
79.7060150518352
92.65887298233827
72.85120256723687
83.89027521958934
132.0585813779425
70.25562838907223
68.49659604902865
83.2821788313392
134.9800070797183
96.17685509308626
165.08896206496996
69.80216679451331
62.33084776762031
60.10028951249129
101.80678574230816
74.46223628361402
99.91872766521445
97.10323898036818
102.25754647464275
92.81388899848143
68.71050223141823
129.73728570101153
67.34913527514679
76.75156018547129
95.80910623114167
90.76655095565901
93.77721309627682
99.44761386344419
75.60786709267046
81.3975103512001
73.19195762105647
100.72259696378552
60.32474604027254
86.15095340127151
97.67747897789269
61.10599442765966
72.73792180411279
125.53521977044007
104.34581464406824
120.40050153939694
94.39340253905446
65.57069972497106
91.98993068216949
131.69047708664922
66.35849069269216
105.36184086529407
112.3676135352924
71.27081500907042
131.04165553249584
99.41002002622736
84.09871698497068
82.45406053325127
79.52137859959232
129.5829763819617
84.48899740254163
68.16916652351304
58.9790145231758
66.2381016424775
117.68278324248183
48.47717787709803
91.41643984500357
67.81923064799255
81.98767067387011
85.52338568327558
100.24149583225024
75.98210925277091
106.49417848677874
76.14991729869283
75.22845614982755
87.68081033609421
160.0304246353025
75.75906705658713
86.01050097005158
103.51972889404277
62.42713924263644
25.203855722741014
103.96983832453238
108.44108100623409
74.58295569129383
75.91939885848873
71.07811502591761
80.23686729737449
90.14649166564823
76.77463957581047
125.92858032835595
124.3765833621368
72.51610223566487
68.89026460840472
77.68950687130767
54.320128046732286
94.3412656594407
98.46233620419919
102.27293313514745
90.90975920700298
72.33065756502202
59.96687473509237
151.2603730943243
79.861766657469
80.81136014417196
95.09443754399642
92.29706877098572
129.2464355503092
51.27109573690378
101.21173316995866
76.26206883037418
115.52631061019778
84.217811283326
99.01985201257547
71.91024509291275
97.92180470240078
58.78193362956182
60.34873088330539
100.21990733484074
102.48101556420777
56.225395840396054
55.06339139085996
94.65909194920907
88.99573096070962
78.47464131426038
138.42135566020482
81.20306263929162
93.71620926905454
64.93249407638456
118.75883643923888
95.48614118881123
132.3974591663588
84.77715406626834
113.86339127339566
118.66034420567932
97.90643135476428
150.27438478184618
79.96497132694847
86.66579403607213
81.08568218543154
78.39334225458266
126.07367865090482
99.41383736727988
114.05272247378662
90.19620859930646
68.59106742012396
110.39196681815453
80.56499870614809
91.415533508306
82.51147823603704
116.25873541753063
79.18913061858187
81.64191653634084
108.66707634938628
126.59333220690866
93.88806373181463
78.02781094066599
100.45577826049819
60.95375676209549
118.08269858486594
64.27005801076339
63.14048893473585
127.24979460747852
85.54817232955426
71.75348229479044
109.9338773072478
54.805060581303444
114.92651806777718
155.58080566266693
78.30240456448078
84.98613482305073
69.2428610502105
110.67976467654587
80.98572133858116
74.87873616549699
79.2755567016586
70.84737468219882
95.26921290126855
127.85886006522512
97.32515033030495
106.99088731612203
77.47562630973731
70.57819436507397
76.04045409562794
90.87169990564736
107.85033986840781
87.15999274444364
84.60783434060819
85.2291424161176
94.09882492227975
91.07289523424251
84.10514869651642
101.4502537111491
89.26973297252967
94.77993808221616
56.99787652207351
98.1907553539814
144.9901957989386
113.5704566865364
107.9316347852994
83.2661450311644
100.13999612097477
128.38070676573113
115.0746199369292
84.90167087860796
121.50013670523477
127.30082321313047
128.55712816889573
75.49050930854236
76.01541050041713
89.16483578425263
83.94839096535289
59.65948559474838
97.82834271506535
142.21164427277193
147.65727416305705
75.99688157288097
70.05318165674389
114.75471094303984
63.15417193099982
75.98596122259738
89.53263420981979
96.46319232279382
83.82243528125981
97.78808137517883
66.17591712697826
86.60246197938417
75.07880151145969
131.26483968332812
73.95433281259446
93.5011285419775
74.79809029765222
85.18953284512682
69.38345851243687
91.4670099343024
105.40213370166728
87.25619418419147
69.47074053714772
78.41542157623638
73.55028161776835
134.63960616416227
83.98604781736066
103.08334223668723
96.42199915657761
61.04682278583241
111.87667776722176
69.92684207409299
78.21573143298014
92.48333745051514
117.06500181279773
80.01011434187323
133.0263779060432
123.11460863725856
97.56452407097585
123.62356742577829
75.03134952826044
68.46998295021591
103.75230319971234
83.85821947732674
120.9992812783674
91.7698558361483
87.76782546872587
67.19636656837014
74.56902557511056
82.72970733526013
106.35923671492506
65.89226516630427
83.35766877208106
72.40938422797566
87.79382607253429
71.79293712647845
96.47618602528394
90.27220163856732
63.978188614530715
112.82510819189848
91.19535018956668
103.76132558109836
148.98291787718202
139.9671163185689
102.77111778022933
81.81036240581324
89.03825001294398
76.89552996406869
93.28219039389286
134.7271589262365
165.23847050394204
79.78543873156238
96.97786394821564
114.16610273901584
77.92211009081966
80.94845451327363
69.56420293418151
75.64989219705292
121.87694997364602
77.92068495950699
116.53758782784229
137.3100865018857
99.7303888070068
102.26647591635304
113.37866113943133
63.09714265428175
108.41673375118626
114.78851032110944
91.09581810789767
75.91156233799622
74.63097156447728
129.12194507502807
74.15763423296953
80.51886763406011
106.8214624066742
66.85379443962364
58.71708426952901
123.255096272683
76.36727025327004
112.83597462299167
109.29332444988438
68.52631980994232
77.42783890137584
69.15383680171826
83.15206427340739
61.38190649890095
85.75452063976881
115.35604431404917
79.7152343584219
66.22514456755417
128.01915049601055
69.06457348533152
73.93811424508145
166.47163366062617
75.64845591457463
90.4827509327611
87.65374265749188
77.80335067050295
110.33398124654352
89.96084939971126
74.7752319894507
129.9773543491928
62.20799886203402
81.20722519974457
58.72145637453463
89.93489188241558
94.04173833814254
79.31547198859025
70.80889471684127
91.79014058526953
124.57638851331538
71.88320563739497
93.90143991414492
105.24322116252873
86.272646382962
91.89846088873588
67.8748217673656
123.24675043578462
126.79234086367812
77.43242175824625
70.76986653253233
89.35071229460186
77.74944495575082
69.55724684552716
71.94668051797221
68.28331787010113
81.82775313314092
98.26063838650245
41.736167139850636
77.66236607167542
128.82483469300968
93.36072262059258
101.82298755006478
120.30783557064176
81.48198999814932
106.85038592334371
86.7957441464621
76.85135141244382
103.09160837710441
102.0411764673486
58.25967885799892
100.12215581940764
68.04266782934774
108.63464601769934
112.11304405125568
93.76851851314292
134.65379864980167
104.71783088320417
104.02284711988933
75.45900310316529
104.55302886643265
114.1324653675962
76.51303093552337
62.87672477557804
101.61756820397787
67.60959584810678
55.67433500467733
74.50281108669063
129.54703397780892
112.00130296537525
110.60234950130872
110.96080159478907
79.47937679750787
132.77522333169765
71.77584037713866
134.59199025283215
146.4567174947713
94.83401147447249
84.46210384180188
78.43745760482126
101.32648963105883
61.22943271298501
138.95017379436405
108.6685008457651
64.20626959264524
154.8624689869891
90.23388923901476
98.2710386048041
171.1707816006246
70.83549735896149
97.7550457515166
93.07391633286349
72.56848929072326
73.64672602770028
79.76954824074338
69.04269475379728
123.95356567832883
54.46732400028533
81.09841031137978
90.36313151212275
132.9904340833775
54.138721072094064
125.24400164892555
72.43735407202874
58.48925777186593
131.3879968529634
100.27530692232342
130.6738045453925
90.60679292466814
94.15830114456901
88.86095398846106
87.96326325884279
99.75482264848068
89.6557545803828
69.16588373050814
114.75353374458123
44.49204560772853
86.26491020905482
93.47861317685197
88.28378862313019
113.93119387895668
122.95288125370254
87.63842197899288
132.0375822661018
64.77560257761407
88.24410779974824
85.9196909435054
136.67974520452938
81.78513167357038
133.29281568324686
63.77124872051782
78.89640501545598
82.7450253132589
47.913153243001176
91.19491708690374
102.37141477431628
102.85774805216286
153.81941624645629
69.82880299943636
85.1470428895018
84.5951353120839
67.08668436376308
75.38759764844119
118.74769784296706
125.41586094833639
131.70926115478753
94.90203837310098
100.6164907795577
86.630832946863
73.06857429603107
89.5925714557368
73.75092243067621
110.98504745191717
69.66429024349723
97.06449350676588
77.2357909238563
93.05063790539883
57.69142104822416
79.69278678906147
112.73972331126095
73.7350450726293
69.18676640931699
83.7894909383612
59.03062542244317
119.93367334636291
67.13666068758667
83.21714787240775
114.12470069185207
92.3001250725257
90.46304211177653
93.93216750945848
69.10679369748607
108.32911276360147
159.47386363162968
67.5526620418961
92.2047055283644
82.05469275226402
79.32998724208578
96.89920120384421
67.0637850027841
104.72566282957072
104.05015436312495
173.1188879027253
74.57559298295891
93.42161512398927
194.2118130473132
86.6336450209486
110.07689277440032
75.47064815967921
91.87804020246134
99.5355989050011
110.01531008175492
60.65617353682915
61.3227259171669
100.17322831502055
118.55478623449174
48.524102842678026
81.92296752481008
72.24966767603273
58.18930528124476
87.30302510337744
73.1955234543887
86.7449310249667
74.52747577482089
61.79083772592092
85.84592860463476
106.435256351916
139.86984467454306
110.43541226429232
105.72832916073887
71.33571000139177
89.31236248877423
95.7968301320711
99.31108582756676
105.47282910948029
87.37764633753413
68.95185320370544
117.39566711991935
86.35371048498409
70.08917578792885
80.03423878741067
95.28734950674487
75.62801273982608
96.01466995564935
78.78247439994382
70.13256286495607
140.73755174321147
113.01506060427067
110.58987498064315
92.1479402835866
90.11420324204359
114.72286270549156
82.56253029902479
74.83684344943015
105.52657421415222
77.1049478794209
75.19775378671073
120.29111701013684
72.88259433976087
77.21194377064577
80.82253842633048
103.04032998016316
106.21516454851778
83.0650596184698
118.07253446992468
86.74772746557463
87.57862143799578
78.49405840244562
74.59118780544594
72.9125588358088
117.35990887376686
106.13433103607373
82.65190659192541
97.44000455482485
80.17283968297986
158.23172542697043
82.4897899781124
88.64639567198068
88.17117038324174
117.21159716549036
75.31088904947619
68.450763215692
101.71990645757435
57.887932572611966
120.81379653341035
112.93676623120152
100.09334500571849
84.19559990346247
154.16326673957488
90.49755591681799
112.45526215465537
91.84571345591459
87.47474336273714
96.96116002894867
109.75344015148893
71.30952947858617
94.6764821329517
82.60131874804941
107.5318275691852
111.38893157975045
100.35261955669314
74.91785070659455
68.40249816079987
91.77643135379807
95.59336561784419
75.9565647630765
79.05762700044467
77.43979834942148
116.80112249775598
74.33652791791386
108.0079944652876
69.5094879081279
54.93931929152163
61.09145514121453
70.890343922271
54.433677104833734
94.14523371117534
93.29486593811752
154.93228322404383
92.00931184085691
79.15248211729443
94.12521576371186
134.83322265311915
101.1974536882762
100.85704552086645
59.45208211772619
98.61779806415791
75.49936232351403
67.47750613599489
73.33917306994529
125.66984971023439
121.53508050477286
49.013552491917785
68.54954488675781
91.65333733891413
83.51221429418774
114.15417001327184
66.09204561637763
72.58158843157419
111.52180243098462
95.69829173046743
75.50524213362276
93.37931135549843
94.0041594376954
58.52865073956125
74.09367110379966
139.27630414086386
109.2870548004625
92.4089590270806
95.15729381635938
74.49673237028581
76.5586556062774
69.5243349608486
127.38879602408153
107.49854989628973
59.93277523205233
78.50583634823195
76.04106478841577
133.8460566430864
78.30941305415816
107.59868768508234
78.25898253516648
159.20378939205946
81.36114945922027
112.4533039480238
118.72578272448126
64.46362034387597
80.3888159775306
104.13949734606824
70.53729091668005
86.07557780804532
160.6586369534387
55.106039259693
108.49532854210176
79.26800874505344
93.6876110707446
91.77854595612898
106.8631202775735
144.7477711049076
103.6805492384232
128.37781694791096
96.37050326345722
87.63995935376181
156.0111411058258
95.63894053556447
97.6615458411177
85.50160918439373
47.24290561519361
118.8396984084168
64.63471187883351
67.75552003431325
55.34530094711377
123.92288314982278
98.79482656869038
152.75385114694885
82.58014293916814
94.84347751716449
79.75494816873821
109.83606271892639
137.21429463520823
67.67021677038211
102.15595780655991
113.00762453924578
81.25454669317685
92.43134506164466
130.36522552045855
82.21736556484723
106.42780587450385
96.21157276384994
70.28163148942338
93.24409661121327
67.84557941157887
67.17194229115047
111.72687698852697
69.19290115100176
109.38194307869304
139.1419094631712
156.12781716927861
71.41317868727964
108.46686802954216
73.50208151853221
86.79951874584148
97.16296862910836
97.93165516895932
95.70588079042153
89.06660293359862
145.87278524590425
87.23143655447839
75.392965649534
67.23758346742514
63.24269597443563
105.3785911809955
125.9694411592037
82.43576024299286
80.26173050079109
98.1751197762145
208.78366016329747
112.69988211178166
81.40391508493879
86.17843213082051
91.79515498243296
86.29764277384825
84.7059812604983
101.69098917806842
96.11246701975816
76.9113383757301
78.69050042891318
88.03016295663484
125.15337796324263
128.8834490085808
82.41778689906629
97.88956503298907
86.76607678050242
94.93408916583617
86.35437290033502
64.79225425263651
99.53272288368906
71.55765887230869
60.550032264830435
91.85841952511208
68.98146599519825
110.71944489713852
94.9330006691289
68.93444650029596
86.62107812161341
88.85229853904507
73.5620301720802
164.64719578324522
70.696523898572
124.46152937888446
128.31201808623075
65.30771032263519
116.63933437672243
110.8811985725263
111.55724790973305
69.59994634418383
72.33823001379554
82.26701511441924
75.5887111882026
73.20484686024939
91.1145969629756
81.84658866218375
76.56205991760055
87.11639893115475
92.24362356296852
79.81074153916245
95.12145386853527
129.6599351971191
153.4441746371609
87.70302617555464
71.0887871019924
84.7740454532336
121.65781033191945
108.06291998527561
103.51878606398088
77.17192416832378
97.95112581557787
74.32260367144788
127.22280599857476
85.72456415302322
73.31971393924445
50.11866067893723
99.45795038576371
68.03902093240265
58.615599959699146
124.24779261901698
69.44121443562763
80.95774214686956
91.49306035736538
92.31934365552547
117.53330800795405
111.44945807574229
84.03444347716493
80.5749598500713
69.52279826139231
66.93253756337391
119.93555827941091
113.15945634923017
80.73334163034419
54.40476792835931
81.26804970292176
68.5444071189615
83.26568941118461
52.660013551658515
143.7987250592773
56.750138493090475
73.09030887510356
87.69032928828258
96.60342596269727
106.17174805388503
78.52414262008904
86.88760160231598
59.90125757267785
96.88287145635259
101.10595841313202
82.65598372616074
91.4406027987924
184.44488795773813
97.09166832256612
85.95758867305483
91.32640226155428
87.63984236180652
71.45620096117688
78.79460594283081
148.64785181909116
82.65156567178296
68.32977528466006
87.91772072293304
83.5311476397218
121.22570093577387
76.73078924377718
103.8219123850242
91.60261799262996
93.5420281703434
84.89099065410231
120.61025997124158
61.14133049492809
118.64301805556985
86.29749436142525
129.58070039369517
96.49425540341402
88.55158488717541
51.00954355788686
123.29108571445889
89.2911821156646
125.63662872443611
64.4435753887708
69.43015785522397
55.35798827614661
75.40813017267449
82.22910327750745
104.58061902999927
78.77704314824089
70.94315289380847
73.67313155208791
96.2687883198088
65.52930971684403
77.74747108979405
69.17176797238157
121.96663391850524
87.3940065316878
123.81022560307319
83.91909564386727
136.26696241848234
74.4297894253463
67.69885029641102
102.14751696174065
114.88045142804137
77.54590719202503
64.93024662931717
66.8847226142664
60.71237001461478
64.83356602820648
86.72613462601994
74.77924920390373
94.20600876160964
112.86346662922699
97.62157892005649
79.1346754686099
71.70929325717631
101.57627142596138
82.00434739370604
109.39574821070079
57.46294375947373
65.74220745596864
87.9604896520198
102.57215041847942
87.17940968772425
74.03965193887798
91.69020371105412
109.3806814044515
124.57779556767368
67.69589346785324
111.36279758471154
59.00420055993199
66.14376917207952
74.100060762273
126.5667210402789
89.33494920261914
56.344153725634904
143.7963478465232
82.28620414611156
82.62962391672693
