113.67387708244814
21.722330378693982
19.29604984349819
19.35829863758506
19.337028315615314
18.284805273656186
11.560985323131051
10.21404129815792
9.626815445661583
9.510459995374445
9.071167514332645
8.896610026276084
8.684112574832579
8.63318628072402
8.559781760162561
8.330860525793964
8.402536026718309
8.316620838314346
8.348242092153583
8.29554962074692
8.23698089354546
8.186115407994535
8.115063284444222
8.08717981098956
8.075294217602796
8.135559170748973
8.01883366641686
8.01671498996729
8.046118860211644
7.984008806574041
7.895912845946795
7.926349903370639
7.842116620678937
7.966895221866258
7.820559802285263
7.880609311184857
7.9061260874154105
