190.50069153226272
132.11465012345482
123.00587102273116
112.26686426345451
104.98409565410971
75.49753072295222
94.16058950189145
77.61061648431163
41.16626723601123
29.271056462955798
39.100440177288526
27.321978296703044
28.86717118439927
14.202808434637218
17.657015814184337
30.03891681118858
20.164307514429908
18.32090147716116
22.31503770890675
22.949948548620558
19.31039462675289
20.43222673483013
23.88910020912828
17.68925533600678
19.461357660994665
22.952588959922014
27.230050062671246
20.022778628747297
20.106170109496865
22.08765148194592
11.171056854943632
16.818659312084304
28.989482598872744
17.614591205379895
14.036066288266252
23.87657319504134
19.973705819279047
25.154972763588635
14.132519181124618
22.239534308581167
17.577853976812122
18.821987937750684
21.093277592313893
21.329982421416023
17.03477648854417
20.014309025942456
13.293368282389148
30.38771781229015
19.987647396525666
13.418560735073005
19.135095654560605
9.48130585876723
10.202930270001154
16.433552442166125
25.179049434520213
32.708768722126685
16.679452732831198
24.06662027224952
15.427814388605613
14.971971447369611
19.785641274206963
10.530351637579917
14.051504394469823
23.040517926358962
15.674274337196954
13.702362940420873
17.693170827384254
17.50955320510058
12.600645751525388
26.886435225548883
15.958194836612183
22.837957408463385
15.363447198565366
15.503891666482378
28.568144757121576
16.28397389269137
22.179973863758583
28.94773186403657
28.76880735960972
20.098915226741475
18.940221605641796
20.02517734084584
20.124694365351665
22.04085047751167
17.16557702552546
16.406756066557033
25.446089106559235
21.063058776492102
19.600901321365992
19.956178027030237
14.790234335725657
24.124521936730666
17.596140982769263
21.2463977078903
20.601980714387697
15.110607629043615
23.92762772181697
19.3967210574446
22.36762412967411
26.279679403225227
23.236652596251854
16.516336093285407
13.345153001973056
18.84709172411131
17.164602714536382
14.71604545629848
12.290097224607516
26.247698421236677
18.63581683418102
16.067287981515936
20.830307674836398
14.308644110045273
14.222193397267821
23.24888413444695
21.764578915576134
19.80594833958657
23.274728475639545
15.40290124051504
20.448312450912372
11.568775068605989
21.96496891216392
9.322444096966516
17.859749336764366
12.47224205991295
23.085841030209735
25.737258624276304
20.822949992895097
16.88104388423907
16.413119320390194
18.197914419920476
20.887915948288914
17.587289804110036
21.515637873111213
23.116465014487165
14.45639089294865
21.889975477101707
22.007254751984807
17.07598764450989
21.13540377527491
12.843993697169894
19.979386288886193
12.627562567656197
19.72289586504094
24.30834669554549
21.346518545790673
20.547208542793697
21.63756595567513
10.924898244796783
17.225470777476115
14.153718359581308
16.558842493509385
20.498112762639135
19.617126002701234
13.444606953287098
16.176558510713797
19.237244929857564
18.827965186780766
15.633163118952394
30.39733125102696
19.7941804163668
18.758911193895493
14.066454103001611
21.47777349628178
13.34677056623788
25.60765167534646
16.69340404163503
20.736239050879092
17.18125685896584
18.433784133120227
30.817629367515014
20.11827159477615
24.359020038798494
22.22690662030422
20.40751817113863
21.685698018831715
23.119530383230217
19.827158642241844
14.615833651854917
18.593611558243122
20.20818406886746
18.625655640215864
15.893702382637317
14.1050220098978
15.021344737061849
15.747810624788784
18.831005233076453
18.039614941028624
22.376885967847656
16.974948613394705
23.667147262503285
22.99615318486252
20.688315807508843
23.426343710054805
20.787588908591342
13.091884852537305
21.14961529710665
15.089411926130971
20.852477966931552
12.8639586438332
23.853001652244952
17.321496931485907
21.6969519616591
14.834283700477172
25.184207288221423
26.170169359655095
16.444487079808372
22.9976345351407
20.927977774618213
24.80872389928136
19.87527470193604
22.3152849086697
17.67860908486992
12.799262512929813
12.478616481915546
21.167767860309112
18.91840195004768
23.690224397727714
20.015500070392665
16.409438155155343
29.161300590492807
20.745814341285882
19.137748834321933
20.164440994477715
17.546675288446266
18.061157602897172
17.770746141138762
28.799342186370698
28.703571808284998
20.987992692383855
32.001338654517205
20.129594982427403
15.478561712939499
20.148564095753866
12.839649853490345
24.091139097315825
15.324381233115252
18.834219902454443
14.941643050366618
21.854087731350482
10.56949918168564
13.966481283483928
13.568047874663284
21.23328881267865
19.1743442959262
23.578754248802344
28.99751571643626
20.443347974444087
21.196375558966995
16.672314777995755
21.84718689256295
14.86830316411939
16.223536985625696
9.618316044366608
24.65700804096577
19.24715072145455
20.427831893338467
10.095719437021017
17.561103026221392
19.990911643055718
34.079221797717665
12.018427651655793
20.7771846306595
23.062989068000764
21.60299461835762
20.137980423966464
21.51795331518331
24.31484470948991
15.874763909638318
13.26892721725616
18.37609404931274
14.668290855992424
21.26983975610211
12.556526984690949
20.918402723408278
12.259474633625556
27.14915211866762
12.571667925953461
18.878103574899157
20.582393632678226
14.111441526844581
25.166611531477084
9.690916966410368
12.160531766973014
21.647580569890167
20.39312866016134
14.713798901908099
17.489210243608706
19.240303192923058
22.035726908536653
17.36226118112182
17.068813736363385
18.514818036172972
24.878276913502365
12.411555231120499
27.616076364536507
19.637133966165973
18.169903636778443
18.180984697100822
24.363979615567917
21.91804068878953
20.136731872725136
21.50380271909794
20.882183751290587
22.423021480424925
30.500770247283736
21.5617418681027
27.982182460736325
17.35479486973077
22.540994114059412
37.76377482922608
15.069661558104455
23.120290975093763
13.762929240769747
24.802891854953867
21.452334809666745
22.9517649481431
18.004662463448685
16.361466724349548
22.037059694070383
23.902228811439404
20.999525889522833
28.492454845921966
14.49033210932121
10.734310304391478
15.9594234669246
18.54216189762919
16.579691350061623
24.740631755764262
32.937705587251884
22.625561986099658
19.021629676290356
15.845190429053776
8.449494526532156
12.027037398416903
19.98684870537567
12.391696544324278
17.823126471642336
20.58459818984131
18.688352092576537
20.07150516712738
26.897062202609558
16.97985752062825
15.046553077753344
11.552416494711686
18.3364205996478
15.623422459116245
15.515105798463424
18.1144737632317
26.84669812206968
24.4989706209293
19.72483569750268
21.450570167859826
18.06950665833463
17.70261975544256
21.97144900679634
19.043528707185224
14.180079291754065
21.60789964136224
21.05916491451572
23.651140458709428
12.893330365296771
8.894576116626167
19.089371342318973
23.577110697614078
23.42142056868442
13.611441503279288
28.596248414044016
22.10305522307932
23.882585440670738
14.807319366467219
23.368653444974147
15.304753263109285
15.745893009865386
23.572294862328764
20.874473393962816
25.442428151229347
16.414266230005435
13.91091522234166
19.10461327586941
18.61228411239651
20.039167278712792
10.148312582172625
21.039596643989352
18.771035481206237
28.188553022106603
26.283943432899008
19.70700732085232
14.845174733302658
15.869777478210908
20.17966008884055
16.93384554032669
24.319231230851752
21.559003764782897
16.174567827875446
13.721944648844802
16.09721963967762
21.10580190927758
22.746496002844943
14.926041047146942
20.631627049544893
12.726909564516081
12.838959765319565
17.688892367176642
22.310734639275676
23.438480558801338
13.42692792629056
24.086674359658574
17.44386093918263
21.153408776808806
13.683190086973877
24.750746506223358
23.115272829796947
13.235441191104231
26.662407178088692
24.347903498658972
36.34983697339309
21.083696131151317
17.352051403768005
22.4416093138452
25.18649065341611
22.736396252669323
23.856202248481654
15.796669459339332
14.405055370515802
20.40106751656215
18.00172043288002
18.609545765515286
21.272209741037525
17.252417646301403
15.773990819074932
13.044758671835865
22.49705541851775
17.774481264897467
19.566631958757476
29.32646507190075
17.161096596967596
17.989373533993273
23.914541911533995
13.868081779251865
17.16333370808501
19.435299254155826
14.579711367086976
25.160803560146082
20.588829761952837
15.86148648196265
19.427536600116234
19.71325513247211
19.602288263802144
17.484381100274337
21.58898232419182
19.288695877612103
22.819456289393106
21.54600082568378
21.37225513461895
17.82478650362052
12.686772668810578
18.777004826738903
16.851116795152116
23.797957147729935
12.405736705749286
20.301883875209253
15.61110606131698
17.680124892584807
15.824361408239469
21.44394705239877
33.48604327181487
9.399285122608834
11.678236295190484
17.062123000781792
16.16858241321271
19.14733679803087
19.183141474677466
17.078859458457032
21.171636431048
14.680318471487466
21.32337925591071
22.004210003304927
31.890972964641566
20.357860073955447
15.899977360323259
19.14927592515717
18.84180911343642
28.7678172665253
10.30216282429966
20.559159088425698
17.676323871179115
17.29963377596529
20.944903366470054
12.594479524596741
31.787251508042715
12.736043674751821
20.186518717660135
16.587479892687774
18.08769922115208
25.781713494409587
18.388990166797527
10.50944244892734
15.680074867950994
16.760426200662103
17.68791136545878
9.699088346549406
16.405941630807362
26.375289542002093
18.96094040987241
26.104598871173007
22.9520877662719
21.165099461615128
18.130038085667014
16.061074966799158
16.54292115568616
13.350867435423016
17.437396649771216
21.313280672100614
20.425627204155468
16.979548803800142
20.501777368220118
15.793577244778179
16.813580488254786
28.784781305312386
13.79038844166979
14.253471617166177
27.151895123264225
14.867187178879215
15.914501855425858
20.425535381697294
12.594358859465956
22.13110626195637
9.682323802917253
16.81571913773025
28.351895884644385
18.597435231745703
18.671279213660867
19.499766067197445
12.38885383036023
25.70031796612109
18.54202591250058
19.96510966726477
18.116459852055645
16.243894818146885
9.836967384746636
18.381524913782503
21.432202270582764
20.324593027332156
22.290061068212594
24.91798118711502
22.980446254025733
20.386713808666677
30.115588493563404
20.754924825159275
12.00846820628926
13.92969098795351
23.086591270091404
15.290151802985491
18.974694257770437
18.584051368029403
19.07066142066031
17.867822763038575
14.56839452457788
25.201953159483253
18.479844351843457
20.725772157597778
11.121687544807745
20.514704668391428
6.565865265988302
13.757498319056793
12.719923939189867
21.681231418948503
13.513706902541061
13.265726238083065
18.936415622020245
20.20257052039507
22.726468173359308
14.315996361854792
27.52259256020877
20.573631356893195
16.290321197857732
20.83212590758488
19.14361404278928
23.135468112850344
21.98774856622194
15.814829069295374
19.14639940516797
16.84305957671766
29.945263670786403
18.298787634071154
17.015713669629225
24.31949574579552
18.735590127631955
20.607156157276325
20.49634588936632
17.73555310379765
16.54719646316531
15.838242348981913
14.983583445296444
17.153467113524798
15.578064673330944
39.29330742743321
18.018321819883358
14.324599028479664
16.090947448523664
15.57462108823581
13.786297517586576
23.127859500347014
15.726622822433614
11.153477089635915
21.430562024999027
15.98064440407242
15.38615635512833
15.462077608176697
21.110622906433537
34.460971022202386
19.389908998873658
16.14710659892606
21.51032904352123
17.299915960079275
15.270683403455845
21.499352117271954
17.826531590713035
23.40941447633945
20.335848755961734
18.806145720942443
17.273359936958784
17.629662304049155
28.639753653649446
22.87776238521183
27.278716200259385
17.866949040874836
11.346058323305751
22.68537104783899
10.798574212603725
17.643587363240076
21.796424476307287
23.989157101115698
27.654000628187745
16.738419982557367
14.890820584601933
18.558694541986583
15.826433901181879
25.018336110769653
20.614349759735077
30.280800677578306
26.40879272798488
25.80291939121186
16.780635000341114
22.670798936039677
21.340011514343807
22.442950386167574
19.652186394908934
16.78021561935557
16.73184116588038
18.112109275751166
35.28201009261527
16.913021822275564
19.288725474177166
17.082296699645457
20.63638449654116
24.06330302709603
13.51543370147229
17.769672078058566
20.206167955378415
24.768832145142035
26.304011691324895
24.022404482398414
19.26444653461302
24.294211684899338
19.119633931796727
19.5826808835244
18.69558514877662
22.12306013436505
20.082270434790416
23.40338860817169
15.51478054227976
20.152399030377698
19.32343748664798
23.705130722149327
15.501249097861786
28.914512791670187
28.33039605633461
18.402573488692124
18.92016887928831
23.60570612096907
22.011715469865294
13.772182414205133
19.343146312299083
15.499972756529527
24.51590327453347
9.338768812130901
19.16687631581646
22.77777489075962
14.503266333910874
22.317775488263834
20.355746176757794
18.382692415112682
24.741969753617113
22.304962924988864
20.08004004118903
22.963843350069766
21.381175660950287
26.906748216214883
25.754787056054766
29.6749927423963
14.43560810528546
22.194426766619596
15.934716638420337
19.00848784599845
21.23665472625166
20.950798315337085
16.415336226427605
19.000758190676684
21.740504336178553
14.596904126033772
25.23018300745905
14.350925549732343
16.9923581837542
20.647127079419185
20.14643797468148
19.123932530638374
15.439957118590748
20.637522220066376
23.81773212717374
13.686352676440396
20.696259445303745
12.551265923007929
15.880908663873521
16.43296080412259
14.193717365507009
19.142431995302942
15.78209746820473
12.900658053492483
20.96733751542315
20.122567748334312
13.74360812730268
16.482434641203227
12.852859005166636
19.838080371945978
21.093908506904416
20.917628489977627
25.12415565536701
14.686798164851206
14.791079489456116
12.307487991854913
19.44631424585237
16.587126834431075
22.807135653513015
9.559324626302576
19.103923040659545
15.008124380481897
24.369489266023198
13.769678206389427
17.61719771755321
14.923254774515463
18.733893175955444
21.222873443638147
19.921488909732506
16.961060719906925
21.073577659611132
16.538083428673648
25.658370046186445
18.226482742187116
20.421297395846906
28.26864850816157
16.179590726279297
21.628683219708783
20.587447565393717
23.56581859885002
16.913643406558812
20.75882302268377
11.80815951307216
29.010643581207486
17.30914941006869
20.544828423153568
26.30661302619533
17.424603146754734
20.788366709470143
18.97909904239749
15.480737985439754
16.075427915308556
14.12514388116955
11.996553170006317
16.360279221897596
17.194061892076412
18.54988211993216
22.439772667738204
24.631532529029432
16.97905654133812
17.760589046745977
24.83781886347092
16.392119471815615
22.03808587350946
19.842602442701693
23.545405805301968
22.11282741688781
17.806239582922668
20.227272757520222
19.583315916794668
14.403647195539705
19.341533900558577
22.985877888385296
17.770112437232562
17.551273760235123
20.285933023812518
19.752978086239516
17.72513571311394
16.421779270374508
12.96956155240639
16.73046857832239
22.3973461866922
15.491568190153007
15.194100832279545
22.898868966816554
20.82263103145553
20.04950185151845
19.648223079939182
19.609024956770572
16.735998667743818
23.74787864372329
12.995564010546564
21.618922540962938
16.90904528930676
17.8789014041487
15.86882412664799
10.853738577945924
11.554515297636827
15.956465354248325
19.221251070124794
16.436810609431575
12.599027298730098
16.97171449455786
20.242534459807164
16.64196119781336
15.776572237029903
22.97517934962796
18.300720607153316
23.400118470162038
22.620010526146885
16.986496728732202
19.696578286495864
25.116531058784286
24.14720354518423
20.84619573200211
24.129472755550356
20.234497325346666
17.480563177716412
16.21343674414661
21.541665841385548
2.3925269502982536
18.86257331427715
11.341216456843316
23.172102112401156
30.40346787545875
12.79736675940849
18.288168155589236
22.702788206394825
19.55162959309067
22.858833869195365
20.03788937751112
13.673518547525862
16.32233191473204
27.24576091736725
13.547190935291772
17.784920443708717
18.357767441135593
22.691833175207766
16.499639166251537
14.902604568020363
19.574258642271396
13.635132048047724
17.45102601054407
9.477111183262638
19.37003124778779
19.167515188821056
24.482520853411387
27.146373270341833
25.292070741411777
19.64271722309245
22.744051871901988
27.787439848825052
17.3464045670062
23.087933963909492
22.220696221910003
18.279043331323663
16.880359222430936
19.540506338318377
22.06769129384728
16.815498131518595
20.72995947608414
18.004188031079277
24.53203958271481
14.392303336975104
17.291561131250987
23.175023182943182
19.106603657346234
21.567124037511405
17.7054445218718
14.750344319735081
20.770169865782208
25.15198171597787
18.965235594080266
12.43509924159409
15.081938856658333
18.649305635269897
21.079555298819862
17.60171597989677
18.2406730440201
16.855150356599022
22.471967273339004
24.450621387376717
24.92260716620787
22.664104860038474
27.45204178522075
18.66474696233676
22.050664868543567
18.429320727234497
12.59582049926097
22.842877408270308
9.8566437313835
16.573146455641773
33.21391034629422
28.070976060752784
22.358788299242427
14.270187968174861
18.61271073317468
24.56886737478897
14.98907817300921
15.95611259101558
18.937509394316557
17.532039479302533
20.850408287632412
18.025585847554336
17.304871998663728
19.207932401099733
26.875508998216365
14.71581880091465
20.9686247245547
25.550553924480017
10.290508178277149
16.642802269929856
22.94420517110351
20.590188075936343
20.32922790765135
17.27315196177385
18.07628583785527
10.81448059181909
17.66091302477579
15.486524419383432
15.317758075790127
12.644626169716588
21.881524783510795
17.265028384815093
16.267555323836312
17.15573834689976
20.328924264701108
15.81306867288104
18.209843081224754
23.667719689459922
26.559821064506288
29.37668420292554
24.038005419880488
16.93774448151249
21.528347704196754
13.844474379269926
20.038718360218898
7.586751862453382
13.978708873976778
16.755786312447857
13.161606348425076
27.32479055693543
23.45258739157525
22.453347405622676
24.723383869298253
23.080337852185078
8.580971986120947
18.193460166319536
14.732893607497182
28.056532847144467
20.64709765520582
26.947548144455695
14.226986983435339
14.711933222563625
15.563323127243686
20.404014321188804
14.696415474792774
21.426738876038634
17.65629290983713
12.474786248231396
20.974649144674643
23.512843653583992
22.296062560275097
19.18053090569287
27.22951711119857
16.88975552332323
17.93765410189613
29.23874969675409
13.524169192446678
24.25392950997126
17.10003426379863
20.22649957689641
18.743322132223486
13.009031680763469
14.784323643370312
10.810265645703105
18.97454378331365
29.020650498912666
24.204701603565315
21.338384665938666
17.87322235152267
22.042252876452366
16.987306142457598
23.324826821899258
19.471396452954455
16.346450174482186
21.480953104713905
26.406727618982934
23.472858323939793
14.762797423859029
17.896098660386393
11.694423403579659
20.32804877425755
24.526066427953094
27.03809629314756
22.00302649168629
26.38909442450367
20.09792443173809
16.865458817578943
10.231902498790959
17.534742011509582
24.472104224904953
19.95318171443569
17.332975921380683
20.5244936637906
22.039199835332653
16.663379911550447
35.67542591191776
11.855074770525217
14.62040706475038
23.132784531525523
14.562433882122102
21.68288948206222
14.101794545987149
15.550435844984156
29.740992621297902
13.294641518052128
18.24074956640505
17.507210334162096
17.248783670134625
23.45468254557788
14.538343015687921
16.695901761871347
20.920793485222394
21.277283447525267
21.908572923183925
18.974236006250884
25.826098005837324
16.601864788172175
21.646380339890246
11.514730771994328
19.37049570566938
14.126446234013216
16.80312082120822
19.978547402418133
27.72383269288857
13.086618484268394
19.843525978892558
18.313005486922656
25.58829728901355
23.873984686421732
21.34870028810157
16.51551211743186
28.802363786516832
14.706722471430153
20.052454136645153
14.656840999584444
10.941559343011694
12.430521663152492
28.84081199204807
28.978961918854917
18.93942456802524
24.919694353290147
19.14233379487286
17.60795348681504
22.473325194405955
23.486407160123125
24.29343134467373
16.18298807924477
18.075069470457702
22.992981869603764
21.92036829006642
15.305833261317064
30.40361302377848
21.94557690055446
18.33209872391847
26.700883094126453
24.555283045246565
21.658911847777468
12.08146141177165
13.100387505425232
18.338519897812507
17.520703633116188
21.22674964140466
16.750279011272394
15.411291370046849
16.87991332058948
11.44619620644213
14.971533422187374
22.909419577374443
29.044190546724526
17.03841535467573
14.700851633742648
17.50407397486882
17.08937083812341
17.848433189953276
19.604855330783135
25.63639515184218
14.51698006700519
9.887452131626336
18.363452351661977
26.766963483126805
15.354733062534898
22.91547597580649
18.2495291297026
18.770111006061533
10.608804051197138
17.320469101445628
18.514604619416936
13.935068643722836
26.279375925269488
10.677036537356408
14.911623410061969
18.041878068324635
15.172740618300676
17.461978100098587
19.619262502929146
22.934080346818984
23.16882904787355
15.432739217675215
22.483348023623982
27.61964598649309
24.292617757524315
18.63512091553928
17.54943940174744
17.87756037920331
26.52139449762983
18.867441320021534
18.45882134251257
25.21887898898292
20.210237643605403
20.080011428635817
23.26576484120069
24.010079899686684
13.378495888026853
21.620889017146776
23.398296198879265
17.96019224848316
19.784895027656745
19.200336236525924
17.482701703209468
16.668477355871257
16.80507364624456
21.105512266946768
12.389572168106024
19.92317933529078
14.786990034324418
26.73187888870559
11.797697647398612
15.70723815426577
21.6794340463331
13.869144680960424
15.906827058240635
35.983679095458626
24.210042556034814
13.065424897763453
16.76672822998713
26.683325024308385
17.844033989582183
14.72401979089621
17.094348747227574
23.3451235972785
16.143990799082015
19.138803044910997
20.955620416602823
19.487743299092834
21.26925330987159
12.572766881224599
20.42393468735126
22.452288127021962
17.51391943155303
18.820620803926737
17.808026004261457
23.45939917504805
20.71932605958929
26.143473614917095
20.765994103638533
29.604573605465394
19.585679258030346
17.889961528023125
18.708000747168036
24.917533340535183
13.334352819735388
19.16007295438416
19.688973273590555
13.3513788056285
20.399103763194663
15.14682920062094
22.5991627279813
21.136913553017763
14.528707877966756
21.72765818549657
24.324703812238784
14.008080831990627
17.39768530076294
22.83378857067561
16.167850561182092
15.254603861540538
12.286124423286537
17.313167293317413
18.093517051789217
16.850803026167657
15.369009635487291
25.071766516296822
22.682469663933468
19.39386107535234
18.584820043229637
18.41058303902333
26.437573289786947
22.05527539744653
17.362810433378492
16.454148833300223
17.762465251988477
19.772414635339615
23.51974803182735
21.377026243893198
23.050554896102675
24.022252918918745
17.11277187995139
22.03525433711228
25.840453548875814
22.289345316803892
25.22617121414538
13.484576120500213
16.226166918586614
16.180705406350643
11.938778254253748
25.274740898113713
16.791992600471943
17.49700528567674
21.346911227493166
27.223992625070835
21.924433703191305
33.4200413271874
23.321115045548368
13.4760129078627
20.633573351430506
15.148998842421005
17.31009384273961
15.699421431793272
14.624246373169218
18.09298307796248
19.942586555793305
18.665586235424588
18.637820837445705
18.529924237919985
21.902006707743226
29.14728066776815
16.514019357270023
25.19957904597391
20.544555113507247
13.168046393064833
26.534872930269294
20.553342423492744
27.64827048582445
22.982512298375173
18.70112060580124
21.348383122082655
24.196620287412653
16.252348694078133
14.808393930319847
26.338653282194084
19.688651562462717
23.644375933446394
17.921845906352143
14.841551216700552
18.497804853486176
17.446814352528
13.254362996515425
16.372595747168877
15.788099049043838
29.26335633390244
25.574311385929626
14.491308405820583
14.113656349657619
20.851684431079477
24.82719355193592
14.488806923862398
22.023583388174096
17.68468122037617
19.014651114405957
17.68638108642916
20.938312981972842
13.136077725747372
20.084871750366887
17.68513661120125
17.442779119314043
11.40691960214927
16.697559159541548
19.99847217467276
24.01519889010972
12.800896491384158
18.54554592753582
15.377878431363095
14.500608043558955
14.51915349781245
14.287606467732894
17.480603700205364
17.15301395591449
23.310733505698682
10.220994101381958
18.728639146067312
20.453978248444297
23.86527364284666
12.279099249523016
9.598445736532984
14.915848915525858
17.265081230921236
19.057530037630833
19.42093410658075
26.077245582867448
23.06006164135862
16.766017206820326
19.397696763094054
15.750319668411471
22.06338531263992
13.155728674432604
21.077850784357427
17.804247050982124
16.186500937952164
20.276808379181016
27.03120499338352
16.244308013740383
15.715861894628928
24.531797263373043
18.190125046532863
16.645718787912127
21.325707934774744
20.175266700072864
26.989750508209042
9.949047380940513
19.176786114714226
12.189466644077429
20.940265913068203
15.75017241396622
25.471249443457644
27.839284352739334
18.107126393585478
15.250545698717024
27.385021519282233
10.217709685567106
18.200154435792122
28.87594949542418
18.540864975027922
20.07769209847986
19.421623922782516
18.671469057476465
15.345576255589357
24.96038120854191
14.906671100653993
15.026960341479445
17.928489003485566
23.989320980753444
19.016485740555378
21.623154732294175
15.582667197840507
17.969146068383445
36.25969824797766
18.447509609791123
15.829900902015215
17.20323590087659
35.94757702140989
18.67255581828903
17.397817579346288
17.378474452088437
20.912226076432244
20.6347472687641
19.770486535871008
29.09836752475592
14.56431892743204
11.142566310472517
16.164075019191017
19.342982963563024
18.848836841729995
18.458149334514626
12.215631457645571
21.815159663827714
11.86309945188706
14.73797120870413
21.856007565724802
18.060143443191933
21.913195650424967
17.24819705515722
17.640441656058595
18.13417479716655
22.696823068241816
23.5915945977818
17.796920335132416
18.567779993906754
20.346233878775593
24.096372875408623
13.125772597977361
34.37873498449508
15.056949079911464
23.3296948728256
18.286790621363437
20.099161982773747
20.991923735117776
13.736206985465572
15.870684826959556
24.69123854029755
16.929588825044085
25.726667113406226
26.59853844591988
19.856923883793858
22.072057821533953
15.502695317559843
24.546141155032576
19.30792352736395
18.643641205110104
14.238345656525567
13.43299053408858
16.136567495653896
18.676626675381844
25.697887216907972
24.448249335573426
19.190000925320614
13.829866512234387
22.531739406747818
16.371001735105995
30.339791026898492
17.309930779663144
22.654009597231592
19.015288141000866
15.787472814934697
27.16088061791429
31.758822685740984
12.08789782113212
19.924709895517147
14.037563393071274
28.599390803353593
13.211790967490018
16.155420784943185
24.74073265331727
14.60542622109261
13.81539965653597
15.601693983633513
16.001478742039264
18.0044813738513
21.012869769186608
17.709958614619783
14.65794940150589
22.117376050805966
19.72377222757006
16.469177600929548
14.723682370501571
22.839968557253194
19.80497410669095
23.95214074336451
15.874518876619662
16.14851295799657
21.198479946464918
19.503167199270884
20.252935962223155
15.991926292556588
17.690823941684798
17.00400924875363
28.859785329810695
15.46736181843993
20.790533293040262
23.578252486263914
19.214274770924103
17.128891536885238
28.36431239593718
13.239261412560607
20.207651208178902
14.845402904152593
15.64475374512106
17.078343295909935
18.497599360084575
25.0771216258208
15.899696762813806
11.930108457038015
18.3001679551006
21.28211419769505
28.600870303383818
16.297641925864074
15.00467435284301
24.13205041168985
34.64493004339065
18.658266391197945
18.12625132471335
22.692447642375193
26.644236268560782
15.877705482353333
17.08437922870323
10.634843880454332
20.502401973551734
23.989132597353805
21.677037786064435
9.10497661750862
20.275986237267183
14.877123333114502
20.064471637501207
28.651444234893088
18.071130977878138
19.047928422680023
15.37896805300225
20.153560898955973
17.295506184556054
14.725056971632661
14.561819773011964
14.680843780668
27.829199884763383
18.359644727226915
19.62774247800578
29.641941148557894
23.29129175283906
17.529646959454276
21.76890670875799
17.994180460753796
26.30563913146372
14.592368225173807
13.626164016459654
16.822553982477736
20.614747547479805
27.309451437916408
16.46610489356562
15.7689517178127
16.91786142495137
15.28219943912084
17.108738824048892
15.64991146156918
25.957418778954533
13.155299017016976
12.782554156216792
15.670698305525093
17.603488135406785
18.22981799320626
11.980783763111951
14.661045158478252
20.68266133735487
25.69147696362472
17.952490627313043
18.227737466814304
19.572000161486958
17.512023755627368
22.966681865681107
19.332432284838717
16.631501875129068
20.62036240052948
12.42756678606926
20.660469622836448
10.32143843129786
20.21823279598945
17.932983076002724
26.73881418931362
18.63958265509121
23.209491010727508
35.37893369736091
20.53747179710092
23.030981665894043
11.664953240532377
12.97586827543156
19.234452796481307
19.885896818715977
10.75290566463932
17.529143193596035
19.177045085294097
21.366970013724572
21.50826455858414
13.906883842710021
18.587958893396436
23.71774628081974
19.074440664217324
33.8784994767168
13.848399296962002
24.669527325970236
25.84523331457158
17.5132284262317
14.875951985171257
16.1490506893702
18.951025152326835
14.605834068019552
27.67102001559706
26.133445845064884
15.263346721358614
16.509626982600256
18.21177305416425
23.714174779758586
20.60197340488374
18.60675533009679
17.526832436013017
17.69675172797109
21.81763933221071
21.228778112760857
17.08813837029878
12.076237163177947
21.379433039224516
14.239073947123385
17.059462906326864
17.41387864152668
17.82965827818162
13.818223276520236
12.949279068189496
23.347217471027268
31.4325424916856
22.026143166612325
20.782477964955007
21.902906844776993
15.760911178858022
17.869172205214078
19.943636237586222
13.60776630908813
18.62770168639574
19.4119965533936
22.987834583341478
21.29255209646273
26.51708239988608
16.00868831334105
15.064826021019353
18.260314703158325
20.157338446667154
27.36461771816494
11.96672912849945
24.194175374252236
17.869243886070105
20.496326130699355
23.59697020178433
17.63130426381562
14.817292160730918
18.95846960169735
26.125578326037296
15.235700741552915
18.318028597058362
16.41493105357899
27.6001556855833
19.780805963340562
21.161232970448992
20.02338903607753
12.893084832511366
12.575030414122898
12.920735822617358
23.96106869809479
19.092941700202793
15.786607759034105
17.414194846631638
30.7319300773883
23.587313500895693
21.371378825515126
16.103227834597142
18.410232820409547
26.454937883631185
15.522441294730166
21.915316909890446
25.26416128362531
18.86822000784645
20.39569868126913
17.410878022105386
17.531023848967177
22.888571976247523
15.328359704948202
14.951513728409052
20.568125480834865
12.136958078256905
18.950244457629694
20.06973556836593
19.92249116245802
27.691993100732887
26.429192450918844
19.86003967407069
29.59217714486741
24.40262312480956
25.653786913121994
22.544869861246788
11.674378736301525
19.805238391997833
22.219299170342534
16.58644054593679
15.30817879447491
22.304677636825296
9.255437164164421
24.247480996962775
21.47108492479117
11.925102948181937
13.977382545590785
8.064055432454623
