48142.74735477669
41854.87878717645
36209.049523143156
30445.66549413994
25329.12179586086
20366.54063177879
16284.051237103555
12584.533996123677
8900.458275417124
6292.356630867817
4028.384748805186
2276.099907019445
1240.3955614662457
434.63651885961616
111.8061736931609
17.419372921031385
192.49305618616984
472.0622893766685
952.4214392386572
1324.6389361860151
1623.11378876011
1970.524515536536
2107.7796742270602
2333.6843216497746
2391.3919602298984
2149.2109086259143
1962.900698363074
1963.8185298249387
1593.9917100289795
1245.5130726110885
1025.9849951887227
709.216477135922
509.7576499809766
305.4708259969509
186.7297526619419
101.36001010517282
24.967578478971376
19.650193982532514
25.68632986893154
56.333154295484455
131.56151023289002
148.10141515373982
195.95384908240413
241.5269519520957
315.8685141456599
271.00560252584955
253.82811007379362
276.73858108157714
259.51826081962133
203.9490636983579
171.45269733320416
123.8222082808399
110.53398139238588
54.21943560303717
36.90011203750865
28.23718509674181
21.389260072766714
9.639172652423822
15.241846701205262
19.77911472351951
22.903533399020812
34.79233838652177
41.505329042656506
31.1624923100685
52.89789306712102
44.050009018516775
54.99725148926176
66.88170528206311
50.83344729924748
31.858415209964473
29.662435066863367
21.470131979427087
16.69907209438309
21.382321700376476
42.49405604930182
14.777170373787953
11.659612417597874
8.450711869148861
18.646367948293555
27.588572946935507
16.98836082869013
19.007698560297133
22.86136115604763
22.86441498157515
21.042291393822943
24.35686999771212
24.722512320708304
14.089934816431606
18.01426978030839
12.020444830060498
12.17022280805489
20.679894048542376
14.595609569554394
13.297512997246889
19.903856748857894
20.29762267421101
18.80205269227627
19.100617623471685
15.383712717757575
13.365431343824008
17.38452427066305
19.990384240245383
8.561579501950261
8.40901777834337
31.74130176202042
18.415827160212288
22.133911691506082
15.146340726798515
20.163382403613156
13.862875679512964
8.852053084091558
11.682193625980917
20.670721329104694
14.81359490194089
20.82659353700624
14.659100033676301
18.725564744457312
14.122527705380033
11.621688204462659
24.575685163848192
12.939383367122579
18.4843235547356
19.972314783894095
13.81118229138592
12.606932589041254
9.99397642745872
13.182079757996782
18.212878843085093
17.000693048021102
17.49273705257072
10.87026302041403
11.15839666159652
17.418749399692253
16.324512662807393
17.32767746767373
20.134824602702885
15.103063584186696
18.386955945006708
11.73512408498025
16.782725701955364
16.018785992515937
17.832914943375368
6.828667856967613
20.929094194383215
12.448506994813739
7.187306069823308
10.790153845177453
9.34307845652533
9.834680207413712
10.472801947874032
14.544437399881174
16.12750368150911
12.164779930341549
25.413157691598858
7.892879014596482
11.471653219978194
23.60219414522463
13.437233855668623
5.629838664545012
13.950565673087064
17.36211223022836
10.448745119628082
23.561133444634923
19.419019659889795
20.192075098982365
12.797147190503875
16.798826607390897
10.995763738128108
16.216930300973168
21.383296477771495
23.416419288256908
10.19047503903986
9.005219257392406
21.304769502927297
19.37028358754454
12.591272311846232
30.080458487231088
16.287487446272635
19.484881962250846
26.323725162481814
12.541634884205688
18.21803725399618
15.26977937702236
10.058934823589482
8.758861476493527
22.650187917632678
14.488422674300077
9.926444241835163
7.071311659293854
17.389784011145462
19.347808376015937
10.959217635075348
14.894857116683594
10.477235566999745
9.585248911499058
14.069680516683084
16.546715793744607
13.92131695757797
19.810413624866037
18.740874276407666
13.877617018499109
12.207425138314045
23.717156006376047
13.036621564961276
13.863669069058805
15.047842839098506
10.157800810084733
10.135400048764916
12.814660054252542
13.946839449146667
24.299942333785634
22.307968271546123
14.102163975900195
14.50964042427097
9.736755362815872
10.422766266712088
13.120028692716696
8.647916290469434
9.306454362633694
11.94548382158573
15.441672088620395
17.43483351262302
14.712124624280937
10.051274433094896
12.659267529538548
8.388337111524494
15.129296156806962
10.20491209613441
14.672469904068757
10.807891480802075
9.68701031066677
21.039250938052938
13.592390489988821
10.031570544261706
17.894606950176723
18.695877836247597
29.3387337032248
14.511438696212883
9.316702108454793
15.29083293780959
22.279668311092642
17.907393560906296
20.37431401639285
13.823491362578755
25.451012398490487
25.24783540130166
21.47749525138426
11.714935760202675
6.247540667026389
20.55022663459868
15.737597898299096
12.687389171474436
18.62225987781888
10.492848364715957
7.590589589029814
16.040832210317404
11.989140330840405
10.481930638011717
10.404737404333096
7.649421417742258
11.44252457619921
18.23168722720365
17.629659532110338
14.348387918000634
9.975444566741896
17.013767415045766
15.276986021376038
27.900003297557014
16.38502457001494
18.225678708607322
17.91184358146087
18.51243140542165
33.7064072181291
26.990154677006267
11.898311204738542
9.687475553667293
16.867632267357543
19.59481997362299
7.275450542162405
25.781619767327797
19.09986597282053
15.922485552691839
11.756232305774178
19.568989130214668
20.41609370406666
22.424757051024574
24.865133716011755
10.501739128829986
22.88762611470342
14.197062439862806
9.522025084099479
17.29802285427396
10.218464971309734
12.774452817834693
9.72742308338773
21.902962235242896
13.158135445634711
8.898143347996848
29.493349077851928
26.70849169831344
8.517291615994544
20.747369997015447
15.874368867211302
18.206018908368705
15.308834794865502
28.482771914814
29.881718014322367
19.603741713934944
17.619863211910687
12.79195625200449
16.45716551809737
10.584547001525603
14.67191441090708
12.365073133261296
18.021743056665898
12.940404595236101
22.910111271005086
8.64655945894267
14.326765038143563
11.4761270360947
8.467503481814585
11.103312537770723
21.821827423513966
10.844451412837431
10.877618521736027
13.481602608501555
14.462579752318824
33.24529249595846
20.462191943605266
19.24385595200521
13.496945321114035
22.311373658495008
9.523203621424866
15.278738787607379
19.66300291236695
14.407354334403907
20.891334582813478
20.802271812092272
9.100527360001598
13.866463679624811
24.93813548729773
15.14474529011075
14.633567068647421
17.08340905416796
14.313237761059968
11.44048607440668
8.219033717320011
22.593946664009223
18.250006700708905
24.121260885283125
9.746176245386309
15.611473520369179
27.5902100165559
18.367511623931023
17.953204380416715
16.424717949501087
9.857478643259048
12.048572717548964
11.052416839335644
24.23923130110566
14.058520979244852
8.617936665974888
11.288668680612952
13.106861830332821
16.67660997958748
7.674795490870978
12.595845198993876
11.125908005297909
19.35477010616852
15.492067299409875
8.451027302701377
13.189415527595235
15.077287327754
20.79653541711364
21.642694275519403
22.813486183860288
17.17786948328276
9.186449006125933
16.662813352242278
24.097241675158006
15.531944034331849
8.319590637136587
16.448815796369313
25.480521644194017
11.947075236820352
11.53382517735729
18.48407092545341
9.658233081883804
15.97335063363719
15.89546845928603
13.28914062178819
13.67753832800506
13.26435490492101
15.222307055220979
17.87361242590582
18.21074191930727
8.934560682237295
12.932551771495692
15.379947927414674
31.76792959080046
14.406972254202218
11.90343522166289
5.963127315969904
28.730179763524095
12.413216054887211
13.071317964135867
11.506030414386844
21.55083756337117
13.040137847814542
18.76099985165886
14.216675641950724
17.67766628556478
12.412027763921325
16.096297548641953
6.896922574483681
24.99823624994299
19.700617861727494
23.31949057497096
13.986346004876568
13.283365803876249
13.890571326957609
15.60428640992546
8.938798618759074
21.65078255923043
12.509743815980281
30.069121714194452
13.954374953665234
22.28220645007754
11.39465394506606
17.420839962313963
6.806233530067378
16.1820956690611
17.206464407713938
17.554706526270603
14.111673576329334
23.44467018551917
12.560500160938352
15.44948397673626
15.40311787946801
8.776994095231037
19.718262193786863
21.325902044465845
20.057223047220717
13.52777610075143
14.19950470067189
36.79212536456903
16.553271793191612
6.350996003901793
16.439704826586883
28.464443798552296
7.8840403250425375
12.944632833254433
12.661291496873211
18.652492031660923
14.133430530836899
18.7798736542367
20.460110848147814
16.82343904421508
14.664628473504582
22.176668755527096
9.321989163027828
11.424920565291107
22.58286107054397
34.8973062644291
15.410617957001648
16.318973218850445
23.19220948654315
9.110108616325379
13.440256482381777
14.731425947638172
15.297056715921297
18.310869228629816
14.63513228273961
12.469323103667051
14.224057129801379
19.132112876141484
11.709664947351502
16.734234872241583
9.70841575464262
9.696993576277073
16.433243294944877
14.934198012316863
9.40916633122038
11.913745936883997
14.757805241736937
12.141617420075693
11.81060681725232
27.442759830661206
9.82602324744855
16.86860271959979
16.89479292664856
11.848856460237892
12.462190143644394
12.533559148621567
14.771910268712722
14.955311000168473
11.737273369381516
8.506923677092244
18.949018483636472
19.80554427136741
12.888697940617758
9.096239894084547
11.871773407585676
9.196131516928872
14.364347144507562
12.553876092486504
9.786805643364211
18.992119673191777
16.201121881363257
8.546236324081491
8.273355987974398
9.935694728494214
17.42432108541233
22.602425542802084
16.07467555721734
10.111320517734152
5.777319365323203
9.429755826415867
14.944044413574801
21.27779368925771
12.164181026978389
22.936027340932924
11.01581005336261
14.113129384598286
15.762927604548608
20.29143693422678
19.077243205535304
20.621760266179255
17.793312131957173
22.901540973181163
11.653791737953405
8.62708766259507
13.058179274126921
16.25523422746468
18.25809116347138
11.562879024444877
17.25887476000035
14.692403585771599
9.58920327474679
13.073882040328213
15.7796265223018
8.684998167422915
11.154545068663259
19.289620425067323
11.611857306096443
15.449649505157195
14.26193108343852
23.32480867088505
11.720854271629461
17.94451737266084
5.446124793383689
10.549783281425592
22.863248043090998
14.301243170848274
13.347038773223396
8.539024314585635
24.83853017077523
10.286976524979083
14.214577853328702
19.49775936064614
16.500738814085473
11.63280204976553
25.140634367244502
9.775026678506213
29.755848852943373
11.638317259688453
22.306688394994087
18.914200257671634
13.251713194191653
14.67657379539174
8.630313239809324
10.948731645372101
7.574757838278673
7.8404593308532995
21.7325167549334
11.706900015618295
11.023961157175933
20.629735926309248
8.842460891295744
19.4994119499344
15.718040210631004
12.303459082552145
22.093675461764743
10.421988293317888
19.75774418159463
23.50670749822344
14.203044214642865
18.043913480810875
20.817000829397873
15.362087435568181
13.362134668078706
17.219713336676154
8.279432821228808
18.514735503126794
15.303092161516135
20.615491017804747
27.820811340120805
25.734702024380944
17.844200546475875
12.841119156169809
18.29841782296926
10.99162231555074
14.765947626027373
12.636395819385452
15.490107854973974
9.178421609914166
25.988690325504884
20.298942635567737
17.61844169287311
18.480062682802462
20.143563322944097
21.514844581271326
15.796054910649989
7.709465842335442
11.85353966834282
13.537035251741388
16.03469308186692
12.895899358977372
19.89664642485583
10.08216460727631
12.215278700090911
10.929426081128993
12.00129377826991
20.72244788409077
19.91391634662019
14.795405759235397
23.010961969551268
18.49629057646744
30.917647774067824
14.181253150092
10.356610561291985
12.496025278127053
9.210276197768433
14.70172919836204
13.416358279683827
12.147823527085594
13.236051225216919
26.714725714975813
12.596512713155187
16.41710599114939
10.3919997973094
32.311077121922324
11.652209600009106
15.845017762124222
20.940928760437934
10.861310591255027
22.749771646841594
16.901125917770567
9.330704358482944
13.496478943203089
17.254449913344295
12.534575941490115
7.97986907936779
29.844033352867484
14.868845034131157
16.75298113577135
16.823945267513654
11.381200856897818
11.51150593372656
11.209185395607193
10.30608623056706
19.93893745186616
20.11977915515743
8.95041715216493
15.843373039017605
18.861817424854515
17.512053438348964
17.388392043513395
7.493136012366616
11.204798175096657
11.973252057776525
11.579084415404274
20.758535510541616
18.681173072654406
11.732902144041695
18.79614642998855
14.54337689353273
18.917111190535792
12.95546557212405
19.400697238836383
10.040122441367403
11.974987849545883
5.692915509897574
7.83988644712449
21.464764725181578
14.279291637461707
21.96193651975602
25.174965068011534
14.44246047979562
24.70138447160212
11.895765186078734
26.997375461508007
14.830683808147931
13.294603906050778
14.436714921728392
17.150497774620398
13.144885272520579
24.52894954945081
23.501152354094117
15.112348779349825
17.14830357747253
6.4426461172493
17.461732982111787
11.6683490124552
11.14563640757263
16.578504764443803
16.14428450852535
31.415265163296002
14.341363520419506
14.488517192869658
21.28325205344015
23.88483335283972
19.72751783800159
25.858220934775723
14.283000015821962
10.94677776339699
26.718603492645194
11.367852414049924
17.29050459367586
13.972604057222723
22.473474562733863
15.970749679156842
19.579876978213786
16.66021765349721
9.512455332191037
12.000160825985958
13.988027592960165
15.461661520021734
17.55046359517917
20.935630372932827
25.967054646233123
5.643200260313897
11.455054537000176
17.95722996192584
18.510948225846853
24.33206909578784
19.398667707087448
12.14327871245665
23.57133545750774
22.466706136112588
15.342690369016642
11.980979536072558
22.376682037279068
14.320310136733443
18.05953637856876
12.684451642013656
12.708539917431787
16.646606390712613
12.553694586916354
8.548899164263943
16.129598330948006
17.19524892572279
19.20068323554566
20.797225416331504
20.15615869752945
10.072256085180063
20.909053408130095
16.024246875266364
10.507181352793673
14.785856471078041
22.602366076109444
8.04162470680262
13.705846171633999
14.870050935594836
19.533507157429046
16.04988698015135
13.624513541947895
8.461429481676925
9.89665305300687
10.073694662357909
16.158467606903155
15.495247753811137
16.257988257392693
9.249550108380168
14.107578735721626
15.105835734744263
19.537843845915273
18.539434151126148
9.677475731448778
21.56829156578615
12.095180232013472
20.532393147041628
24.922754879336697
9.060375982529612
11.417130010287835
10.570271828209105
21.079592098333
17.87521811740464
19.50898743974845
18.371717157922436
15.660765401171195
14.016078932970796
13.262938369635382
21.320110701473595
13.401989653681373
9.468340470114072
14.446791357658917
8.57296015231609
6.262305239520229
17.996347523618677
9.996957001785459
14.90288190022305
7.776658524998255
16.474215923093027
7.7043824497035756
9.635893021715948
11.21015070586446
9.377351523069855
20.3462525214298
8.700574511214594
12.618163306155857
21.680146137114654
10.620188793431863
12.972251959629782
17.488604369248385
7.989114064853052
11.287643503404754
9.004504816091497
13.566183329649236
16.316379299184845
21.443622794602476
9.523199052871151
21.545602313132488
20.457454906364372
19.149696077558872
20.572771486386024
8.086222766804116
18.593752236139657
14.901174037933218
17.120390104722457
20.789651052928736
12.390420388742232
10.313906085996805
13.61354904529152
19.8599761178688
15.566274685972914
14.54433221216284
18.533870975025486
16.48879855824714
17.256030783767322
23.3737467602345
13.830192730633865
12.240206652254312
19.178245275168386
15.624727715009712
3.4993082076535176
8.767423553423415
18.154023718636296
12.07480415663115
13.528289641441335
11.710461364585175
12.422793727889855
22.691619189274476
6.404631449396312
20.175030544674975
17.98439520629829
8.418842871747014
18.80186587606121
7.781411809444238
12.611007597770879
20.205103042948288
24.932167466755356
16.136456008256335
16.492902366596436
12.173527171717778
23.309656753231632
25.33936534024599
22.988937078400053
12.21214549974371
17.142229465922334
14.687707471690137
27.705287758601838
13.706174023456944
21.281906482034234
8.645088548249012
13.457494556004047
13.61407500356069
23.50165430737415
13.225371069215432
26.329795547326444
14.842900547559633
25.621159873782457
17.376516214899283
18.157338397522125
17.02264949432645
9.92322148415378
12.762123494710808
21.835298033034213
14.828361816816473
19.498492901536153
20.767313952692675
19.07857051243608
20.296783674231428
13.860471213807221
13.483006524547413
14.739148949068849
10.795181247161073
20.564044258603623
17.12231287502374
22.1632129722831
12.320706139372552
17.50751153819753
16.710735489311517
11.244374317287372
22.8871420550467
13.26118160409522
11.556947337966395
18.0818535091055
7.244801166768758
11.829231902404382
21.60266357138358
21.729474918105907
27.52098553208464
16.265806830206692
9.060397345812868
13.305478472492188
12.347965229136474
9.492109516152878
14.617596407558949
23.011123457496335
18.104078877006383
15.577096917844152
16.51792231737742
10.71087163882223
25.553555227801212
17.70356242691907
14.783064829512913
11.721519351444467
3.5908378697754957
7.991364434206657
22.42111657018302
19.255157189694295
14.507426817569652
17.749890956396964
17.569760855191213
12.140740800552642
15.66134734251666
13.98518469432547
12.116812937337313
16.33945167682822
13.560541487974763
18.841406892670086
16.23553373813721
14.398145861868421
13.487447819341202
17.298467671557162
11.03890629216764
10.469022122858398
16.51134328743038
17.647832821271926
25.33565748206571
13.145926441546916
13.651103102850726
13.949233053754043
12.331343011145993
21.063840880478175
13.260729308572255
15.164761603368019
16.41522763048196
11.699614864263848
19.186277740116893
16.69418701776612
15.990279831368248
15.72083504226122
15.809723633371572
11.445848118969005
10.164101965909552
24.95226623167026
20.07628067008182
19.297035401975975
21.089455200973283
11.041949620959167
8.011139171161641
11.688746426578827
20.469297647343453
19.908785365353754
20.1226767963644
14.22013590771361
16.592939042643245
17.23119994682464
22.622673168890962
16.951269449816643
17.105270104192503
9.846221205744456
22.79653316995321
15.160627042632646
11.077513480661626
18.42976375534136
27.552176701333416
10.91115849371112
10.127442126580425
15.113322959732587
14.407314926218683
12.18821737277082
5.724026556161891
6.668329390663488
13.432537733073186
16.75021315954231
23.516606663871467
11.176538815567808
21.658917663333007
20.306505993495076
18.939766658226674
16.629900757439458
11.28213499287724
15.596114140689805
17.11704697698293
19.228662060729466
10.271594387587985
12.1002642247365
8.193680609293581
13.066702593683866
15.227794912946008
7.911561819640048
11.479350998183584
21.34451672051165
19.946076954552826
16.172530980501822
15.29779276087412
4.868260992807651
23.093238231186284
15.19554345239482
9.291304136149073
17.019162200297977
21.67422225975735
14.974936986648382
20.66420293738393
14.247930228657351
26.508186057425142
11.10730218846269
19.19104587808014
21.231335744227366
17.779529652404634
9.02050361297739
17.801285856420286
12.265139481488744
11.29832254189926
8.537911986128176
11.271480178191485
14.659119753539384
12.717414803866578
14.170694481137616
11.125569643774346
26.569198288561473
24.761993986617508
10.817300968472948
12.993977076189905
17.948491171913957
17.916961621283637
14.221553225669911
9.99991666425667
16.824581003686028
15.271834340688246
16.10891283918364
16.181707980342157
15.36069016259844
21.648768597186535
25.662015354557166
15.597867938773852
19.620670909274608
21.665933709791325
16.741330257241763
15.033611021528065
16.467285017794982
15.29357332957354
14.830413829727515
19.15517747620335
12.999092994302039
15.342941780541693
8.825182706641996
12.825251805096796
13.059103375123843
8.993480991507166
21.69413897493107
13.394083233726947
24.172881710597856
15.496214541789048
10.99916825572614
11.846624452079872
13.976510267555078
11.388623447615068
8.36485145275024
13.008986014737408
14.994116070856723
14.715070363727811
14.789480113006617
15.591611981770836
20.397142064243535
10.781871628011082
6.654033670047276
19.739714890581574
16.85074634645824
17.73136541800294
23.61494146709036
21.611828683399985
13.772236759612083
10.129440425103361
32.82708394428782
17.790997129653153
24.483178013601137
8.38917804631115
26.501906920984414
12.700599302617114
14.364590830049215
14.532199304479413
8.999783932157781
17.177600618053678
13.13562175687189
19.897082964663344
15.166390119464221
9.54145803346782
11.347035994165486
11.42037353205633
18.24931737903927
28.213346366132285
13.71666674772273
10.845658653539678
21.01149076141376
16.371698879429253
13.632698577955072
15.400346916837318
11.711976601556898
16.583076824545646
10.1695137135663
13.596320866369002
24.52262431202798
8.041562309489034
11.694435521275718
16.968635617827445
11.067091012565205
14.419934159608626
9.717005725644889
19.883109829334163
19.327687164378215
14.342978896628185
31.113988762092585
17.215280841002915
16.39209990780399
17.372909743755937
20.46831398888985
11.971521576910716
17.014269630294326
11.464145880193048
12.414328466276338
19.17020453139437
8.874071920486202
11.482586607527367
25.310598779661497
19.958478520628304
6.917076879952297
6.495743532607539
16.4237122605959
12.856925545528764
16.02231130955397
17.29852680612257
17.995282313100724
12.289221821445357
11.467643591833838
19.977006876298734
16.706989756744818
10.262590786803699
12.358662095807096
11.645632037084102
12.0085367540491
16.22861096388433
13.77794752022112
12.64969474325463
26.431922862141967
11.57198966708501
27.94855382850767
13.226947886766485
13.584110760439938
17.25790938893418
8.232784894081824
16.237423186610506
28.611040033844994
17.502609164038073
25.39733477962485
22.8734103378325
23.657073913743783
20.660875315541908
18.27540168928978
17.665788865661465
16.56521768662171
8.868288766999827
14.989042742275577
12.906618562030744
11.324152139504658
13.043953878244412
17.140544347519448
18.43257683755039
20.69212849539457
22.454283849581046
10.718647841140635
11.540108244339372
11.787700661569652
6.724386440684235
12.987854275285644
13.252420202462748
24.956324561479228
9.444967633777168
14.482165981666101
27.48445842624978
7.97759962674862
8.22675805597966
15.656869884033092
13.786429728532243
17.844707841933694
8.25167788203069
10.611035580029808
18.83735180078416
13.77593092309036
21.355376693072916
27.01841041804782
22.739015986000123
22.046942842786834
12.860661907516446
10.02093213614968
16.988727779994345
13.101121367554908
13.938585244433026
13.927876788018956
15.84111343200228
15.204606617782845
13.239435408810454
13.140957812051058
12.683946390319228
13.517570662926348
28.743320734108913
13.063095930905227
10.913664615088402
12.176303542546966
15.183516860895402
10.262616498536087
14.178843745991102
12.213408457726345
21.786491574114766
11.788545173042026
17.50911864248551
10.806462270710389
11.60806758653913
12.896886769965215
19.589888481755104
10.831616847019736
16.886883087361223
16.294420480558028
14.032429340265166
10.739212811170095
15.837201439834761
8.825740128791622
14.367335048211737
18.448991498636083
10.199694639814952
18.74579676707954
22.579889445927545
12.6228715906271
10.162203140589229
28.638729277140506
16.743354220882065
11.899300658835974
25.148734809705658
13.6907449839302
8.722627300736292
16.521329370645248
13.181351988035825
10.983755450212735
12.825701200486456
6.366663560693047
18.711345474468292
13.835009279608945
12.435567490008888
12.878171198762617
8.444536307365507
10.984899855621794
15.215145571131137
10.471012622741224
12.278857108181368
13.25333532725717
23.24080395476187
12.798136458832818
15.875061706152962
14.970002623319708
10.936365584190511
23.440141782090894
13.066591108169288
12.45072433138889
16.73294772267086
11.65114187667271
14.185452990575387
21.880316114051357
20.72274011045789
22.82989350952091
19.92852118577306
16.11000229871182
9.565233868055348
14.860560194493738
12.332033624377955
25.120552934572913
20.26119063088214
12.211207702636047
16.581538322036103
9.117535898078392
17.645882304913297
15.990440801965269
12.995241055799953
17.136882802709064
25.37833175753475
15.242191227062262
20.203526006550003
19.01941261035516
33.80917720192684
14.35028373214636
15.011468170780976
15.592046221095446
25.994384584321644
9.213703163077184
19.19831395031653
28.257181025232793
20.463771916714308
25.458999406880707
19.320392400404902
17.46705725926077
21.56396620401425
15.422236532355656
12.955125993699385
16.130714527951866
14.864036505366354
12.217280103954586
12.186471156158495
11.949818644740562
12.464040130308131
17.972832658116594
14.2941586147233
16.456164617789703
21.114114942672742
17.510675221621504
16.547096612229755
15.725731935352375
21.061176327574387
26.44489472127105
12.406581524569745
15.027778905235975
15.393966673886075
19.634337462527334
19.409613137209014
20.691536208293552
28.720886083974463
22.22941555945973
24.557365884051258
14.195085138004846
15.384343490760378
11.68998464974361
12.598885658556421
10.444674045439475
7.8354309622456
24.705378188946543
11.743424737827414
13.633227964649834
12.590889656001595
22.444836874836575
26.60364370871485
20.279443373871427
8.438752074842744
18.01141622644338
16.48433610077453
18.29386093617522
13.901059531503288
19.94114452854406
19.768995750733676
8.916881375932618
15.465822237533422
17.175384033262816
12.615683394563243
9.86649228862433
7.521704609442678
21.23824693823128
8.016220621938372
15.391022315820631
22.068014357236578
8.71970726146889
30.336039513557818
11.50086162996244
5.925944092541538
15.425776455079951
11.617981634202069
10.703810185497293
18.780974266162033
22.006350951761696
24.353981989955926
24.35162826066556
13.275644867305662
14.380546399251164
24.55128654829129
4.989689545047196
10.826891285392511
10.642922603242416
18.987692518931635
12.340032546464126
14.02453901489184
13.579684123737781
19.323494054998225
6.39666740788153
13.278304373168872
20.686543593242078
21.568501183821272
10.972113692642155
17.434540621035126
8.57649017542588
13.71536494300888
7.333726981885698
11.17209042178728
12.666969428552397
14.884374935257547
8.725565322518634
9.44674973386582
7.418941854484175
13.204794365127281
15.288196316971032
10.56010325222486
9.281509479977377
15.510096382934163
12.961721761542005
13.537725120782795
23.438752578746445
22.258003622891586
18.716079713265376
12.135359046794068
14.119206395215958
27.87338865211484
15.761992660498844
15.946067481439128
13.962472405542362
16.983392106336463
14.803977625621807
15.939463771646603
14.570956906192503
12.399332696135081
12.088632705477538
11.692608912208451
15.567011680211118
11.515988873942815
11.5621340806009
10.511221335417556
11.98057220853115
9.494328114911479
16.771318670849528
13.55315236214541
26.63679874596975
17.701703611665508
12.524476305903645
12.368355267878918
16.868053181980518
22.703773560588637
21.684010524736827
25.722425771103673
12.849708727994136
19.230100087482533
18.932443672682105
11.113343814958439
9.528012389947321
4.705011592064539
18.97071286591272
14.578416753637322
13.845586124790568
17.48698410476951
15.778205420504603
12.655065450875258
21.03852536683722
7.560501275092346
24.397358277014252
10.11664550468121
19.73503784173421
16.41394107094537
23.158134060513486
22.96190642605141
13.301395326460112
18.38033329340949
27.923685353697795
27.69254011505276
12.288321793058904
13.35878940150974
13.222025529690788
18.92353296788576
25.899126321768083
23.320849034953774
15.372450747994948
10.786433110131108
21.679599344835918
14.318458911679619
8.862722837634582
26.148842281914973
20.364895367217983
21.24014092520904
12.634247795733595
10.25007225152222
15.698595784486574
19.848217730052447
11.355488711635314
10.224004400402796
15.01230383408903
23.194017131189774
15.802139684587901
10.153341475856758
19.72858895890754
17.356232252471564
19.70525711558026
10.358516918818523
20.776148930616596
14.661892919643405
14.652578139564753
22.07802396068508
8.521510639123282
11.988227475645447
21.10290093913546
12.43923280439214
19.489562050786624
14.554494041444368
22.00585501945187
13.942502278413677
11.289732557970686
20.860365661383998
27.451971599077492
20.31375486170251
15.134383083583492
16.076543546918746
19.399096984278003
9.412531002837584
12.745279442963502
37.14578851108986
17.646107314204265
20.953682901863136
11.958789182263638
16.975971784805687
15.610889409074902
15.524015940457106
26.135739363508513
20.33771356536686
12.141761953686263
13.336473936282287
10.126184825519857
12.50376972089301
13.82074557491643
17.024611176396384
6.4399710285829554
21.294456611336948
26.168548625281083
30.506063590364402
11.679471432016467
13.144297544821457
13.72787315258122
17.167410731503345
15.394706090147903
13.712417967676915
19.45597966663534
14.743358718141494
9.355214905968813
20.695976462436587
23.656539302921047
28.01784847428661
14.529588758741161
8.923051756125803
13.819794674180635
16.2455430487841
4.933495874149867
10.332760744815007
15.690969665059553
18.6501529262409
21.7448934351795
10.164690360463775
14.444335840329767
14.183927287904154
13.596310883835752
16.987642888672184
17.399865990977066
20.68456898405326
17.046707641147076
16.41127207661494
10.184910510202059
17.12907784796406
17.42685365767377
19.82210336084804
15.49653461377937
31.466628431248328
17.382770598604814
19.469125904924056
15.140496951357054
18.09754413708756
18.23515048631396
6.73134801715471
12.406328132049769
22.73957036912303
11.259555789435318
20.059489020312075
18.069455856110025
14.650305416816453
20.702133542985354
23.032598549954514
12.653861113411216
18.70228483172044
21.662795292945752
21.740639181682873
18.42023083064772
16.968527701388712
14.028481628593106
16.103037038158842
11.013661546925729
7.322629691706066
8.286327215404036
14.904707602158215
17.63865988955925
18.55950235756621
19.289797702513532
17.544392354312613
22.861870243074332
27.637651423154235
22.10972662004428
19.415415258614583
12.902032085072818
16.99849114427773
18.21846869739454
15.18949551066199
11.26639184897873
15.799463709446396
27.68200400354679
12.202666703582945
10.462327455998308
29.072155464969825
16.975001253635046
22.34616943327167
20.03981459755123
10.261051059739895
14.38204393584614
7.140012068678702
9.87829600953464
13.531825536192532
20.782360882393533
18.235090791114683
12.753248842788226
6.91673281227661
13.679101095578941
9.427937145907437
19.795217250291614
20.49780324186797
11.19949461101626
16.26901887267077
11.573981429932818
7.956797303555117
11.816233137055548
13.314751844764238
16.2337101098479
18.75907088317546
12.94525398971862
21.24349419202897
16.420127194796184
20.6156539926263
10.528917613647337
14.750100973702516
11.639787356936356
11.008498580117152
15.887858829543363
15.502046369408959
22.90691086554057
15.018601880767863
23.036381514917938
12.770437532016684
18.87955553788483
4.987153818275365
10.957749022725007
11.012124233058096
17.925921506661254
8.646599335612668
12.59817747512591
16.886936252381883
8.88985046599621
11.315320757419592
18.94065350658232
8.075976590518607
15.307672169226406
12.48511901665833
21.264873596941726
13.827511500552886
22.612685942822733
8.627630283709866
17.706063785194743
12.863460055001996
11.105762397496832
24.243907323702647
25.047732887391305
10.836318222818516
11.059275871948186
8.644840821311076
13.329712139373553
