399.40259016552284
338.29457411047173
242.19696298629952
159.91187095635158
86.71620515487236
285.58928741591825
238.98367972565953
235.9198618479696
208.72292538591023
226.53302952514588
129.79961331487908
184.02142044587893
96.21511403650155
83.14950221067079
132.1210456919026
86.0577460774176
128.23898179067993
112.84695364819311
84.22741068252458
141.87093618176277
191.35129694653227
143.62946839851952
98.00812816887499
146.7593215250231
84.43419242962442
103.75657480020803
130.05419597377625
108.89891893502923
126.86863635088608
113.93969346336293
112.91295762137543
111.05177434537805
115.9448117142895
105.12721511452821
105.46014315788996
150.41085845976653
102.81584591585509
80.17504560790681
128.6842560232297
127.01384949631884
122.07101658004493
110.70611528019828
104.79097108363527
101.42009214078267
120.8626073519699
74.88929450761846
113.95990705276704
83.38051025139357
97.31474570749647
119.28656101189064
111.8480157222806
84.80945489370512
123.13490508775902
76.24141485008322
77.4545100359296
64.79333111340966
90.4473761251067
63.46019751329924
85.13076228690657
94.15551817198063
119.47230477970648
60.124948885059105
95.72849605382171
111.92126751787794
71.79891895833475
84.88603023937979
73.72683755722404
80.83257267043973
71.22151636301805
119.14997813633097
119.96029253195547
151.19066643334656
87.34368822378148
97.58063652537156
61.02192203130554
95.35429126407165
81.07491510473206
89.48944963844096
69.61324075292013
72.57359672860152
81.56201037477177
78.57313787113193
100.34563971694487
52.370515892985296
63.23521632894751
119.59089776913865
126.04719093824951
65.6098086701961
97.22410935930263
108.27018626209426
114.48928768919448
86.90959312229133
110.64375752285842
83.41447167772249
94.98397518484066
95.59489110268566
93.86393408367125
93.15369623089529
75.33829986755755
72.15798706505974
108.84423345259482
79.94030020677206
96.89954133722544
126.7521041140044
60.1064152128727
83.98580425591969
58.47111521369398
123.99291525946987
71.2083517677194
77.76072024722754
61.04986839268614
84.25381369379762
110.01270411349047
108.55920868697002
76.93182831882099
78.27447761420211
93.08213981031541
99.55441145261112
86.34741389101156
73.91445777519043
110.08446222312878
98.84727456451262
96.50978101945475
73.48341051941729
57.43401962121412
113.853698550376
73.96587217592402
102.87843438172652
91.58184019766486
85.12153878567959
70.61281525520393
68.52520382665273
79.85414201914433
72.11994767916326
100.85587775437929
125.94159097743072
74.99578741186302
151.8607214556245
109.34739964807632
58.06509470063258
80.13547243308513
99.00452521480928
65.05888985019381
50.86983401973376
67.45882670766204
66.95507735784444
93.65769599243534
87.65909089030379
72.32077873152608
71.03225916577726
79.80439605533847
53.52366268221937
75.70697363657492
106.25050690030746
139.17092021528123
66.6587271901485
88.60553209671964
139.5149237480232
115.5725760074261
94.42088718772365
84.39502638400404
97.76508750771573
65.36239933207078
63.105416329843855
94.408548168439
77.15556807997314
66.70581099963914
112.75305634670273
100.60547399512178
44.13076929773608
115.6878525558132
61.32694740135136
74.05826710333378
90.03941727986708
60.95057652288207
67.62274337388656
71.6794110925147
69.90730379077567
92.43788876420707
66.19883382444748
48.635132818888785
50.0938898101051
79.38357843013686
61.20314951010874
80.61101781179055
50.48912443559222
57.41280342917936
74.8354457855168
70.82421118560283
38.79418383240646
60.46996243227445
117.7733299070838
103.30328884379689
106.69827117362212
131.25364950893385
68.69632553562198
69.5685702918907
92.16190829022267
60.62098792511904
84.17958350736625
63.72315861631691
94.0827856500126
72.26816810504609
121.86036032028356
48.27954101539578
93.78877754590442
57.61921826036118
68.25117033009863
61.32861805206014
40.4257163136481
34.54156661083543
125.1201485914328
84.33439232191941
83.9836749798664
98.43869237331766
57.86004103298615
107.54964158333999
97.07508027647805
86.47007406794876
88.42894377571345
88.5221451757709
56.000983474106235
91.26045880055605
83.31168227239345
100.81773697557858
60.565368480799386
99.19184006452207
55.999037149587636
66.86655172552115
82.91915101134147
83.66758972417834
69.53088312512304
73.27649610677166
40.30877674493228
84.76896871589321
83.68244615902854
53.50845104258269
44.916082739036625
49.30426175474009
77.12469550638517
46.15197177528187
50.379897753178085
76.87452863723755
49.37490655035327
86.75866829761618
46.96642164069632
69.94153929943433
51.89927736102049
64.18910746911925
81.60729990259777
60.74356724540496
47.935496316207185
35.570964942342876
45.58799372057299
66.362741745986
66.3061187599961
51.56793827154896
71.62126522469356
56.75858317196467
60.2167886884061
53.53594649307062
29.75491776233096
49.90428998385666
56.02383238421822
52.33820652349669
50.597334878404176
53.55710805425243
53.29179953143273
61.85030541842838
45.166721501385524
65.50399548629667
69.08247394072022
31.649190583304797
28.187166793876983
42.84898384799726
34.29030668604849
47.81102415233758
44.15638560953259
29.50124077407203
51.00200414589779
42.45798944929869
16.99257367313122
23.587088373521432
46.73066127580815
45.502487669895196
100.845587936003
60.52008379964175
23.00461544280906
60.992425448842546
70.70287724756558
51.87606896725725
39.607123138039356
73.36697454772516
36.46762556108095
35.61756036949409
51.47133484027182
24.255470470422875
37.74602766803219
66.68645821416388
43.47569625077405
43.701526851430216
50.000879042122804
38.3007986179346
65.29910783422876
50.39563952363055
54.471064275587
46.59957121921032
51.15967463195851
44.75927809063754
46.43220414692027
53.166198894763006
56.702145281974126
32.89782104355274
28.888540726967793
37.11239083777652
35.59663658120571
56.4214893965425
72.55551448872015
61.80626847123341
38.9337102708499
26.606188069689562
20.174869773423953
94.97098323385781
15.669867222127621
34.13219474246528
46.22517633244661
20.969951818689893
70.91361663182273
32.960904702237436
58.83360448371502
28.146883943979066
14.4763161306688
47.760518445309486
21.52718197020256
35.112441189195096
34.56638714342354
62.98460568099515
24.992690619181698
48.64001738329943
37.541271098364874
27.13813355769526
19.885938468474098
19.352358933512143
41.05615038636284
31.578924102178835
30.137422574682297
25.024853967763296
58.55267457519572
21.419655364941228
17.835790980777265
45.97335384099834
34.457220490849465
38.09245172251185
46.580434889048874
33.93699106024472
34.29073883611924
58.84734392711272
33.04550027008896
51.963577913011925
59.73047177766419
39.27790749512998
24.116175071382706
26.023668145879945
24.508380022993652
54.538495492618736
49.1181996889576
55.65688250879195
52.6912296405872
46.78676909166946
21.56660760260111
33.836554423062765
24.790004746952732
22.35649164055993
25.06026610548068
30.103691517892166
53.56592914996151
57.99957554597667
69.45059231895115
37.32760506906077
51.69032234701667
55.601962913868356
26.47404303408731
29.804513630925218
49.01510456183481
28.904277926969606
58.93693698042345
74.52129463115045
25.8360294953076
45.18789121960737
22.384349916678918
43.58431105636079
85.567076960793
38.91187190120526
36.570818002202635
60.62761048698528
31.735439754116523
46.672905329312115
39.31800230235561
34.558119308521924
45.98887669216027
60.08315505786709
32.80824580152236
28.092756439723477
64.962455719898
62.67664839538245
29.803200928248142
84.4040189541007
36.42918854940728
37.035837688790494
29.09786350993025
48.51979410975733
39.94732323142918
69.34017112988374
38.04809659489112
29.881860524088662
51.50740413391202
37.41150078447814
32.47960843524027
44.54565003440845
29.96464231754396
19.01645271156916
34.666568612951544
70.70130756887694
13.146171716564925
58.18649142360117
52.46943333884131
26.575303062418858
29.94191598763524
35.493356483426346
13.969560165415693
58.63960030173732
46.59101373022405
47.306809220544224
32.01687560891224
43.89082712561294
53.26913238565664
16.837376367651874
32.83515756275379
22.952741175708447
30.054933002237377
34.352562969801824
22.720472579059077
30.232326823122996
35.21018681623417
57.071633412487365
40.641830232510486
43.81065719181768
55.45227018859114
46.51315294714653
50.69900178948367
29.360685152733552
58.66249189823179
41.86268433031106
30.17462031823261
21.86833591051168
34.90945698702978
19.040953692570536
12.93978035820299
31.869558043902085
83.62599199301019
25.94794069002347
30.858417831565127
24.882250550453243
21.684600369312804
54.96740109765057
22.243181724684344
24.872443934941032
42.657186992934555
44.82848001839649
58.42177351918636
28.46677362230603
19.368568910911645
24.015763559520842
62.26616684010333
54.287260243053815
11.560783043434991
41.669906895322725
23.663546653711517
67.57941253283329
59.57550058923054
63.584416137929445
34.31790942936647
17.420352997914136
20.071690026162724
31.905722949283987
29.57417459683917
40.19283593509441
22.740755009539324
42.40177849227349
49.18879784131552
35.81501637848062
40.100222373644044
31.571546404149846
25.45652100569023
24.12726059398359
58.31432030323731
34.6130752353604
53.27189186706812
32.02533711857966
9.570775763865564
33.94511340206427
80.10525714745529
41.88359366512475
72.3435549793513
16.888920570277698
35.34654419275624
25.594210324047996
65.43727607793316
36.02910540530632
39.601946906524425
41.240488808407925
32.39927223403963
55.003569003275764
41.90122689836535
29.064439051206303
31.232601866594422
44.33487246240341
26.0653208253675
22.87809611368482
26.988756879586628
45.641948527230944
30.79661061618521
34.61872037097426
24.724832671691356
45.22973374601239
18.863636934198137
53.21172040291068
21.085868210043568
23.748530333547123
17.84064095669554
41.54611523767887
30.891623366621452
15.529716047454356
79.9503080545765
31.146506695834038
50.094915519614226
15.372316321531112
10.469698158687617
37.93928381348396
21.194489010876477
54.30320760311831
15.849012698796095
51.31922496017229
41.511264864369885
41.63931363585227
48.28820185276426
37.596052551550336
43.0533070621437
33.99845892147118
41.517081868152204
26.49330478226734
37.74054232460185
36.05132564469201
18.577951195272963
53.3679141937957
78.71773999494293
29.85901159384965
22.790720766915122
42.806060970145325
39.015274010281196
36.380999758599394
32.970553740417365
23.149593028362943
10.224625329842684
35.73691456353005
49.49213999429433
41.08461047964731
10.963915981764979
52.33986390082259
36.591973507183354
68.79486438357755
31.539664748377756
16.339373758054382
13.139626864506818
31.15287891021728
20.925148123052985
32.1772373298916
38.487583846712
45.90173234323109
30.98502562065629
13.30044839881514
14.1678852306547
44.44094863120803
19.665333103178064
72.29878746689182
43.59190953388604
79.21548762435395
43.67451637631305
58.98845015150022
25.21123554539029
65.61300726068765
29.48522715528062
46.923025294447044
41.224079855832585
29.311624246948686
22.72621778336963
62.98497484762559
39.793998087641796
28.27459335375771
41.38587760536122
16.477927916236343
46.76719413588904
21.18180359075804
26.70860072308296
12.414703577508494
39.175044286339606
53.46615207369382
23.81116677372777
35.68620759420348
36.39235185373105
37.68872757901931
34.21371547962468
70.34471827946466
33.59530168589463
46.421104233054365
35.59961467969492
21.00980492388514
24.901629769814164
10.590562425442588
31.68975618707841
9.455710875408839
57.07576142160278
60.88174636947379
38.73252736704581
74.84063636459514
62.77921250770283
39.832386808424964
14.747886683980575
27.28799890902665
33.58995823644226
42.63709041316994
57.497325135444285
32.78478264179108
29.543675258923646
36.126132999570984
20.752878807151312
34.2195091108306
40.005247424240295
44.865419367869116
22.56713654853653
15.966489854364116
45.908340752723056
31.13986474058173
23.344520129733674
25.880522784041375
32.925238990862155
49.57516481033355
60.61008103438142
37.27626658669671
28.686716506683357
25.5686056533937
40.74229379204961
39.969211076231154
19.659690202507647
43.340395628408416
22.129983743815103
47.94347106704448
46.417036270007486
11.765655358015314
32.433712002614826
34.574932362006486
23.010365378381266
40.733167601266565
28.41340885879114
22.67169502217216
36.02698077357053
42.99135177695963
34.66205676780473
28.00411671414002
22.77390293710192
30.8645668591207
30.34098338726147
44.21834741253707
13.222398878387729
38.70788321269823
14.255988890331682
23.02205401224414
41.17977535690862
21.560923437241545
51.31599574887111
52.54225324897534
29.47511565808953
57.631066427773604
55.547924932025296
21.211004247201394
35.98345872853259
44.837120191131426
11.56531802619041
69.83408699310296
43.40585029182535
26.12102101934779
40.57658183142312
57.52317517973281
46.94954071973423
33.381287583498256
43.37732248962478
42.34103637709124
47.296893879066914
35.3486961789322
39.41810196040856
23.131360366416317
13.031893306291648
28.975506808873835
52.73976635850629
64.3520153758224
23.74045461645244
82.52747276337136
35.412982290660324
21.698769355006227
46.18611019996514
46.797340383626086
31.083085552856577
31.544707891677547
39.2877798740404
57.814979600447934
31.3300436767476
38.696368286321
22.06752311793597
37.0962436302853
45.51416012870722
8.987403650549656
10.648168384989804
77.03175948753696
70.67231247934713
21.258659162266735
43.21302859124954
36.53863412790427
29.938341179852202
32.79354398518075
23.166353782375936
37.60580704543236
36.20811052119966
25.979415917864024
13.651648863932136
20.044721538657317
21.30523603121431
46.040070806288355
37.4122586233972
18.10731551273239
21.541511509776303
28.29731396790951
26.580320380504425
28.410999080389093
20.238599151513643
18.84947137462745
43.22031197622769
37.06881672077926
50.79912389978131
43.30917126496671
13.929668319935171
22.028107357849045
24.611489263861554
45.506789050932085
60.149020724998834
42.724839877696525
40.01499349093231
28.223281470502474
15.050955796090063
27.2494622711473
30.782510195693476
55.97891971635332
26.296806347452247
36.063667022000914
39.44112963018488
27.90823376074753
45.44951767716163
16.878424718065624
47.629920912435
14.07158221085369
31.560866640120132
48.18229636367718
18.739756616613665
63.42812717546595
55.63459365829338
33.75286048086269
41.893698469537654
39.145894551320325
58.53326361343686
29.55697904634319
29.190936893771323
18.91811744997863
51.71447170831603
60.8860583146881
39.25041622041082
39.57817063690952
27.666768606144586
34.50391344292287
28.015558142157882
71.78412283918391
56.9460481150295
31.04234810645556
30.696929939043567
36.37140903582483
19.541503565067245
35.96280212534301
42.85310531749453
29.752142785154696
25.24501227179587
23.079250072229875
21.506271436738164
18.307333100647945
25.182107261033877
62.041557161044416
30.33081152220675
15.671058143149889
42.54277073002691
27.818032321116785
23.15631325616402
22.447294941154293
38.77422601306867
38.504003063278866
12.62950455260898
40.14120003748253
13.450206146958141
46.37428072580692
34.154692424555364
16.01871771086711
52.323433006726574
16.700808849412592
24.298928835282027
32.2275115106118
34.760219535636885
47.441477003235754
44.52414324937048
29.31724717251139
30.758702603252264
32.68281648733541
57.38796909392438
53.70188330540048
43.018419745586115
27.50027857499797
52.711970250757645
34.428338680978996
39.00611527164615
34.23471225877675
23.470821188151533
14.826036383886814
10.918143587665215
62.88655718455094
52.54973476651843
21.515388734239288
29.373916180745645
26.198382611253933
19.112670116643088
12.673268542869987
31.508141880371532
33.68108929216159
24.97568711241592
32.982860955579966
38.89878997117316
26.66504531863608
15.0178120553706
48.335589022298514
29.22181937600002
42.86654437406218
30.733978046138116
24.26234795466445
12.907473871294256
46.069414861406514
41.91670120776108
25.38522263962474
35.292344605997364
19.22942005637262
26.032962696601498
22.798816312625107
25.687970037727226
26.37051746371369
22.080163210959462
19.83657236405174
42.04384726629277
34.92441137837948
35.1497048980956
14.108405162097636
30.51776903279677
26.525067125100758
42.587884732617184
21.697335836629996
35.04135366703296
13.378949842066762
27.92192237811244
52.89311393468283
28.49395141190973
40.416020232726865
10.605772925092273
47.579491960133254
23.47353226150014
36.68617151024326
20.739904039029618
30.653936767828384
42.21930078791106
31.26098126457623
16.100098239200193
72.99668534995483
38.168814430840015
40.38453402299284
22.551765235069464
32.88511518756465
47.977522875825166
64.32134503281047
44.96261447127569
56.87696045199967
39.870083774387815
32.53428811605776
29.314910281359502
18.855407297538655
36.45027949009212
61.43242897373244
22.977929397900496
19.80659753721831
43.61051084179862
20.257073154801333
16.48363604298202
33.67078417336708
41.78668654302962
34.990444865263996
37.176133322201856
42.48680006632791
33.733934132806915
49.462441476987365
38.93256513711712
23.00323636317364
34.457255508677285
29.284570880176247
38.22492005557459
52.62138521527414
38.90149915716902
69.60633367205754
27.89412581332063
20.47162416812911
26.85966054490908
20.172351469095577
34.91234181952581
48.57102148258736
20.56782814271814
50.92078249747176
22.215096642925243
40.8594960466193
19.62529237189686
56.9996657453544
12.373942160589852
95.39956747542792
39.67169240862181
42.91667825748694
36.21303641174099
44.211594880317136
51.39834545098414
38.05500525574982
30.602100760893286
39.01513600306986
34.83700404602346
40.3253872576686
26.548302725151096
24.79903728689767
20.470491143912742
46.34633441010725
55.683181291547825
24.555289342003974
28.675565541664888
67.28626045974873
26.623426267141
62.21059313027744
39.203754688182926
38.26232536325613
19.573303470890792
37.08902395576627
17.0371182395449
49.87304862838592
30.57346339835169
24.696461760087534
43.6933211376835
30.77515340904677
45.4153243540047
24.873783481037297
10.552895483108076
48.83931752885149
28.594595669990717
33.50729276349157
22.15072745869236
15.485158214614728
42.2649248193602
43.57523226526126
45.663347441418374
41.656274970264995
29.812635136817743
29.945927618027273
34.87423052043733
13.87068993018179
23.9983588116499
45.85961940951555
34.04184084559525
37.05660767409183
46.08458950093976
14.064378582478234
45.964228870246004
25.391050748887807
37.07276023200461
19.679109251414957
26.211964251232878
47.50275893676948
40.59901625407413
27.448111190555384
38.08167854720408
32.242993673485714
31.179581763637398
53.4649305815636
15.083352836417005
32.44957921614831
30.676831745094724
34.79279396872795
36.03311314639098
16.33889853606833
34.87333304791742
18.91220770897793
8.674759061989755
28.304455090473514
28.9042321796319
53.32318946009988
22.548650670887028
32.366722607928686
28.4748248158306
39.22679030973788
12.574354828455615
23.954143707878913
23.766647143507413
49.58277547692912
24.70376889228975
26.650793358747038
23.69137748219462
34.97244894002735
14.981975441710377
16.423157334113334
15.436131741355435
49.2613157576457
60.98368262724653
61.80341204322003
28.20791533294344
18.093525010988674
11.423327148856814
31.17740635146829
33.021424061652674
23.880090577273695
20.690858722697225
15.398505659189244
16.10254421200662
29.21079335253595
22.79397931541971
28.9062934476848
41.0282652274858
48.566641518775214
67.65797661135618
20.16904220962191
36.40049794576376
55.354978494674846
24.405137762088525
36.30416694429934
31.402229995458352
26.18136499368627
28.85260928979005
48.194501193642886
54.05999371461492
25.758578247132828
50.118609909346226
53.14502203884619
40.03398334707596
21.31248004480634
30.585020101808674
26.04371359329494
47.75458162528046
38.99831309327138
31.12413348079662
53.172923269146764
53.54307712755284
55.940397370280046
28.998624557283936
12.261767880007996
38.06876657508584
41.11836097754748
23.748921683653332
53.561930813862624
16.449011325385428
35.83360432724497
18.937035986532308
26.145322408076066
31.398141523613482
33.1608629933053
11.91868160056308
48.02754045705845
24.837742677428793
28.65606207308978
17.047154249531413
61.88189894758727
38.7741772559219
15.964274550585536
33.75708573284219
43.59576650610521
17.078162367444175
28.582262558067058
16.901506146445687
37.13325478276507
19.023249495450397
35.03810925304081
65.11151307978916
11.89657133318111
18.46397001906275
18.507006970558933
34.06693438530113
19.112049277872707
30.39890838767286
30.183183830786202
22.132710265713467
28.31934611919955
30.934352654767245
33.634532002645514
32.14973766472992
30.948701080729506
38.51600399938743
17.773936330896042
35.97381016068288
32.62608426024855
38.02095653993692
17.81159634043461
32.53457805450754
33.742509080157056
25.276024207302463
29.074106341603667
15.468534428893049
21.284615870140417
12.390750759666698
23.169514374912755
43.26745553256805
44.037656350925324
8.918488952151465
57.31112803662184
28.79565409633899
47.258059453740415
19.393365102040306
25.990546168718136
12.338001841768198
18.7960408362774
20.821336350295102
43.847287142641385
13.011424847057757
32.282579513065166
19.6481042524515
42.47300823754599
21.586281298876344
18.446545883386143
7.481280391865454
29.479640875410233
28.69583839085379
26.948116682772742
18.396183709248106
37.459945251129625
32.9565474189183
28.088241176940105
31.014550683075193
19.591471606728977
24.243005863220507
43.34325290021301
29.47181748437741
29.248276311343762
47.30240945574804
41.35668926992473
42.75779332128799
41.34769111407794
31.870707363855765
26.126369489439092
13.801105665232827
36.15751465775891
29.992824704264414
42.867325767237865
27.614470741032633
17.469128516914168
30.746452077585978
19.891593898543693
28.897554829891465
25.12374891958981
35.02982057289873
23.14576507490157
31.6520823417816
13.453206526018993
60.920789319840075
19.251488677204335
18.24681996012849
27.37895231516541
13.37845196908968
30.695696623174147
14.65707907925774
62.65762927539954
30.365316445397156
44.292769881111
18.484306545793743
36.78221289796861
17.77460377304584
20.804113705218402
14.12866742948267
21.688579778386067
31.96259767034033
38.607344940814336
28.92381802489522
21.914458586791586
39.31031342495081
27.014987843353115
19.583229755639213
21.45548847853386
37.38894125408086
33.60367453810618
31.543965202159345
54.86201185189971
32.196261880068924
8.73449548551752
53.52732992354016
16.47465131600354
36.36839381778574
21.020105830369598
23.9574801803322
40.56743412168524
24.818295006038575
29.47855360961431
31.854931945100763
32.66208622280114
14.927800773314793
45.53886358904655
13.435081775905703
43.1303683969051
14.125537378682512
24.572714487585717
38.161027913167736
23.29631066707738
28.874058803018883
22.85104131672305
36.10538559020108
9.271129010528991
29.509090870360343
29.650898236742318
12.478184447102283
24.192220497368787
23.630299225013477
53.88808229420731
41.57621704723421
25.924433104097726
31.300727913538523
10.64552156200325
29.06764511946076
40.90774607129267
41.772253445290154
47.19413870877862
14.311172332101165
20.270252958597748
43.14112372003622
53.892913296685904
28.033346602007747
20.87860116583674
33.20830794118403
31.277558847342746
25.629872964623633
28.043483205093622
33.65699765049154
11.121486589342474
17.32351575876929
33.81674963506485
25.939244146841308
26.175288882725546
28.42759623291049
19.85519877094325
10.233534515468001
32.68284405526156
16.062307818380777
24.433258712355933
24.71403046007236
20.32930137843751
31.978748310083706
15.292525974742368
35.151302905216006
25.791435907501242
29.848295167379636
43.81078228838769
16.7591928897925
30.98822424980031
24.55899868995117
34.51833704591885
35.80462224795819
12.95584066880229
44.42990904481965
39.970280685290035
32.54315377067439
25.357243406887896
34.60057607091663
23.60643193133613
34.808919062679216
22.939235330381617
29.362012087347377
14.12377730710864
14.793530481356715
29.51703511599356
16.21540912082873
22.41400443428093
34.3534584346829
16.751633171944817
23.240658402510718
21.702419402767
19.029818600401594
22.551280433970543
28.299915704562732
29.886698746332335
35.186497913098776
17.387185345032556
31.224919239071642
25.168726152041753
23.592237240341323
21.446910108377757
28.296614472135012
20.946541349432394
54.02247694845869
30.763028794390323
14.698789388895737
22.170163032587904
21.154887829061188
24.102104402727598
28.434128532046643
20.15342407571575
19.45438643737017
18.741878743944007
10.291433445928057
39.63117365192503
20.086506401013413
27.053564575923268
20.2465800037682
40.22690376685557
47.577302102624245
18.025885054895223
22.53525348142134
21.748576106933708
32.907079032588854
23.914502696295376
18.821531469249766
18.894791679871485
22.85267273252337
68.29157317375827
30.38683749187602
29.24692524520299
23.94753871442988
29.34534569309171
15.237257676137064
44.95825820597116
51.24540509444097
23.84615849244989
26.12198242962837
16.77436309889941
22.29958941453871
20.54200688636106
20.065314624131233
21.338892660144808
29.037147864503048
21.53430490276316
24.392680671306522
29.552835061473594
13.815051442419515
23.64434859164379
17.90394113707398
10.314093262410392
21.74477497154476
43.23863794309116
45.29419844374266
14.002474372777515
20.804708108376705
24.684814009338467
15.050810691430488
19.537230350268498
23.21718972291199
22.574729483163473
23.6505481361402
19.67916262248399
20.205774988576035
21.723886053365298
26.966854242804473
23.710739081837122
17.28566554875664
20.317619739835465
39.711701491606966
29.916508999166087
26.217360694097703
27.181445948945854
22.67085519557382
21.030119530591243
11.054828468985596
26.612410413541284
12.105670208140836
19.800527728488444
24.143515614694405
26.671386094135396
38.21381939747941
39.215093105493615
23.882111486767904
31.54221946169693
20.640384438951646
20.48523195712433
23.548037135013924
29.845867087424853
14.327268000943944
18.562738868444285
14.286445830277714
19.460058775001503
26.051257271107225
21.930156853165776
16.473311985425568
19.746728994974955
32.34230365338747
17.47903339929692
16.09450269085441
16.027862490566573
30.5703508385461
33.479799377530526
21.18996998440412
12.125336379037437
32.886319105806265
27.602623110339568
22.15432982355904
26.248796792217462
19.483454560047846
30.111463854397048
26.702154385509175
16.544193310992057
10.002421891720696
43.77098204048618
18.505442431478457
11.389453652001476
31.66409413087885
27.890027006195734
24.121849779752797
15.365452682455949
10.836793768443533
14.155332737428667
9.67922563065334
24.61902535840431
25.70926665663167
22.44028410589118
41.29400969971142
26.672111015261407
26.657655771415513
12.031228419338747
23.116932758829858
24.563963215857328
28.98744718292423
11.454755307134262
13.09555580495967
24.011370889637007
10.22908118800374
13.371746435513987
29.731330663814788
30.018840528268626
14.28053272977249
31.355508645249152
16.44233805331178
17.825787556344046
20.497549691603925
18.319948765829665
24.43715680598489
20.116224426342317
43.69493607626108
25.381559924638665
31.62704123327382
14.426944311074708
15.97791416503156
33.506442406447164
9.87242221754825
15.23042666236564
30.312949983715736
17.463725964816216
20.819094324337733
30.603067132218175
10.97051134028465
25.114277139946328
21.391269755605556
54.477991676703205
30.290708949443857
21.890357544690538
26.543972416496945
16.61596974813704
17.00117983895731
14.217855809938
17.000013012896556
39.75200806476397
11.536740659427224
17.53348996128434
13.264541372877506
13.28934400381296
12.238873823865493
12.19843947180764
43.89717340995237
10.978555611287033
26.525513412990108
12.56785452705331
23.009231531667478
21.21662084053764
17.627671520507064
21.79174333331136
8.926967953532388
14.630808958320301
9.612286823181151
10.364335567697598
29.61037891518189
17.75192258418845
16.366702245835477
16.865778943146605
10.824772288394623
39.35431825126929
23.352346591098765
34.53307799419325
19.566945298298393
23.13198013101222
20.4771406331502
13.297103343298591
22.366787948481324
11.141750137720576
10.733409260537337
30.489614573746564
16.776728625282953
10.342377031149631
11.633520187096297
17.926802581312238
11.928231372507181
8.8260047552757
20.246856035635428
11.22091250227943
11.43675380724209
8.594418303369785
24.339443846343595
12.407290291635388
14.89650498644525
34.72631101033035
24.976290845475994
29.87036541247366
25.742495083210276
14.35575332984658
9.079034243472828
17.312814388936996
12.98812026322011
13.742018530864804
14.802140414033213
24.515064786529763
20.777771214320715
32.89752641965018
47.18767714235143
27.085326463435905
23.15771185174517
17.307577019775337
14.111804595818327
16.257029147793638
27.35528221102908
14.426079780073394
13.862507100291719
25.734995162550245
24.62883905216591
16.37317499779319
23.13287385662125
14.2297237229837
9.675418479890755
22.19272168114226
30.818072154825053
15.01133962313681
19.38421437248522
33.9131149857818
13.915320961695906
23.339002760688484
11.338900013386038
18.439040528913413
14.493388723723166
15.968535872555387
6.628483650477519
27.316968860563094
5.795531727018384
15.91356345796795
24.69467668286694
12.572854187377002
26.81021497659848
10.69008647034266
15.909475909198306
21.181623785298097
28.206751945687987
10.422852086998981
19.901501638931656
17.210855042023233
17.37880943905937
17.543306679446534
22.048504385727238
14.433178074182104
13.472232417343161
14.49253351130397
34.19173596479298
47.447773409575355
24.791250732864764
30.668397187201542
17.904006030955504
16.162950294149777
12.777864649190937
10.773501581598119
26.930174785879135
14.565622182645782
16.546774128142953
18.52755814063185
25.995190102006354
20.436429025075817
28.16768280866624
17.365225119347873
22.776564849020257
19.102140253852927
16.286341573079046
18.419933618977787
14.295533631836491
25.14363154219259
17.053421121522817
17.980782358693805
26.378523455982023
11.074467462224273
19.558056180451043
19.320354928667523
19.22417941244907
38.161501903814894
26.28111863045503
24.254379162557196
39.316477464213456
24.713226394262367
21.357580206548615
13.75211009221147
17.831914882804206
8.841581286368012
20.816074186329725
12.287498461776782
18.54074430599279
12.255451621744527
20.08746339075957
14.119168738975157
21.304709122922347
20.66847514683944
23.714937682083793
18.527647026946287
15.690121539240176
13.90429913365864
33.5292964257424
19.506931882727173
28.568446191865878
31.41796755737739
21.6310995050984
10.028815401054734
18.33400330363056
8.849505171798175
11.976824375417133
22.12259179118384
18.921469387555316
20.412682711422327
45.22307523928505
16.43806484206888
18.69787375885922
16.210217654528556
17.014860472804024
20.490715732630964
5.619890172306305
10.604289101586707
20.080505154379974
23.606622924351484
11.442517975940303
13.220181324054606
23.245963340296445
18.024931471621834
10.587556531146278
14.913230293259247
19.9925732833308
19.603565499318748
14.959524318109874
22.854714173259605
21.556212396765392
11.171007510552123
11.46296735708516
25.91745738302173
16.58422916494239
17.016246252780206
14.140807941382699
29.114420875820592
9.087922355835401
18.04940157285713
10.519501208440522
16.880319200062964
27.985222633938555
9.394033936298062
15.104933745564452
11.168026419684457
13.097676640589084
24.983699133678424
18.65092873394576
9.857736672791557
18.58386260452702
18.106178175863093
11.024352763072358
26.19643998220435
10.32485026423807
9.27839987154131
18.537082518130422
13.257648225736418
21.8835158717896
15.983202724386237
20.02898516249317
16.68327940593155
5.371313947357994
23.79405145606489
19.626523632844115
16.50634307968644
14.189022655277705
23.835833370764632
10.964118832522162
13.00198715934756
20.935565673319164
15.780078667296484
17.40330348528195
7.683139727727117
18.810761251029742
28.229278637146006
13.119674973312812
14.439211552473422
21.291198573169044
17.648823465925407
16.36021067346158
25.582536094330028
20.0852236394503
9.464623640165156
13.106748111010175
12.969789046413064
14.95534407513992
25.969803317220702
18.543637773686477
12.803785489436262
9.221754029618426
13.861624553397775
20.683413625052534
19.897311074774482
20.64149683619648
19.029736015533864
11.51072197515463
25.065420213142804
16.11232582111688
26.979308456636602
16.48108109137363
8.600168337738426
14.870897635878025
12.284541382619192
17.648783671484395
17.27312729257048
11.37191710213708
17.025590060554514
8.909814962558148
11.007936206038856
18.45923449020068
8.819723559145807
12.039475445653872
14.151770996583709
11.895044712341697
7.606290905087023
39.21221026287702
8.640530935789476
19.66897615792392
6.837553545662978
27.09431043815976
28.079082202423628
13.569203505525687
17.02905258900489
23.49452876662904
9.940132140230514
14.722685212040101
7.229122690046602
10.350633505604954
25.628774700836825
8.600835238772566
14.847339100064616
15.452080329817496
16.977985176577864
21.708585944762625
16.95024651659317
8.152451744322804
14.45550226926168
55.62110782763933
15.9859126754944
5.984375999812283
20.63571913805628
8.878684029150833
14.58779081114138
23.255495162179287
15.38964570630556
19.89967731810055
12.960529594120423
15.615243387025506
19.500236764951058
20.609085024309355
15.44339424715374
20.02512086936751
23.00637194608479
14.596251374271855
12.522183408544372
20.759047889747208
10.024298923383439
30.896044888682756
22.052644593085653
21.098219649846314
27.184696938730173
11.668523743718554
12.460675005709007
14.600378115030235
12.253381303072
18.027235064293826
10.625785914286604
23.702868892370745
12.447261380945331
17.61746926395025
14.50547435250377
11.724950144958918
8.737088926757185
10.232027710935961
30.83230506122004
18.553731754339818
14.3403767639568
17.73802407198717
20.525261735317173
15.338040157550678
21.488800952085743
44.465314562445144
29.42266653556717
13.230357849597416
18.23021206186621
18.573924691230424
25.380123257108618
15.324988159802144
18.496508030123216
20.37752905997195
13.19914387737705
11.415208606349836
18.073948353105436
16.025447110293854
23.769474971026956
12.673440740013303
14.524139237975897
10.646643897112332
25.89991299876251
23.551396718987945
25.149489566961453
26.38856899347986
9.319844801248076
8.237805374633089
20.58143284995861
21.399627023396388
10.497997644010642
12.099465379938284
9.975049518031437
18.29859814539165
14.57441010437647
17.077360514050046
5.041924591970582
23.841089583008078
18.372404907650928
7.6225115093334805
31.4218484474522
20.834428835165745
13.87955588859954
38.871836177716965
20.91913185617137
14.706706908022074
14.006967061560024
13.729940204922759
35.01111612597176
27.08037692982968
15.694167033024229
10.073563179966584
10.279131466898567
18.14577523789472
10.176499483718443
13.77663478766425
23.057875720030648
20.685759731259534
15.832184528465229
12.697231086276723
9.48197340515102
7.6848965893665815
23.655872723815637
21.39281322039001
12.33016669301772
28.7556996763127
11.102273822576874
9.42134113401168
35.806689778227216
19.22944114456574
19.0066053118703
15.220483662507869
23.04373230399344
16.48543819484065
13.67863235431727
11.574464703279517
24.52825809601125
9.56631058425976
9.252032935671267
7.176777577437863
26.647047096001387
17.447394722519572
24.563314104490868
9.580552984991918
12.794598021444212
19.642199082482577
20.80755916430155
14.8559763933626
21.706746878374076
27.082484796231014
17.011173080864083
14.876259611466077
11.769898777896557
16.67827668221368
11.820999883083278
8.44225522432785
15.758485507290546
26.381881657805543
33.963439252586525
9.297639571702916
15.400615997321
40.136052810510265
35.53223337064338
18.1684929636174
17.36338440061397
22.609249308254473
7.013734968889369
13.205525241258478
10.59869919700582
18.02654409400012
12.769653696220542
9.654870497687973
13.101961661347715
11.056505127961817
16.169669248773243
14.331693470773368
7.083235262902125
19.47309015403662
24.88415416748221
11.732420639270275
13.791012800132684
29.48782024792055
17.772943189196486
14.450181109937486
15.273968682330368
15.2862158101483
22.885043295480248
12.692101052414834
13.100618126898517
20.744461814928073
21.519636554418874
10.131066754404793
13.218790494369928
33.38066980744624
49.02406943644889
11.570093451634087
21.841616371531366
17.60712715407439
22.748941308463383
11.519817781791772
16.35939840173797
19.73771758711129
11.437868327854153
25.297545491122587
31.7432573184375
21.02024098052141
17.559740098526017
13.294208956899615
13.006899532208905
14.350295575095052
13.955291250979382
12.246843638767512
8.0990599062942
12.450047967914887
21.830584510786814
8.39064715386705
40.719830035878694
18.02153057095511
18.398192033127504
28.820316886061136
23.951429321096
14.529780856200794
14.250774119800417
20.503769932150334
18.402588798513385
15.731413990610926
13.449975854481483
35.390397359915
16.102887181283638
18.268278610453667
16.967292585953793
26.449872260425618
29.81809782175174
22.473825750228144
14.440597926513195
15.632815981393163
20.50613870456374
21.58990430239125
26.520868949067804
6.353186853243065
23.883563586415786
19.731513574799415
23.485896401195745
29.058908348582595
19.381555190449422
12.10507475720243
23.284355853434494
24.084596467732595
17.70203766323984
31.60379965035311
25.891558323735342
17.227764303482545
17.528303431315972
19.323701723399083
13.301630513573059
36.005600577978576
12.213853270701442
17.32651117910438
17.662581566842896
23.672831022532158
25.397873852588354
26.42922227330537
28.88211291453407
15.002878890366206
21.21751085569597
15.667324214677144
17.32514221735967
23.95142688039958
13.688253847092541
20.70741694338546
14.412654468421662
24.161967526700387
25.96622057760086
29.362312178758305
14.493522081474328
10.590815462465104
9.492547851008743
24.417221901204282
12.352223094870228
26.638571811936146
20.825673686744985
20.61272436311222
20.099492665222716
20.429126396234267
31.251732195248614
18.428126048081413
15.645263334598427
14.05930078236753
27.063977921850707
12.26325250743929
47.29381569080547
17.08508451662971
16.640084958434453
21.49065378740876
15.357537610897806
17.98682663996792
17.164563709768103
25.19486435865937
32.83290968789572
19.071178649930765
12.314830560444568
7.357921505372031
14.387824300430804
27.946924957428354
14.954985995284941
20.466476941789768
17.135378238358264
17.027800072582806
9.162538782557284
11.366582545459245
16.68907216207413
14.938732654535606
19.16658983856596
10.161505080227046
14.928054738181107
17.119092737458764
22.769051277100683
14.04673694921838
14.239328819527694
10.30570509559958
16.13734794724779
24.441191790536752
19.583259437375254
18.87558699210063
18.665547919380707
24.397838718376132
11.646674825946878
18.54588551068711
10.088005155954063
17.69542013670968
12.404323592859136
14.542342521332973
20.607968297653613
26.02418002156442
9.941620051679894
12.651900006660611
21.502995404404622
12.972271577961845
15.268168784774664
9.301642787229945
11.54051683909322
13.434690756690317
20.147966779327376
23.627004556450665
23.197026089233717
8.624305378367021
21.872526193791764
19.44268022419991
8.109238217178444
10.031804090141062
15.742880583953708
23.77088617486346
9.368902192702775
10.549088925585458
23.66555267388076
20.29843210316011
22.31191273645149
14.884911624860681
15.978238544048631
8.599144512368195
23.35812508271154
9.756557055953381
18.891159926110927
23.730294430747207
19.562013314512424
20.557308746811486
14.2322434778915
19.309040984994592
15.373171156678337
14.948546654860733
9.101217688990271
27.90933621814924
12.102412166673284
15.083899810161366
12.274248512665507
17.180769680285827
15.79735439080913
23.60540529923854
23.387210399985612
13.61474904540757
9.677757749899126
11.980068843095014
17.005697979008097
48.151259162117114
20.74873469432666
35.52554442957392
26.33624241447339
17.524033839536877
18.346324474086146
26.039859881338977
9.320323910344595
8.880866112280685
20.147816751517208
23.491266804761448
47.40888317031667
12.545895811851027
30.339253633678553
25.813734059940728
17.362200540718273
28.29959113131386
9.688620718072375
24.85283243784822
10.242244493782776
25.92159299094064
17.400299820701946
15.076329915418738
15.309123438557299
22.47066620799008
13.934599183730324
18.79169757465433
9.244008445388744
26.491242571572855
16.91068131681946
8.846810598546865
5.865009928522022
10.731684445949668
18.262961574669724
19.71307714611577
14.084372867890993
12.785022891057354
20.39308994017652
20.989957508754692
20.50126788268969
11.164160442995266
17.55473051399136
9.316050199083563
10.035947893369126
19.93812900100681
7.87521880342255
21.807580666387302
13.441367199479567
13.366873023833808
18.082881606298244
13.667525426106291
13.151443528844123
22.665852101636258
10.939521796715685
22.42024205684383
13.128883042289576
22.350504146772845
20.480319121532435
21.059206028516815
13.712273936273794
20.82384863094176
4.641181898503854
21.723650511331602
16.29961999684838
18.23278600012094
16.063221805623463
19.61484032170248
20.158106756288305
26.2510083151322
11.162854641696804
14.618972496991123
17.526725336245207
12.301421999293664
11.56050545148429
10.285405966360665
17.02054181842626
16.19358452839325
13.455042614867125
15.221063275928362
6.516691375060684
6.817651337516102
15.863346522751598
9.316635108648782
19.768340493118817
24.19032259573653
19.469836635771994
11.695391406338498
18.735999881648308
11.674684396211044
18.36534467647242
13.634764925675391
8.902969373711374
8.641856523963225
15.183682480196236
15.413101778072205
8.542518554214375
26.472656853863125
9.656052129216066
40.27276568538672
10.206453022746203
18.02628740886542
19.929363559711085
14.03669926426751
13.27568904939338
10.095066883460046
11.339307977047767
10.407723269717021
18.927203692471775
24.037785709443725
35.40776841920093
25.40892049576539
19.63009512571883
11.416417772216311
15.861350016999173
2.7709333428190552
19.74007349233795
13.381650780202525
17.42080394880604
16.0385652890238
19.466369384497032
24.39377305570962
10.247470144783275
21.12617526307074
21.843259336590744
15.621266451411886
26.236227629432697
17.93171795733644
7.047629495571646
11.450712416896467
28.42112005250631
18.20021561058897
10.120296054011174
20.726704201699384
6.687499931902413
13.39925015824476
25.252624014417506
10.865480330402779
23.17000462545146
22.229130706925083
15.045308544013015
13.915129216918118
13.105124657967238
23.038148796971143
13.036904413860281
11.868216136043742
11.241967570216733
17.750045174208097
22.380029388927703
17.35349629949668
18.407220991706684
20.93088186054455
16.22400646893815
12.035342561718638
14.07823572233869
18.488135750982963
7.559151361348921
22.132508994572166
16.21922894479262
28.851210456658055
25.824009626883548
21.26267042495986
27.2811474435415
7.596948000779659
12.02750182426232
14.326908874520822
11.417140969727866
24.793713375520383
18.039611769831705
23.995689273468845
12.741846106876473
15.450190862292573
20.946114953945674
21.588082967713664
12.510238823676787
23.80663258449775
18.075588371625525
25.94532881564675
14.537795653157906
7.644590023421041
14.079213564787146
22.450870871988908
14.732553445937993
17.4219040481978
12.746587378665886
33.36963023083553
13.550266620372028
9.274051632294789
9.704317354403749
21.43983671576275
8.795543173024614
11.203839004301594
15.482083600592404
14.72692236949277
12.47899206985913
10.499468783962303
17.832205978710398
19.815877284116766
21.154686719994036
12.233428450345624
16.9729374713557
24.736766412857357
29.043950400312056
18.381066022163207
11.765127021677781
20.76335632387743
22.34102225927649
30.082132322333237
16.480126601331296
8.431568886543769
9.83052876428526
14.05342292413817
18.904609821125064
14.134492465532889
27.47694931737418
21.02307669882727
30.606723632205114
8.545402591808028
13.00766764700874
24.915104211871032
13.355257293741127
31.37760479431274
19.545489369812945
31.81352095742388
16.885257031153863
19.7591787971163
22.893221943690147
12.79932437837625
19.57407902681992
40.026215563611906
11.542857833923717
17.207108450510923
14.046635403770022
22.592365187371428
19.997724204586707
13.501777323989616
8.589067582211344
13.998950622035222
11.93944121823614
21.70156909430298
14.49271151326275
18.062052709297596
27.480855021255994
16.79994398952644
12.133270594891547
36.1733242636329
18.859701989427283
12.625312107282344
6.799745401589082
13.825205291851928
43.32996142050989
7.954215570840232
41.24127238647776
14.608368193059151
15.577410717844234
14.50447066262357
24.840802967515714
11.766052539934195
23.20536392697931
8.652562424410904
25.368358798549796
33.79150337471436
16.85279921209443
26.349654326086696
22.89556288460312
24.992813833307952
17.945887600697834
22.718565774322414
10.992118187805703
32.518820961608
14.743445784395329
32.00685065093925
25.93990031844402
17.21738527207597
15.127263343859742
20.281134658900022
12.591319847238816
19.48826237812326
8.749971877687459
8.438649592037375
19.997187822996654
19.411853629521385
25.08210502256783
11.062659349847026
19.575824185425187
29.211620047481556
10.868661950513506
12.467246092451944
9.46390634373538
27.184477645069528
8.404533811944347
17.927701123623088
19.8842938834811
19.9173518485229
19.24512659992133
15.202550046123264
10.441260165857958
13.800909088738827
10.874826137238925
14.251702360381316
12.097286171754137
5.217888384220944
17.884765359456928
19.330158148486404
7.048688747947319
17.125525726866503
14.327049069533562
8.599591232837952
8.27335589508393
10.439160355818501
12.94343786484751
18.860695217694165
11.03221497903657
12.130999947887897
18.122754181413285
15.980481979383491
9.857572767173929
16.49378637775869
5.283735726221331
13.251726552442012
9.495932135832334
18.223146911189595
12.97066622330935
30.002141750263394
12.885595882731792
7.104987224518605
16.393781099168528
11.12459471297885
27.928139214203007
12.789759782883204
15.550626400724315
19.464980765054378
10.64094790894385
9.637173651689988
19.255336797678645
12.035596725332297
24.820840917066946
4.825823845664104
13.26544440564036
16.837726203771187
12.080291478709563
7.57022249112939
25.853568828772666
11.987183847451895
18.348697659771116
5.873977595020877
17.21761708861906
9.262852532928106
17.792687130467755
17.321020508904134
12.006654792061964
10.935194171190377
14.139741714492812
11.767113363459238
9.440864010939908
22.683045715628385
8.694454069512743
7.80365831254065
7.901453699235252
7.069834949446281
21.279019117860155
16.09771626992561
20.27639552717853
15.415883152420145
14.285399621859055
24.49401623755924
24.9359907420388
16.002915136022416
19.544025336635087
12.907977656397543
26.218949961560362
15.742361989031087
13.456625936068994
6.67940288311914
15.211282756758978
13.118489611501714
5.903559190415091
19.59688651757657
29.23252552352912
12.88296283063304
14.770609227095072
11.44311371345776
5.53217342581489
27.65115307697269
22.70217599689189
16.96858213885384
13.966187243433833
30.208729161005643
14.344024263776745
13.905649550154806
24.896980189476007
21.84635563770415
27.880232114382213
14.527287632319785
9.075161218946706
20.78805193348556
14.749553705957275
10.51276867389804
14.830077865507496
11.426856009611342
12.268418171290572
38.52341943509463
9.444676332978426
15.863976941295594
14.821329776284847
36.575386717620376
7.297238754532256
6.339178285148462
11.27811475179524
15.109293165183468
12.473601542922188
12.401246010213415
8.249545175635351
13.528974747773855
12.344067148995915
16.4221319963809
13.787816784038146
9.57485495706069
7.504913573978551
8.701439496538189
13.87967772872055
30.9531698282714
21.301162921194656
18.073756619391688
13.497561608779096
13.754808411202134
13.129645470180359
17.024377171029208
14.125680868588775
13.111528836988045
15.907852277993989
23.421636390113683
31.507702146434436
14.396253526270348
16.101532355016268
19.32956773157776
17.69965919381113
20.56196966788807
25.662211877964825
30.104282620627593
16.84101219378867
15.17037991724352
15.075638400085358
24.938916641940025
16.829458583236146
12.55344387863799
9.86142298617008
24.94984761673837
19.28133991967835
13.45293877641299
18.53250652994244
15.19595790534809
16.275197130846156
14.036412724961805
14.640708848607082
16.219332050147127
23.505051928490612
24.207714986568813
14.811465090559988
19.859743557792857
24.712548903196584
30.687090049975197
27.028407675639393
9.94395099780406
13.613912035168493
9.032249831485222
6.386484773068683
19.163216135412146
10.134039640654267
15.499726181383277
11.518824752245862
16.755107049914667
13.073811326082327
22.551942337557286
24.359686689157073
16.773662792897483
8.915007107317502
20.951570883679874
11.812938453178889
11.741754449300084
19.294474819203337
14.987389171009921
30.04800273355606
15.947620017409703
39.66445340727948
21.51030348028679
11.54614045890784
11.19571599053133
31.573625060346007
15.307139784794982
27.72384553225699
24.203075069128207
13.130359337060876
14.540592848028947
16.627163196668786
12.715521848049082
11.981745904874625
12.126097777181627
10.933848359860022
14.846138651046767
13.628609652525606
13.539415193935053
18.368062027597706
15.18969054326875
17.236226450256986
27.722725877392527
10.016231985046955
8.794814675076232
9.763110927323483
10.646823017979745
11.846035692626472
13.05976802720438
24.261602021342146
17.6498973723713
25.562312406295813
12.755573947625793
7.909529918331199
21.26600497969051
17.69450619873432
30.96727135164307
14.57612485373811
24.09513819836593
24.707951014187223
15.544883013167384
26.37151749899982
10.54254367117624
31.0239790227745
15.526974576673632
15.564972085465861
8.581287856645124
13.42415749223318
24.787931090440946
25.2902564953206
9.274617901491183
14.637099859397996
16.36470333458573
19.383018375874816
11.199845604850992
11.186639938222639
31.69580834810029
15.18953008673812
22.03893859612735
15.330591902588568
16.12949289973737
14.905868706467974
12.516907406741748
41.63495340244553
21.40061286737577
18.565614518372268
26.367693355396966
10.872637637532929
15.812172673096667
14.75765150757193
37.15140098843958
21.92860833733647
20.593339450742803
20.800216819909437
13.198815250302436
17.985998181108577
25.766445904158807
25.469005553505447
23.407408391670106
15.212309648052406
14.15130186023057
12.167041994022016
40.75565586115667
22.452176252996345
39.63421938697591
15.235082262275752
26.301173242463786
16.738102694968045
12.585162042638567
13.517516133485561
29.859397202968758
35.62759711610778
15.09653531362842
18.49270544636048
22.09223655524654
6.167036133552668
10.863835056955775
48.66581348997228
19.148046640825388
11.740303665587486
17.744437027695653
15.477797793258732
16.199035291551525
22.448474233803477
16.20616533210822
14.271809837550808
11.20051903980153
37.27031288213144
11.252529497664158
25.695374235746076
11.269446786988304
16.738578199764678
17.93766820038351
17.844674881760472
16.355297160869835
27.095580279149306
18.256139351189347
22.35740584507104
18.15476476728516
12.522273394261173
20.662920058378965
8.907472400233624
9.205701548515556
10.293562816918737
12.917267103385004
17.721626827843
12.922706543445603
6.069470420103739
13.298040065692982
10.28909234216696
11.28007700264204
14.520894042144164
11.965698213191182
15.617625797088596
15.69043263475218
20.0523657291128
33.3234710702785
7.313470195692935
13.926824321286391
11.83629485424537
15.097949150591205
11.95801724751787
13.973339103076679
10.217987917448266
20.61499710553952
16.54021265729932
14.98940542361221
15.722778734568903
19.898859403633974
29.7201472935284
19.308055910793048
12.283678467749509
27.62241050234413
18.720383821252483
26.934225033853426
21.973223022480113
15.83196607963414
14.227875190453998
16.316002103111536
25.039738168044313
18.98675846431213
13.679978812370642
12.242646753328641
14.92417937728793
11.633251892552975
20.932576234884824
26.357080540561512
10.053709500143452
23.814586989272744
18.282938538517794
16.047610410540205
18.33962930754233
15.279385059670494
12.00315936595089
18.233334341141354
17.10782817584882
15.90872385906704
28.38249862911623
12.67410526632124
15.015414496189871
7.150774079754235
23.47815262551507
23.642180517056428
30.799335409023936
9.412769161308557
9.817713773895116
8.070163453572917
24.346816974826222
17.142646024824206
8.396443130776172
12.88252073833609
17.995098418055868
25.654952027448974
14.543259386536128
15.382173579420872
18.345701770254742
20.765334987290874
34.5309970378402
17.416352560226755
33.063055279394995
17.997048496264533
15.172692179171388
12.893272937857988
17.212880242918246
47.43771082867979
17.8405968622892
16.630652312775336
17.222599200469762
16.140819229213285
20.377558481878776
9.809336028055675
16.26701479172377
22.932153067036474
8.644324158216161
25.32184738836301
17.44686727417663
23.02892262748074
17.52661445425937
16.34115507168318
15.603753642352602
15.18504977459816
27.244068820802998
12.3598988658841
22.873646570042418
13.572123600863096
25.956331085512733
24.847960166914902
29.783188095785185
34.2873122503535
25.0148755628685
21.045651981307838
25.876524891592993
11.96454256702564
28.062712053166283
17.84674251517901
25.624270359913865
12.284063625274593
14.09720240310421
15.637955698969597
27.40956034206859
27.771996916696708
17.26935471878405
12.456399095839178
21.446962542252216
18.370302352834457
13.7057779685724
25.784985406342027
22.007126875460298
19.242851038086172
11.346916332359989
10.067048830237178
8.897948778927313
17.094392966612997
29.158354362578397
35.578064202098
22.127319920696582
32.39561872601197
8.471994814081969
14.612940178296178
14.046366380158402
33.76478504215722
17.628864847303284
12.12798721920407
17.009976094055173
15.297917457188051
9.900036498725507
14.97074509727183
20.531367513065646
14.07122245141583
16.30304052390587
18.952142039478115
23.06924299247551
19.934586278702685
18.073051201061155
7.356429455071374
17.444753392600635
19.859668734053578
14.072489910433864
26.64664200473556
16.629632266241487
25.6713207607217
22.072420805080444
12.365443152914239
22.074157786114114
9.317296419031893
17.829297842545554
24.53727683868371
10.440464998309345
21.0989510241753
8.906773485958675
14.58978816973698
15.542617192080002
10.407597337713138
18.08348981139374
17.089461264257384
30.958617081963734
20.571037942567045
5.2062418359580915
14.004550475701388
13.364633064034926
27.430309067794756
24.10561085215672
19.531008201938857
17.941517140722258
15.906813626100094
22.787021381243484
25.835143804123163
13.508461333151509
6.69985545728094
19.446943079884075
40.740687492031945
30.81322310240725
16.027396067975825
19.85070283643759
26.75069845103707
35.67286926227568
19.8975984285608
16.560210035591204
17.657466464609854
19.158701263990185
18.844981762470145
19.470435633797173
16.519923839113222
26.288604888496934
21.593663010051152
18.530909142918667
12.399399808685708
19.63318227301997
39.77604500645489
17.485764916552572
12.889525508600594
10.430674600498142
17.359061558037478
16.397956777297065
22.30678897156555
13.790585074757686
8.657502786846717
44.147217320068265
20.2516944954108
8.790093056197446
14.672642565451499
16.65508671923741
15.813126456660514
16.41802388737201
12.675283028796516
13.246889491302033
7.966878184507209
33.65763561370746
6.1006428476556165
18.69232696500162
23.838233417626505
24.05236343430179
19.61970439577512
30.508475407050355
20.634955308059773
12.353409439122025
19.78870238883648
26.916959177526927
16.113780078893072
28.734020770672576
16.967328044293502
16.950533798663393
9.090800803397503
16.681916826108907
15.964826413875095
20.83818944476797
24.546097043750482
21.02414451913115
13.44670422567949
7.723627043947341
32.51915587381553
14.643284564357216
25.0802637514999
20.822449510152392
15.479192547875167
16.376347632768887
34.10897405198853
11.606640165256934
23.00123764648296
16.75753875745176
27.39103164962216
32.973722118999746
29.103440307992972
17.2724444473804
15.640245765186641
34.623362967846624
17.440711848646647
14.27874531048538
13.69970212525675
34.01983263713097
12.751103852846581
17.75331495507627
17.422116088021628
14.543512769643641
19.69936197372273
15.098224135319127
12.444356343614862
16.81149397964912
10.082993165561389
15.101225614446978
14.429956224136287
13.180918066686429
17.322752310072424
17.909028364080655
27.206304535815296
16.44643046762426
10.883784848188215
28.32734691347304
15.037655180806103
8.265115224040715
11.701276583847891
22.233473075094835
15.127657158780858
7.546605786805825
13.113370293014393
16.78696469248302
7.635319948790905
22.276733378197232
15.470210810058898
19.31515430102883
13.542454617697816
9.92142648675262
22.006558594167473
47.2877344987519
18.114534320643802
29.59661217795071
9.638774964886938
22.67992522401765
11.518322972039861
8.743878975088053
15.948407946510335
8.01702328836021
12.530448719913037
24.13316575307204
19.226202883690895
17.919679347751693
14.802469339148164
29.456984222824044
25.702666843974608
24.730636994881817
18.145418995257135
11.467818675386079
15.85253227777497
24.670587183562816
15.658316577306882
8.221918790014708
11.669808449623872
24.02829917267915
13.831538892899662
10.926415581598755
6.725540356671765
25.659735904548693
14.500446708576064
15.00363897152059
9.791140654153327
8.43334672551452
26.172883849689576
9.536497216422692
13.407265605753501
8.982590869173368
12.807181113728872
11.978795872963408
17.008908362461636
25.27845956491544
7.9138536419364245
21.734727866542215
6.217228898416613
11.23732028802747
10.188634713260331
11.37321125817105
6.741928264839592
17.271119306575315
6.9149641262948185
19.2908192485208
18.35880895914111
10.928587551396243
13.634292399074454
20.438480341449182
3.9648447368321142
27.607391224479365
12.56981736688156
23.135213340402196
17.79629143624929
7.5657421914303535
30.964084236500405
6.79369214851054
18.08244706961766
16.239507199044713
14.199376725236071
27.14521445295966
17.73070219518475
21.717157284561623
12.54343686894816
13.451007701516756
11.189446286994613
15.053524129441609
42.51021204138865
11.9299180054418
19.031183604600564
13.00312978143354
9.220690372122123
10.774915353490076
21.54921072654751
16.210461509944345
11.850646047396605
14.06507327269104
6.853813418518645
33.413028779672665
11.153353332824059
14.028899901280504
14.228268520759366
18.30325136801599
9.861780894930948
12.99082531590481
15.366399569436965
14.150889939822115
16.629873847676233
38.89040958740293
14.211468326373442
19.466841573770168
7.248785805837225
31.757900468085776
18.95238412974913
15.27983820177384
10.060980092546329
10.887730675688594
25.701201991487725
13.681157441380407
10.47977541547424
30.47219764070003
10.738613019621948
16.836518999647787
46.32568639730448
20.20731550950518
8.815155995521625
16.39373740029088
10.421899412390896
27.8188248089031
16.119132743014234
6.182036244723691
15.22222043682307
16.276867279577644
19.9714089932727
19.57658974189514
16.566678509784015
16.99502305110248
29.335982959217
15.883233001925898
14.956157200417097
22.086906301127765
18.93888495115057
11.174478890779705
12.62963393681468
17.627316696827993
13.55670407030381
12.226669700764154
22.052349212451514
16.248189287210153
11.203884006389334
21.934363813454183
15.838520698007056
19.244969729448975
33.43441570982921
8.098521737429735
11.577221571233622
20.662797214471144
11.44305987704937
13.302861224793281
11.82226441937033
19.318468129901152
25.664240123826282
13.396731342391814
13.415652652500487
25.07694378841141
12.570352237811267
20.349073846913385
19.112255254712053
16.27011970701662
26.705401445805997
8.448545091098387
11.43306056884784
22.26184979677423
25.749683794237637
9.489106534468837
16.95844196458686
21.160414859748894
15.649288203681511
16.45593857023556
7.955275321794415
18.250328474413287
19.519718195445773
13.155638285467278
8.230653434243958
17.570897880390476
11.554490445780164
25.97694399490743
12.58993537607404
12.8175034322524
19.578187642708265
20.577494648568358
14.04234356310724
8.838802156319916
21.820087338091703
13.144911006655233
8.093959802336274
15.035792645751211
15.00003191706583
25.302865918888255
10.366955479282543
16.24854830360824
20.57660978721555
18.91850874237814
20.031174219329802
10.466668015111368
10.409808339254392
27.745262007415754
20.971856764985873
13.624144517411585
11.303728576855866
22.401705216824098
29.59689830138414
12.88168948511851
13.545395883740829
20.380120985513898
14.531122879316419
14.903018134560252
23.33732620602718
24.641909693318315
42.89311668820768
21.941248305562247
11.449721513185235
27.088125024802974
27.612308978261556
15.62896496853233
14.279297115707406
7.682726471113287
28.67143883849051
30.300156369115612
13.543458039703268
20.387642982514194
25.154035009407778
25.368856930802338
24.372107566350515
23.69035429924716
19.210318071685105
5.837415472064623
17.700293404436497
24.266340132890917
18.02425149579319
13.664559884580225
12.090526439007125
28.94991887646206
16.021167760380926
23.824736043182217
20.43930945820719
16.036853945891906
17.36166353261098
10.136483228175829
13.049633068088012
15.091449055385114
12.334079321603806
25.638761790646264
9.988693112448797
11.507043722341265
10.560795345355475
11.190041074366913
17.8962369491788
10.234790259263386
14.621008311935269
12.596101737895543
19.08537913195564
7.998802991718472
29.384275259347454
18.142904632668493
13.41872791577076
34.67835326517148
16.386452474024598
11.449181815949663
12.276550441255692
19.96236149012297
21.960253347448333
5.328607769400313
7.087004791423157
6.932750913858471
8.542674095151472
15.702019915024778
9.04987565855595
6.120903718024529
11.21537773614517
13.046107197684659
7.69830715040236
9.661830294490864
26.599239215781083
11.959168527100593
9.106289057534294
11.878568253101545
17.3641630658699
10.03474393180671
37.526203940887484
8.73824777686693
25.439302006084848
16.584745239777305
15.65655177174657
27.40121032560751
11.860761684389152
17.257980934434467
5.1734389328755235
13.591030711339865
19.382110280491954
18.24712136292314
12.6287830331698
14.342498464154547
28.545359954391834
22.97689221763618
17.109768645212824
20.60901153934269
24.542208559908865
12.116336974494708
25.551410310545165
18.85368636590443
27.330221756958252
22.750505087590426
16.447772969136164
8.787838280515
7.513138026862334
14.349515710471602
12.548096216428686
23.11966223053345
12.063952602953673
9.626886826877284
21.093480810259713
12.603206420138912
5.869149787688084
5.1544177986833875
8.333821629067684
5.6355126109384
8.443251609480262
32.5584066810766
25.8425490378963
9.904443143424231
17.30263376931676
19.52467545987107
13.62862982199497
15.717603620336442
15.799775177571782
20.47341766733899
45.267107796494976
23.032135278264033
21.817508376164398
13.150743514611946
19.901149312777893
15.10361971652788
10.043914319453016
14.908676009645456
21.891226085386673
16.809151399125465
11.267901862180544
22.5075695378091
33.26580528378208
17.08529502410813
22.766557525559087
13.13238762766417
8.629073313533208
19.728123104695772
24.294757930727037
14.4923955182196
15.468101428250192
22.076284815470945
14.014195863390697
21.766605417077443
17.870614485946547
10.355764100900712
26.58284412008062
14.216900774744467
7.861117374283092
22.59398867152073
10.93558710566361
25.745319756300017
20.95321631561968
25.248912185561533
13.162302937498904
7.753254844522396
26.13315838358467
7.2287411020882235
7.240132314257563
17.431429175077334
11.831181347167048
23.795768377001863
17.930456342040056
13.57837032895503
15.52142738378151
15.427736814619447
17.456883375376016
7.897633808980754
10.884172356234135
7.580584488499534
34.11180411031927
22.81707466084658
11.683078959800303
25.13482583537424
10.677407568479707
18.029371913291172
14.449930264993146
22.90419106444904
16.424838641621204
15.280280725680475
11.582523970038364
26.80689463480943
7.212716443332667
19.15611365187104
13.23506220581025
11.297039859436223
18.892351103289506
15.204017582028879
10.907175062005086
11.702848963091089
10.144987140773985
30.023672005166414
8.327343465832564
10.022966236425596
8.521908421002408
15.47258555483053
17.788485870600457
10.535253033858222
17.734920804855868
8.806377640987149
17.634277532587745
28.949090233527887
37.34229927346778
14.517275705878655
13.70201580450111
26.110709695786326
25.013853536665
7.296085307621966
14.806911053887447
6.844730620796572
20.81496151912124
16.05280030158378
24.419013557831075
22.241432049879737
21.285031592295404
21.012658851856568
21.657135329117537
35.73973498623408
17.808369600745948
37.86289820954131
24.98886237157404
33.236164848756054
27.814964007186298
37.21327728822958
24.963755274663697
16.24952976877057
16.24668387017777
34.34436121810748
36.688880576901475
15.465952069913822
35.8452887373234
33.24590883600709
13.57936588477969
19.13931940157315
14.36579211582791
17.378119851676672
19.90210973804925
15.007442877793572
31.44876495077048
32.89839929515581
19.409677988077288
17.89182573815117
13.276778726254443
20.679521049737048
21.24274463114351
15.307191251421607
17.350646221292006
12.672761204567355
14.147651657725884
18.0736510538455
21.36529103860509
15.362630660356805
21.871401786376747
7.750726803296278
22.573925507833675
15.32918671620467
21.002568578265738
6.956628419323174
14.07599146050354
14.068948853543564
16.205055974705353
12.89365371873393
14.871191745399114
14.706949300963517
16.960954012064004
10.976794880655097
15.998247006177447
20.41673459288908
8.332171682266033
11.260866595947986
24.51448555019603
17.130203862854177
31.95170346761121
22.180317192089387
26.9704482313786
12.213233409913954
24.18844152769953
6.98336167538166
18.864915400540017
20.724439405933325
13.19566473410457
21.957297148878922
25.00356770755933
20.218262419275963
13.611906606267196
10.671152730189082
13.239290386222422
28.79461493701601
10.941910077477479
11.864627916867859
8.552141450879478
17.16917897829551
19.110460777905658
16.629654162994676
15.369388892211322
14.571905976590257
19.83929266191907
12.991263304582395
5.127372473536649
18.394215851418725
23.657741156981693
13.500028284961878
17.96507120025693
17.836339373849945
19.803326891001706
12.132620366374612
11.628513554972205
11.461945151474469
17.446613556550556
11.36720660659182
26.796128790899644
33.63036167459554
28.78196304273894
18.66758863697104
19.497967117875433
20.962391941319495
16.53589505697055
16.198126956362355
15.538466974039345
9.847534570771211
29.38446870512256
10.727305510194256
42.73666760732237
14.00892155869239
20.570949086471472
16.728382545478073
20.270011876847207
14.997483741217929
13.579688382095304
21.856165576058533
14.41627753804256
17.153067012431706
9.770305817281034
21.37457524976212
23.033975729609594
11.887176576078204
14.4432775632562
8.418010743635316
29.990047189073533
26.692110039105586
20.72937610856456
19.861332333545423
11.845104516008538
22.742222972109815
12.239634682989694
9.236455724262587
25.44225578644314
17.005451000352185
28.635911839812078
14.274264554453847
15.859699876430083
21.778970261193077
33.89482791910498
28.413479100411514
27.138029170286465
15.550211902230663
4.460613001942647
12.332128033601423
14.994342326695456
17.775874165368855
23.834597322235528
18.878228659332137
24.044138641336506
19.86781322033647
44.05833143526709
27.28903131365089
10.39037190933178
19.25549062072072
14.749745386230323
37.54858879484806
17.248486993022144
18.89450143279375
9.809857747750222
22.574180862539684
26.905870680327116
10.73987858854189
23.66766551938819
29.35068832179318
16.73609780703143
17.863783513366094
27.076186983928807
30.101604429736895
13.23960248381886
24.46591507134704
22.859039021366492
30.69223831586167
25.014938599169902
24.485908678906938
15.43386386718186
11.461795135003952
26.78111839970192
15.897198736403858
7.511172577958994
22.602341120962212
12.03962171897289
10.458636982899765
16.02469279101533
6.943893713593953
11.682752151321933
12.860469126753646
22.19304349650657
14.545114169525322
22.700109916659876
15.283027562733642
21.846722029150566
23.28340079235375
8.384928735938463
27.59323544918244
19.319626329168898
26.172900593405995
10.483306308113729
23.664845320242083
10.57624922613758
9.980605575712772
31.950092853286765
8.112481495734142
25.983616085974955
13.25556220437699
10.312376362721185
20.288118222288062
18.956525696794387
11.623664344617413
14.660952285193485
14.493137820275336
26.1394820203601
10.300958658376512
15.247883550888423
16.000160736985865
14.287391448505046
18.943664703422293
19.84234059910832
14.881986237535013
22.546246839678634
12.27356924084184
6.736867262159676
29.617679974879096
22.19648638378324
16.53828201927293
16.02362952727356
30.143292525508556
22.85002980231852
26.506734539006594
20.935424821567462
11.503371771047451
14.922544832479689
13.438580795006413
11.068706363491131
10.746594102067318
36.35573745118597
12.925938101564514
13.255223420790102
14.65820989364576
30.563468992033687
14.23790723637123
32.59854116064362
15.34445587734147
22.52187390910441
13.920777369101742
15.122628912857254
23.686289869890615
27.014994555824558
9.34499637155678
10.89757243786888
21.706458775182824
17.834897063423682
22.344107179119295
17.600767933115584
14.290561866176606
9.982996162008954
16.976091232610337
15.508249308816586
20.88947228242765
12.959794313184542
33.743518894558186
28.54031086169277
13.324834134731892
24.51894614230035
20.146808223784205
15.44208100712878
12.293286061854648
19.885188226491888
24.88802996878528
16.899151445110984
13.487814285053512
17.490768100339313
12.627562248047767
15.187126685536093
23.46136255246413
14.590078940215696
11.49331480751556
14.885989738932162
7.768270703380143
11.450257219392407
13.890872824726289
25.142007939057688
13.657477121567638
14.953466314160508
12.985938486842313
30.786024363494384
11.034009161689951
16.331202519898095
14.78093397653138
18.639260739304564
20.82415525378267
24.408797393927113
13.768121007148764
20.85489118563485
21.50609595973446
15.131497271450856
11.189297951369923
28.440852725343625
18.149152286609542
19.283190409274223
16.168531736735815
13.961591049303209
23.080460937543677
17.686640000131554
12.483883780228753
28.93388852898266
15.071176528617869
28.673991312239057
17.976153907936805
8.765375031649565
16.47852902188214
28.580779982666737
14.947982796099094
10.056403901872528
25.32767450811473
20.81830218976936
35.24254770335207
11.767438039890447
11.740009937974552
16.359026504396436
12.619140242089847
28.17206577402633
16.372212034563695
11.8267978240942
9.170967849830387
15.612339023662186
11.577147027064123
15.390271329430478
8.586849515196862
13.399142392714584
16.014452669771067
16.005681792092425
15.199152545041855
20.098393620220616
17.366720555268504
21.769735473600612
12.511363449127597
27.836812625479602
15.879500881732241
13.249273078625171
24.738024128004692
23.72982864933217
15.965666022736638
18.687277456668152
14.81134623677354
10.916907174588605
16.345489796165598
12.394046174901053
25.778552129125305
15.035186452835461
13.236629051791542
7.605308627680968
24.595816087586062
14.669981402042975
13.458529562917077
10.31780338553156
14.198530456096314
8.939542398186674
11.746895956488427
16.49755204211768
16.305918152982567
25.21912631408091
12.664924992675033
20.866736042613297
17.69404302938291
20.49089225879993
13.846242497597602
19.06285417551114
15.629355134794062
27.61078770246363
17.653404464285387
19.981469920458743
23.371011558088302
9.519197580172682
19.53125354233562
19.670925325645797
24.790630849241406
21.37506448533668
13.695833547879468
9.366514402790601
19.133642183472677
16.20019048953502
28.388058002250805
21.292568942947987
15.74292691813723
11.525950861955428
17.61530142096179
16.37614847930989
9.645909296751533
10.786355655024641
6.858517479709048
25.609478660321283
19.331837936844853
12.438966624760063
14.828237491166647
10.69150156036365
22.156476657233156
15.413580613409122
16.96439324904114
11.936825218738544
12.255203891557477
15.960217350175911
22.888934542519873
17.92203335409448
15.109831115597604
11.9523343235425
14.221731661785016
6.07086302588072
9.201996981050694
17.754663476648734
22.027835413413772
8.895695243544113
10.491724702591682
6.259705299257254
9.761871686724879
16.3030115857563
7.113107725850821
25.62871492918512
28.241976722199063
18.38174284969048
15.424178883792802
24.90448338786004
25.023856729258153
9.395828169587388
23.568160804129526
11.187945912827468
16.14410966106474
4.6009172399965745
20.29709257627406
13.984108142090374
13.660182617744859
41.90413093846777
14.00090673388541
18.00355315688355
18.03856913364839
9.168373553608896
15.700985043539578
21.684402880979388
16.896898604839663
14.866580281458267
7.172595459480986
9.177253867168798
6.527457937096805
19.717490992260405
18.45612971473353
10.703588388577227
21.059609822262246
25.2968351897249
14.646170901025574
16.489805791273437
17.75991793454093
10.816819422070582
11.20324131515245
14.471653818686011
35.638916739474176
9.340258040172333
11.546972529932212
28.16919782610105
14.557478000507192
19.71420096306845
19.585367590984568
21.951168500906423
10.79731983519697
16.36713995670814
9.22253357241016
21.04716073960572
11.618853437412161
9.71409746884417
13.23500438208843
24.850232931765973
14.606832656313612
35.79682585231836
12.453091149053138
13.625709086300953
18.820827293705886
42.587143854298674
41.795013853983804
22.01123054368697
18.464132330457762
20.1482388225894
16.507579999176784
26.99934178648245
20.42266173010536
18.70057055762546
11.498799096223694
5.964024830209268
13.036980743553316
15.637951582108029
12.582338330655437
18.025151578299823
13.62895241524311
13.614020059099783
19.811835119219698
8.673005968670065
18.016000656658875
39.641025395687116
11.045713349747322
21.889560750407238
42.218246650779676
18.739710828964242
22.99404292209989
26.303785975878707
12.788935860959702
22.374685913623672
25.890463029573535
14.602316410502308
17.747205327211923
13.739255086196886
18.33538683830244
32.5128784549654
13.492847554519011
22.62673741683036
28.416525432394163
16.065085002578932
7.296724897792929
14.812723312462046
10.931958591759598
23.172950808094253
19.707996139282947
22.652336360025
14.68152653102619
18.050094115287195
47.66376459582902
15.826326550404488
21.102707502535235
17.618039575690165
16.332106236435365
22.30593960456352
30.619806227175346
25.69726177199308
9.430435692610075
11.410377657977522
13.468953270142977
16.793739494108838
12.073385446135404
18.444241116400423
14.245979307108481
17.2135557068896
15.192251240335697
18.234853281919836
11.249655885867789
17.397513798229564
14.710206324239905
17.526758018823667
30.925052696619996
18.570180367762678
17.510188472057564
21.197718979970883
30.067537323565947
26.884404522892897
18.973866118974524
17.706433234238382
17.22877655561776
14.545813838028613
24.47992055737532
17.362984430909098
16.328498229404715
26.357689822397308
8.98317344040054
24.59075226956284
9.761671013613979
14.160199870187451
31.01348645801042
26.207042732837678
28.718374759012338
11.127559269816901
8.816940731685074
14.805639538619564
25.13404474222569
12.833605796560613
11.86268669497667
16.49291116998917
24.40048693881205
24.98213233736593
16.640680149190683
13.438222753366889
7.328114265196227
14.418438080557422
10.908499187913065
12.173034798111395
12.816674685275562
21.4316914172804
15.611638844311834
21.888871345658952
6.493983659476221
18.249313837465884
13.964444400752008
17.519754718842385
17.21505023495938
21.303265988536786
37.2062796518646
16.52201821787548
20.453938745418622
16.952762807571094
28.72219784312483
14.529417604076327
9.91975967431944
17.72317930136811
26.30998870878813
9.367905104702785
17.74607628503716
27.778989819229793
13.427605769882936
23.36425329779881
21.277910400613155
24.059215068655877
14.365820545930113
22.08273175939393
18.075914697996886
15.945544166370615
35.360094689554096
20.34262278858199
13.524133072241021
13.03091397068637
11.72100079993556
22.869606624915296
8.135014335632428
15.690236301187928
14.681640785931513
16.770947020892752
23.88432425264798
23.91737822204851
13.403991588594971
14.128800415121908
9.773686462309065
13.080804048767138
21.186110033048152
5.04406624453296
16.532699357160123
18.866389162612013
11.7796589894123
12.793030084588406
7.356830963300426
7.045617251588069
26.802208769560405
17.202941048599943
23.32495009404947
16.593005267435508
11.94841842979135
18.99430187063891
5.549339054490982
30.390161072540884
13.05573165614741
13.107207036192339
29.82659042450559
9.178363132143167
21.939642409897385
25.994618946061472
31.935149329414873
16.463327543413026
10.144674509707404
17.087486805471578
7.478884757032154
15.6054684210909
10.424862917108992
17.50115397586803
39.321591965183636
25.281760363849955
31.352904695821337
15.6514401276072
24.59043168945292
13.904671466731806
24.18278874111901
16.254087853293978
15.703991611738486
9.020088392051987
12.337198270973923
14.584234102068002
20.171481783785232
8.752180307379199
18.810030319959715
14.038033300020942
13.524286356180282
17.502448956100835
37.541588017090326
7.833564337097034
18.67977639272419
23.486623639172805
13.192074712284176
20.546938386646485
8.374410109399959
11.579272236470796
8.749267303871983
27.810518453525734
23.273548540342553
6.063600830747419
13.585054863876733
10.214264525375025
10.82597433770408
8.951940421500339
9.156236941755031
9.784150042729118
21.25815397765185
21.66200677776539
7.104062709711808
10.754800167517253
8.703298851150386
9.709720805747148
24.535810449221348
19.252668325450422
10.771341749546764
19.38707599293665
13.933523073886727
17.790388700650336
29.94488211530791
21.272909637509198
8.501415940766718
11.23868700906535
25.657685057506107
5.879875478774292
19.353105827286583
26.25942286248274
21.74363681085864
15.908270153132353
17.105953554750805
19.580817716721338
10.39636925638191
12.31643668567784
23.315578757368016
21.61253360067185
16.18033724818214
16.231504744380647
9.817904921010792
28.07036946732283
16.865547483366136
8.17269046001035
27.402934387429763
17.059999802373436
8.785339746471605
16.844174420579083
18.811403310309053
14.6154353998526
39.42223977798881
19.480294953957454
10.860419487699234
17.219243662816776
37.34523423936542
9.795894625694789
40.93101916744177
14.80854920956375
13.916824238709461
17.50600925077319
18.258502837785954
16.450708492992273
16.85154997713524
15.745386774995431
14.64467927793761
7.468590995889524
12.06641489403712
14.817503515552637
24.747986196914233
23.949023615026597
5.513376449278775
14.549990569787074
15.413025863699698
15.921233606256374
20.791848558371314
15.250602886403605
12.67009188174432
18.893633669626855
9.699173363100748
13.842502101408897
33.5254261549434
17.662629357695764
18.602961890689627
13.360407999254512
18.52749243037058
4.1125228561904486
16.140095697688796
16.65727599986033
16.511789045020706
17.972573237952034
14.592364304286438
9.042253815002734
37.33771640621092
12.184454591234894
15.123738115301357
19.901182765559707
16.738578913847082
5.576751564694785
13.509405999878277
17.15865411635029
29.731950076602097
26.087535387226506
9.96793232397684
9.938964853138643
23.037819676639042
15.522573102391208
13.058979561752892
22.767438370503
13.326070474606436
28.419205000192278
22.346433780115465
31.980626263052482
7.621906544588848
10.198502164961749
17.44332987823045
17.429052774903546
14.97273194757075
28.626774227020945
34.7521223468372
26.75962693855644
13.047559631050976
23.159618928433375
30.347722686879614
20.0329497707137
16.83583816879534
32.529441142746926
36.68387522625997
10.938667903608838
22.257169501755918
21.068150856848266
15.223760384851431
14.29454458441188
7.878748188702592
17.58566945329422
28.885376183972898
8.519287905781447
10.238219948679165
9.588746645484925
12.104622819798793
14.541334942425593
10.750716514915556
26.5083255826089
14.12009959318204
13.743573843229088
10.215169734644803
6.780282889026363
29.950939396054732
22.52429076550583
9.883606248665991
11.000421389933992
17.382047772240792
17.28763000374807
15.193267116692086
27.35686482217733
7.804102975965104
23.304450933753746
10.341437915267775
14.565828816764848
23.028523357236438
11.31883771421499
23.9370518253738
12.190706647837636
28.373006895870656
23.44468970925384
10.59018185774686
10.91146094130563
23.55573726972645
14.430225810585352
18.85506445580869
13.141725255258349
22.988633701660312
12.177669835480156
18.586253446572886
8.697131385755652
6.360342103311043
11.827619035059303
14.351858509756704
20.639231656016992
12.039993873936112
28.041527863040432
14.53284353266745
28.142305431620695
22.858359477041038
11.811580393371713
11.353369376494804
11.42275117570453
21.942583785961535
9.227644485586485
20.278457810711963
36.604056640609656
14.513406602572331
22.35854368156775
10.01149677038673
27.206182375248204
8.676759683734076
17.18679267612625
17.01620044402638
15.301113978980899
6.2551525981111755
14.083499034379216
16.541095312542005
18.012353190245207
23.66096459086063
12.260971666608054
16.06379935286988
30.537214368097114
11.634747647076143
15.849204698042627
31.131335533275735
16.590186116485725
19.471158756201255
9.056248654260417
10.794965468712672
16.749120765645262
17.19171676900028
29.970600523905492
5.405480382777635
30.015037482600448
11.10661542681453
9.77896267502727
10.88492992632657
20.20598895294977
25.547551010055603
26.65383784991909
18.902814573938542
14.110355109320356
15.907448148393538
12.600463927876302
8.18831841957788
20.381986221163974
12.011500159532764
14.132740948176476
10.154713410393224
17.28489069703828
20.37931577876433
15.800352750238615
17.892536414444464
21.662099757671445
5.133435833961348
10.954559364506963
13.763803201600386
27.771106671269415
16.807241613263116
28.073621977951905
25.18690047592626
14.722345926486593
15.059790545848756
11.169933188525649
18.20627770000324
17.246840207096305
15.24492659437065
11.71610680940968
18.063082130257595
22.171687018900766
26.25534883759964
16.607265763808204
24.662407393950076
18.300675500273197
14.521351130089363
18.533944961331127
21.63083116743932
28.05520735223993
39.866294978690206
22.53272054312032
12.742244014177423
18.788936283765278
11.051030873334271
27.334014962576248
12.653262058235246
14.509641351985714
32.741539000479435
25.771265881889892
18.240989108814954
14.771355381694812
18.455304220417414
15.855478552817114
11.705481822355129
11.730038782932514
23.17071975862462
17.233293880633934
18.371265535373006
16.274840129821445
15.538658723118182
15.911628944176684
16.922091282274096
30.58302466342444
12.172262233135564
30.617421594214505
9.611031576533879
6.311621084339166
8.693575512135263
9.256241400272835
21.739370696385592
12.694224550076413
19.622507122769683
25.082969727935428
17.607192534806867
18.38072053293954
22.72927576787108
12.692372422634598
22.910568581610207
8.772181957935857
12.340865104566342
13.621599967402828
20.70092217745353
17.327842592508524
15.276059318539087
17.1307288850096
14.7787812540227
25.51927670652348
23.26864518958036
19.814145213265714
27.75141889036035
22.871707760129603
13.584069647027771
13.26428289649138
20.460538762950122
25.852036143897383
18.775967657860335
28.91053750342848
11.836081653610089
13.382536746198067
15.858143431371657
19.266947644422352
20.142229448232925
30.075673656115505
13.026061214411813
16.71264133307573
18.28537143775295
17.263493682480714
20.36537932216016
8.719050372406548
11.86408923460189
22.524204331852975
14.199833930076833
23.79949733300383
13.763498172331461
11.060972316085333
16.40235227339433
20.57914566267768
17.25043268719048
19.040986155314254
13.719746718508691
20.05166682876032
26.063363838142923
13.407126610610689
15.500568249471714
18.947321405293284
18.312332042649064
16.91732988682953
10.396809591173861
13.472791309698017
17.192042113919236
20.5677003110958
15.64043335764746
15.064878290788734
18.928281466356324
14.66440474539973
22.712399930051603
17.457074092421067
14.785932176304623
25.192901727095464
10.763884564336378
10.688978628331693
13.31391120316493
29.779869905006557
18.308227493665953
5.6781451412457296
47.21138469529261
16.06236550226275
11.023475768180337
23.820235920865336
14.918728987249164
8.762237032299607
19.240873645744696
23.311517799430977
34.62648022926432
9.203193280655276
15.536694502672125
21.62067494141515
11.90374046978467
54.22223748841658
16.140795189108417
19.804776183801234
14.563524274346554
15.836122550683324
11.843644286220314
11.89582586264526
25.21663537575544
12.766907522239087
28.42130537250498
8.755661533069317
10.205946577721376
20.566442584124626
20.14534832170257
23.2026616107903
12.49359628425523
10.065169305792946
8.669028594123706
16.494333640300827
18.003585051075316
9.319252412947304
28.75702095301651
22.72914325366622
21.562452371345785
15.194479671877135
14.846233307923127
18.27753687507324
17.829824832341053
12.394276912166285
10.777397790160306
18.3102451795788
19.461478434838842
15.97531962100983
11.95940454774872
13.138974639545301
25.619761063345642
14.503384949431908
12.777915102987137
6.207617810174536
11.02879551003055
12.70081864893006
22.876960666150758
18.858883033937506
10.353150318439857
24.386484384693276
6.9826989893181794
14.2219878899224
11.996244138783302
14.394846511230469
26.146413793217427
19.690388148621107
17.54062707221812
10.662330344711838
7.452824640001543
11.764979657951017
13.548606090542368
13.119970895362703
28.862090250521465
19.285073406102114
27.533203428204384
21.107119253638697
16.847453695519192
14.652473401542917
14.375511522670736
17.22480584513099
19.477098753611347
9.349884128252535
12.382271077322201
11.618266095985753
21.482066818433783
14.587423200235111
10.267288777586993
16.218300319402356
29.001393325673536
25.335910934432782
24.604499068828424
13.445954387270648
12.051816576216726
12.638286199593116
25.20120898422785
20.71003261111133
12.719367974095459
29.909467285402226
19.493138241516863
15.095140602329781
36.36204450466561
9.802002645094742
18.140381702007538
20.335673379151505
12.375873514681931
17.705176249030117
21.00205574524402
23.78067912089259
12.629210866299454
12.58663600462734
33.01961953527871
13.675920542995135
30.978061102127857
11.504702145968173
13.470582307933817
15.01211845812983
27.099708364654557
11.847874762043471
29.195905686831352
15.291648975546405
12.736673851366218
7.645656377814544
28.62763842553172
17.35763245523071
12.578473887969114
10.408471740075006
16.359171289014977
15.253028784297246
13.942096173924371
26.061428008758252
19.6319196936171
15.150734739315613
11.16339479157376
11.298062537394415
7.523695096695425
13.840325349787113
16.55526397324013
12.888954124679437
8.737035788762395
17.262952539901956
11.59835504267137
25.663340067121794
8.811007304845951
22.41560402580267
17.349995141011053
19.903792156840836
12.114986387075714
10.394378215070203
9.334266904618195
24.99349692576337
20.4021458094242
14.643990996873022
13.13257899414755
6.356892854063576
13.80000753563315
18.743534410631117
23.355508485039373
10.5829659356127
34.78885609140319
22.354502549920323
17.78642123754814
17.33491746435676
17.062297510025857
13.250860330419714
14.35984928943665
23.626087741808682
27.44674356659732
8.94396171003002
18.86730783595393
17.583723138220304
12.858064304671432
15.553341051475503
19.574188003430613
5.126124827206488
12.902809550732972
10.046650010152693
14.833744269247367
18.65311387935169
10.586122790306149
19.193324265941968
11.523707639179014
24.23691671691694
13.28128051213206
18.97877689538098
17.890361948120383
15.039423363228183
9.55033821346024
7.356184124193405
30.65283391212003
10.050416172011724
15.630296812255
10.51672235137253
32.18153019818202
17.439422246682543
23.91048205495136
22.665651764421533
13.169024413143255
22.331604864735514
16.22092464641031
18.168766528813283
16.87440658468837
12.716394659393751
11.708646838552564
26.755644305426767
19.190486769753452
16.967944643390872
20.15399489527229
16.88864605157812
12.732999390593832
21.955873067935165
8.759481175798731
15.094893686549584
21.942910922740424
13.057304162852523
24.08731676442146
22.6961027550454
15.125085457485563
11.312649415214535
33.54130290562029
9.482764440578629
14.671110044856952
19.02313936456952
7.89581843529224
12.001331043254272
21.909016906667787
23.169303720370085
31.598830998352263
24.938331929232678
20.052067700037316
23.160742078998442
18.372959191667125
18.39191967826177
9.643248792924467
24.090635826966672
13.385025407087731
25.121328192869797
32.328400191297476
12.835464382524655
16.273367318781638
23.12655293410377
12.24574406769889
20.589708495019057
10.473560044639306
14.985862053011848
9.483434543227501
42.50422052352237
14.64381114712386
10.214515124108866
14.966347484139408
9.985595836967914
17.55614606500246
20.68853321227528
36.89731594873232
14.812787033931388
9.855118452035581
11.061583805730548
16.554318419268828
5.2109228161475025
17.223567774165705
5.264775847149665
23.374656394438258
17.516588731194744
25.366965299832874
15.419683545622576
26.525204333642392
25.532240748342005
14.94964122049083
18.375357466843532
25.126390835115203
13.87189988002008
16.950966532219336
19.49616039507708
18.84584402768821
13.189144973660316
10.133012696841652
19.551237345286413
19.452146062146696
12.978160674451988
13.600572393890916
11.125434485949176
29.225025376328883
27.513729224043086
19.45002044058097
23.670142811860668
18.120232455183793
18.26178106491401
27.49911331130307
27.35013120533602
15.816159824142154
13.879923252451851
21.683766245277177
17.46002733935352
12.822971972116706
17.299040876996454
12.19524338032161
13.383001580142896
29.849824703528316
23.413240457264777
18.233683649344517
17.394189220162325
15.64890772769808
45.10624288618385
11.402780870212185
11.788482799408502
7.09485703053665
13.179146483661908
15.058739609012333
20.174320287541654
17.825987660416992
6.17227070589522
20.31252974173191
12.582070920734239
30.421034707853945
19.19894605362237
24.70087444481147
21.028656098647733
27.80990435940531
15.647353442484905
23.663639125060364
35.456478516226184
23.636871583842414
11.917294981950628
9.506813253212036
6.302452123385353
8.226369100563367
24.786138903461847
11.613577678511266
19.678504347455817
11.910057596004767
27.81050913247257
9.712250938527854
14.25542563106627
19.028117809604044
33.05840548325861
34.210689984420746
17.856238374803652
16.739417676083164
19.508614704477797
12.108894011367969
19.39652722798057
18.059212358308187
38.38999580971406
19.093046277461006
13.450026162684154
12.580895340361604
24.698576432590468
26.43478262319883
17.453802145916068
14.572649061703991
28.796905552958684
14.664704704008358
24.248864297908625
20.97563378530739
36.92354592642598
23.98581384126379
10.75529632990843
36.84203966873419
19.6373935424877
17.51513804557627
11.442285174861661
17.905398154520896
17.6990476153313
25.552152702789833
16.24361082206711
16.70935073738519
27.35901398917872
14.402638142899097
7.9974032578984415
25.08131651168749
36.56047285491334
9.851812988239272
15.2137410045978
16.627989462975364
40.27830994814213
18.54783182696325
31.636795446150774
16.36699562822308
17.09383306490397
21.834288655585617
14.274193246255276
15.495054742821077
24.218654024315114
19.751443768420515
17.068563440146992
38.19272669088706
29.47128135256878
14.78207096632484
21.792728716200877
12.458158113764469
26.191947899090394
7.7864264338865645
35.17551606085797
14.48582280551701
10.99857756165355
17.976493720550867
8.116306792687418
11.134567652357399
9.520037840543877
7.18624514850624
13.231241777264913
20.33914834666674
17.317100720796297
18.117308574899116
11.224515122438799
20.996191147255274
19.95969828528444
12.625913824577701
20.553216793159066
26.636193388215716
10.53506709989319
11.763933016291242
33.22722852122135
11.028709641304449
15.851065009364978
12.73082481087005
16.976966487617258
13.056863715834652
12.620299065436926
23.796590307332348
17.061785059432342
12.076522735542703
10.531896103919877
19.24278330606986
10.95731818037609
15.653071483270677
44.27520052424834
12.093766024721884
17.12939019248669
14.766964473358357
25.736843962452404
14.327371850332657
16.342014386899585
39.72515807933212
16.555724235256868
16.492601756086533
13.396179415802786
40.821713465374046
18.304241048404762
19.29923691001059
15.117057750084697
23.691033249523
14.492967297435392
26.792226019841415
16.79525319981005
22.57923997513589
22.71371201609706
7.429977063353221
23.57334172705382
22.850128052204123
15.675706131905429
16.279938076176755
19.185741311041532
21.52237028579457
11.792206264205369
14.94512231124691
16.077094891047246
20.18073883420791
22.235895428148968
31.26438084848764
10.315786010728903
6.268449525350961
7.540755834322824
17.150364225991172
22.694925123204175
20.25727146282716
17.149200405533172
12.243091891924157
5.957097502826804
13.11554646116738
10.591201234526975
15.800159619534456
19.99860863795586
18.56222990072512
23.266989673114644
21.035418937908148
31.969999889311033
9.192226858709827
15.524883019349398
11.86954124980705
19.571932780510863
24.94536842907801
9.24861595802664
25.60657954299141
9.920042986000842
11.916186240924361
14.72570145534993
17.253187107494586
22.197141473663002
11.933854483854892
19.326443088856188
17.62678211669878
12.55876930847563
15.732754039796806
16.07908046957452
18.613680735827113
18.770224794912995
35.807805319180204
22.170980305915588
14.071618009652193
28.931832752437654
15.054887922611268
32.82927806996687
18.37520902813483
11.273024720054707
15.061795064961558
11.2332683922576
8.483780800238376
21.315974535380317
18.529791415179954
11.807117806474423
20.861679023990163
31.08793594015212
11.023158330205842
26.820337742116507
12.48015940381589
32.19630814020996
28.687500805385497
15.529450908851972
17.689812733033907
13.24914101578557
9.544632499004456
17.552413172024842
17.79443975102121
20.479845723334932
12.465546110480439
29.60832699679303
10.729484259670626
13.016215638077474
11.254273662938221
22.153810200837988
17.814828631861033
10.957364973417475
18.083784196304105
7.649495072106798
9.72184800957922
22.539241326375254
17.123170372204097
19.297964494560585
11.065476449568742
18.770559301921203
21.251575937905596
20.139773423657072
10.26578435237501
10.885811419865073
6.151934194713933
19.006698746604457
25.69476589664867
16.920152661521858
20.9737764327349
9.915817289347345
13.889066992095358
8.020197107782376
20.14526020683365
15.579765073903948
6.4682356957744656
18.447364407057478
12.414649196941516
17.113459614348564
22.44858319276274
12.218704608227183
9.076091076177262
9.11051284977874
29.28991520941851
11.467309241613483
20.397578875652066
10.958409994403038
