227.69436463300647
214.13331743310482
181.76219298935166
220.17930941964048
152.12932115939574
172.8050483686066
120.66141901352536
134.93221988152243
93.22703252486531
145.67475120414377
69.62464186220197
102.12913507515127
81.20513939348453
58.82170401182818
54.907623272572536
72.90135038523458
42.74895422387407
30.27455635429152
42.08104942865703
24.72266152761814
48.467311293851665
19.808450106073792
28.82272434380358
31.73951437092893
26.73208776060382
24.896448880119145
22.688818237299298
22.593064390334828
24.80023556852416
18.305744223238566
28.711049334527793
44.29288266212999
30.90510895703765
25.380113183697578
29.562565955009934
19.746812427452838
15.909405749523723
31.540356933280822
22.76356546848849
26.69291021974277
26.74064467763963
21.934230232521156
37.54061122424121
30.92191597850097
15.99226689607764
23.416377360651136
19.699824651855156
25.39892310711546
27.567978057556296
19.036376808845812
23.02990170538575
26.345356331448166
23.413523017313594
29.867197691737456
20.434114280731897
25.01081957495575
27.52329933636436
16.880110168179083
29.965663721481295
33.52116423615742
14.136116641352547
29.152870870354352
20.59914013736952
27.2088670600294
27.213034197644802
21.86275097538888
22.80838971714824
21.356557553137552
33.70875304380993
15.498995693220566
27.04449289652181
38.08789738988251
22.502828257410414
21.280629610566752
30.81329270119795
17.75619110259892
32.512395357527204
27.231753076726907
23.99196979849569
13.859113393682165
30.398607364534413
26.507727402893277
15.377653084606377
21.489543319308886
28.420396371544786
18.233382511425482
24.356148079493018
30.821960569002716
26.913330659917566
24.427914999343752
24.72442750528181
39.37828265234599
29.076086628509962
19.775722640840947
23.93162137992298
23.711157745574983
18.136957920180613
20.893979963099657
27.27434097779156
16.341998687420055
21.306952246532425
17.01728720959127
22.890058015621488
24.047149626198
10.208021161384636
26.101605603907057
13.912789265584951
26.12444744913496
23.226391001845716
14.91659294206437
29.874812067788408
11.644912783932151
28.182234924556287
15.859157994130477
21.055306033700603
18.70486379021441
18.159633292030243
16.63788350738545
17.043590647336927
20.136205759373837
26.33494388067237
30.81414729114177
31.440397658346527
24.676081970741226
22.64854216632181
21.9977472202117
29.38045464682302
25.098495600941774
25.21828596795734
21.24050304089039
33.89657679587211
24.117579970277415
21.39043365375499
23.755338826153473
24.348051579168942
12.954255694076988
26.681757311191284
36.8522646625676
17.62050834472855
20.328582826445107
21.472038254924943
24.358727970472994
29.078152627124314
24.66624319901968
20.018895904306756
12.881241832894707
22.52890136737588
19.927542487263533
16.119122360276794
23.961389645662436
24.942269061147766
26.034508528750997
25.994751062216302
16.767845330974993
26.512049985739573
29.142464849029327
27.051014960482046
18.99405674630278
25.330785219229764
21.5974691597841
23.617558719934898
13.839704669626926
26.37916282214505
19.209929069264142
19.65322074657831
14.882565222225006
27.824506325887167
19.687172534845296
24.48821369169499
30.279489501916242
25.74082960431402
17.533372599931013
18.507499647224858
24.223083040032325
38.12373326023797
21.876001867662858
24.51489080326047
23.795694133621932
22.06768402265521
20.071016413967598
13.939122121599876
18.35108864143625
30.19753671439705
19.016220146379133
35.84554188095888
20.605855403117022
28.573749565091905
23.62229470016903
22.251105961359876
37.99341337457104
23.495045346696497
15.143523133964603
19.479974528375923
15.333163007918227
32.49779071725108
26.689185660268205
24.109367568524043
24.011761179304877
14.94045664742107
19.34356160031081
20.678988743149148
29.804309159291126
15.294207481049979
25.48132854945348
23.840533853177586
19.63216596811458
20.255021826683375
18.02829832920712
17.19248593332073
16.904685549722323
20.295900284568
21.902812301624117
25.81886748456295
24.442528371557383
34.191380834177245
33.26731116277627
25.82209376172199
21.079010414743856
25.42763080536612
31.221647436818685
25.713364994189565
19.634593582332393
26.49538843550267
25.752920725516294
19.80687662850997
28.466924655509857
30.640011725276246
25.574376873206578
23.433799025509053
21.877638520972475
15.638408709476861
37.73374330895706
21.765729084994224
28.267652558388846
16.87906599876943
32.94772915932949
19.420838542808866
17.185415024861715
14.352046819215067
24.36817993342813
25.821329071129206
24.769250793043536
20.038586629649135
24.690225682445266
18.31753583735292
17.43358813632044
25.49692871405932
34.48260154364352
24.9677268641703
21.917713350171024
22.662375117370654
32.02245549473287
38.024933391907474
20.418852994065038
26.0436874461169
13.817410092474827
20.06105492628023
27.685904784247377
22.425858372820688
25.27252365129311
22.92383876484397
20.28791826418697
20.97912653765947
28.1707045423901
28.132852870202836
26.667318904502558
21.956827146142945
28.093032497733162
23.850863832318414
26.190163104041975
23.452054343426713
26.94079720973319
16.263909448315445
16.635705907803832
20.168560753020476
24.58780003044943
20.842204519192137
22.459218862023864
18.323625251120788
17.52079553559561
24.959331023263577
12.58622060967651
30.516626974755667
22.607446919450815
18.196424585569023
19.30484989691444
20.911459127027545
29.71537933924589
18.46975831218458
26.17885934842698
25.623909162429868
28.3077143487612
24.13411089563885
19.384836087707715
33.34123891470046
31.680451881472965
28.090205635728687
21.54630691147965
13.460695500414973
30.278539015765904
25.211521849792174
21.119318839914225
18.37481386155522
31.820397925071912
23.88095607320775
25.037969154201146
20.470090919226163
26.471027323850127
25.06171526224157
22.09818772746363
24.1853861174212
27.101248695964298
27.650818679358206
35.275165732985734
26.92833805558608
28.527192990706933
22.23146129373241
14.693616812043167
14.758970455686496
20.70705318473044
26.580981016079846
25.400261391540575
26.62043377427429
19.025562523802638
28.226096123181154
15.709511900405781
15.61037442918931
15.194602786598177
23.828931429508884
14.05209980100075
11.230587619893825
33.28607800128785
12.858351297663459
20.341871305175086
27.757933396967687
21.351248322072987
20.222181138391353
24.108017428354614
26.20559123089391
30.97047506124701
23.381108800995335
21.722749878986736
25.79963050414514
24.725140385653297
18.22024896139834
26.510636287336016
22.191524274766287
36.15918638811165
30.951313489875364
22.928990410392025
24.879099257815497
11.894058976414259
27.47191511763067
17.4561815301586
15.596366258523005
23.617278771169346
13.959980135407305
30.0943001200084
21.331727647252762
29.0898887759922
23.603563742699084
14.1562551038435
16.096736349714707
27.379929338992586
29.294000220952228
12.980578965252526
19.909898581238963
19.541476063260845
29.403389015483334
19.11545777142733
24.438768203941425
28.34846355795851
23.139983950557447
17.24744527533414
19.975973583385805
21.680460317182604
24.440753455462595
22.321178394499803
22.94183584845316
15.860978395118336
16.400015811628016
21.141503915492045
36.594275215594905
22.872848757102666
21.84754782943519
23.23421842559931
31.087866304385496
20.83581465573437
31.393315619651517
19.562205716736454
42.70495073667092
22.949078262675823
22.83423478558248
23.78953295356298
21.575624081190902
17.368622993365125
18.690264129149107
18.59788193389951
15.139372137780615
18.16730600009433
27.08040950273773
14.71371901444733
16.982867318546187
16.053966697935802
37.770196699810604
14.241707553555738
29.85241004368285
18.44766059406996
23.57165765138166
19.66432139941439
17.347106536877444
27.464665103645647
20.05424100928596
19.876996322492747
16.787782256926324
27.24082639643659
22.858016301833704
22.849336892715513
25.482926498305442
28.652693724481743
17.861136153335742
23.130083623971363
24.418965783835436
31.012164112062507
25.22072678339564
30.622992568940898
16.529738011929744
19.667738191324176
18.06555567079386
26.53991371313319
32.63841661585409
19.895552832243762
28.635581786108155
26.119524861415442
19.180705894257915
32.06661429444759
34.44285276493522
28.108697130723364
26.100388004293045
17.946471719267603
22.314177914902864
32.93415969856189
22.721909773536936
27.814106747700656
32.46593953559155
28.933092715597287
15.180221400875851
22.573501663703745
21.559586081495997
22.044709973215074
20.149225728741335
26.51863344734462
27.423307591391254
16.676460302624115
36.183609872031376
31.713763600513072
19.066975289537798
17.769952402675806
34.40727753329049
15.833667504828874
24.77393253714026
23.669173059613595
32.12418293535386
26.646779672123305
32.45342254834245
28.08723908204837
23.459959544392976
18.69178876024318
39.29021342772553
28.731660618893912
27.606190037497846
25.54838523375077
26.22456386084408
27.698903842724924
19.159813953640754
16.857453029800855
19.528274494856625
25.652432305468114
16.048721952927853
15.530971549101913
24.36756769319597
26.117824285249387
30.205456803234654
19.408189746378206
14.891401079407782
18.08345474855695
18.553431790186963
32.17991397953852
23.52088432611523
18.58685943344472
27.76224946242633
29.631195616199967
25.99206851429704
21.8238527973005
32.81172472381973
24.705615589773092
22.782133456064685
33.64514216354992
21.35314406028307
20.213679291474016
25.88219355944802
29.232518700682775
15.57945486958092
30.314495175036733
21.47193958195261
23.29681336263229
20.56984427019926
29.135829932885848
30.40980803940268
30.36900264548882
17.313185409196826
10.986865896481882
17.948092016237492
16.454946087425075
27.309059823719206
29.884885094367437
24.0169419455792
15.334039462432902
31.781523342943004
19.599251739507174
20.5176886046107
23.969500669124514
24.97417743116149
13.60919479028354
23.609403516315073
30.61965641990027
23.231575148849302
19.993083640541993
24.27399180352012
18.649057344687467
31.174041101054534
20.973949097910836
24.554234765940578
20.657771327247985
19.090453115060388
21.524198777172778
26.460862548775754
18.45663155942021
24.27442245867177
27.004118316240717
19.207632488540487
21.172796617748084
22.79331143358574
22.32314151411644
25.47666439579593
23.192239240402042
24.07601894933191
22.462099697043804
19.496132005419582
18.768319533454807
11.754396899993717
28.397289906022948
30.337440956612276
27.855593336947653
10.352541053805592
31.88250019995264
23.801944506564798
21.689783816134618
30.052288133513034
26.773280121327147
19.162772478338454
33.05554582447012
19.4619206399199
5.138056210871651
27.585319281152294
27.61112967244569
20.533846668400187
29.558935310534697
35.2151331447809
29.872590850701318
24.748228012790513
17.062578232848953
19.56646118496421
20.890747392987365
27.772960636647365
19.815528481171093
30.451524716854276
24.445217519250946
20.93988286839084
26.71220879608937
28.577831804164944
15.15847180901371
22.970016154076408
24.038410788129706
16.887817377987517
37.81065550526014
17.450461835178935
18.99822366037152
25.007152426566286
13.928386852108886
32.151759947202635
25.09265303267763
22.303456483665958
19.478015026999792
24.960439889192838
30.055538647572007
15.298947258929612
24.30028261349957
18.666355978477778
18.584525612128026
25.426938698048584
23.009002639400627
21.34775044653249
24.035527964025178
26.854090982540708
29.47067311407721
19.81990111848828
39.189267809573096
30.68371253913548
25.435170016778603
19.843330620038785
18.965138599437452
20.844121949023208
18.916268336849452
21.733019909147313
20.481421773827527
13.801640656011513
28.629567112239258
31.758294291772053
35.37888791979366
17.042087377287842
22.017958241227202
28.07106617850951
22.66268930269553
26.567043795385874
15.576712430918176
23.86582513146612
19.996965023731853
15.577166150872346
24.444489037736084
20.687175604765855
37.21463305652942
17.37657192414792
26.370826137723817
24.262579270509992
28.06090925339113
16.161733361449677
20.098085541910095
40.26324045270761
14.771238791855898
21.609870106850003
23.420572294073025
21.345303505930836
28.887722822521727
35.270756144966306
16.715370571139974
24.887310793942547
24.845328785800596
30.830515080091352
29.884648314518063
32.628279172282085
37.2997436138725
21.690906278159567
21.157945164887785
29.671960154955073
34.11631684526706
24.968402320905714
29.164773569941495
12.70790117889895
28.14806394877885
29.11464783103439
36.05839655908431
34.39584873638698
15.569090356757142
29.22057234119756
17.43668483292154
19.47626940200014
26.36965060105338
20.39681261576011
25.653810883852962
18.54788327984465
26.44857611203102
21.795810378635842
21.739060958081943
21.84700963388774
34.16266113297367
18.452529672947424
14.459404469858056
16.559009386352976
24.020213373796725
33.90235362108539
20.158834865454896
28.478472173996444
29.866918763347204
27.5985308761959
21.36522016266596
26.431181101760615
17.92646216311261
31.38797121474437
13.427745262608859
25.73642921093702
27.845738384115915
21.300040588697637
20.386901078292468
17.340742875710692
28.427934643929053
18.144293710431107
17.946508380852677
17.924952415035666
17.661064470729904
26.973316780740404
21.98109258355893
20.028789729606114
17.85266511207382
20.73206188849709
28.05515097639918
16.876658154520502
19.04685416201814
23.549224443031612
25.15165061771225
29.60389986779111
32.98790785894388
21.819147472315915
16.366680303583948
25.4600189450745
21.902987842693985
34.85444598778681
24.665376249216077
22.085605550949566
23.436986487595874
10.815707921932404
24.180347273594077
24.96859143081855
17.128046769701324
22.361344533702756
15.715067973576371
11.949141059062839
23.12788831908682
30.76821913538499
29.175214331932864
21.081218723727485
31.203848286387746
19.334928587651632
17.746546971699377
15.361381259337909
27.725900963779488
26.22961124876767
23.4192737810566
20.946416667938518
14.887596806604147
24.388497189694363
21.664042651375212
20.851046792705766
16.7304567499879
25.896241463017216
21.839266341981784
27.963477080042026
14.447835006639338
16.467990811367443
26.50543308931428
27.741982130990205
30.484322892546583
17.621812785107082
26.780691470539438
22.81014415338973
21.66481360503988
18.66320900670706
29.002858179510437
18.268820119659406
15.33820945433665
18.837806789745727
23.369093455566603
18.310355198780044
23.774538810183174
27.159924437022383
26.277964109647776
16.583605234324065
27.124538258728336
33.479736690250235
16.635961076286907
21.878554729704366
24.44621042941516
19.454469177640714
36.78028140459582
25.63947058997717
23.448892425263885
24.094581758277396
19.234838831767263
25.20605650933632
18.28702452624317
16.566159180354713
18.601460941031533
25.277213978658242
28.71385990297788
19.650406221730243
28.120603865718564
26.152821121782456
38.51509901207172
21.52809807421435
19.6497048215591
15.34225292174282
29.990440548222818
17.503082779229086
21.29047033147607
28.76147626867258
32.48128332177492
23.68923669372083
19.793112860484825
33.526637851029975
28.23267824162359
27.78169577233063
21.179734492664178
20.743938398574688
14.94283545043365
17.390754412775923
13.011643593746552
22.932333264642875
22.393396190053394
25.249066494785538
21.060515440586578
15.762531042346797
19.8345987576502
31.41214803225459
20.50052789306984
29.47496169066804
17.869854802404976
29.94760823808809
25.167287491479062
15.448651650347605
20.87828564354983
23.650151602566226
20.719212406392298
20.022774408263437
23.027911774161222
20.09174670983449
20.56790469881026
18.427020180277214
20.62590748592773
14.900458215700205
26.05408134925198
23.488570856774686
29.109057748918758
31.429975135469444
24.941833750557194
24.326630123392356
23.58768319047536
21.834973236517317
27.778032281673315
25.66954198026033
31.967766829583923
22.46780051709058
23.90660469938122
20.45716218539485
26.17160925846054
26.251638645112845
11.90437492405084
20.75205576066224
28.8379652173546
22.6557766085829
16.240489276347077
17.901554886680625
16.36594773206542
17.991142381477367
29.70180009686059
27.17985579658632
22.335049288672238
21.553885959706943
19.03443586596628
10.90777340442497
28.665643186283184
27.83508506085245
25.608040898122276
18.48945269307221
24.62948776418089
24.334424570432418
23.359444409593475
22.284082689986366
26.853011031216354
18.97173211382549
23.74021163201996
33.06711307699226
20.025767326744127
26.772393960980388
28.297378913168615
31.1360521322744
19.00677871111998
22.802896586486572
15.160242546842115
17.844537526647883
20.286085792010685
16.648258605831863
27.814774331710495
20.370182162523733
19.440649640922587
19.80790565902177
35.04853039392843
19.89904251931768
25.5620242570129
27.328338469244507
23.217429873327294
33.28768622786784
32.86789911472422
17.712644120218947
18.042163695294004
22.48131104378881
22.78870276004126
14.931469956704635
27.086462760712294
14.590042218467708
17.86826544367985
21.667924074960645
19.324125528137873
26.21963366628663
23.571597270169516
16.907543226299897
27.125077781474182
30.24772812404465
22.198051089842345
25.16933967418614
21.607065404024727
20.28706551675602
25.693412970200242
12.41064216605872
16.381726911593425
26.38220522921273
17.185698444085613
22.65317586380969
24.74890586124222
22.27604373420066
25.39279825285852
24.335200912754647
30.945925755677024
31.978621126749612
35.04631051965786
27.34946484607232
28.78670813046249
36.991540694645394
28.483497045811156
23.93352217617951
19.61372071044117
20.91906520201182
38.147761631811136
26.346335429512212
24.839547982342598
16.465929208060682
23.01316418045043
24.548889872175575
20.35053150307105
18.29385558947897
23.754127006782717
21.96665830545456
40.03050409792285
22.555636205422648
31.00125983988018
12.249478877222094
25.834857070980032
28.34310660756991
20.827632040844197
20.99503939545627
12.794482278968719
36.02960299059273
20.06454359288763
27.3567259165733
41.022656826636236
24.012661876291155
30.15140650592437
26.254653345658607
21.515000731658148
33.10844463550458
12.10952362076257
28.574630682949547
19.029790783450267
25.49164418253349
25.988849929792956
37.9842556233686
23.46020825476267
22.709860062288225
26.52264685429891
36.66359537880612
23.818691943721173
26.560691075275322
17.776599612841103
30.41788729323468
24.256298543002387
38.786100165080775
19.350013374431676
24.045815227627575
22.422746631617734
14.606160378612099
12.412023305954728
28.362994143883956
31.11934859466643
19.130675723062506
18.04937934057581
23.076679498078512
28.111367540956078
22.964032338996084
29.397881033156924
26.594052498457955
21.727220553597128
31.434252944245884
17.97628413136147
29.513720411331583
29.065352831980228
23.902863528785893
32.68359113281711
19.109840960078717
27.414915853514067
23.183197502681605
25.397887382992746
22.213172635338314
26.233851222954513
18.17743425199433
26.05200179674166
27.526858784566937
22.31779648723827
31.74439609239955
22.747111877497577
16.19123631473818
19.137392838147115
29.965870078366695
27.49403912517038
23.87723580741095
22.650750210183283
23.13758026773404
16.140042456168324
15.398327143103923
17.132942910513854
29.88221776055273
32.456954099779054
24.294371902494458
31.18572368207963
12.165158364173154
19.832796242183694
24.140953222100446
25.681917253960467
18.46364241112787
22.220845908487803
25.459508881482062
16.55183030582924
23.05927214461039
15.65353597467369
25.174687510458547
21.943921427649933
34.005695680605264
20.691464964855804
25.780423973672633
21.092704319645144
25.17648671296798
27.778098207207297
30.37353588205709
18.984600863736592
14.26088779470724
21.282785042434345
16.834905677922595
22.263352484257933
28.460897928152452
22.310296283063145
35.06004395446604
26.96412857004795
23.867475445098616
14.514193719213484
22.68300611625676
15.896101210258873
19.151194012866398
30.23566206949184
18.14603754239744
28.701304125329052
14.06615894168037
16.583280125365146
28.22777371965204
26.83170338604314
18.32059789040918
16.722437431296278
19.507881022324796
30.582539472464376
16.441250145794807
15.275523250177173
23.70028820463239
39.03771923678192
31.354391297899138
26.813592113624647
22.520619009623775
35.21467982138219
27.54431904953175
18.901466120188694
20.095233754117935
17.70311769081231
27.091441011156924
26.181630565780317
20.308535476884536
25.98327946118833
33.945626626004994
16.76987269783541
19.942682916200617
13.191280821755107
30.13999265029027
27.594012967339975
21.81311161400626
24.720961050202874
27.59401963674599
24.586793021403967
13.433332474606683
28.115391066814908
11.173817588157517
18.21294004593824
27.111817262020683
19.61644936840729
18.957052707877818
23.22127499289943
25.409232823969703
20.655814677128966
23.52745321413339
20.312214942500635
33.267821780876275
27.406442303896533
22.333358395934198
23.601764549157025
25.96380787042672
20.45534053133083
26.64819842024076
15.394112230879415
17.4599876506576
17.27014500390203
31.801505768256817
21.55153297544422
22.858740581907927
24.281584758568552
15.4784730261568
33.07717559905197
25.04069116658634
16.002344816523923
28.05564006428166
16.887997828217223
14.23867455573017
23.059276492630666
29.790091613008713
10.60975650944935
29.802186524187448
27.51701537797406
14.225542177994907
22.492257230215028
27.60124317021278
20.993972090007667
24.97746151376671
28.792411410218726
25.478380271216206
15.784588261227912
13.05441125578982
26.468610090670374
26.19155069671021
30.48730782178068
34.04077134068588
33.13259896156649
20.838117941644747
19.173564929591542
19.921145956162896
24.34761720093297
31.518339612054397
25.7142630654121
28.437512671069854
20.21210307643254
28.4667430577965
21.12948480604755
18.04912408056983
23.796092013720184
26.53826265101938
21.760003437584487
21.733839877978767
28.345829047253464
31.679231577517154
11.756099823672358
23.0605528920153
22.304687222766145
12.305638315198408
19.40154871809174
16.263620926396168
22.292544773044465
17.419839760138032
19.613883598274167
13.658743341457836
15.105770438315638
24.644767327963038
19.333286466763493
31.20796293708225
17.13926041842017
29.604227393567918
34.89400999938606
31.74050454397837
35.843322180767956
19.7456183047223
29.025914997899566
29.30518149277973
23.12905686549172
10.201152541811574
21.42139687514004
25.91885407066277
25.31072777171112
24.978079516806535
31.778403091116374
17.54603804100835
37.12882794825266
27.58245968355047
21.4517841115898
24.449413389005894
34.24903191271535
27.769491234738457
29.23129923078152
26.39750712830117
25.914320477626408
24.296087827118548
14.697384856581749
13.424086207697695
17.267508862363382
24.347562088908635
19.2690081437514
18.878479685482834
25.906886370566955
22.242422256494464
32.303517860764394
33.33877800141349
23.381813752004806
23.110015653617243
22.02287845836976
20.53083442271625
16.526048887671678
18.861528130012665
35.022562619921075
20.594479047280522
24.77794105503849
33.77369799450957
36.862058185157935
28.096857401638804
23.8188432030582
30.59632967630041
23.09100138376317
25.53421367642806
31.398741861379225
24.89838008886039
25.189091175861222
27.984561755023908
25.04165749738557
27.763497365856814
15.182561748445616
23.112419052414353
31.172277540797527
16.168794530837634
27.190715311763864
16.661283554473822
29.984481891821275
19.40596119021589
20.3789611186491
23.936629078258036
25.029099964874824
23.54575701936468
17.45783239974891
19.75697496426417
30.736287074095646
15.486195144442489
19.38924228100283
18.453398660034036
19.222042352335205
25.63007499000015
18.57728554768205
19.347472676827245
26.677530870826633
20.25430043882227
24.870608146084358
19.461106383065793
21.766122076243725
18.600557806864344
18.787882952379547
27.783728001618062
24.83449178644193
27.042824174683393
17.100935056813853
20.790293885696837
21.425085277977747
22.111736677671367
23.949892350259763
28.846700499063466
28.17015645354924
23.203259746173302
24.18804971550434
18.526215664448443
18.312800582457395
31.332903420935864
21.67882442858084
19.252907537880684
20.370156339715283
16.12123223208213
21.884808314077688
17.045387495895135
19.054752791109912
34.366507105273755
18.309923334357382
18.174284912926698
24.5732031615712
29.171552379718076
18.67349751444766
22.030727194215686
22.590283006688516
25.96165302159149
26.783664795106294
26.413593700047528
33.163280614880556
19.84184260183485
26.36028833679346
25.386796944185924
21.61588025703439
24.34058774112556
22.05525259771917
24.163000060265173
17.484907154694774
24.68301270535288
28.896670172844928
14.548864664039687
26.119625540282293
28.93082752135101
27.02666989436362
19.583373102333677
29.59616389417562
18.94706855614812
21.25939023423915
23.938115697352828
20.52450773402112
21.463311130134613
19.02074644008062
14.979303328638355
24.310033594394472
21.710882781212508
19.484116919586175
25.154888436086466
20.55263275563269
26.355842051286345
15.837011042355922
16.241815722748186
24.598913765436784
36.34108241555414
19.16494238619211
26.208485571689994
23.823692206988063
32.88012807667114
24.440235568483207
17.80687451342993
30.445421381085335
23.95214587166977
26.93160949612577
17.876448396826625
29.430367234871163
23.339323427532975
17.508057752170387
26.72126775156497
23.452762538482087
19.923601548509623
26.00559581964242
23.05279194484004
15.852572747238478
19.327727344437047
19.75947569613784
24.618500449120305
21.26215016173345
17.785829487666895
30.7128239968468
27.633138531719176
24.083414434585183
32.78751862027495
27.36956026852575
15.0453226070138
15.368775068734939
22.60911613346757
19.327240331254206
22.514195382858652
20.746985270049183
15.42428450596197
16.535004003925906
28.57458856719221
17.03785853373699
20.89724475057265
30.07969215791027
22.192222044898184
25.462215917534298
24.810148494527738
19.86369818846341
31.211854022962438
34.09633118978379
18.463222982953763
28.64603036844184
18.499730319317585
24.174805533183356
17.055868036924803
18.597507414596397
20.33656887614882
23.921174330892462
25.72848661385816
19.689427027022425
33.463261088083954
13.541253858909533
15.880658802500369
26.41841904587143
22.036905157437324
25.629295574638057
13.691987286563457
19.41994803114902
28.65963487608349
26.37352428132983
38.90031918261245
15.23165787357145
15.08391818877918
27.33730649898559
27.917246772843196
25.314352966994953
43.80699647102473
26.953830446652542
19.728072693447025
37.61703801495198
17.577578134009347
18.48728479384419
18.24101724568168
8.585522385083813
11.876342794899442
22.35557015214541
21.684255660237543
11.769412931599378
23.47936802613921
22.014984489040604
24.332478841058794
27.42607109541961
19.54698472256173
19.554491880364985
24.28542938166482
21.200961549130064
13.673570261479053
19.312890059506664
25.928386914014247
39.567835897917234
28.523195928676202
22.01713773198078
22.461323381311995
22.65762918781162
34.62776761772052
22.238865471505147
19.61826521042346
20.205357814726174
24.53279089211299
24.349918071169782
20.770949047269134
21.445882390433553
25.57797007121028
25.346145585475
20.535038714944065
25.287463256133613
21.20043584289879
25.51411102569322
16.933847412602077
21.891539559345148
18.112454763395828
23.66740836294257
19.883094849648163
24.19620327740585
24.246736724111866
16.768977685119594
35.50642545602627
12.270563450246966
16.71563228133401
25.145487436061114
16.718044334883665
26.13044841921708
21.644196179594495
36.17955668340216
33.87117785478571
15.289189441851327
21.535278041969367
25.064602050403845
20.17848276170279
22.67856144625789
20.928705884076535
27.963609955108726
36.78840988959058
21.080077357397663
26.02000067528824
19.41829297258774
28.895425873416848
28.933488344478835
30.502558159670656
14.947987016096489
15.741017052283054
27.154182473119487
25.807877481198567
28.892591699467236
23.526252424684422
20.71823555002371
34.37441783342986
23.751366270648543
22.988384421447357
17.14887934409008
23.31645291529463
50.43493887729099
25.450920337756017
20.66401759964711
21.51718484287219
27.5715593520851
19.200117713273865
26.014889096131228
29.189800767151254
21.506040948221386
23.937792698369513
23.206775231278186
16.902538880111656
13.768622072339346
27.338783178451813
28.931729695654674
23.175964190323523
27.094422042481458
28.404213936108473
29.8875586677203
23.696327329807794
39.83373701879419
22.050938379209768
25.39053613034502
18.085395567668176
24.35688180137024
18.39531144292856
27.56208267426136
25.32056122775564
24.189298273146825
21.182889357291447
19.549487938813538
18.094491184521218
20.234536667823544
32.118302479520686
25.590406121082165
17.936447318825422
20.133354009271017
21.880566045459194
29.281587910707263
19.288004850065228
23.863441362491493
26.75414312350312
14.724396871843112
19.445122203634778
21.41265800133528
21.560314158294457
22.362479239749145
21.79881111458038
17.57098643778168
21.96792382751034
31.382220916206947
31.928621853551515
26.897886831238253
31.35674564108193
21.272795186881577
23.70251861206904
17.600112963987893
26.7236668411432
21.174237600374518
21.4134606775382
22.75755665524177
30.45535688634083
12.262203014675459
19.78866449045035
26.77184370838111
34.10923497141473
18.983967522713353
25.95476966994681
17.488088067033477
30.53378381242629
22.163098335230636
14.916658534782332
20.475811721313523
36.785758518375395
17.562725657751876
21.8227134143263
26.583371954967213
28.15138181040739
17.61306073651333
21.59168555741099
19.04424612666532
22.46131726236589
20.862779878697214
20.144526450315993
23.90573156426548
31.930879941312057
25.774680570708263
24.835749587070374
26.777102693786514
23.257913542720008
26.069508614654723
24.56109237585908
10.755675749323213
22.508714240475253
21.070257170518577
20.631581280882667
25.762710640437447
38.86406350497718
22.199605615958877
18.91569189818499
22.432790348555546
18.78881720275588
21.816940261617788
29.131468579916792
17.200450731651067
27.295864153733973
17.665550482229957
12.156991771288167
26.549168070401514
18.03325170612297
20.61703876005535
27.19454104704716
19.12955715569922
21.779085809959486
30.4917027697318
29.668904567438027
31.202069271029426
13.492042833303742
18.934868535762703
30.33707207739329
18.834573615767784
17.18152455460415
19.323736036173557
20.142814858740195
23.187434754597035
25.107272876155385
29.280293216691955
26.645228941412512
19.79357995836676
23.984552997152576
29.11315069196676
25.032721224953203
29.839668076829906
28.915605045062758
17.275629036479813
24.832360414705782
20.929337377563883
17.00683310946742
22.920509112875116
26.71098491228532
24.312582361961375
37.72538538254258
26.53852449288311
16.80786443168593
17.78232928705514
37.047783224100684
26.38570203646942
22.062513235375334
24.292163327315524
26.168550881825226
20.873419415344628
25.19113372241455
36.316272916742584
26.080400728289316
20.55975716626409
32.625380108184764
33.85644630320769
27.1776277548549
21.575918469159394
26.182145448668148
26.295392634982385
24.078224006474024
21.7890977492886
25.534299918154524
23.75306868516156
22.366285120508607
22.398416342386334
26.767136648206037
19.268716646844283
19.87050822451812
24.43333964121461
21.349017780824926
41.07734245802519
21.209992337617415
30.963391356941884
22.27466926121887
21.81839201634686
22.977156907074463
23.920628110847694
20.96143521168177
13.615573969600886
27.517353976065138
18.074700768536704
27.889032993184394
20.03014839186167
23.865385801553547
19.668394023352487
28.27090157986824
20.03658169270443
31.682907576628622
27.542210743363682
26.497493455296407
21.55697865339168
22.853117764529497
24.4386160592546
22.227609184466417
13.169256070493674
22.774058946532932
22.47682371562427
11.180959793412072
27.3421522971696
15.327772887038456
17.745201190691507
20.330286927435424
9.214012710885841
