23.13434569714923
9.960999821744625
12.69952830044096
11.38524881971319
18.00295788417249
18.776058585377914
17.513611576660242
16.422169162675043
16.871121909919594
10.334238710008844
16.562784540628943
10.075344267490758
13.906280764601334
19.94926648405676
22.349993329670276
8.585728186021642
12.990514417514532
10.174327221973785
17.97639829533585
14.377948953753904
12.93453627455223
18.42166699072233
11.746111547261902
10.669060980560115
19.74306299147078
20.47999325795721
14.214641861760146
11.700684361208952
18.21151635025181
18.50771875773165
7.1385596165419205
13.804249723809662
19.26660559231638
10.910874939889382
21.84549697891246
12.586986395097574
13.451194377964054
14.571815360566355
17.382945760103784
16.130118630797067
13.23033030132341
28.651674310662482
25.464077013110213
20.5566108098098
15.753137977154271
14.858100011440364
16.20845548341458
20.038363612306544
13.260617932903948
12.324051500829892
15.816612658620638
12.68022228386467
22.897389991803493
12.665312313974034
18.10819740720464
19.04522641318095
11.766558350612877
15.750470640796063
13.659191585349017
16.56900179313585
16.650578555548428
17.23496217014425
15.172819074462257
13.300709226340041
11.099057980368764
21.307066794142408
15.835113636202733
21.15429857357977
13.323790814845493
12.775589635482499
14.443429007792078
10.638751271804464
23.967686826418806
16.52987617500096
20.900469920544623
9.389810401730921
22.877588053542176
20.39746062299078
17.733371519077963
15.314792048190618
12.054100226383609
19.21675659688503
15.269997530385574
14.576977882534766
16.86097884595375
14.182032341972286
15.405464059160288
14.650245628097528
13.699940881278582
13.146122070643315
10.568035888403736
11.23993301514856
10.57973786285872
28.94593316219843
20.35037571203145
14.784007741402858
9.655308315606296
11.053882387745222
16.97891444924545
18.511350600081464
18.93045158139548
17.836537696851355
14.8646011916937
24.05930554775843
12.172613488654935
13.330201020408694
9.298073236452424
18.242277370304357
15.300509204620361
18.85897303295193
19.782670201090358
13.04437501972345
16.528176146403467
16.067830888698776
14.390099899810679
15.710397215848824
12.930364594472266
13.99048627065699
12.113015518033267
19.490908619781685
9.834838784643269
15.118570801197457
16.226708459872434
13.698750137676743
13.023270806054699
18.722670431998793
17.340797601601913
14.314316589723564
23.53483197651825
19.857689213366488
20.257684728458745
10.076385942688034
20.863791418807594
12.796293969808625
15.852409472239934
20.910181112483095
14.068880040653648
13.13507590590037
12.529614667081383
12.295318320081911
22.04268373648447
11.877649631847895
18.591058280596624
19.486986490615283
19.21280746736634
21.69218878751845
13.815599893687553
10.689558058113995
10.79741675505244
21.560382448016423
18.26463272959779
10.918283329496242
15.853970503113993
15.881608842530099
13.680064526613522
19.39951634714757
13.25517288552233
10.047198270719914
17.086791949671465
19.55960930300258
15.951369171241236
16.81080645626129
12.861621221659458
16.208039376095705
19.358720796956767
19.188917152180483
13.576329487961509
14.543139932236688
13.766011643129747
12.884884077615059
8.816678797671965
12.815901367762162
13.448637674840594
25.94904375477931
17.992719172414073
11.253066276281249
8.801559406105325
13.162788127037834
11.84428188147397
13.736640867136027
13.823511800600388
12.000316705045675
18.160165555317416
7.7022259721844915
14.64777841920223
13.006207535487432
13.776862475086121
11.350518084286756
12.81725903660201
21.26220637358086
17.241079253385884
13.617895524526041
13.993256112239404
19.722650012661102
16.173277674908608
12.141272866068892
21.38172021685269
9.931549300701889
16.35274309960731
17.220627198447573
13.833054223912269
18.521844209546085
12.18274222635875
12.277887712929699
19.450219130998878
13.853217397189793
17.590705437767255
12.283692172226859
11.779293165142054
9.353031621228922
12.243472618974375
11.815182211834193
16.398346926284333
10.468818794543644
15.929272199793601
12.340994332769778
9.447093102732564
19.807638455913835
16.24569560839049
17.59740900451475
15.114639695600458
15.23569206774122
17.359526661084875
15.768706943542425
14.831678643896984
14.726289622490116
13.6874579937207
13.266880064540201
16.0302687317157
18.795298515697116
12.503058406089876
16.302768203087915
16.995305501733554
12.3459102913795
12.327616895517354
15.325344396314817
14.719700091145707
17.03602530752959
17.64459655291495
12.235420611874021
19.217920192673223
14.73897968145896
12.019903427193201
16.558051542960936
9.780652666895314
11.635576283226627
14.60659942271167
11.16947856513718
20.25207393302204
17.292633724513987
11.795902913024989
9.041879034491787
16.50644910848825
21.391322850364347
17.167962609044395
12.0222844210806
18.359902610699127
26.606998712110723
16.93239092217157
13.601949423648389
19.680840490732365
18.055059686022542
22.76778658400649
16.270195324609823
11.855800989167344
12.143156502685205
9.304499678217903
12.674194626253366
9.914958160468089
18.836718859664185
15.857011699792023
14.329209734516759
10.495382486347795
17.344024147921694
17.52903509949873
17.728065563095345
13.355318328913437
15.475506478190631
10.848335209525839
16.192957456930827
15.813190112075551
13.675121767615789
24.705294611988663
15.783276368309151
16.615496902644587
10.392583083484515
16.79941790351273
25.425269894830254
9.14733833983564
15.461788369253412
21.53575812396505
12.535282130230177
15.2412954343678
17.123917682047903
17.42577390003894
21.21330636398806
16.972850156055742
14.958951406666845
14.1852918514932
15.428887190354004
27.788804613915364
13.378649193252265
14.146546090751514
20.71837695123728
18.597917991202557
21.901311089823746
17.94329661216258
10.079444447332621
13.050508943998675
12.678424664044115
8.550310133394671
16.26966452604277
15.8719641697765
14.670353613413614
13.36049601930144
20.504075003097952
14.67781585307061
11.037693804546537
14.37180830218592
13.669426364739756
19.429434552621068
16.345046139604758
17.522763486438304
10.9790539535799
13.310905603754147
23.958286041455693
13.057958999521215
15.141818258162571
22.16375470072319
9.71493371827541
18.073836487288823
17.090323831795374
15.201528626204475
15.97331263593662
13.23007088167873
18.376411965133542
11.152358511374256
9.101355708073145
13.320936234196198
15.300751395170915
22.53399188295538
12.784743673226624
13.217548328074797
11.569884125412958
17.467234312700214
19.901175969824525
13.600117865458646
9.040590741980191
18.146702074589232
13.93398870927816
12.200692282478451
16.899042067204874
17.337207495482776
20.86897801317107
15.27254376042838
13.508560009578222
11.233981742970546
15.404143090368327
22.51839984867905
15.91475605298995
14.634101740561011
12.563160931890543
12.919757674418156
18.80946069809549
14.007574212785523
10.632369357603908
20.79567227740702
12.608538508571442
20.002390389416544
19.35918178740572
11.039321442546251
15.202989136798688
12.531241120654006
16.107132070284997
16.01372500430592
12.30096046343581
14.568530706244221
16.746713971938565
20.744283142656815
11.35190228717375
13.335170250107007
14.221527481990966
7.256425152970572
17.761213725496038
25.280354102890705
19.05400010388623
12.851486646673688
19.4177556268248
15.936648625133174
10.375383363382133
21.961589255531784
19.20096933856704
9.707263157873516
7.483882886509666
13.782738335640879
15.786719584090372
13.473111262836587
15.27931235748278
15.366040607517284
11.288019021660434
13.214626959891545
10.247096838492622
16.064943490631652
10.199653378282134
17.57388887695598
13.32870069740225
13.751146737371172
10.679263604607073
11.796256871223699
13.615189805857494
16.521832236321465
21.44245259302181
15.681417881741355
17.178073131557486
18.6014479558086
19.13148060926301
11.451603700524151
16.19344823193931
10.828003163135259
17.653775515490167
9.307096342451127
10.013778782770423
21.610869387008854
16.134231520598245
17.798195419676798
11.747922346182413
16.308461533992542
12.854286036442025
15.446118482891965
14.271300545096805
14.642366033723988
15.833599616151762
17.04524724215181
20.36882632437917
14.706398565650336
14.7758464687987
11.191949206985228
19.791783876599265
16.96091178637918
16.30055829188935
14.355728916183807
6.604305236828968
14.394955724979935
10.707815670451499
16.72067647614703
24.595047522267084
17.996703056578845
14.708157343607864
22.405925426449773
10.840762494936081
17.240748101398403
14.741037377812122
10.102893574643304
19.514083463663827
14.166618044741705
13.572167154848817
10.100962358371415
14.123507943261728
15.541014329048469
5.531075191484228
12.275482087690675
17.15430620927283
14.405352947515482
9.94511403163165
9.267544837931855
9.28806459970403
10.54131602568767
9.938497372342429
12.522640711858704
19.507799979105688
13.966533596860312
14.313802111480308
15.12626946189143
23.280915804617948
10.669716398529186
17.115431260890755
16.50093256213132
17.40648901485375
12.911053754805724
25.72556634211496
15.331785045633396
12.715933680317043
13.579640483615444
17.724877803888162
25.476319744114996
16.048311940184316
22.928214398834072
18.1649201634492
14.346461281625537
12.634294437677223
11.191624288322009
8.815419145637298
21.765007769044423
12.569965068141704
20.93508869186113
18.54645781847155
18.273859568644497
14.233130681900072
22.66754282402064
17.033413411891104
13.13932784555357
15.998109065719687
17.346683925826945
21.798000020915843
18.52273233851256
14.539087360056326
12.647863711718616
11.798813164385408
16.408454310741686
14.99857005121306
20.033604518947232
11.820846544985079
13.163380049342857
25.546010231839254
23.634385484842042
18.3773953349511
14.34630664041794
12.699980011828407
12.441354334769422
14.141217998432746
12.206817997017117
12.098677205322419
18.37382151173256
16.03139506746925
12.077322595246732
9.2722626640238
17.696983762171484
18.385843850764953
14.249511618633209
21.31326292515783
15.659076629314955
13.181629531086008
13.296740552987579
18.72326931099862
18.156993788112946
10.161737792046091
14.1755629314778
14.531955891340651
17.831006825203456
27.027548130366498
18.77751228002125
18.863474320425862
11.212285131947327
16.47921310751114
16.461712431591376
18.573130206753532
16.172372215574686
12.663686186725725
15.827703447832672
15.619600813062506
14.362258731467964
13.270487347429475
15.77901812923998
10.813961472834354
19.25682834415848
18.476303751786084
16.080921997397393
14.42643238594421
8.69200263110539
12.275193190579333
19.563742471912967
15.720142232966165
12.552366928945688
12.114176491932554
15.516435122143296
13.381064258730383
13.863327852816434
17.919348172413315
13.682732967779238
19.03373175422368
17.446069398394545
14.89588374604201
19.919085562237058
12.150322014175492
8.750893477848996
16.855141846368387
26.295893845521277
18.29711042341072
13.803854525527823
14.295988727807229
13.448943988520377
12.323077642318252
16.808133641747382
14.137874161241962
18.33355811305976
14.25475536251878
6.912076267579797
16.928070465374866
10.448194038383981
14.873870577766388
22.076728205198602
13.594701909139923
15.680020330475234
18.37574408231464
17.23648688037829
16.957109118742423
11.656177793827089
23.66711707277216
15.61077202595737
20.1214542262909
15.22252355207542
9.299331848771821
10.055414406646443
15.634847477616761
12.21477996647689
13.384384592724324
19.59709295592363
9.767075771585661
19.513567423684663
15.066118209404433
21.12478171158096
15.686710899307332
16.55703016017476
14.626714546506811
19.64265967084815
12.725744765950587
14.335258124446423
15.639542449518581
9.96419876733214
18.6186375087003
14.00829355865117
13.870238019835924
8.06707388352305
21.463959490688907
16.85244115784789
10.345482690324218
23.954548678608038
10.445727147853695
12.653767349690886
17.520012276854395
12.960530431479109
12.881778748596709
14.758068913244102
22.455430803945962
20.1814076010139
20.226066516373116
26.167636184433352
15.02615606224099
13.585492754070087
17.137721846088198
16.741170597160362
13.730654824662034
14.38978759273171
10.795637558013045
19.041396413238264
18.78487624334227
14.877695959382251
18.74966461189945
13.97237386549938
13.749203619514141
11.749486838740228
9.660843340366444
16.85187390640689
14.497102230397548
12.736009967886568
10.158383638144059
17.705893886218945
12.062061999892075
13.985074487409396
10.63639569353219
12.808198977488383
14.586214058659616
12.69309934307728
10.126056920743222
9.087637289017277
14.551421695882954
15.081331371995399
11.066603141076667
12.780466935568688
11.055927550003695
15.955353394864085
17.029101158237083
14.17465554865002
14.396278683755403
15.695885859307996
12.200073101986506
13.340938678365422
14.278632366579933
13.827901318032445
14.957150700764501
16.41937554372799
12.97708689805092
10.716196642239034
16.566950667736997
15.77256065358171
9.934958705272905
14.245507650651664
22.33255192623283
20.97113420893439
14.001866603744714
9.633932668635248
17.668753881486015
17.274257358477332
15.402317037942323
15.062112700041318
11.527184155853263
20.29260367739088
7.206954990782904
13.53148398774063
14.839572233263908
14.854817632302764
25.614348599615127
12.523324754326298
16.93152829190116
13.625763129377564
23.59988439064747
11.79246560088262
14.118114786079305
13.120274000684601
15.248755216280333
11.262717578111719
16.713175477000238
10.58385807288291
17.88605178748005
19.872240931461473
12.479841530140472
24.74050200613375
14.998713802303726
18.347091099456726
16.165418008892043
18.468213197044314
10.019173960697879
15.14061110449032
13.397203088791187
16.719684072008818
12.114112400550479
10.642864566989244
16.813068285740552
27.484663985587098
16.401512280711756
9.442708033677821
25.171463037097247
13.696570050488265
18.974589138525033
17.355386240742366
19.05925952303823
18.98327895768092
23.014270384966945
15.79902694552695
6.424192291545977
19.51748337860691
21.73120880437386
15.927513347026082
16.258757173881115
14.287948362222672
11.602543292324599
14.039212475602891
9.004927488470193
12.787206560506142
19.558953304446494
10.147543778127353
13.58600376303522
17.73819441101874
21.9327531535382
14.91550880018489
15.019804979571697
7.2512563704921265
15.247704151401495
12.807207623996206
20.020158401882597
24.260192566231847
15.726371258114073
11.824859101014214
13.131031941226762
10.12957197946963
14.830450127890634
17.79834755906892
13.618386442812849
6.35617235523208
12.977346483377694
14.332371172038277
12.8141271632191
20.768806925293738
11.94692553624499
26.54755949721669
17.05557373741449
12.82811195000886
13.850952191755168
25.27046194157796
9.03649659602453
14.058851431602731
20.146096369783447
15.791403562976273
12.762948371757293
15.18711583015038
16.388520512972622
18.978245748787543
13.152051079923673
20.785855125102692
23.38457612404952
15.80796265388145
15.116946783630228
20.788804089301884
16.826967294561516
14.24391008088299
16.715413627764324
16.935560008084103
10.85214407638858
18.165899409581492
14.653382861569042
20.361579139692047
17.21576985987136
20.765201338256308
11.431485217930186
12.407630565328398
14.004453981852235
16.31426947949109
14.07392132382523
16.587544800247738
13.562294972732737
9.380234155760926
20.064616403533204
11.637913816130654
15.343329194614622
15.559504096550913
24.442696490140925
16.02835462951073
20.673595831102727
15.833218985335773
17.218026518464676
16.609487741288202
25.27224925563981
11.01469615823676
19.79468324284418
16.328747405216397
10.216835104834333
22.31424810298937
17.476854297796702
17.493244768459412
18.079096792578227
9.342779450498739
14.791669871892971
11.414011701424517
11.548460311127554
15.871262122678287
14.588682138786691
10.341141907409655
16.915805196750497
18.07036354280368
14.074415760154427
15.404766242144591
14.180868427770099
9.41633529408242
18.09076186410093
19.65503667528084
10.550302061686754
17.500338816118973
14.625000832604279
13.003312066253095
21.530362289125687
20.569251751564096
17.839152739798635
17.604750328035003
13.14081824859355
19.696656755051187
20.446199614084605
15.611521481444363
15.636946839951671
16.484473147355523
8.17972331282474
19.64979018199898
13.525105579790486
13.686568117141206
15.886527078356366
15.066474007481387
23.041752994743767
20.73995067957842
17.999787201206928
21.077179855099313
19.762843064018618
17.33943097221419
11.36586888071812
19.73490724528048
20.94924287327606
19.79233429491301
15.708940336973685
11.697015261816427
13.506627149385263
16.494384835940373
16.3985850718346
10.693130830903927
13.874807031144051
15.139192269540116
11.87671139251363
20.601899979199857
17.281897058412717
15.401891533891366
20.855651586976748
23.425543398433543
17.650536562699344
20.417291017682157
7.303001490186157
11.886029875483613
17.06036849680988
15.766726652982644
11.864279923318746
12.914448577236554
18.80678401601087
20.491753994569837
18.71767679636573
12.189097398525323
16.54397966744197
12.749446357315078
12.612063219285616
12.934078432344565
17.41033959117681
12.992457932056828
15.470179083587047
13.225024577351775
14.207869182234239
15.238652911902308
11.432189200751097
19.54475873630076
13.624768884967384
16.43475338430456
17.345107914113083
14.280251003464517
12.725186236690552
16.474573492872384
17.30012235502803
19.480292250700813
15.706359517462722
12.861671243981707
22.619134636929864
14.630976453209795
11.40080458653078
10.23488802670219
16.007030304995766
9.915829747818552
17.170342966260915
10.27880624890133
10.040472867844958
19.654952589360196
20.171589810894915
13.609810849955467
17.531542354272563
15.083764894474417
9.974386418086665
9.777865772964004
20.15505458398495
20.18873591031288
9.97744336725744
8.33809682630357
11.969917440217188
15.424691187146053
18.59243142664446
12.103430236759193
18.961419500831116
15.3113935864863
8.416113565199023
13.419579881903143
15.243525832607634
12.374517853261159
14.383953439977649
17.300020632431266
12.32842212730649
16.52905287332077
9.95727516620703
15.866455254016538
12.962132423499373
8.572344763238085
11.69588303887282
15.36732162129927
9.793075796775552
18.58439870370595
20.314903768471204
18.48357523180382
15.464542053038565
13.78288659225265
12.792858958667939
16.039336605129755
20.40790662147417
14.610858521651219
14.585103823411947
16.335013151702533
13.988349654230344
13.77610576536947
14.902041466201743
10.81141325730831
18.57682950810097
26.380290159388547
9.844618866881797
17.163199702771568
14.627896241931266
15.680681075318939
18.35739717525371
10.01293697472852
14.82679645471285
18.911052852622756
19.76303925805131
12.547400426652553
16.831070403055705
11.213314835685331
14.162242561524149
9.680106655304423
10.80889709869967
22.7933496143905
14.258808467843242
18.44870740436341
17.75917536685026
18.37140237990449
17.196760033283713
12.33809388806929
19.919092833525447
16.326788965623752
17.362695631441202
18.124706474959375
9.684609015526018
14.234394054911615
14.063010800801386
11.054330690067921
10.90075817464852
15.452511847001421
18.445846287134046
17.07294282748199
15.597460406800984
10.548745572079277
15.404026286918175
14.868596018163082
12.573090627515892
9.847000818969333
19.131546078029405
9.869719519299277
11.03713217782204
17.540297622754057
11.538262480990296
15.644254943238737
15.666637894987042
11.284915030825772
13.339319414771273
11.081666861811074
12.032021761355818
14.076726754040422
18.727478125082257
15.994495093460143
15.193214492956878
22.91577761085364
17.68420646942623
10.588410453383426
12.662263256114246
13.38988747394724
11.947321573910862
12.970713921006169
15.476923163475279
15.727263489833613
10.244002526801346
8.172547883635811
15.193158920625246
14.597143047129329
15.897932864333281
21.098026825022973
18.63521499958958
17.35867968906198
17.42746361185601
19.35224236543713
13.77880233815249
15.129314369218955
18.226967536750184
16.198506674453608
9.522296521605687
13.749963281774265
10.532118762255264
19.036625110444128
11.497837369806668
13.544089633207895
18.48334400028535
9.213656239519935
13.834541352453359
26.35613809031707
14.412624585396927
15.610329837292126
17.74332890278024
12.667589561534436
16.711980023175045
17.11389877461251
13.31664624576367
26.982862676670766
20.962175597030885
16.596628837912313
24.276420973759414
8.257093774986163
18.643845742886526
9.691251044838488
13.330732137259313
16.655129334890507
15.314742987941033
19.458294850411427
15.590092861635457
15.998444384703541
10.757384621127668
10.655023968012197
24.44845191236551
17.295739340355606
17.255056662745393
24.952465943138183
7.4313627116328345
17.73604247563565
6.54044199202252
17.154815895511312
15.467701885961976
19.621547198064267
15.163064212400748
11.712637600656862
10.349022849152192
18.031604987490663
17.727044847864466
21.314242190102433
12.784411556621734
22.326746601229384
10.833147487640815
24.385245377696307
17.545097802203873
13.053117574848136
15.698143177414675
19.877788035986224
21.417224482402425
12.649467923334218
14.583720590546486
16.001527181262173
18.723724297697643
13.497479332812073
11.297595628903458
21.14263245162394
11.962716520968009
10.176834285859805
10.533425900798933
14.794306802256537
28.321090896428373
11.457195111474224
17.06656701465594
18.912953501409124
11.764064876392215
8.53403897142066
11.842081184322447
14.604457087759858
15.52934211831379
9.389350970062093
10.37167970362168
12.452591953674755
17.439620363249773
20.881983530437566
17.18450114567753
15.497167789687207
13.781303078792236
20.742708893315122
14.551327412372416
13.401809734020413
15.260062776841718
8.338157410349012
12.280828013588883
26.831435784319435
15.623929381104615
15.226605632810012
21.9489209824868
13.476640835478543
17.31660872384302
17.932371396216293
16.23357175428023
14.289782535080505
18.779662545312206
7.857475156754087
11.62019570625068
9.57383937720185
12.821816949056117
14.06062530550647
19.4721344706284
10.857540177807994
22.887978596784933
19.607806495452117
15.423073285029872
20.416816185825823
7.6657375947890625
24.564427954352226
16.672336948989702
18.4131548552003
10.828667604669427
30.428404069373
15.152769018952927
17.054947562565527
14.556381830387636
13.376530467654387
21.060512342894533
14.283639412184183
11.224768836580246
20.53591556066658
12.011995422414138
10.826722695140537
17.60644888328056
11.711848465194628
6.978655367060961
23.01442084632674
14.339100017156033
19.85927444268136
11.469805267511916
19.332129333653107
14.998960620010108
11.578881148247792
14.55236726876105
15.524678334154347
13.575513916988493
15.762368119945272
11.317965205855666
15.768199769170385
17.999997874195557
12.595039617400808
16.756278538253067
12.797070962030208
13.213408010969705
20.78075623778301
19.942399639059047
19.04958672713795
17.781031777593583
14.951073480917113
9.81714996297982
16.39962370420247
15.339075985608908
14.339600378181421
14.502309143156317
12.055124575611384
17.598486729960722
16.667571708285735
17.77189099781974
12.15765453073977
10.915615968201495
23.970284548185823
14.441738014505997
19.249301865597364
9.297734332748707
13.353324281655041
14.46418128836082
14.190556065808238
14.920119083136116
21.351620447594133
12.309345949614467
18.344246200907286
19.987289686907165
15.357644615254381
19.442173739586803
13.191680285569813
15.455918865564595
18.493488636903145
8.565635479993212
16.42840765119636
15.483765783388185
13.95440723130799
18.229087151001046
14.478474054465568
15.297480457649835
15.811175382969878
14.974201440623913
23.409611886224234
14.239462767615823
19.696992932107392
15.120160993337223
11.942439014603663
14.742729218914713
20.146073213188945
16.700206074239333
11.087454440273044
8.327324901303458
23.38234929249333
11.022327648268403
16.834991562807346
8.330592202758927
21.63704821710735
13.78750245663495
12.651721994127756
11.168997926261854
17.383418335365935
16.459759059875726
17.232480874018854
13.052404775173553
15.647779008596979
12.63737076623303
13.997912764031376
13.413192285237354
24.04051010838268
9.02543382239029
18.673502285029954
15.37634645795722
21.946477051324422
10.202795485490029
20.868702383848678
11.222262080574016
14.890207677984248
22.563361404753596
13.911256702604504
11.99560535599761
19.05914082805155
12.949842588259393
11.145991180154398
16.25881490281155
13.683460444300957
16.57945321365791
14.009836487144034
17.701682744032905
11.386553399289468
14.95096743445155
11.750611235136123
11.720114680775717
12.843643581785585
10.539801064030152
16.85397297645686
19.5901374025793
22.110043016154844
14.57875052246235
11.999117734704928
10.094492859162726
16.47641363009564
11.694570632501042
12.900013916008191
13.326671204961313
15.305267076243487
15.135963319770473
17.607781854261145
19.342043706908314
16.137363006659875
15.405628393963635
15.453008143355959
13.51311501127459
8.99707365942566
10.990194549865608
13.378423222723379
19.09482002491468
12.067353913670178
13.087054780673423
10.916597518427983
17.80922653414236
15.559384147917116
16.43983867831332
17.524734862124003
14.459464693405543
19.92780970674113
13.589136714437592
23.494866871224172
15.067227159789073
15.860216355731932
22.807530122955484
22.387374886240565
19.658762725870147
29.147385361799582
13.015069695886428
10.67612302777037
17.533768786644316
20.480011147301273
10.206781575971343
10.983416955194015
17.43295026376893
14.24064451361807
19.12997706195741
15.43175747046124
12.956613254628028
8.83476188633092
17.262220359521503
15.419892924386444
16.00921963721519
22.242227902999225
9.964277761728574
10.789149856740337
20.912900142171438
16.37758475396768
10.832656999736388
15.311666807861934
20.628105828133116
20.39051469529992
12.921987670976767
12.324520113897764
9.016853007043304
22.37491293536709
17.381489950458697
19.64526480776022
13.053578397613173
10.683206682579147
15.21872123375691
16.397611676328818
15.521503807618378
19.886598060572748
14.810278961218899
20.479161518883902
15.405789569880177
10.616606959457094
10.525202134101297
22.530520389837864
12.978801939383663
17.638361504931783
14.394082836542903
16.67108902298672
16.957414472095007
17.9041860013589
12.506040196467927
17.545899980507055
16.20403684352042
15.478260090509066
19.185933726821187
13.208659069920742
19.61004415533096
15.57434677880386
13.822535961785698
14.065254352908196
12.87103840172758
14.360486107342602
24.52747854640915
12.002630274008016
8.852459145297605
11.167409433646275
10.80324199672105
13.092856297016024
14.980642518266682
16.756287876459268
17.06686726834576
