53.2180128652473
41.10500975017318
47.701196062003305
29.061041713233752
33.135037057942256
41.84431669923523
24.87984250754555
23.81808045989073
37.834408069448465
20.175890443409767
24.441027176536785
17.45646119166358
17.265915689795943
10.147786024215574
19.072138517483783
28.29325529677742
25.77423691094072
18.944066073074325
18.054504498947573
20.188624042674174
17.086091423860804
19.501778011028243
18.760106342482967
15.482497860050659
16.082492390622825
22.22660250838485
18.498440421454237
19.880496504602576
13.604411647055636
8.40906945899845
13.530749717433363
25.933745969029694
15.0223532624872
15.959634176283085
23.916207740426206
15.987617555607306
16.89501916941448
18.57793127186392
15.852591442141403
11.859055073873835
13.376110131138297
20.586499311016578
14.801720145402966
12.701251101254158
9.16331877017776
21.974203118156783
14.894197293543918
6.593370032743069
16.61810000236141
13.43645351904103
10.648031842790127
11.272578985204444
14.321551753049272
15.446609018793517
23.78622993921072
25.631447005827223
19.590234952218093
17.312622015584676
8.68162771988785
17.656259121625137
13.880178933644526
9.544788548990226
14.353644131341051
17.210890170288483
22.197463754602364
12.30936816187883
15.258529267178064
11.39545249714117
16.801644400595208
16.696804780750497
16.82883559065238
16.2621153150419
11.060496159182943
15.835065583526022
13.498603940765314
14.396717126030786
13.852018068870613
16.340930850851837
17.315539876345635
10.412662052128992
12.407068178393985
17.263695454754963
9.60187794629781
14.391875799513915
21.00455238697402
26.84297810127513
13.329495925483442
23.08047786377541
23.10394025010099
12.868508922672756
26.37875038375117
12.850926793783179
15.333376291252797
15.76754965295653
16.59438416913261
17.973705664645518
13.215185778594279
12.406592823428374
8.464092062853371
21.598885607831853
21.25758193549451
22.658115734836812
9.418755750897322
21.191518147072706
13.547236185432308
9.178764255154531
21.391260684696107
12.585859772790437
13.137927072223269
11.562515990560316
10.350891434564467
12.218974892818983
15.503733234743521
14.81136093164848
15.626230092218671
27.35927116107223
26.7184436410585
15.640463522250892
14.336741737929708
17.05154673564431
12.413126012496704
20.039031903126823
18.22466686520943
12.886152846072543
11.544536147864047
18.50708252307879
14.547195256342452
11.904690975930666
16.9720314363213
17.06125374371984
21.743777042958374
16.64969047903949
11.865365745106967
15.056419871707124
15.764299592270339
7.303706092839541
9.780655299468185
17.648154075524292
11.743857645911824
13.850922458952622
9.184838648579435
11.335727765126476
15.050051213612184
10.047303013170344
28.429513064858618
18.9870244158014
19.26145738200213
9.969805538038457
16.117352120717815
15.40155613992711
10.656865566064369
18.902539915508793
18.604570425296536
13.076891551963211
13.030301523105345
18.664804419105433
19.25084577508619
19.200236162662314
14.121133715582912
10.787748484928498
11.208040554185446
12.241382360977795
19.33994217558722
11.111852973810384
9.064671347417937
17.44293487360112
18.15601055196913
11.556769443378764
15.133987208191588
12.53700890350663
14.474847782014166
16.14759780221368
18.78823043293338
12.252476137486056
17.228333518221365
13.593588854502261
17.162447233247054
16.70416713208728
18.47925632993178
15.045648044514603
8.343246352416433
14.355356798843466
13.541194288133706
16.633694153184468
15.141633711754368
12.879129262904534
15.670088079564174
19.950424151761855
14.213203839463691
14.200879985715966
12.142707867220661
18.924246885885108
20.362624588240973
19.359174610727525
23.905781386435656
12.963972392666099
13.18268274584811
17.048757399414324
24.221557628185383
19.36055988307236
9.968754905840639
17.057145879396145
17.448394990353076
14.383871230556949
13.215112088749507
14.488576494560235
14.297531469462289
21.210752449876107
16.90964343498259
10.538548472389316
16.83153327290384
16.29823702835868
21.492668906414906
13.118341150215745
17.562563959504715
9.316685293042736
11.312746453989758
21.878721541449888
13.912229009821619
12.457041816451483
16.619510297429873
10.057903414152488
11.129076897934143
14.448819636850684
16.137127881812553
9.361748467445457
13.361002547118062
17.42358625596183
13.124847620869662
14.86032164497667
20.435419806087726
18.003629725854147
18.04337166256197
11.61072420578055
14.43904382449539
17.48628113676046
18.57934771222885
8.580594678441287
15.9089631643889
7.800373540547466
14.535009678146741
15.908524043264444
9.207513378129189
10.982451505846559
8.641456360249723
13.140295921092171
19.092267118649975
14.886801586114762
15.605007809816671
10.320106209099325
23.025928731939967
19.783281669712753
14.245378064268591
18.3465012660845
15.794800209944743
11.841562750445805
11.16621584930463
14.41101122604519
12.859649466497308
19.02182047068815
14.587681982830055
10.53286647424305
21.73737942105058
13.391002932920202
13.883933851070948
20.12172611702435
13.103871693677483
9.813651815741146
22.2785229910862
14.54875002216588
11.109705461051025
14.82295667233228
7.786248691886037
7.802759994297968
23.326934797467082
15.88131479651567
16.19937598756706
17.14826244191409
12.486562327691676
16.025135291089452
15.273454478429038
21.50528364852952
8.981425947014332
7.026345932308602
14.225904545966609
22.72449361645064
10.819571747560296
12.133855534009117
8.015356015371436
13.009999930453157
12.988093995711376
15.749044630784622
16.194360435907136
15.931489794650675
11.91813740441973
12.42574073948602
12.817607387870341
16.341737086798496
18.324584577172434
12.490960360384127
18.661575953207223
18.91321210676387
12.314592882459987
15.532506869421816
13.619867153695164
12.788532302212625
17.442373611485266
23.838349448382566
25.280299302501923
10.295722951434012
17.316897605674132
15.438745642254556
23.70113555393863
9.80791382884601
9.512073208883058
8.953079126822217
16.570702149468655
15.186828964859291
13.867549513106834
20.670240195318552
19.674969431852354
14.114596964243947
11.180863673693848
17.179450554511096
18.338141807085677
18.0675769963487
12.744104614769757
16.175354069140457
18.62925055015607
12.774858913980985
8.611266559442415
19.15824227869598
13.618756206779212
22.937097818561252
20.77130240261583
13.127169668631703
18.3237960428754
11.149275485458041
19.335186905160395
12.861506210374737
20.991790849921355
11.434672915029303
19.54032704287359
19.131847406563367
18.745908687648544
14.96250845591316
18.84507206392495
13.748876340198619
12.866669192896147
12.352924333957075
17.909395192244016
13.035653380614631
13.744457219802172
13.659465814002344
12.761095352560806
10.956067622408504
15.856314736064444
16.732233961703102
12.499334472117798
19.816523483607696
13.779413237970031
14.290062415566466
13.169251390243309
13.304444775469337
19.838288690011552
17.875862498246597
9.367072002621034
16.021764997382242
16.57614388293962
10.63829418833854
13.214459610718135
17.05696211725174
12.41515920232495
10.611658703598074
11.336448118810797
18.271417759827017
8.550888649609238
16.51676435121355
9.616806642636297
21.753331163630392
22.451780260416665
16.21020232432266
14.878589061260305
20.872885630781585
15.965131378679764
15.724428725015999
12.40137722819714
16.5507391599438
13.230748307907808
22.295104059722938
11.71806180440579
15.672156905167872
14.0226849764725
18.80256350088399
14.863320390276968
14.223230494466854
16.296555907276282
24.336660897894717
10.934922724841583
22.511643987931688
12.122104605695103
14.475650026784912
12.174396334321084
15.483096998919166
10.496844281080756
13.637235541144701
13.203234691686378
16.12476233749968
15.444876393096369
11.972967121271278
13.77358730366304
20.13511964127111
16.856476170567365
13.61144181506134
11.715609550242934
29.98032752584569
14.292190987341707
16.088226507685345
16.662021633280045
15.599239293729331
11.514945393789276
12.914563438022084
17.644119659292695
18.412599329243708
14.95496826977371
15.137870816891214
14.657186887164928
16.892233843311676
15.71858188632041
15.407457797260696
11.708948855072855
11.696167353409999
15.425706118773647
21.87733643348712
18.035129740787497
19.01798754864564
15.932134585057128
13.158691214480662
12.310672473370582
17.500618179424148
23.999710870939793
11.950494593736705
27.598822418140994
21.362228952301933
20.18068737971211
8.471055592536155
16.053980002563335
11.641605478366781
13.200298376887986
18.76411601429659
14.69114675278305
14.588389893482454
20.590010680955782
10.446008840195582
11.414505890009782
12.701473919219183
13.649143018408912
21.99323239883575
21.12196678524069
12.093417966285465
18.671858808430603
18.100106772182485
15.616911256946059
16.437672037153416
16.144246152544596
14.323404772245174
10.891057135792279
15.86028965682054
9.835194427142804
16.424175789737365
12.583469600355912
15.876765968298098
16.82260523472103
12.71507147981852
13.118167855767329
18.56342197450757
15.618125668500197
17.554245263126518
11.69965758678983
19.606613510896203
19.81618069363403
17.372639640317434
10.331298893781051
17.345970660719903
16.295288253851606
13.113792622000412
11.355768725015642
21.28475267222293
17.1357864654478
18.51455587875779
14.680954319655346
18.598600521757753
15.062091984818688
16.471675941406037
13.887018324686862
16.311946179036905
25.25053609289547
17.165723625059346
17.39992399240928
16.617305537470507
11.246974915995116
16.05133264821524
21.49505670933672
10.516844766138721
17.456861235223638
12.589116543866814
12.763634739623301
18.59948023939569
20.10480068961075
17.93294942425694
14.518056739353616
12.36989058721156
15.102430212331159
16.340299509802886
21.642704448541117
17.91111620319264
14.01065186264634
8.127156979978638
11.482465407450931
13.230920180969868
9.20496533361247
13.25388572977729
17.964779813156696
13.347873299298726
18.596095295353592
14.316994442675416
11.384213944532451
9.269273416178393
17.892067996555053
11.628614450018683
20.381081138103816
14.22740404204438
15.61324982921988
13.177448669410435
14.959802101749883
8.847688815236731
18.600324102428896
17.215778684730314
12.70693299390393
17.51356814318964
17.06709743614648
11.482396581897529
17.688982192877862
17.214598827084572
16.561223502942042
12.392253725304478
12.456380474871127
12.84124843084873
22.12287129337528
10.42423616097952
12.102649744049126
15.037638698193673
10.679110278799563
14.488943279785937
17.79902277029497
13.100065942007411
15.314615699266254
20.338508503179415
17.05234254023999
8.789343843900612
20.97908848121367
15.48195499395692
17.021781615003754
10.284535913837788
18.137307439190984
19.03594536701133
14.528958752960945
19.338896783288874
15.827067862280861
20.432681256738753
10.990833586897262
20.909194923358047
21.410529621759995
14.729568588174635
14.37711671437313
12.713425030541122
12.890326708050123
8.89721460887812
4.81001555589321
9.8968134878568
12.718629337286869
15.233956779606125
10.21913584128513
17.158128465087362
18.52468437166739
19.018350605787855
18.256166622719025
13.448529967733247
21.112300340160516
11.305466250662844
16.15314238226756
15.410329997081767
14.696059337717013
20.481246921357364
14.818505740244511
16.59762392182848
23.525834648931294
11.823769218422777
11.168067427726939
17.888882444562974
17.776886270772042
17.06220205850194
18.949584259031962
17.072982984539014
10.655294474552004
16.142488572194907
22.330580779317792
20.167886715833234
21.12188432124983
24.998069151978285
18.627705653002035
11.26340022226042
14.80381113840363
12.926209799476391
11.656488828983115
17.374506768596994
12.749829784739175
12.465636594532826
17.89325534813888
10.52056941295275
13.85258005084239
10.32930945807731
18.47008016730724
21.414120609163014
21.477904616577472
21.479390308256168
8.624215385076955
13.383510173678498
14.320059340823873
11.150677327344575
12.538659899561466
16.110358414622194
14.782725343212915
18.429032500861084
12.691321768493133
15.162605904788492
13.331217775173776
12.950308716280896
16.48577120758461
10.07545901251696
12.322523598174646
9.41042235828231
15.591239943147603
17.67716473276065
11.726666629792398
14.712955069685801
8.043081463076355
9.139146204012631
10.0880499464357
14.739910374839308
14.907788217357258
12.482032943759283
21.73986598975896
17.96588288831142
14.125770110230604
14.718382285676052
11.212018164224991
14.160027786450332
17.26109855152502
17.18167861553902
12.15112139973662
7.747551323455778
15.926665964403645
17.356885459594828
16.322312453168262
13.467173041697892
16.23164661106294
19.785089340958027
13.74728498848819
11.817147945037783
14.988117548577529
13.409923756274681
17.771636678193808
11.340748304722092
12.275971700954925
12.766109914051803
10.171600144288833
13.15410540246045
15.115956642655357
11.178944459106106
13.07056692732345
14.288647951022407
14.293932841629402
16.21386212929514
10.618267857353809
12.161062171814804
23.982183643321832
13.973495975710614
21.31552877626493
25.865076797213714
20.723430159185668
12.977636494679293
13.519327035821197
16.935381641167194
20.249917160827653
20.21110801757263
20.08746528446593
18.284658521580134
20.43310267806998
11.10996890086306
14.122679866276924
8.589466959225833
15.21319649342747
15.6892599665834
20.258433943978652
12.475743867630223
6.488303284152476
16.211648770935042
14.9114800755103
14.286573878362747
13.303160967882624
17.25704138034188
14.918414506541778
26.029783196455092
14.005770522569122
21.494691740795034
18.31860122994671
21.152006194617496
9.9752557662046
15.292629541787903
14.10589299676177
12.353357580120308
15.862440868560162
14.7369268269286
20.67076729333839
15.332796604839983
11.526494380233245
9.590237523462468
18.775247621579506
11.321252649189278
18.322071823029994
14.183378583044417
11.747376179217317
16.118173078847985
22.167182487977616
17.31139087495949
9.457995772854083
13.759844733838797
15.075409266797774
20.798785769830964
8.784810325749012
23.185863049115188
14.348338369818805
12.55270906040826
12.21721807526803
14.310269507656425
11.07533142076333
10.272348505190621
13.560609101103992
17.48242080374479
13.456583402473365
16.725132459592675
20.000148352240178
14.199608438557476
15.532253058540682
13.034301650956914
13.084432584212347
17.76655336706384
14.301409080127018
13.037518567392508
9.022139905580055
13.152169376728077
15.157734269547932
17.09085471761628
15.947545009079263
16.40693321353564
16.2208028359217
12.874919634017113
20.77415947437742
15.798353334771292
12.11723641517614
25.86513766219301
15.865473524294933
19.539744660836657
22.246891594438768
12.048363294201286
14.655751471904782
15.92605876017535
15.08132648173753
20.866322523090712
12.974243372243388
14.812545149255039
21.769272282512688
14.98974257490818
13.333337909710533
13.943653903479344
12.888068074596873
19.51017392816705
14.852072725976342
14.224988404455285
9.54427218340288
21.44026830300383
12.563466886768234
9.548516560735234
15.270683922740016
23.958114168685814
26.37745971548362
22.46632507136215
13.464629933698594
16.57178041910599
15.071270417181209
17.283351337588616
19.890891663635696
16.185614058106104
17.959926866819767
14.452937866612157
15.730684962762432
18.623372349333586
16.77375697655586
6.636541947054188
19.55099342927314
13.734347903079252
10.968204115766643
22.607381207528622
17.710162248700478
7.742280557784268
13.352156792921587
16.34039760432978
15.237031832494363
14.646712896055176
15.746838886355041
20.6900197076313
22.87778406558026
11.935776777291638
17.181148073343305
16.68125904342903
11.037351896742766
13.607898054160147
10.486902398339204
9.968510531224593
15.071006191650838
24.258750620735338
11.978901804928473
12.155223591679697
16.87569925115137
16.095301126622758
15.502378847387387
15.251218958329524
13.594151781107081
8.071501272483426
21.99611288037303
27.750273996734176
15.420765026699979
15.150129402990874
12.889750553639557
7.175575135517195
13.51267645673693
14.286642128013668
16.85753984610191
11.652495634602216
14.954995362212731
17.81775434968173
12.102088651651373
10.814660911775663
15.65643730773293
15.332553372729068
15.036273458877321
15.560342508098056
15.131490285433141
13.180178970921078
20.74585930300622
12.910506821407107
17.242008068615817
11.550237549212124
19.535828121900757
16.83149713452056
27.993310018770938
21.702648696310572
17.76953873623208
15.275205079468158
12.177300761954953
13.390716947225895
15.147820314238677
19.865825018292483
12.995768494590676
20.145788013259423
20.278139638508904
22.022532869997384
13.22983913083291
14.05400954287724
15.615187406295691
17.256873734145863
17.314097512226468
15.02092138251193
11.417571278412183
12.09970753799912
14.251255516801542
15.978963672987526
11.668127950879624
14.018778784132108
13.549646558905835
12.247372730777391
16.833973272225833
12.595840248074804
13.941491264398792
10.85755364695573
19.05319944788964
17.334113457934492
26.51599794043042
13.664170599298853
12.148841696231388
12.595794457336277
14.761311370937284
9.522814081589068
14.781932898726788
17.518689492521386
12.951267406564298
15.07595433473259
15.987275354204886
12.600287447914093
20.11773208615546
14.473446255774702
15.453433425688685
14.46640179396648
15.298716150674297
16.40003451442263
15.21428971121715
18.031040847542997
17.438512458057062
13.003338500607242
9.828895751495338
13.430681405428974
14.484532316022742
18.359757805512196
14.138002892859097
14.506495283555692
13.393454062681359
21.010104323851028
21.375246118668098
22.687376589247663
13.170481243225504
22.131282429807232
15.369399888639654
15.37742189166334
15.545941880492025
15.01355202631468
9.454622947373238
17.82811454393299
15.407643013690251
15.03070707724848
15.590142949879194
11.639374450753275
14.57064470813858
16.22149304231381
21.06059661945978
12.507320407214543
17.865090129596084
16.23925084980273
14.768537308333055
9.372715478848708
19.899183580292007
13.369076246378494
9.044538822752646
11.534546940005868
20.179757575058826
16.90969085694505
18.460458545928667
12.59299563928155
11.235650803758599
14.93482705903639
13.944944213520616
15.201059700967404
11.231612764575399
17.750594759645228
11.299400168648303
18.90977543798423
19.17859217986138
14.561831188086796
12.894167815455395
18.159302644067342
12.152011950091431
22.81138313495123
20.09032235895305
17.772791252343627
18.958551285430314
8.93040931783652
20.26229536832756
23.52705772711997
16.37575940357962
11.678323595464594
17.537919906276414
15.26204842708943
16.909319023149294
9.142452444785249
24.40895615618685
18.210777513215668
12.150621991293454
11.975800061316495
9.4560285502791
19.571792917149494
17.221032466549843
19.515168294685697
23.041898792152928
11.353500587985325
12.43928599209913
17.250403279812442
11.466633910288163
14.340003708537347
17.875177325155818
30.527261283093694
15.415630363785901
9.281338932886792
11.39903199063305
14.049184850468693
15.170780109588103
16.18926917903266
18.00885876821583
13.26252881322909
12.451327632016135
12.081521381513742
18.371522463366347
9.47318122597705
17.065556955855264
13.621062508567118
14.476467610432856
17.68300153718689
18.55328518302986
16.544478902307798
16.038189398488004
13.149237105440212
18.095279836280955
9.356563828146204
19.340962982625943
16.27365883494121
14.03543414465106
12.120087780815451
21.177726568957002
16.91106584391879
18.549583148456556
14.616201530275466
9.597788095488081
16.3901090985033
23.960052854325177
18.932927083482856
13.032180472149744
14.35659778107929
12.88229187263994
11.706685374221172
10.401659953527007
17.788369016413114
18.282873445469097
11.925054601601808
17.146802514628593
14.603011066923502
20.391894043220034
20.19562065953978
12.502078003957262
13.796076400009305
18.95536290254692
14.863193669006087
17.844235746306893
13.734272960547441
10.709582290098956
15.94324808546147
14.441044464198868
14.736757858131755
14.367306212162992
14.144717083323266
15.085437711828694
13.185927683268716
11.914072115158092
22.466803665002473
20.10040180073986
15.837462435132178
10.062897136761467
12.916100631137411
10.402073388509498
17.07790779845427
16.87859376403905
13.15145482040149
16.98433757530419
16.637711711897893
13.07509104848722
19.602355916468515
11.542097164575098
13.942080498327028
14.284062367704358
16.147659011787706
15.85328247417817
10.627475006056084
17.574665141169966
10.663209082029034
18.101740805186488
14.57684878058734
20.200057199878287
14.557067826248089
14.450262186934616
13.613799360891582
15.363305869116267
17.57042518138717
13.01464139232342
15.596047348124317
12.003777567031907
16.966058878145173
11.475905360608769
20.4734221315484
16.991980432065215
13.580098228130206
14.768789058571327
14.164171133398234
12.77727586123093
12.981374784373523
16.592270989695304
22.466371792186482
14.251192392951708
11.138514829748035
14.39980391300101
9.018948352503513
18.244240248285834
18.714307042174706
11.907692591974424
12.857841001327284
15.645276444445757
11.526193309562398
19.132500469122657
18.054095826061907
13.080902480701281
10.406981453494431
9.691286177068303
10.498597327707579
14.215843964833951
9.263359142671515
20.536532975115627
18.796642520228843
20.313289784535563
13.798833719824955
19.2185268313222
26.55483649031049
10.59072970384812
13.884595534618812
11.9280217464468
16.430904333165024
20.285226132933808
11.436413522890156
13.527496460855717
13.064224207318315
13.620315282825695
13.743889126172018
17.969478310871544
12.597182482509679
14.888205354935346
13.143427097308368
20.500132827474694
17.27578639577023
12.56788485805053
10.185076986844626
25.40475185343189
9.741703687906348
17.4731312968482
15.628093181668262
12.760292357026213
15.47232346734518
14.10254539382725
15.53685603422468
14.229366829839421
17.93827345117334
22.207011671454172
13.757225617852093
9.376784859459129
16.231831369291758
12.458058065269551
16.77332380844307
13.434634118974323
17.931696304775777
13.992032694435888
21.62148521401729
6.323931759704668
14.488367957802772
13.989764817667986
13.6781775333231
18.815116872858557
16.556306569427147
16.97860566592872
7.964865350234573
18.48667801085742
14.200618182761621
19.960116579801234
21.172215847505615
11.760615472798797
14.929594968493804
10.456127318209855
10.179695909823423
17.547893428866267
10.895415164582904
15.647768492197633
22.168755569809726
14.882493558367901
12.450834877076838
16.493533598402223
10.374522435681085
13.415967179566671
15.706045917832501
11.00887780859111
14.532027770581395
20.72105460395658
13.250253722014794
18.364471508777232
17.970607170027062
10.970033530878244
18.637914086149443
11.286527448509988
12.451502112878286
18.08443932852689
11.808638288769984
13.49022884603444
21.42010502100949
12.228590743983245
14.895223315426447
9.679313210929493
14.019262433757817
15.62987919850337
18.375992178657263
15.266349035633656
12.27042181425113
13.260810513392945
13.026994122051386
18.087490552085082
10.759421388210384
20.522694664293997
14.110073353145431
7.246195695540571
15.870689466524365
11.436080150722223
9.093523612652856
17.6596099008765
16.087724936388014
15.6803125004877
15.296879784778108
14.239166179296618
15.967883160963334
9.491973417651739
14.564679203766618
15.574629861392253
14.64017024213117
16.663224233550025
17.15867045935713
13.07821309379509
15.317074365064906
19.132576272311503
18.3197420841486
18.964968952404078
20.62539775503001
18.76818043360318
26.8703957322481
16.584367455874517
8.997600791490767
21.137886238244732
16.591233199102174
19.855407050817558
20.613200719400496
16.917471371122932
9.255415509477379
12.404416158178147
15.130503707193037
18.536746828425876
17.06479939590234
18.433726777413984
18.634189032607047
12.789073548815994
19.3304253552875
14.307199209424803
17.238848274946918
12.296566027962117
11.171757538811953
12.74848322634676
21.32928795277977
18.186942675326943
16.421543234763128
11.867863211645881
10.29512908646564
11.31169132461572
16.310939088100405
14.30470521181315
9.75763403231373
15.031078985958995
11.833553390621896
18.118981394354957
11.445150937586194
19.045081574891668
14.961264567009144
9.765407070341805
21.253564726914487
21.59645339742891
20.210449030818072
19.369345714403416
19.120255408638588
12.966818558637764
23.652851167892162
9.724874047265102
23.610909727738292
12.933667693230172
14.645149090316206
19.60256953488807
13.541757777302468
14.69100128051106
21.505464218409752
15.838898078364148
11.407380430394372
18.458821538598404
17.491740564080676
15.039645264255563
19.330308271004093
18.57755933824323
11.906812716876205
25.076603555595707
9.362020703937105
18.180000204106523
14.349172135163432
11.131982512340901
15.713669575246486
12.173520578740563
16.819816982978164
14.199645478370757
14.58739386302477
13.04171920810932
14.745635090056158
18.37514963558374
11.428270354257485
18.921379976831695
17.556213884826448
11.014532853164507
13.586905158454437
23.07141424559563
19.186050245712394
17.601935193256843
9.854979734066692
17.78165450995738
13.51476097267039
26.470221123961114
28.79007778598203
12.5407450089454
16.969826223841984
10.689188367492193
14.404262673320641
12.80028024470874
16.00632448540525
17.120354240915788
13.914441880749836
11.673406221934385
22.23991327067981
16.58882894880974
14.693121754675245
16.25586227844499
11.535717781721445
15.229688279391093
13.52294371280593
15.592763133024118
20.14056360765613
15.957882894001152
11.052079974598428
12.962494892875506
14.15862325625056
10.873076029683856
11.779090297515198
12.224675136345816
15.317864829453992
14.097429798887962
10.745681701762036
20.537627916730468
15.871573111421968
19.487223264072835
12.511204793521397
11.516294050466898
16.82922438981162
25.992644152068085
11.388493423617366
16.19698374788573
37.41134747895201
15.27928607969665
19.672112755782802
10.392238142959897
14.152949313376837
15.384626561184934
12.659352033801435
11.343357982389797
11.788948841671452
11.517174440085471
14.49888223537736
18.64403698207839
9.928774265871992
11.714896284092458
18.25805644329663
15.84615180129067
11.836478012823957
13.71578449271807
12.38628325229635
10.474745279206392
14.630597646184409
13.931570362667603
21.197827363531278
19.293548573693027
13.7830602023284
17.93153724277796
13.687742897459401
16.187630252378764
10.976268394514829
18.407628671335193
14.79627163522654
15.924272453767733
11.588217484889176
20.459169740389157
12.404799574874598
10.86045006968557
13.90105388945714
11.717342326397398
15.682484894062076
20.991709470791978
19.172550729993667
20.64848388321878
10.154005751345045
14.227729454252644
16.676099337971024
9.821723080435195
21.00732114709626
7.279372478486149
18.58194264871679
10.152216817313754
24.49688881755507
22.368664462486905
13.783813705324674
18.05508258803626
13.479165022624107
14.191122005294762
12.858319278304583
13.040126184545834
16.329514456349408
16.944411098530736
12.564015676157627
12.62347139178684
15.843428653889127
17.780858381864554
11.118203155585078
12.698676144534746
13.91758868260605
18.27539284798148
19.119480686214445
20.40146249679354
16.760449151406647
17.58184353290689
10.88165146936665
15.477728149600525
22.404729724424193
15.402509595773717
15.482083067484057
15.597416070334317
11.849627661098031
11.505759730912796
23.781912752884484
15.769225854425722
16.41097949873989
16.994647459900158
11.393561224056366
23.630056033975205
14.491771738246953
27.585598741160144
16.882425476080222
15.407802495299224
12.637593599783067
14.727228870608485
11.785424332149331
12.125227295661084
8.51158157848182
16.63069530112052
16.258031993239097
14.5358152906217
16.440912306335704
13.614762591212578
13.480816050737795
14.543820354982254
11.260904265492126
18.406901304213243
14.836119493821972
11.373156539059583
12.639054745466963
14.194367040486744
21.386616556413312
14.246918377780709
17.227017898231164
20.910946059862532
14.996350054970437
18.61911235606406
14.285049418959982
14.577930550227514
7.247947782043856
12.890912460318493
11.395463373242828
21.41523557016038
13.537394602061042
17.155399563550986
19.643253144049293
13.479709130777692
10.180193899261226
12.564796578895962
15.536123183692672
20.290191642483617
18.444145529975362
17.746145393036034
11.293570424010994
9.136365109236122
18.22484201130557
19.522825424625832
13.315706038813824
14.147623540216896
26.676204224277278
17.594947733509862
17.06206848791208
19.48124600283805
18.08008460758145
17.972732910290034
13.178265290341498
13.81098737494653
15.23386408237781
19.101708638922336
11.198279913951461
13.038664122025631
8.357875650317514
14.716377551714583
15.522033669658958
20.011715408066674
9.957847959890366
14.085892228277055
14.63707399556487
18.76376409373163
13.324226522530116
10.637925929662163
14.391966568195844
16.597766116518656
15.514985030990072
9.106965673603046
16.393780073233398
19.877602711572813
21.53667318297137
12.54840753276312
14.951030824158604
10.456945195307568
10.414992626432952
17.65856710472362
22.575044706703984
20.002291408168496
12.162039179516986
12.20665435799511
12.785153335207927
11.377883825605185
10.120222198990316
10.000708370861052
19.467709115127608
14.871772939683067
14.823934646470432
21.270136249022297
22.465374704995032
15.652219798856692
14.84017276873236
11.419247956244403
10.71517573376142
16.279619497172547
20.695914785253315
18.876337184534204
12.263448047517624
8.033949650570738
12.536537630363304
12.27779475952582
19.050305874399807
11.642520477719593
12.185399203796324
20.500165946283015
18.027152580333507
12.15205227342437
13.266092774685449
16.184902114878547
17.319242544398072
11.940572322950754
16.24346718440675
14.039119035750176
13.809483702266864
12.42673977222962
15.584809310387488
14.172011783866322
13.211924275671707
11.838380223980783
21.378393125161526
9.300929731335703
17.132808220669844
20.275313033297355
22.47021447339346
14.389744549682407
17.339345845978738
16.210108715907367
12.884256226056795
11.323851756061519
12.134237972493956
13.21558587906484
11.855159142960677
9.297402782375027
14.71181134740163
14.361949546720403
16.938177644742737
11.443950153078386
13.975105626189807
11.526731636744744
10.923272761412976
11.807911482537564
25.220186806977757
14.707677397966727
10.080183642286263
23.926651987202664
14.920386358664938
7.274227931492719
17.737594857727338
11.375180648198748
18.645494422743514
14.493986284019824
8.75158764077821
21.461776676840007
15.59226821194962
9.807539463332562
16.619235752181666
20.93171622807031
18.49915294358841
17.558541261850777
21.555644240809972
18.163160269937688
16.432584736770252
10.587369163460494
12.869375359487176
11.796974254865185
19.976380235850186
13.80489509746819
16.332198097186314
17.86661945057597
16.531338297438218
26.31374438157871
12.055745359812597
13.310420422658769
15.39115164461502
20.97163061049107
12.953932575688738
21.107104175131656
13.342528173202824
14.241696742946369
12.818066829306069
17.06739216030823
22.18770042546441
12.009135655144597
17.699296842100722
24.60595941829852
18.150495032475554
16.61014114546377
17.155578127926788
19.531376314146286
9.029875747412026
12.691995898250266
18.447073423120557
13.710609889200812
17.45126938178943
17.56327210468966
16.67880034518895
17.737878617800895
23.71483406961125
14.873877695793421
18.17117395022265
9.768360269248726
16.40606927590465
18.901914254806425
11.113471426432598
18.67427935171694
15.858927914179716
14.614644376035619
13.34041239233456
9.417938949669521
17.633746888277447
16.13571393928288
17.170896432521932
20.322548817211935
22.27328496502198
17.367578087645683
13.953247065564698
16.612340843839775
11.322950197062443
16.88668334700613
19.884826417850928
13.961393189873903
7.74042494311337
11.668134086996718
17.896128427629023
21.239209125615165
17.52284269117007
11.635892483809906
15.862843744155578
11.899754854666885
13.696314884646743
13.803593116983656
19.71063783648649
