23.49351979078074
20.16400640374633
24.646507987936918
23.707154750701502
16.219931293344338
27.510535242454655
23.129522203149698
27.8948351439271
19.495817703505214
19.18725178381271
25.346193194644194
28.04538238458143
36.51574311560692
42.23899328871362
28.29539484405441
27.24135534065612
28.006891916732137
17.28678327729412
18.970814228461293
27.116869325075253
24.097699648769535
22.700545356221355
8.961024905611493
26.232634068181454
29.22945757079964
30.812611068772583
25.35281322132213
19.667593549042955
23.512916509353484
20.917355752931176
23.24493210530699
25.8450490371281
41.504038262459815
20.561467439953578
25.77755169473989
22.55126230677992
30.93985392157149
25.486640246637567
20.739482686790268
24.408440330155866
39.246456811149976
24.73285295167012
28.556243560820604
29.411261965642232
23.3337957785374
28.018090229523995
19.59193601908118
27.355190038563915
30.149736097485647
32.37978817883799
23.36065163867145
28.65686714199326
13.27700505108728
37.811629597908635
19.08832627598677
15.978996305006369
22.923456407732427
28.115798036934443
30.42264790246908
30.486721631578018
21.318850886411358
20.521838057612527
15.954001637381655
24.65107794711271
19.888732622573528
29.1118449680346
17.710917111861875
36.338011027569515
14.79392568952727
22.544072060612994
29.212569884528182
26.332246369776215
32.550014611476676
23.211355011694863
34.222251312275404
24.541442706339016
37.775654566067864
16.724937684719155
17.283277420663303
30.03128159549667
25.839744942806252
18.36921532465146
30.75821856654771
44.264374205170235
21.580262946833017
31.40924674830735
21.084288997037778
27.3015321810599
19.07206007714086
21.37351722717173
20.498544733628023
23.33997495727923
21.895942637494453
39.30203488991084
32.39767566453431
25.710955793478657
24.421303370436817
25.42708022897669
28.161004365776765
27.438957539736876
20.685276151697373
33.99991676934035
18.520842392050003
28.67451864479658
15.544696975831068
25.40920914550829
38.23674895647321
23.03269093693373
28.437090103178146
25.62158810945113
40.889829266297404
22.03518468993734
17.59436698508063
17.64218289916019
31.79137558859166
14.128581926769376
24.359573742491257
16.978256205015143
29.68243768860735
24.457213572799162
20.87180017840062
20.69097417933038
32.32946701618125
19.114110623920336
29.937263386830082
37.359696530496386
23.97198478774463
22.737896043655137
19.682934671152065
28.877073404310256
42.957026144800814
20.30751892747299
28.237457196421506
20.767928306257843
29.507542871975545
36.89699829779619
22.88079754685883
21.777428171080658
23.15321902795459
20.927970677555262
20.69820120749948
22.611578620635587
19.391907430211788
33.66041518486593
18.87471421148309
25.47704507258141
24.30373237108452
14.555375772625597
28.05675064885013
24.222548935792524
19.7880733560161
28.523490998132395
23.907638905895684
24.685888786138857
28.053783264280064
24.41918319820556
30.364136337418635
19.192165782030806
19.732380495839273
21.07247762877561
28.745780082911693
28.971969892096684
17.243902899742448
17.355927464796437
28.013179988221765
30.97117637907697
25.78930674022601
33.27234275711204
32.155061968092056
12.181538510593516
19.385074003435548
21.745682064941334
22.487285813820286
24.20376569089784
24.380850266685385
21.11918323250717
15.461456050473785
23.84488331123492
11.456272105916495
23.958224557284467
25.735377787566964
22.060331675823967
22.091017596868447
15.308202029667918
25.963500734901235
32.479750700512255
28.637819297607365
21.719215142533834
25.886169268618396
26.779203364760278
35.00649720184207
31.182596913838662
26.56462919707131
16.9072122320255
21.21043458158845
19.12055943815596
34.05139053010757
18.828094649816308
20.41969120383307
12.972468188934672
33.21515752900184
18.23013357818121
18.14544253677839
20.502672452058988
33.88256160180647
28.96078520731935
24.343631884498002
22.14542168899992
32.1356002344258
14.349390969696184
21.929773648916974
16.213408831147586
15.24523407026231
15.478177439076385
20.32331142941317
27.388171612521937
26.16341533711241
29.088883942611492
27.47553872010619
31.08330507512361
18.882800597020495
21.752989275566286
32.998274337251395
24.77144130926316
29.63584204141431
24.577539142391068
27.13350756868156
25.25305147796153
20.34288027408299
38.33614186575033
33.392866751466485
22.88049844174457
34.007073986479625
22.56824172576765
15.140190866217468
20.962488553787733
34.06785605116037
13.95592737719813
30.998865985960535
31.145369406224642
33.971115401344406
15.869089023546753
32.72080470280209
14.959549652469168
34.6257487994678
23.948491507663665
22.45616107349673
24.437579799488006
21.83553668437375
26.2961615375431
22.383185952593397
25.80215755502182
20.228757732000542
23.354634367333915
19.400453460071542
18.75321809453961
15.520830587996873
28.852287275483402
27.588459465508393
21.51866682995399
36.74942431317237
27.035225562144998
31.25288260423241
23.603116671412316
37.14277484362765
32.66647191955396
28.113971050379295
19.11551971171824
25.047156972369134
21.831099162150046
29.50875005360126
35.00948722152531
19.612725954508186
20.702629404335
31.755624603486048
25.12946917676326
10.857895726188518
32.247722111499236
21.295957451169397
27.304733711668987
19.799843322267698
14.516858545128155
32.20491405171103
32.02988113516817
30.67238872210707
26.676299526340845
19.14590424147751
24.962937803758727
25.036578008232123
25.967096948639256
25.10659455436592
11.449640971699523
17.632538682845023
29.23152882508255
15.303966503416905
17.65644248049563
29.693168280734838
37.753378609650326
20.587099559904885
26.871324887400977
19.047123536254315
14.970404825110508
20.539757045379865
26.671039743817097
22.324728043488033
26.035293329772752
30.99757710915551
24.137373126061526
23.095331472136216
32.71288031132542
23.707530425489647
33.294079675560255
23.58776635001842
26.49482644467225
31.860936242264437
31.059013520403788
28.792457400518508
25.84143030753316
18.77880780630687
17.280179913905762
21.213211719406758
20.347369585409115
22.159579876089
15.724651900269507
19.91763647194861
26.742120304678235
18.42076787840981
28.215972459754795
27.187604764868738
21.303429556677024
25.34230916162905
25.12510046752936
24.108718349358462
19.009146270577652
31.382696889659595
20.595021196886165
23.027691389795855
21.254800356405664
21.971403072801966
24.609257305877634
14.723936550848018
15.642444908543085
24.178881599755204
34.97988847143783
20.000753742541804
28.646550377831755
24.289765625623808
29.88264222745931
23.28012190045107
20.39701543430848
27.457050368835915
19.638080014398874
23.76605914364702
20.078774690209265
24.680104558897398
24.15659217334298
23.72366830133545
27.713522292016595
19.515433853475145
18.173254315742852
20.57007139725579
24.961179457531085
20.652836741102917
22.490092174223843
22.31563231381293
21.294345425248597
18.912005874377975
27.94497760004253
38.650015762859255
34.361599822989014
29.245388803298127
19.640510773015425
27.391265921930856
24.55579892584952
18.36479738767457
37.01992939415396
25.727503292540515
19.185713717308353
25.973379168006076
33.360284297535934
21.54571187406402
14.150443028001042
21.49317758402038
20.219224737389585
20.259704627992626
21.718297814233956
23.017931920683125
30.241000125060797
26.36126754721882
32.29353290560499
19.577205077388545
24.687223235624884
30.555347539345995
26.913078587190416
22.594141670771613
23.575838207973167
21.991594286301293
27.167957199289226
29.491695201109458
22.92024255270821
16.07542341743286
24.51431977741165
22.62772667516446
26.005991146878966
29.68771513412312
16.834143318460587
23.732884540964108
23.51087361434688
24.031027114584525
22.656146706409473
20.416648128067706
24.46212479555793
22.530835166642568
20.439262089179934
30.04542314593272
28.625649365774354
21.944074352556036
15.34852581911202
35.13381138020921
27.107803984613888
18.735399707744122
29.384415327114404
25.00582731676871
19.282417586559323
24.162890067764863
16.88077117419387
27.57002859783241
28.47997917510306
19.221843440909414
11.572564999649785
21.34860755305714
23.0901215558254
23.83685522185292
22.45014370956671
26.561369544114505
36.16372313708766
22.717727937913203
26.69217231293139
20.47410589574005
27.004231377798106
21.786629114578123
17.993688972772347
32.8983117572629
50.09346736005643
32.76813914180576
34.006965298532464
25.30510986979636
15.865092365559438
19.55222535468187
30.32774113360212
17.444130855787357
24.444999402308433
24.490327670849197
21.018281326757815
25.06935231289284
35.644262474483604
27.785591142329885
27.54769882015155
15.20329518058665
28.906674457929892
13.001622485235249
26.001046692665913
18.85480202739454
24.43418923795705
27.65706566887892
20.00570382998248
19.67917345589556
31.088890476121243
29.587040688547106
23.66241154522043
33.37644565604067
15.964651913460957
29.621776128077
16.273168455231595
29.07976241380946
24.51094099140161
28.686752311869668
24.41146017587355
23.684024785050084
31.91529893667414
28.161903598661688
22.563578968367334
32.37175254415195
26.103818569546405
36.941727148437
31.96391975977232
24.99342280718634
25.271512274129353
25.23277079667435
36.69398576857989
25.388053366031865
28.730029067088264
24.517328270550408
21.848803318631578
29.58923018218677
21.644175675251436
22.335963097658258
22.282207093060837
15.06612146337511
22.05572934355847
22.910978375974135
44.73134370435014
35.42764800126954
20.020660127013336
36.13630840770606
27.90971331958025
27.77457127241937
32.36401671327348
33.11341037631876
25.82953762723435
33.56896034042209
27.088842640927872
32.23984423509338
16.455032625769086
26.574656022766973
31.86313610612906
21.258443567758896
25.725197821354307
16.89976060319016
16.146794616718815
24.728230321604983
25.99066560898131
32.44045312265173
16.242815294576367
26.971823463200987
39.836497171049835
43.54212526187437
24.178808181641564
26.487087952592574
17.06154122932716
27.99770054947465
28.694768280219527
30.25260734296899
19.93539137042061
23.200029233228694
29.791182522627874
27.455308220524177
25.065533996589956
19.022858775446633
27.427664674766582
26.616157387278182
24.634072170804146
23.231161031272553
20.671514666934506
21.530035246812034
19.04104320266036
16.619430763953208
22.443136493905396
32.454965749288775
29.18408685161358
18.953016386806826
24.008956768056063
25.30893892404187
44.277575952918426
25.607205746622945
32.958527850032645
19.088680058084286
19.83439461662243
22.179095237975126
23.901345067613782
21.87361214257001
29.48397250326586
31.645896652594963
29.183343272894735
26.8513946239392
21.92088070254392
36.75874456284548
26.565783053569326
22.997884282376397
36.981844927214034
22.521940501444476
29.417031100865515
37.75208590237504
19.570146900994335
20.819057282834063
25.943388322810577
26.907136340287796
25.82404444980737
19.314790115458916
34.765148536348164
21.524639953044357
30.15910090105266
34.225319309465704
25.5674477385364
28.46926313645426
21.765540039498276
28.64598438827293
16.7626172094708
28.985733863948237
26.118394361681048
22.631914819449474
25.803014181476936
28.787756414301434
33.47114188450614
24.030488153029786
26.73945586042944
19.342742080685234
32.635623831512184
37.4183008969502
35.40418738731642
19.99328590694944
22.63608287721495
25.122101225830857
32.39524265326813
19.77984667242689
30.633637958264494
23.53374202384195
29.23812541230712
20.00759601362556
28.118837766461407
28.27027667452487
25.72235161321813
23.889860538464507
25.460326444945018
23.482900531452557
17.980434328574688
17.168365182525864
23.030369597268177
16.597724206095872
28.59044205091097
19.550166568481643
29.155032968547502
22.11048353602815
16.64415769065773
31.896734246618298
21.62476342350262
26.576598021795867
24.007644522906958
25.566873563418845
24.64423986268887
30.45867243355601
21.123945013665026
15.913939248616762
22.159876705803295
24.194853496077005
26.72380719881289
27.403975823855838
21.33599547516566
27.792032645266286
25.10497853726011
22.377148406364974
18.847517233681053
19.83571586253394
24.270744303616095
19.804490807684516
23.876148605497967
34.10095364979403
21.822736432012007
21.765518976578026
34.05932334082278
23.285456150063492
28.343393075646294
18.849369346629558
31.90998735889924
28.128122757223895
19.41923531373784
30.516019088224265
22.583694881318475
23.79392259104784
19.374576322957765
29.695627220563246
34.4268530463841
18.27112822999935
26.451649078620015
27.525916944284035
19.00388693403755
31.73898925761148
16.897699176882554
38.181859361403816
25.214185408810913
29.473017195685614
25.259149664447815
19.799177918713518
23.76820612045733
21.839827758558954
30.43559884572099
31.27868684447766
22.420745749431987
27.769910543241462
23.431350805440488
21.280616187986812
24.573209222723566
30.022662277422572
29.72430783514476
24.206598164206785
24.983103321411193
33.14635206225524
25.600937610785063
23.60155740237858
28.0330793742364
27.32121160770429
29.718093570299896
26.356642878150677
32.15233532389223
19.97481057096856
44.0650310420234
17.24055161426417
30.63168928548081
41.61554564683255
16.401958753873878
17.05192209692879
14.594725819095473
29.89473424486489
18.930960174573464
30.220800692132816
29.470901440426324
30.08346881270853
26.712374461781213
24.727401695832242
30.80031437738331
27.030732712426165
25.183128250043396
15.384122392825475
26.542819208072498
20.972496649075815
34.64081950476515
15.45115354171693
15.55631493561767
11.933413325572557
25.506993670623956
19.346617143218957
19.960585667357485
28.339677289667314
24.770807521956485
38.75125707859826
27.060445232783515
38.28415529264659
22.59249780393418
16.16322702597481
42.66684953885934
22.489503013005645
20.017301198552026
24.40128578770312
23.33070418744978
26.58649546566105
20.324135987130877
28.02810196719618
25.90448411547632
18.032402877341372
20.352842635708704
19.211489970501074
14.760259013481663
23.08786193990409
26.22359285220906
25.067018693103694
18.755178575113103
20.618037274046973
24.85256303529499
24.225857303502973
17.706326879423067
22.784403278614604
28.209202494441023
22.343201215791694
20.193744725920023
18.781548864061524
21.3000042133988
17.342462127397276
17.7792515353733
24.52033936211657
35.52423695661028
24.46091107989711
15.906749019256736
25.207078434221806
27.021396906260346
27.59468090612201
19.412934092783704
28.54129297918579
27.764024374574454
24.383683406647275
29.62317111397075
19.544045320817766
18.22939610261778
19.844419143139557
21.10990278269819
19.603533335808613
16.895700634016478
25.272466494425867
22.94820943691825
16.855460417886725
24.377874317588642
22.997485456124835
25.358957445477227
23.51048035332937
19.92610686384437
29.696136259132278
22.240581105958608
23.18278267084894
22.771853846126636
16.788876061317247
24.32323761578277
28.937380371649507
23.89802701465928
20.5403357799634
25.326427424700487
23.36097801477413
32.054775981813464
27.033906329443575
27.35935128017954
21.4385566663504
17.57698001410275
25.13233499288285
19.042235385146757
31.251140104764396
26.852681643443578
26.377879467313498
18.409521466296706
37.155561873053024
24.663806429347616
28.487236153165956
27.348790785245324
15.970460002675274
26.925527000246152
25.794120546607353
21.533136211096817
23.81235667199159
29.83172956895351
30.676238607167853
17.533007415871122
16.582300038436102
30.52905672058709
16.192268713289828
33.48629452474107
17.52721997291327
22.47453189835674
24.66302993652341
20.295148774056152
28.465626835098995
31.351340481896763
24.209342082620367
28.128065248748
21.612174553325517
37.81206569474126
11.096897966448598
26.801518953821418
30.56382091380165
24.485468340806396
25.191453655289052
33.05818945529351
25.571985647933783
24.76016341007315
34.42693913150807
27.086682658950878
17.975213499095403
23.779706987038672
28.573575656325396
51.341960157854984
28.456388217726936
32.66482594078947
33.521854593892215
23.007218130564038
20.903779787916015
28.75782294401879
26.289440639597807
18.738475068454605
26.38854571253077
28.622542397820983
30.654144153806378
25.21696551332324
29.48810606216617
20.493339107450105
17.42803567033117
22.677209786355416
24.56419713640742
28.903957972097704
20.363244086297605
33.89511304129245
20.527227589969097
21.12958866256883
21.399846077731976
21.581191974254807
15.974439122970013
14.405143912980062
22.39903703365793
25.71044252210566
12.677939109364026
24.024892301201604
19.73226705209172
22.56903159614828
25.039817636993178
28.244121760929474
18.43370548415833
23.925302038477895
14.94645907442641
16.753853892405644
24.18856500070928
23.549844908493238
23.72158383498042
26.17192964719764
16.89086104732
24.000390957246744
22.11911923497801
17.40461413195521
34.831953458977374
28.27200398390727
28.076618969024913
17.23506842947992
24.472192165734764
22.268626666912038
43.68510082056613
30.6323991491192
22.8028337454747
25.55704855288385
27.37900352367959
21.478371430946527
29.992315400370163
20.750883276645833
33.428624312034536
25.675452884971783
30.49574790131012
27.120511200053
22.550444318489678
13.739937574192101
23.225658682367705
27.593726956742152
27.895784525185253
17.999744574545375
16.126147660831247
21.917593838449605
25.29672776475294
23.088707910605148
13.822052764869323
19.659910327167704
26.863661187648276
19.224887238089728
27.570303750939
25.762521828394103
29.065113304682477
33.37663771827193
25.614575497744575
25.781107969136546
32.34100632254001
16.28785162451556
35.110670515271615
36.27691299140674
20.566122852197857
18.70511333863532
32.79537921771135
36.00498607697791
32.33889015469161
24.03958106256473
23.377210722269993
34.24949871653038
23.616234163729803
31.69517689352973
24.242218676389754
25.135523462315057
27.08224717515974
23.67079095435327
23.368305548435345
17.20537831396563
23.782753087942922
29.63373679459989
15.961149127510707
26.95461675793266
26.4626462553373
22.32826900050914
34.67379960391596
26.691665485688166
19.99561539500189
26.792734960639496
56.76787178410416
22.101703686090282
29.266539868919956
26.212713936483418
19.464826702037954
34.61368411301633
19.107201367666
16.8026412260893
32.63218087622667
30.451766418036097
18.869054258937645
26.23873785374399
39.82071575918247
18.501544017000572
28.35184496445174
27.946424064812415
27.09419818301802
19.585954130732176
30.67569380013196
19.83731682700552
18.741421054648626
18.90998087459984
31.217154482447906
47.589885391628364
31.292780885865795
27.18835478670404
31.93599103884994
14.360419557416371
21.748150640988058
22.417067268028962
27.661357084576643
27.045585739318867
28.330174016522356
24.03723684057005
31.605196694499938
19.409522587863222
20.22077607344406
40.76317450619025
18.82663912016405
15.100850418695913
19.892199435863645
33.40734491423657
12.769932005449485
27.386357312824504
40.60629518806642
30.405379351339302
21.52594851403096
26.904596622633854
27.209771422654267
28.077302402933867
19.50084942417294
18.91274147572782
21.240307960344552
20.11349402464415
20.603425693679604
22.079957369510964
23.113488263958125
16.102814247956747
24.559618691481468
25.43125132145588
31.986112031335807
30.04903547861905
22.04276651049554
30.25651357390844
20.976706845820967
32.14417078887851
33.877561755229266
21.278191868433787
24.16265253475444
20.440241139069443
23.880182956662374
20.264369367973035
20.703532305481517
31.476315178377988
20.881022024759428
33.94218915445323
29.171563093252097
27.181702640882992
20.560294462980142
27.92357892392446
22.698159662592698
25.52897643605644
28.91962797667416
20.668952700013584
20.92702189336338
26.116334904918183
23.326405216984192
28.65366780339028
24.046004024910232
19.91250659664751
24.266322736515946
17.318614407847157
19.544406994516475
11.404700712403079
19.741222337356717
18.11235761374635
26.00506706139658
26.723947095396454
26.38556458002675
22.363999141458855
22.300619689008897
20.38001183086421
33.82818739757363
23.66560565838528
29.508149605036984
27.768626341401585
17.00031635668019
19.782552018199166
25.367857635836472
14.175551419731272
18.6625618745814
24.991313858411427
33.090749860218814
28.383051564492167
23.77303013201275
30.23743876550523
31.081180500429227
22.977558256313447
27.72362088589912
25.596959768547528
20.981572769837513
24.010026269653423
19.401414510006585
16.2469558751696
29.06260954678841
21.373968790970196
18.55713124839198
31.504972075585126
23.856834061616127
21.81269775038385
22.08641240503785
29.535101332788336
32.306467204282846
22.826699800797325
22.927400322030707
18.90235422594487
17.305094762427473
36.006717742593445
26.348369073380074
20.311801438842167
23.56157133794313
18.609478465783344
28.57946155513392
42.79029551820279
29.466071505427667
29.372400530649184
37.976937814833015
20.051354041879925
25.963675406553854
25.419281395635867
21.789570640036047
41.52264324456835
24.05623076639495
17.539392481970594
24.47136592751239
24.485945739226615
24.09388652049268
27.114891773506056
23.833097801092926
21.99261168077062
27.834176020779903
28.57152737395988
28.551880809489827
18.590137211125555
28.034601249843465
24.38812527069153
22.712997654258107
27.25293385709955
