1947.4781172496628
1215.4178931176257
782.7469890203246
364.2136955544291
424.0244950455586
374.3307697275081
260.08892126799145
181.43572699850858
264.02804802795896
144.01812436085012
224.41707101576606
205.00895919186135
194.02170368299676
121.81040960190465
344.9815349810847
146.26212343266198
147.9303117049818
115.99579865924996
152.87964844078968
149.1718907884727
143.0012107086496
103.03822091519616
155.0977308532451
124.80187623588435
168.15131467505248
98.69095791107021
122.81974018403359
70.02030175768338
72.90646482218573
152.2289730847944
105.09622704830575
50.36856479819865
74.343192150488
90.3062292119795
101.50095962478849
69.92492226761995
90.28722843186907
92.23887393460404
57.32696494816684
78.6565977484785
59.938485280682826
126.70048405945234
60.447478314916104
86.650749917206
53.33759114711265
68.49073427600287
63.08730268612454
94.30682313314838
77.6888446207874
75.46202052829005
91.83679552904736
91.28572807011199
84.40457982232743
102.32406385376187
98.46351347317358
78.12441591845645
75.93285992241822
81.7413982631207
80.47847980156885
86.54309332751285
78.74657529311197
97.2877303501284
60.847222400949555
119.1796304683741
61.0627283024894
57.917117942777296
113.06682185414469
43.52740788315283
35.33280198118152
63.794013421973474
55.189569689004145
86.82622045815882
84.85156725822621
87.80566759778583
73.18244266612567
97.98720173162931
70.20088542637556
57.12009955281157
46.83249169387956
44.994495129546905
62.94481473955054
86.5134707973186
98.04868258963873
70.67921895195138
92.63967120630979
42.387942952011734
46.2486707741267
56.54608733951396
57.785231459579364
105.09227226371476
44.421529465453744
49.25369967126818
40.77258068470245
85.35984170310097
44.18728349959692
55.2150693969914
55.9291866018667
64.63058134055882
66.34999023511799
66.54940881046045
80.5252718829269
62.500834672279545
51.392833629646006
62.55681885202049
55.17009826106206
74.55063835511132
109.56013656614971
55.87661655286239
71.91515350784259
40.16941241049635
63.13392162376401
59.92918109399314
92.59261040125382
79.6257456280501
53.86860244903541
90.44156898626072
78.35693002013959
81.76000605794255
53.43146164208752
55.11989631110712
63.66184891148249
73.40716421351794
63.97807613631434
72.64391195748733
46.99479142428827
43.676427478657054
46.471325850594056
54.07508940030434
88.02778389966623
80.08549634432815
70.24422681986717
43.64776204034838
63.18393813118962
94.52922645354622
69.649053900539
53.05442982230544
43.59935612536094
53.20890291001593
51.47392599231444
57.16876481710772
57.79591550617821
43.32746984365978
41.655419988917416
40.99624397117391
53.190066326206505
35.58582366370675
40.223492472555655
37.19612824100806
37.14074992472631
25.528715440060008
42.1675338236628
42.814499399002905
69.45787131046319
68.57678181019462
49.857252498204716
47.24336799549531
40.55870898901738
62.16548174250088
39.99398400292081
42.13787223498104
52.967411782237136
26.3160635147967
35.08482468137843
30.623630593795802
40.23489424747553
69.86798554576384
46.00771531799766
32.9066664611005
71.92706184703981
53.595421644737954
60.24064529048208
60.17959018487515
53.565332446257585
83.05945179035528
58.559278106073776
59.464935139838246
58.21578258929515
50.12658366970667
42.36795784817046
38.254992048959586
65.4746083051237
41.64654492887428
46.559376294367226
75.89407833336243
27.53457528905569
47.17973348246448
36.960095505369175
39.02312128570317
34.70766365616284
27.57144039330263
47.6779152631028
33.494831597393436
41.970654412197476
65.95187559735787
33.34142351072038
32.95366328802225
48.09234949077956
18.38814379485693
74.83477207522134
56.59098438483016
35.61936881995805
43.94780754946218
48.75901497340819
15.250081448731029
31.51329577441187
25.547947849651077
19.922779539521255
59.08103888715084
24.970841223975004
21.17361880671388
55.407887061835325
57.4231822711615
26.352018128763266
50.5982774960203
19.521194681484268
36.82590442542276
35.45298057708621
47.190058307847345
40.953532487262606
15.092099028454845
54.491771504074194
19.287382833439732
52.76490331199067
39.903150483901356
68.78743683712571
18.758877430774195
36.01332008283465
46.118716447289536
43.6285344326789
24.81877776580901
64.76963077841421
26.379655627820647
51.451078245224714
55.3544921350434
44.874436276972375
28.091467750216374
61.558068255591905
29.010830642628775
49.248298326722946
34.889261102072396
65.14891595008396
37.360760961366736
36.432863065491865
45.569909338899045
47.83184419020889
25.090667792431866
59.84036304194586
54.10441512201318
49.65110315757965
29.23392550228176
53.007935459673874
37.733227473261536
48.46393927363583
47.55699045199624
34.7541737345951
24.329899003016962
38.865152483519324
31.9888430054669
56.27227379051909
26.93700692304668
34.418438952331
22.971227715647952
37.814392570797345
38.52764362367768
47.36616541620472
37.75340156893776
36.87787155938817
72.69514544902404
65.02071201091508
25.750501941638003
44.728919879102676
24.323052163340904
26.532400162195437
34.350247114965796
32.053154112937804
29.976003449854833
34.39793161523153
17.223069936371065
49.23192289341042
17.049536649239634
35.43433697274287
10.09763812278443
31.217458223365885
25.214892027957386
44.87560471358758
15.430010576356597
35.99920225597665
41.9215095878686
60.70065652369411
31.979496082850122
24.26336389389882
39.86345347206963
17.136924858299274
74.66747682947795
40.10553169006954
50.46805137216091
51.780895753005794
28.34614397596359
54.91633793627075
48.74048311817049
11.433982548717262
29.52964842967362
38.70095910911485
33.59781221319855
21.242465163691293
30.263283998395664
44.31992662052534
29.978940764264756
43.094546315892984
31.679492359276335
45.310645495006106
46.09659956310528
54.10152444007298
21.89428760737191
36.1373761069395
62.27675168162023
67.99033394732143
37.49009340539784
61.297938306051634
27.754178963544508
42.54713549695814
29.198609534285197
26.434985941917482
80.28061889659826
29.975782641435156
74.6428646695672
26.448023540952587
13.389544309684617
33.47478575745711
45.985113530180115
49.7683344864122
34.82082469619724
30.706415817576914
41.275860328248314
57.92232282713107
58.74808214951355
31.964339480991384
36.538811092931276
52.60308091862843
37.04754148105583
39.669487536522944
41.444597044766354
25.516000899532926
43.817725112929615
47.57045814782086
44.983636603075134
41.59751169479697
40.419502930802636
26.020189173734494
35.0218963255907
43.04370061362354
30.62336864475102
23.2477230841023
35.07957772646349
66.057097673649
29.259402827889637
32.71100629792682
19.79631900495289
31.781520147102665
29.507566316165963
31.074084188177697
28.72157723364581
46.0629250946383
31.71387056443965
31.98111498074811
40.01684268658296
27.653334572823574
30.231151935339735
30.768975417591466
45.45607487432014
40.738878125474045
52.923851947646796
70.09706687376901
49.49102728257889
20.59780576948094
41.99663890589682
33.41210594225685
26.282680395586855
21.65433741170849
26.51146744410669
50.806435975016015
59.69576188102044
44.26156014749758
12.938160990159112
46.732587747201
35.69539536776612
40.7666550675469
53.18922611180435
43.93564915733306
14.457869068194777
32.17086252031705
41.55486963025943
27.65373223584728
49.11126002669344
36.66414866587249
39.5660971124194
38.741408196553394
28.160008516975303
52.02582985692729
30.08249046100055
39.83336451880317
56.008327740284955
40.67593412161036
32.0886558959143
66.5076434789362
17.352705273298174
34.06848696623761
20.821215272117087
31.660623613856405
23.205885672519578
42.405429315077335
29.15667722636746
15.477625330056854
34.95207232869604
29.516694876341283
20.287706315766627
26.888147829103765
36.00030736765139
25.956562511575886
50.905682461919696
28.200767430145213
40.06150836329864
34.45415669288543
33.998023067700025
60.81589710912143
41.89736635720372
25.749588707747904
28.604924385955165
31.119700750605816
49.026363574129874
24.714619419656607
27.32660711020228
35.88862953213406
29.743670929913655
22.922335365965093
36.281823833371426
32.963584639104376
19.931624773545774
31.1495893996837
33.27898540270709
17.143534764009043
31.795742494375357
24.01482986713817
38.42194270004203
31.85439690993729
38.66073726683104
14.990499871742614
44.4473843024516
24.124233724586723
30.070977194670583
27.922567264275234
41.4031040003885
9.117325743093026
25.29873525078238
30.900540315304646
48.42394346445148
24.581670533083198
21.581998694833764
14.467188623049875
19.465474558230394
59.76068957383406
20.370387343770897
36.142752689645825
27.533191287488812
19.388095285223642
30.831409453490267
28.70023313785409
44.1580742929399
17.486390047099395
61.14218356970949
26.6217873149576
21.302081006220607
30.06489647374351
44.03123800734851
59.04474027883272
42.00829167306201
59.39667242597147
27.265875364210068
28.33570981132416
31.147366130959913
45.42182892393685
34.019352611419656
71.27609066244925
35.76435522583278
42.95652145483434
45.79267257180409
45.661092995174144
61.10487713317926
37.19829720968716
29.111109471422175
55.866151625821146
32.856566438284204
41.382300388745705
28.22119786153564
55.95106864437875
48.421931906817555
22.81345190826228
71.92428846864806
29.036334727983864
31.928539429098684
33.220171797003445
42.64183841303924
31.595382951029556
43.160882616333694
48.15479860493615
65.13561665325403
29.362882352338076
29.707029183226517
38.55086449005742
50.013772130046576
43.335895531132905
23.972934161069432
49.2878876151407
18.48409899304497
28.653077134891042
32.42675068669425
23.20513389581757
47.26295291596154
31.0384976472797
25.67972800324339
29.607075475963402
39.8366091874813
33.53280782286361
32.62641882391807
74.4440484503972
37.67281281585152
19.323725722694732
51.5929065786523
51.120847419705676
32.20931719882111
73.43041984304773
38.33014295938602
36.927055993028794
47.61260015416576
14.286496322659078
25.436917206986877
30.455282457922827
23.841040194239195
34.58256195082722
18.359246000629476
29.460386925518232
38.2009363350006
59.46489949385095
25.31460961552332
53.74743560106793
23.58968984170646
56.19640327712298
17.36194435988746
42.1973107743666
52.462562258907795
54.23947729526668
45.41115732697097
22.3814215126713
19.206780371980958
21.32472601285531
42.562462039697316
24.066192545508017
9.92059263207245
48.67493281081519
64.71746117659647
37.35162341663135
24.896093475603507
28.20670437547595
42.95690783590007
55.18681524972806
28.923433088306677
35.61721658150923
36.9865135383058
26.14285755594736
30.241443632036308
41.34960207287378
53.04422748536229
25.081867744121556
45.205150006051255
38.06649590021282
20.981470370463732
34.43712394319484
20.705822657632204
66.66525076744433
35.60254136343638
18.628167273395775
66.40383953485436
61.0872182088232
35.546894421928116
32.39905926694065
17.89460311994817
26.28369072480726
46.287818210217054
18.53619816551223
31.579940367040678
31.787710161624048
16.847978379424667
72.66508704443663
29.11776158814412
20.904928240273396
37.623662261762426
42.34522086943612
53.48699140708917
30.91464362548303
28.846737973489738
46.312333158803796
23.133491398575153
35.36915239223315
38.31772593175914
35.72196032994552
40.67601471992823
32.806792728167665
36.73272147985135
33.629830510161256
36.62296377020683
12.605624385367447
14.79055904985346
45.08398405713789
16.075177841044137
29.778271597269168
39.03530733011862
55.877259859854775
37.87253676677267
27.693316539452102
32.25576428295584
44.94819324384905
20.07202051418881
46.19704492026681
20.2788600330482
51.43022794616687
35.05681213927812
28.141523226451852
37.62267225165779
40.50552662489773
43.72802473413769
35.257048349194434
58.9713589309838
26.788501817292964
58.00673228690688
42.3205337912067
51.06032152738123
41.958228290917596
40.24713028165277
24.522900313521383
33.97906327685551
32.02664051509262
49.070595066353526
39.42900366568368
32.57711228774369
35.13968182595242
48.58481279430379
32.03617588085268
33.57751694268447
41.58094096244027
20.317755385438343
20.087278540552504
22.41191213887559
45.41580924126226
31.810700180183627
21.612405654259973
22.91280707312563
41.56538342883475
22.97234164087777
36.01314631709058
53.36632363766125
23.126299881854617
53.95766101503392
30.616873407233776
48.73690873192591
21.446716238859416
24.621622481239573
33.40845879634607
43.83029006527963
37.08908151633884
9.207963757905114
12.419982115024887
27.66723323515753
50.01657196939183
52.11285291059862
25.124775181984777
35.82096997928832
43.28304132224114
26.042917710500546
42.76505770800337
65.48542917130148
51.55010196806943
62.36854085150378
39.56054307182207
35.99171930085882
39.64666703722071
22.131221600950813
44.29203414294774
24.946704737146824
19.955976281514335
26.112809053668286
36.912748126820475
22.340917298848932
55.795230644075154
13.278325611543499
17.361161587591123
46.36706983934742
33.23303321155275
37.41820883472962
18.784667130527485
22.088756463768643
24.97787398949571
31.595054278872105
51.088907629455036
45.32233003178893
38.25530905923484
42.317689635339754
30.42325255516974
39.78800245905088
29.57337526987204
57.77907344160861
49.20215880632512
33.2378257153117
25.835547257028306
17.226135651228873
51.652351483613046
65.87703777250597
39.10825550200707
28.597671799122093
33.1519062078243
32.969237024301584
16.27827881547804
51.736573952913275
26.065762140695803
44.024114673053845
83.3411601442652
26.491083840127594
39.5363326998744
39.613773900674424
28.631466033769982
31.882824294405175
31.014629607101003
25.853980149122574
18.45143626216064
49.420561007408104
34.56302616713228
54.727510594044034
46.02028071385785
26.565170767839792
35.90460297923118
67.67780202098298
19.089579133781918
45.4254252675671
26.019099843044245
35.22118761584248
27.85385519072308
35.166357973011095
57.40578648999776
52.232848093201646
45.164651470223625
27.504194419570283
15.150020957571671
44.60015121865721
46.957865421958516
31.351929422593734
26.13433023541788
28.368480639274534
47.54454986044598
44.82746374239667
35.67197210202277
51.51400281334371
29.969003281210295
35.748991173141185
26.358270708056587
30.613752107417685
24.469193052641348
31.76874838826539
44.89215262166102
51.63519743147117
31.514846484868997
14.454045434935093
15.320121869475201
44.40117442728896
16.92672442519299
88.81350131913727
31.301661762784903
17.647787003183574
65.10122219091346
31.395533887358674
45.35531991164095
22.40904538760477
26.58212114244791
40.360137979573146
34.14641145003882
40.05592787089547
26.564763985277303
47.61903286520546
48.3232962299403
33.70421131399311
33.80682326650615
48.15991759440792
19.34875340448651
23.025974258635753
39.8216497113968
63.73656248670281
35.16566782248774
50.753615695374
19.511461535699308
28.897407868588886
13.137921959393791
19.560236404464607
34.4316302834628
47.98981152044447
40.5970387517203
53.31828898493105
47.077255388795294
41.21013868871366
39.05219471011219
36.1582936325596
41.04734279798145
29.66209846546017
46.9467850113041
29.355283846784435
34.04178805394879
54.350621247827036
52.382859283488514
30.912202257999677
33.24780560613583
31.920260245766098
60.38619814625624
42.59802620083025
55.3258223303004
43.99951109431703
35.06079636514939
27.42926738053681
30.62992606663391
26.717846534499724
25.985539457789354
64.70506042082006
22.396829976921197
29.791550930969272
47.647628959304726
32.18549708426214
51.86094723804674
19.64886573884545
29.70682908985311
44.86377494813132
29.10201577751045
42.21966299293538
21.32042269515795
23.974776504849487
36.190312098604764
51.90314996725569
20.80823175297813
26.556340745108336
67.7623538266235
64.88751607021878
33.84978262584317
34.23397766253511
46.909171629726416
21.960678835267665
31.981465043039968
35.3892823359659
74.81291662015899
30.34646514028235
21.415034975343687
35.348687820712996
38.57951414170674
44.07810673259359
13.768518302054142
20.563935589889045
47.93149410304742
55.10745428123448
49.3856807948682
27.559951738738516
15.656711700882333
14.292747837934705
42.05632476757341
34.49160070460618
66.06768556256439
22.727512624476702
19.195491706563214
30.0847934289625
24.173189553892442
46.3058141605414
41.90854300183197
15.305085089484797
27.914881858411167
37.022781782687346
25.75849390031465
38.27087337846072
16.010928593247566
27.6029947137537
41.96882866073585
38.10333250566199
24.879315155579786
24.102675050349657
21.711553032997326
20.51647922668107
33.376773908970556
41.137913012688664
50.33689951273661
31.13495145942336
28.015911423800866
31.79821389923217
34.536957643396995
22.48821645562668
21.651293262926433
28.892409631847155
45.486594891980026
11.152751759189387
23.110337306854824
51.81656749544149
64.87068277051881
33.60827375611533
25.4896995075943
33.34713592644634
14.754135426392978
27.770380993153765
25.87649430392339
30.22334596631961
17.33262695403013
21.95790689992927
15.601753499543594
42.33560546039698
25.42839008079835
48.03327526743148
54.3937432313372
28.513886966439557
35.90607255195582
19.17907291769021
21.440502956477808
73.00286356482279
33.52952645873429
27.6616406965198
56.407220496287415
60.58785147122697
59.36031303701322
52.04073892994487
46.22630577086872
35.438427022125474
28.308453833793614
39.95879151570014
46.410243052919355
25.01589585164631
45.62821637035999
28.468413500025992
36.15212227974154
27.8105251634997
13.388626955757484
32.295157256795285
54.39377173446701
34.384098201264145
25.293592892757825
46.905791266982675
18.96470411135926
35.35676511770823
28.41922985290644
36.41504706178919
18.327949699958126
43.362560242603664
34.556089346594455
38.503612429983505
29.06433656064572
72.26799639457052
40.48171995814232
20.006540086146817
49.43166236677969
21.80342510290227
24.513745718380928
18.770492958417467
44.985732237647916
32.01843308360306
42.67744260508437
12.328034071556456
42.51007652492498
19.66739631606074
50.629059164026515
61.70633139410972
57.85873726942098
27.089541080982215
21.187865252525377
36.85997134309773
34.91554890626614
71.62175002837958
34.35210566059362
35.54452635281374
35.95878109854998
22.02168861381068
35.757873938805496
39.579787056662724
24.230453576661077
22.030171548171477
9.055403303088358
27.339581661855583
24.01466960295362
14.33158781788956
33.42024457079158
36.676404016350205
26.103576020906438
20.54224695825969
67.19527056169164
19.093747656617012
40.745132213160204
30.205299973250423
34.51188334761396
36.94445643198193
20.707550990577825
28.313516478096734
30.18858526820812
31.928317863277535
76.73354869806619
43.82546871368351
15.736255064503421
26.50231532701486
37.30801282826064
60.05424424728435
29.26028555201261
55.16752746459828
62.19764150491821
43.4957206917132
37.62140869066914
29.200980836183867
59.174210715218436
31.608203516795847
35.76665818746233
33.93250477258705
37.938295369811975
34.46386114931806
50.12831269146598
23.28332536688531
49.84115441577951
31.393934246141164
37.97165690644658
28.028160025524773
32.610429250258285
38.721193892274094
55.806333336518335
44.27952102458576
34.21433601888991
50.55220353382601
30.823930042787445
50.789345464887084
37.35469603271471
34.12424180414485
27.50316025661361
19.317571226532156
41.90673988244344
48.44039158823447
31.844540516038457
15.552737935231367
39.884129491604774
23.150802633703933
45.51768412562674
25.210917987319586
13.110302248990081
33.4775599527247
29.7590902653716
23.121210228793096
25.251030864348877
36.08584398300957
23.676328447073345
56.715994421115425
11.54374158201747
33.75570243032465
33.51530858502741
46.271412059895226
16.521570008227542
17.333227005797166
14.990445714277879
39.02066728567124
34.34513845228911
26.10483905636333
41.4043693900464
23.75141215885964
42.039601562923814
25.709327449710905
11.960528948720208
22.92531381220049
21.55926666410756
23.86738874755916
34.27446606981348
29.32130190332302
36.96564457952886
38.89270500969605
49.548562777290364
44.77214629986733
19.060234931780148
31.796720017454483
54.49806914204396
44.02224176524834
32.167657901554435
37.368200093235885
27.09031403373046
58.22746988618663
44.365435385898145
41.15569861077745
31.085337106303747
34.49732959729695
15.022635117410177
31.237274749539058
23.025905017044217
19.81655796092234
50.98638215914971
29.29382713486405
45.69257281516787
31.22666427231487
38.05283786445276
73.27001662698605
24.602913694364943
20.909359869298097
23.26285016623651
30.58219818850113
25.310616530596576
33.318506379574046
17.31126673318686
25.89497859657135
34.877970864973676
50.059908769289564
25.693055764584795
54.34657868649939
44.152308509057704
50.36835300905172
31.212731814220774
65.23349500679547
52.02571982866746
25.428306651816584
21.371935733072007
39.44494903056025
40.406556671570485
23.068663392812155
32.68524979461635
19.577913161388455
37.144427264318765
25.01339481777039
34.45737451149821
47.822233960711266
47.990873062421144
21.749595896590805
59.36590323437184
16.47803385681395
46.59117133348993
56.28160430120593
18.245473969767072
6.756609186606812
44.02861220635943
25.521119023809614
36.188425798596434
39.99589405084152
55.088921174943906
56.7161665258248
30.977658032722516
33.91653459088444
28.80098371549292
36.45906665008675
44.01230132410729
29.110662572729296
64.59537287296332
64.25534510782342
43.1471279037917
16.829902684305782
44.9487906541792
28.888780091656034
23.82722268642462
58.38557142016746
30.072788033443437
39.874496314332184
24.576641362523944
47.94318514874392
29.770144037675184
51.60341264987884
35.576421830018035
15.801939179478836
14.960220272712107
37.911872988905955
61.12950161617253
39.58010813491545
19.658861104120167
52.62604739910651
32.367363965633885
33.22134384829897
25.55687197856315
33.412371834557334
30.77770323658473
23.11827068164608
30.80578213593838
35.71974844999203
19.18610631798136
24.148516925338512
27.926387405569187
35.11723358443647
40.2302504083059
28.477081942612852
42.21680707908753
49.155304312796176
22.456118824739292
14.465670108037958
19.219270452304073
30.643789626351825
35.25404045724775
43.45425583586336
21.038592187487865
44.40165006720414
23.327788568496658
22.16686373893795
16.93271909597131
34.80808786497483
47.7106341717852
12.677771678053457
23.96218130468604
28.307812565967055
24.114801818084153
28.776233122579995
17.302582406619756
12.20117663727224
10.8103446902748
44.01468597306089
25.27618280467663
23.159867792500812
52.40882117367334
32.21962835324611
37.697330058938356
35.9596742984851
32.97359937406949
33.74942053504131
28.02824756123043
14.82922773451122
40.107975557149715
27.31558363018218
46.87725424658173
31.72873289872656
31.502829496484345
40.2297608297378
26.04611008671448
22.83579170439548
32.10962041988934
33.731265286743536
42.661432064234084
73.29317079534204
37.399220386569226
27.246910608521134
21.55337738354377
34.07459438337946
15.076500288869479
31.684607691958007
16.62562009831454
35.98002734647431
28.65448409699293
38.49574510353014
23.396015530246203
18.31196575075406
32.03828647807911
46.31051985938766
36.70176727830843
19.262806694567978
24.44056659235093
40.698349519940365
27.03309066900177
19.64630062890468
24.92853684041718
34.070827667295546
15.821486456722317
31.070551197439766
44.9572211309406
35.39911958130638
27.509420565559317
11.135255573144317
33.99233228665234
27.511659178216657
23.670812761824934
38.47879671201795
40.726770111520295
18.408317293833164
15.584302157603968
49.540998545418915
47.323561790942506
28.39259890475101
79.27353031776467
43.22162538215781
39.318700257768725
30.45191290726576
66.40726867591897
18.864022962240956
34.69684782489612
40.21425237381456
34.99270183860892
42.78613263489534
33.33689176523647
27.6130187708563
29.707639335934427
35.87443225297851
26.701885050986885
11.030413793042195
20.121732097695023
26.42598220483569
51.79850142347628
31.598032495382338
16.334099011042294
37.14007892174468
14.713026301407814
25.04351270746313
38.243100082346224
48.774277583495035
52.2433192358007
36.01359292627745
37.199384182271885
37.78847792171406
30.66432636861839
27.733638203437792
26.792293925231125
23.938630017447945
23.86061091992874
9.376924805713442
39.86167459516934
16.9443576272973
24.51722001988233
25.45752363389872
26.661473852439798
39.58905484043407
29.47883232562438
41.70028557473585
26.238539688338207
27.611036680122176
27.006257335322946
13.71985230274753
37.143640936183814
41.6391853229062
37.36379847099084
20.19115757112243
30.823444683483753
50.141190590351115
39.970100844770464
43.27271873352657
33.46336358037968
24.520518872129745
11.179523887995668
29.858967676727943
24.939760445811693
8.283434304369745
15.647565022803636
38.91573971365948
43.505119192086724
29.279902144968123
29.725392109561
45.96250967221942
44.37372768697656
13.09061266046542
52.170237723582545
13.7603494496847
22.000234787279314
27.67366543890556
20.867789732865365
24.40778722574054
24.615131903844755
44.3688126458075
21.807126642083002
29.4390107905829
28.411741248614568
24.487138842070273
31.29673471687562
30.1665058440529
30.397693264474164
17.241137637647945
43.901668307711375
28.168053680805578
21.745272396706735
21.186663192148032
46.96846501077812
37.46775667078748
19.182313456526266
12.08696981296899
39.70624787994448
73.34704827045687
24.569305193606127
26.656968690266897
42.78920209624639
12.993402263986683
44.14663928140875
44.653073302793736
17.229770433501
24.336748774112213
58.70386513290142
27.598870429583023
44.7585079527828
25.920261652039013
43.41779260887559
26.427137726455896
39.11300446735837
29.79311804500307
44.61899353659369
27.796296161039407
49.5292733025517
24.097067885327565
63.070616828346616
37.737279025922966
32.30760974726311
22.977828482297845
38.719425534243555
38.78377502785719
26.028375996942742
24.308716932834532
54.37965481747118
32.910133494626706
23.611733466943516
34.57880991230382
25.205207518739247
23.452245662506197
46.29432380721148
40.154750915168435
42.3713337108836
52.18265699069347
35.56039887258468
48.58685631055624
35.810801199467534
45.86940448595807
41.90234225464879
29.508844544771424
33.732516621203885
33.21035265005893
29.104612709532685
25.731376273536267
27.578163980596226
30.630493524488994
26.19797200449088
28.527868405346663
31.123782711261132
23.224938565046312
35.449943137267404
13.013312036223763
22.95970336900249
38.790949753009926
13.95559881300213
20.8223030857536
32.46924577590914
21.17275939889632
24.54376927166614
34.85400488055815
93.35173169650992
13.499073790842267
31.235586263448234
19.8779063418368
32.01448459672152
24.23306816839876
22.67403166125182
22.5106162144682
48.16900370057331
26.806520477273025
37.28109202239126
26.944121530161308
9.38685430258832
60.91187745661797
27.164643914726973
47.34494562791957
18.495483492409125
28.391523147110796
24.440785017700424
47.25480869857452
53.2544831129812
43.36837147317388
22.822818465513066
43.64432614215764
44.83290385118545
26.543754774974527
22.821353226759914
32.0596432778965
31.516265486759508
40.06795507142592
28.486014723798604
25.353302251970653
19.712856861288053
19.09293613730782
36.89060166203411
50.52709787071367
49.848259125194645
23.743773388245145
18.750626425387594
22.423058195455713
24.83996362027903
20.797950803940235
37.24725051449212
20.67434556840049
33.104528762228625
41.810833339056224
25.761675860632995
25.961111649853517
41.2797581863074
38.715789022890334
9.682297651912776
31.65528692629132
20.638938155473816
30.78610539781439
31.45803106673392
63.824877931564494
20.318487760870525
37.70098748147091
24.175038729701015
14.512654019822977
37.69948696191816
14.61486830192045
33.12341773004489
32.395568210446015
28.011506932934786
32.959861985845876
39.01007294502765
31.120026103833286
100.58425668994558
50.785274060295535
34.449429800263445
27.56964214073745
24.03634796380661
50.84479789225645
32.42233167952892
22.031144121075208
21.794564180806837
37.922618006171916
45.88795765666363
37.84291357105382
23.01177510698282
39.69016011503961
22.825311114632473
32.40842883782362
16.683268467959124
18.66626112306503
38.150199406027966
44.99689839291844
27.194608835176957
26.322965510162195
32.78058467875699
21.649426528332672
37.520764466160095
31.36350895322218
24.946969935322947
34.25008438965696
39.75082475688236
14.366326022905183
23.69100995222698
17.2124574828457
18.218531320372065
21.27322425627583
37.38961466421608
37.0238531212608
38.1128867524419
33.45948329045217
47.59886518503306
24.217419010103786
22.625316746246053
28.820539703031496
45.994628284084776
20.246846768598008
22.094330553445204
27.135878723646805
31.23432107278818
22.30994897841061
28.16473451255484
35.33041283442452
21.97439496058827
44.44920853277269
36.65185358319046
24.975953982915435
38.93588108244507
26.845806465544204
15.800819845792342
34.441102966509995
21.87099505177839
34.796542821691254
53.4049099759694
37.04921200048815
19.67256108077679
21.185340917654074
19.857838253272682
45.134103619133406
27.790469361614072
29.820995166202863
24.85938261150767
30.793442245460234
37.33211264574128
22.723890539466872
22.57038481114853
45.61602967138344
31.095536259963975
37.833946417741615
30.52360694105432
25.36949505305953
44.28764774423166
18.64487872599288
29.17362784448488
20.505926198195773
27.209651156051862
36.87042403653862
48.135266164002
35.74147183270489
30.933722721879704
35.86503769825586
21.646157714636914
39.710279087548386
31.78111647747739
19.726150770348582
30.489484213391275
18.043251244199936
36.209524424612496
36.95978765829011
38.39208971979281
26.909788960455494
28.233036696801555
34.52672124260538
13.507789799618559
31.68831624104976
44.06099740251724
8.140654653381803
19.465441000206336
35.765439111996486
33.6489578972785
27.4721678369583
12.856396559780373
26.29698604138415
22.25760105558757
42.47500297441048
26.34816545727809
27.273605211619106
39.89859372629228
26.901533106958116
24.021283693298518
30.305688948495124
11.625563269835574
17.86336836091729
19.280132216417066
36.96419459514056
19.220155498727298
49.57396730261653
25.45689346477611
31.22348266164484
16.475032056986247
17.409891976599994
28.488774463450973
38.659430564395926
28.753769934675628
29.624970816916008
15.516962399633819
35.55774724494741
23.16293816063361
22.90091121957391
42.96856037535264
58.06930594671776
23.327651431500293
27.036171066266462
25.043233291255586
33.519146637169214
30.53382399771104
52.82176604880414
15.301700775501253
29.43810679983187
41.89943682370832
38.98265798868174
26.72473316705154
18.223956402150073
59.20725001605939
24.46111637887193
27.187667166085305
25.069083424239942
20.17486617105675
34.75651711838214
35.35215243438336
30.55826916710397
23.391340005083908
43.128899866097534
40.49480161664098
23.73478682149887
29.759344165393802
47.944142432171546
24.62433434543575
38.187667833193
41.000396892744824
61.23152574648893
16.363711368526126
27.277088568810615
31.931771307086
21.708237062668104
33.77524943643201
14.39570687685721
30.262521752787702
19.53080478372724
15.852725368823043
16.435477140493077
30.247923784939633
28.993834077893254
26.79985301343255
21.21367213479014
38.25127240836218
24.997699592466883
11.537557176104551
47.10090442539758
25.17562308983383
59.810548925478955
43.077889117947656
22.47251466789952
27.752444975170253
21.66137336941624
27.5754835408004
27.46843315492507
31.845678207383376
35.32368166838853
72.3099846542701
7.263755428462759
38.479199727112146
27.414176079193787
22.88591512014884
38.97761981754884
28.172118534681843
32.73872087671752
15.61097297506959
37.678683936594624
28.503422747656188
29.174892830323724
23.462567341033456
21.023711570012384
31.80584976129041
32.07823557431773
35.80883218324237
32.21221824149843
18.39761759286828
12.196446578695891
50.15338505063936
15.214308622030822
33.30469259460925
41.75281887835273
16.486578783355345
29.279864826660123
25.438796723250473
20.967516346580574
26.239873760046844
38.28800060883996
16.898806735498773
17.605760863741782
28.2893611188676
13.739189962830567
19.944834956830398
20.863297375742032
28.929739109585373
29.828950870653486
30.175326070184333
23.063747925477358
16.360575270230235
18.976844230233876
21.22054673097931
70.70039564992861
25.199448094748323
22.60350816136278
28.123646874392804
36.24947064683411
33.64144838538138
24.127717309994313
18.774199104994747
47.29037521746656
76.1198378582179
22.02871405059578
32.16042592561037
35.27858449196345
25.64220883270909
19.847241130201123
39.27227715019055
14.53831065812249
25.6581125270052
24.62903329816685
38.23811342576592
38.94736582494556
21.020593249636793
14.388155607098382
30.4802521785327
26.682490751309118
21.30363895325685
20.29608695041918
36.102337140834244
31.21413966333514
26.125153601283145
24.61286988508386
10.701239597834498
15.811760430251642
29.454701401413065
29.499693106035163
13.994925340255065
28.632939677739337
34.24211562692195
15.34541877206589
26.809032691644997
24.679953914011463
28.499656875507572
11.392982308547845
40.04626120608686
19.044223886236352
43.941724728413725
23.037766861008187
22.386553828656485
17.49051651820546
26.42445727677097
42.14490440159378
24.496220543416925
30.058102060870706
36.4387573029707
27.09868484560301
15.604435909698166
26.502070794141652
29.098631912597593
13.964064352408556
21.383471972100864
16.71793045729873
8.70905532180641
20.966354228827303
21.264053836535428
24.718080504135777
20.08318055234982
16.343611911153786
24.181256739744654
20.77444426829091
29.286657049195664
26.039133085560174
15.291277188834046
17.541062706548956
17.49325937217953
26.349016484303927
14.476633200957185
45.26870122845349
25.27176102770095
28.408932593982826
18.252917087809475
34.18615201542228
21.545903526879588
23.78623137660229
23.75133921132647
59.8264735950887
41.2260017965192
22.354382678679148
31.072546547926947
28.484532036304337
17.924497851016955
26.63085745665363
24.806136482115825
23.25471650643398
14.835641582384937
18.06122195933128
56.42570767012216
24.928511577349855
40.46719409280337
15.433677474753082
34.03818986471538
26.37233186511374
22.604825397238084
43.609858154253175
22.02275634257813
11.661801532719265
36.65263135400526
18.563318350112475
15.720056961165913
13.463558075371878
24.798820892211026
20.35581610881591
33.95062022008878
20.27370163528094
11.749898092683274
20.184638186525287
12.54806353854055
24.74971422482346
15.12131929115825
27.99109975006645
21.361823568843636
18.781233547713025
9.051498575116975
16.03653598468763
18.28210943612651
25.666971750797458
27.538440299479245
18.183287881775843
20.583060644758135
29.5092969004637
20.83851775490503
26.157849788184883
19.253004261630352
20.030652210362334
18.929642552635922
15.533124102429907
12.638585414875864
30.24793465119771
24.3257553701035
31.549266177521666
20.700997094951074
13.42006324075579
21.405076693653964
15.83714528704716
21.85836340478346
13.150713498332022
15.416416420926032
18.435732796231708
17.112686849103824
16.66796120220529
11.416306365915895
7.911392794242779
28.406458532689527
25.658199783281493
33.30815776941076
27.676454838935282
15.768674017688031
23.422027297201655
14.136170497354197
13.711412687936694
19.689715254469494
7.780932810112596
15.484464890368654
32.57460213027201
27.315320060525046
15.132828616574134
16.773409042569117
14.560648945093794
14.3984925674107
15.292128725992916
15.032517096013773
8.692678292244215
11.993415724268317
23.412801790980893
29.15736607144885
16.223086056962487
27.441343777873495
16.82298450046544
12.94815873221774
14.596906154440786
25.025757229787914
20.406240789902725
21.621276373211597
24.13336406864221
5.986628827269147
12.297684251289915
21.507378437856268
23.898064305232023
19.306499407901345
30.677054476405097
23.593674616628775
23.651155621847227
18.033185604518227
11.774106993323718
12.154890271195077
16.033181654033555
21.260856785474846
16.53108178272292
17.30602492578166
11.793542819865724
19.512676396182233
14.92395625450429
11.560621971661984
23.012648472332565
8.692423728117449
17.28642963941817
15.743189083237539
7.087473088015463
16.68604733935102
22.18338824022151
19.43160188396925
18.971290474455156
25.012274375950238
6.991390108164486
23.529698230700788
23.268473161866822
14.370114692398191
10.212126902303016
20.01468205226829
13.10490619112672
19.559643341098973
11.43578534466446
12.48813719841865
16.460358297737503
14.637141980955432
16.8138196285074
29.85680741910223
12.562414824376015
12.528281779347935
26.0423205358587
22.030273858191453
10.188704974046765
44.20642579771719
9.583215661141661
8.792956356914987
8.47474314252437
11.713825419138788
12.214166532050854
36.70206804688388
13.352164832833543
10.435207728316263
13.423463714904592
12.401671443661174
15.90419237280257
19.223235658114827
14.41032614513769
21.47912239411647
16.19090525053533
15.075634357683276
16.046879537701994
11.671600532585925
9.91763751544066
29.181289471369027
26.173924976461073
25.06057171610484
13.929305781826773
33.24675832255542
16.117978594113616
15.459773019983727
15.47410610553599
8.256894360355654
31.869770912809386
31.65706792497758
14.014192829186644
11.752948407166972
28.196017289939345
16.26288511152252
16.66755438757031
35.301122351570804
25.038045139161465
20.347118431884432
5.9132423316995055
8.805891694661366
13.913655138072656
8.191239414639421
13.045794287631765
11.207120314085142
21.838045628257333
14.200047025148017
18.72729260852466
24.368894496811606
23.310999334431262
11.407337869233821
19.377983677940104
15.506825025418314
23.744506746513586
11.253708779065388
18.035174360219862
20.330951534124782
23.722615173299282
12.238749281700692
10.271394869531445
12.346518416216483
19.133777422973406
10.20804048397685
20.792259895801333
17.80048198276726
11.160427259135504
20.081893129984397
13.041521795501748
12.357819343817972
12.17304988206844
12.761738262877866
15.700143068263008
17.060743424603057
15.132650410486558
21.561761985780503
16.897448818044552
12.269132842582028
17.95868764133375
18.329533403210633
25.0406249773509
15.381578957053543
7.21551506893315
16.497595573782135
10.299599358925612
16.247927083729667
15.468139346005197
31.850276886437
18.083076125477785
20.40319373996923
19.62762446981725
19.5637635998485
10.654317575939208
27.560111943297706
8.307620548732281
16.235525518519076
14.4682769813931
24.181562446629464
18.96194888661771
11.177491283471388
15.319711204500122
18.1081572262642
12.89139172304875
15.045751228297199
12.46982032283121
9.196883414697343
13.744979190529685
21.837159493014614
9.807795469650856
11.716028845718219
15.305624876121982
20.118999536541633
26.781193335850475
15.260801580322214
9.744969891685262
20.494196653609638
9.886774164591264
12.98220585307283
7.3761122335073095
29.578974464270424
56.78318910830487
8.547220896531131
15.241946242301948
13.514073062224586
11.556775509165359
9.356683059367638
10.785127629323512
18.863430770251146
17.01066459598945
20.173481352878824
38.45898526204762
12.04951006777114
12.904023640619188
12.30553377069971
10.039931258025334
28.220571801464047
15.464106555055595
11.51245247925048
22.030048941788085
10.949126384315697
6.8708807338754685
20.635466191687446
46.96801868804865
31.5840244077779
15.521191190450581
20.244115059663592
26.295975628544692
17.217995903995234
14.214906739601005
12.773915812325894
11.7776956677533
17.96885311766683
10.00165911547994
17.65188586978343
10.710745943929522
14.533248602120874
12.97816962688204
17.81311652520398
21.635598220940224
25.821174688938385
21.388805527907305
15.956260363966932
17.29401241701765
10.524022648078732
21.276554153292533
13.641520798603949
9.237147906120025
12.811078107571813
26.989557110727336
19.315357226802316
18.146732313301804
32.95528453709048
18.009868420491685
16.010642569893555
20.08727638222519
18.008296103858783
16.069283919135508
24.27419568678149
35.502343839608464
26.488621087167818
10.532499211321653
17.5442774526653
23.833604073714724
15.848262171760652
22.108286326452564
11.948366565973084
10.759690974987397
18.192122531196716
13.113578132172032
14.061815893511135
17.74355820476487
26.587658126915386
25.470459370737718
11.6996548381156
15.172919162999346
19.121235767981627
20.653654296100527
14.967734404282169
11.596815728251048
18.514038779028503
19.25209029992539
22.146289349392106
15.590750549955724
16.645592320990396
14.367271544409945
17.82954921299665
15.592578778597188
18.577481693977344
10.541497330170182
11.304411599066716
17.720357609625395
14.689034296102859
14.215210974911576
18.37293691803077
17.124093698671242
19.059126534880924
9.066108264725498
20.64526593949426
21.166790224217863
26.778029512553196
11.168274459778162
25.759078257791884
8.834793538567267
35.75435343425431
16.228898896934854
12.848944786086033
16.05521397254495
23.647762069226484
15.526237694564793
15.964562980136437
27.42485314944026
14.672943298136698
18.972574383255715
11.287206225197568
14.297241592136286
18.6429705453318
13.221711870350617
8.497970638111413
26.988738907697297
20.26819827395322
16.2186256106091
43.46905051636513
7.849927576312818
16.079260039833958
27.073919591102534
22.76650061440838
21.451494245252213
12.360255054384
8.194874308616482
9.55043400830862
14.168549166490635
15.202381676016746
14.556433998953597
15.863372217865246
15.830669430967987
13.878567737562458
10.706886404282033
13.631758689065585
24.122779325994195
9.002213608492102
9.88507230907263
15.961415555058256
21.809617854555945
11.828050451246634
25.545315518662903
13.190558333821484
18.145666614896
38.660213843758044
9.975347203291692
21.00154196076994
11.254236756921468
39.71396592742463
12.592982486768378
27.846831645457144
13.992354763836753
14.371204205694433
21.228468271361294
13.100083164136974
11.193134460495195
7.853197786949377
34.5593426959992
27.279765335312344
22.647803328958922
7.818481484231683
32.72135196202995
8.615846516281692
28.126776999498908
9.034974036579651
19.203587505985823
8.44590327720656
13.441216118194157
13.860048152645202
17.64166562433353
21.808748837692427
25.311351332508163
16.17013813184023
15.407649444427435
9.116973577262609
9.503165913912461
28.576449039336012
16.156173742603908
11.321029769642056
44.16040124393238
18.41757316991374
18.90058065449093
29.54948512429354
27.465683360218872
17.699994276355678
15.529215987274084
25.869297516162902
16.12690657987759
36.30229335169943
16.621827196548153
34.77623674800264
28.20003160197212
15.044542236416007
12.641973713991774
12.69550317930978
28.55519128513005
23.437431296947324
21.87114863736386
16.805645382677927
16.167941430643122
17.059008110507524
11.300448228624239
19.83341170246038
14.714060432305962
7.469160685755938
8.951418431908753
11.895649670060376
9.230480547605497
16.2020664447442
28.280157804401963
16.205760183260963
17.569542947354357
26.3243754984121
14.721858333139865
27.181427089893283
10.052400856502423
15.722407119740303
22.08280974234735
37.083733361414026
16.02155998200531
13.946611059924113
20.458461718302107
18.278671460531513
22.93796597129448
17.929327671916564
25.928339832263436
6.5772621903167865
24.898990215378788
15.856464947137539
13.43100172410695
12.579919372521136
19.83306344048172
44.69414743515987
19.71030521509925
9.269744559345686
23.343371596734976
19.161340015838974
18.00075447657892
23.047838229398568
14.581782082714629
18.754507102179364
20.701150817953973
17.37840046817323
15.496829880684304
19.338872193369916
21.930442001939245
15.775116198256638
11.378916253848335
13.104017925904287
13.169422157819465
23.267386655829487
21.03087384198668
19.202310929252793
33.183507320828014
27.742086925013965
14.671207529017325
12.004745505479606
26.496830566597385
29.153286199987583
11.17194450081583
27.424647273270708
16.681182141208893
30.277816787163196
14.948654116323517
11.237312462111676
6.019638294405131
11.479646616535886
6.783655513040908
22.260073115079273
30.031139302075715
14.513375753022009
36.06293891069858
12.623884712719668
9.327473774701039
16.213656643584446
14.637791995555514
25.701644729698202
8.513947166197413
9.41704020131057
26.12491641427249
6.5015086804439886
25.60453171224098
14.159919767508802
14.851422394297959
14.732627792367134
12.554908522812713
20.860112045690755
27.34549665969493
24.036084651544225
18.90604796585129
23.723747652864738
23.807358058169385
25.401018069094196
19.118877484216696
24.559908781349122
24.040037950844003
24.717200056851492
19.07154994635927
10.184392927476388
14.189841381748963
24.508826449258052
24.40702920391372
11.903274610868168
14.744174322407606
15.849221667754495
13.614452584963777
19.03488363366699
13.520596212610043
39.42787219910895
16.13431732060193
26.125037859156798
24.635478266219078
16.959108743155827
12.737480259515232
17.27900902248212
9.278892082766976
17.421093441466535
29.045289784976553
13.98006707000091
19.574647533200633
18.828646354760323
26.815852475059152
29.61774547733845
11.559383591501781
15.18068280845826
8.613053334812387
11.276040684867713
13.063245307141475
17.733390033630535
25.820203543306636
10.334771982585693
34.90301968457384
20.31812424475129
17.286543039280506
14.042201226736086
16.443925563778755
13.317946507596456
24.453928743329318
12.042180728336353
37.72163811424643
17.04790366180438
13.970432020144422
54.544850787707176
16.661186999019524
16.611233413625346
20.02281659812507
18.49707480043992
19.03274215565514
15.146947485060103
11.289633072736855
35.721355350010306
21.368749368212846
14.483197834867866
17.17725212024964
12.307973258862095
15.4366006311607
7.845418307162754
19.109695828196205
26.208503995259885
27.017615725703987
9.648722031603755
30.697349213106804
20.230638488011003
26.216122045452288
18.26456229795415
12.582170923079703
26.551539631458436
12.259132402007927
14.12140033595201
28.035730798108823
23.29244439126974
18.650572150341972
15.097613439526345
15.183484627638169
18.361011152195086
28.32024340879851
19.385697057322197
3.8297730290498313
10.260842603497624
10.31976249135946
26.242593657622713
18.377704659385007
18.366485677080764
23.18342920688825
15.681822537764967
6.729408068063493
13.304223981048368
20.537497044778643
22.519416556317665
14.567854990203822
31.80264305349355
11.657216845375942
11.037633512793393
10.427131824864656
20.891249660134807
19.42006816355033
11.25792330376598
17.425596217350513
29.5433878960569
19.285717607338967
6.916186989502881
24.885366578601026
17.21363726050097
11.286069541868605
7.6595072078629824
22.335365832814855
14.431720949396873
8.677848427098281
23.85154841388272
17.166160329540578
12.85113816083415
9.369408091140656
21.31728859852266
16.77719498027447
20.239727639016785
27.379403722105355
8.926728106623067
20.600800533918356
14.429973272200828
19.965714211224434
24.04060265806319
24.778964570142254
27.984407142001448
18.958489988513897
12.59473428261467
20.548956760221078
11.98035501133599
21.41043803371328
16.754111115651643
18.87658938438861
22.64328743959312
20.65672658122413
26.691690136225198
15.923357301049377
26.386011963602634
25.463173827488127
15.498362517192902
16.329146584284455
15.180531275314351
17.49980033124313
14.714082274266978
30.524745490596057
29.630799324821925
9.068062693167587
11.531187450913619
19.776452731779198
10.976794677080234
14.550165099363541
7.923710009034418
8.896840633377607
29.301378262935078
2.656781053373813
14.958492687047267
16.355958026475363
22.74407589962856
13.973935958044375
26.838812298126136
16.127517467074437
14.065513173980454
22.219804678590098
9.779532612572552
14.161785241446134
12.488546021833596
26.525752159607674
33.9517977656708
24.23604107641692
18.550964992205895
32.726408610689774
21.29350280691958
21.5510392881909
10.59917146382343
26.63109973068452
18.057875040939926
20.876791142681057
9.825777367620336
17.149431132459053
11.794385739542799
25.514221999813834
22.217773410410842
18.96135138481766
11.89286734576685
21.329487805319538
17.18221947254706
13.606374464305151
16.319715992697578
13.1411487087911
20.224631213298956
19.76733875649356
10.1402726947699
11.538270640535067
23.327196813875002
25.867939185991784
11.513564284950593
9.531777051098885
43.64125500541916
12.730224941017712
12.628650703021277
18.95158604686801
20.785061124116506
7.798682147925471
13.273035762445595
19.113249072370625
19.685535247950625
19.812048834773968
15.7191537935006
21.996698881825935
16.3746908616422
28.26145529948486
8.100406902910708
10.525376021358527
19.546739271466556
9.8380478129679
20.885130826500156
6.28237662827162
6.7519338706131595
5.669379196993844
15.663073254787891
8.522713831440667
7.856742798745523
23.685878552817574
14.513059540033824
12.828487536172576
13.203774519136779
15.466424496586285
16.46931373961878
16.68948779563541
8.01510092374781
13.506104452520109
8.061159724562494
12.128152708339643
22.65413165049184
14.755668542173433
12.480464496272441
15.571791241465563
16.295657791170985
12.012606408234298
17.412255868996823
7.4548774601304695
19.243841978828023
8.667708990706856
11.956822591843531
26.02525991828719
12.522107351053588
11.560126316873582
20.697817758782367
9.623682404627548
18.75251449945205
27.809536467307268
17.520562720174983
43.96076874321481
9.779966095315983
29.644008824685724
9.765234340163431
16.566175932997755
21.529878736911204
16.025166796491387
25.991932946861823
7.587159513918068
32.78219641585862
26.46142419909022
38.85570828548064
14.014258518758716
23.04790175454339
15.975605458077528
13.053536692296802
14.038175877002681
11.846195468590656
11.940968634482733
36.40653916744062
18.68921293296969
24.717891487213965
10.093043279317452
21.84062788294775
14.169607237894793
21.03704856374135
21.032434373121134
16.352196865421682
14.854193123582471
40.89609042190542
17.96681751791721
11.173781798034375
23.474309499666898
29.534587250818774
10.720607425040493
31.70244652022966
12.839040145071943
14.899948180684275
13.657464929047958
18.38801554430949
16.340525014787588
30.4462912396349
19.76455726134929
10.362399471058822
16.798189726459906
15.132709301137147
20.503455498333388
18.72741022545505
23.995929040857256
14.587446447114177
16.06560194918301
16.23912240473157
11.018943485359529
23.269781650552606
17.941620161674223
15.806868064999904
18.911849256366903
23.33747963853476
11.80738872538891
15.069021067800342
15.592006804052428
8.795897959388393
5.580559663046949
27.844260694903213
12.419400291082296
9.255999644769993
10.35746498553336
9.37001550566104
27.7367215113371
32.829240901890444
27.00261955492906
30.721736634957715
17.809882923465942
13.196625385166936
16.702167061456308
34.3474506272816
9.716610062811457
16.75661153888263
12.964718249829671
12.132873862060787
10.346062520964232
6.843961117066162
21.113029435503464
23.496246827920384
14.21367517369797
19.718194475209135
13.07289222356583
21.03773161494089
35.613233518267315
10.416245666976742
21.357567033916492
16.57653207480587
9.979643271198954
10.10815256106567
13.478766128772044
5.012592925415656
17.012475857613687
29.839210280594447
11.426257429952845
11.392347436736019
7.273592319120256
20.88457262038576
22.190593892536096
13.219420491644476
24.448271954857283
18.33831720798863
18.436245031252497
17.795000007760358
22.028279636286836
13.470601645472305
14.794361233092374
11.712131890775037
7.943994869187761
10.96069649947303
42.540942488837324
14.270672682423562
11.049999296952866
16.020082424971193
13.931851815610969
19.009870983510332
12.173608439236801
8.667206313028936
12.160280395305698
15.500129497039678
20.43781223949755
18.179344729149292
9.227986681831378
12.098644092855402
24.321666147736856
20.10678931582889
18.931089560775348
20.77905455525684
46.56493072939025
15.297174095454722
27.532562616061824
17.507675502008603
18.316484085264356
19.846666165414273
8.178224290637255
14.417830825314807
17.19830104417548
17.55975476402266
6.819920876833936
11.310360482288848
13.59708710037938
15.81776688583512
9.504435402130428
22.14210137681651
12.746559670485935
4.21835374766045
16.47064907581107
13.452964651838908
6.521000267548878
15.060673496844357
13.352274751824627
19.861544993778487
24.565702906906182
14.481388133522202
9.737148364451398
7.9847015218161985
24.99903499080418
18.980095551466867
17.083164429330377
8.234614708571454
22.88456065816986
20.4925017904958
12.249612156741236
18.90258498116459
19.944752879867103
26.96241563041164
44.6582900272203
16.855048024112833
24.923011379692483
16.444065473385592
18.947074370823056
14.206428481278355
14.986494148007749
12.021553098574547
17.765338459589685
18.74205805930589
32.69120682311966
27.844967390457466
14.4864980277638
34.80052141755572
14.587754082902233
12.309935302177353
8.198881046988317
22.191995365649557
16.14506083406949
11.272378024867347
21.49440414073308
33.22322091860558
23.160784763631778
19.557196229420477
18.54705212636239
12.638367986762944
27.99657514768227
21.731492245682794
23.38871298152058
39.955828607078665
17.546172976759436
17.49052525252737
10.757514571686622
15.03603860764557
15.82891126326938
18.76727483977629
21.02708610015404
13.003170766584821
37.22458492558561
17.765573461638535
19.179745663071817
18.276746521645887
8.080544790587403
19.940362640514426
22.845265522952847
28.70871673582028
14.620607292432847
21.714653849217548
13.970201342444428
13.273247919302314
29.7985289823953
8.001758613113203
21.860175058160067
24.95301277153301
15.48094327384035
15.967135377355548
24.66947844008265
22.077629833930473
27.538449606484583
30.19398867123668
18.871922522419474
6.575101437815009
13.497801440957366
11.468836166316965
21.553205787654065
15.756922619550442
22.2560220654039
12.750767527496881
10.152193729898066
11.075106710405867
20.220270555400997
19.5429105854383
10.863370554459483
8.118570175707095
16.75267652772791
19.928789830838472
18.250755782378803
19.405461833416588
12.546559247054399
16.51050731880943
16.89254313374264
11.581405829880504
9.877805509095404
10.230951906882483
6.01914495355273
49.82958751215735
20.51445271971319
18.813695417492973
11.116084066467517
12.711821842702117
25.42830973668846
20.20127568370628
17.1511013664724
24.613294578292898
16.13446758244416
33.50115874735079
24.95281350121982
16.135541693457338
21.298505888642886
36.33144878881378
13.943539237961849
13.6336611170392
19.03263342181847
18.34841278735509
10.529942622941984
6.5644407712631425
10.122481340878258
16.8129740737749
8.42265607961913
14.779639715994431
10.15858125700027
9.253798549238791
18.146052358477977
16.796826639282973
22.1988491174772
24.724497085798372
24.805347503990365
20.057787713458705
16.371319744645433
31.020705950300698
21.85500819059411
16.0716692195046
9.274426712000771
11.82472250502708
16.371384707553812
23.244151216950822
6.826564009448398
14.749105385529676
14.187467220050054
22.09874732797884
20.67303997146121
31.80207147380189
13.003517352457894
11.155058576860394
9.632418508208573
11.39330536184307
10.980341045647862
13.896180603605417
17.70337228076068
15.73799235994991
14.556640400254798
14.88046112776831
17.782431752133167
15.242571539267677
11.140566722486867
12.329062051331679
27.57126408901206
44.147936193546464
10.340788576002245
29.306345403669997
18.407010450667162
29.94177823669596
17.77869816401039
17.87039046228288
24.33730202498925
16.750647318796382
20.93464769983422
21.621335059634767
15.16094877355045
43.752823181819345
16.686997166184636
26.619402352520567
19.438343720771954
11.982142568807957
16.3830911083385
35.64778229182542
14.27551435894949
21.1129327372437
22.632070433957697
17.381840115225437
16.524337995411553
15.109709027213041
32.59499888928225
12.913216500453558
8.653504554973338
13.105195166850944
45.93352012276875
6.380836229711072
9.590132598547235
26.689479299083114
15.846596486689107
16.124129378557996
20.48715729530729
15.96280504370953
11.916365279117477
22.610554894072045
21.961376548774762
17.215078134292945
14.057672355456653
16.308232682135365
20.556400131265026
15.319642370459412
28.576667065443967
24.934313743948596
23.125876416497434
18.914296325768667
13.626858896205855
15.618725479583443
8.687106476045587
13.7913299155974
10.696474700408348
12.4733764117257
19.62263363725294
14.012804556226158
12.752673481882168
10.272896595096435
11.281464192762467
24.806417942861298
17.061466018063175
11.199626182283637
12.975146822333752
10.194396632861144
10.92929506881251
23.941733188009877
19.260491579107565
18.094647799656073
10.510548929609707
25.68124027602433
10.360074638265694
21.579499609388396
19.718505799265664
31.349001374868298
17.844803899011925
19.311753249682738
13.808802072097063
18.547705542807794
28.282345860751345
42.141605030379694
24.463510980259695
28.721125564087114
23.54683573107003
8.92252599906049
8.513525417843839
7.572776379556253
11.75645795702048
17.41502678501459
17.198626024187178
14.467636843585103
19.08494464693757
23.769517973164216
36.32254864863224
20.191334175372674
15.249456590174146
16.30911484341905
20.170094461846517
11.62845609681266
19.84005009830674
11.800422371148372
24.468867253777
21.323796432269756
16.246911964994222
10.317085146160897
17.894259029556547
14.249927091447406
18.11613368459668
16.014176709324815
14.440413347595769
9.945586166019593
13.463490676521259
14.357014674158927
23.45732660050973
21.47586691219849
23.68483701864016
14.274107382582486
11.95312525959293
10.576575448396428
37.835537431640574
21.541536360940132
12.116767256005085
16.40078803058984
13.862929574718038
21.86739840370551
21.67566854960459
10.239713718134539
14.25238750786815
14.56565903672327
11.186303772856135
8.329024630947233
15.788433071220838
29.70627925922504
15.252179358936166
20.508420544707445
14.904633878746395
12.05061690861711
19.81875294921604
28.25069333270276
13.490558462372853
8.899152015191515
14.389876123023493
14.713965357170563
17.14018279443908
16.788944602140734
7.941772965558129
15.588208390728703
15.917850922751834
11.987460093268218
3.3631679812342754
16.572068706739763
12.924133772179044
20.10880006095594
17.54232414197323
19.004095080033867
32.041918466698924
23.667374307721026
38.658958793149125
18.748760625240187
16.252999122076748
14.480819447562599
17.41492474174095
22.15303302298112
15.989739804870021
15.07502641863574
14.951904702250129
17.187753929892573
11.201730471097616
13.43005567308064
12.77093442486385
31.372932493367838
18.718534354137248
12.453573633592525
25.18989939900488
21.3923861101677
12.560170924217534
14.426137765783109
14.790270610628188
31.242661791990766
19.40725948991866
8.773787651138086
14.844045555945536
13.160229089140326
15.09176876807029
11.96591130572966
18.816423287168206
13.91135413079855
14.303510844247654
10.19764271885188
16.226906959852236
20.147446444910745
8.875569780882401
17.205573597877574
12.517813860108816
34.75015926443047
19.096049708798045
27.405909032724306
26.01695118664352
8.982544217578189
16.54294914636742
8.187016144330933
14.095625526788726
15.480291739849065
27.019038315995157
23.683411584361757
13.972191034661572
27.73812744002495
10.276054975385952
12.001588736718531
15.296659548048734
12.890755418949551
21.67756924243806
12.257168752548829
6.655138249482858
10.928626642764383
29.4409336056975
16.4660539187967
11.584399340469282
12.748883630621632
35.7355450056552
10.479878986648785
7.161846192639971
17.206537624689282
13.40716557945304
13.14036710694574
16.200148622494538
16.600891758745494
12.54945837968427
14.135257604010981
12.088524184371243
16.95924425512173
9.11973988762041
13.019450128840024
16.700317423887945
18.496087598637008
8.427312232310422
7.286610866091387
19.087267539548
14.316895057428217
25.704586646938726
29.215977534383203
16.904331986704737
25.13241302962459
11.918811261849587
23.989361404419608
6.270941827194962
19.585126133725257
29.584730171247102
10.35040987845381
12.013632552144845
21.517625442609397
12.836083695543666
14.273785426826505
9.457031770124598
12.703386755927973
17.49224913829491
26.04174263696547
22.77708450418553
19.957651634691967
10.86967506939127
27.92042039661598
18.9027307789873
25.605695497616367
8.51801243654344
36.35565214484801
13.654492693013424
20.958206427225154
18.231671839896148
6.110769658926976
9.018666481652671
32.95768267756778
13.433534031102706
12.93289237463669
22.643131051611295
10.349632266097018
12.270041930934736
11.58888928119116
20.504261115168827
29.22242349693786
22.431602577581245
15.121410889772843
14.376167545635454
27.734397917420274
14.351917697639497
10.907774889996315
15.337364995934127
8.887829726685737
29.72565289530541
21.897432720601653
44.959833034693915
27.44350203119107
20.2409220315062
25.306821106416393
30.480386617393002
25.65736144218412
22.234093462357414
18.75577200793181
14.316323242322182
25.732941243237363
13.33480454055764
15.377722483320518
15.873394068063018
15.938577968547005
19.251424830860383
14.897097083068061
8.070562738553408
20.63385829674985
23.46427064850144
21.571182295156255
38.80702889725463
19.010465494401707
28.043971470058377
22.76640982915574
41.367118696003544
17.646574543875474
30.824377171547273
19.822251850189517
15.420205346325458
11.185228238600363
22.195025802634056
23.181223978915185
20.163339563874334
21.231760577157868
11.30045250266017
15.307074942272495
5.992874353646786
34.695632954280306
8.809107182236886
14.851703280253517
23.982578495902775
25.96802037380339
31.319319548163666
22.081634772645003
16.11646250260676
21.57638533422635
9.814746125369236
10.50829676110127
4.6214655363707395
18.158790243288454
18.637620718652055
22.297459263309836
17.231786340968664
20.260979640075526
11.561223099044858
11.274489229179725
19.767164805321144
17.35694224847809
17.40298340310812
7.52174556453506
9.660366658028849
7.594472110259795
10.912873419720553
14.602886965523307
8.795045800768058
11.102826664667868
9.812559661664945
13.465154579812621
10.189835591102607
24.04763715225554
25.943829299732762
8.83624842972552
21.973453328530315
13.721721150891842
18.397442500865072
22.21314755523053
16.154772618391114
13.896444095371308
22.019460286938237
16.553936122405233
13.477470187662894
11.927601954797302
10.164097564480523
26.13249956794484
20.525697928638635
15.788832314288909
11.440581420972148
28.73075988127354
24.632647815587948
33.89735866724386
34.45143986176295
33.11670906292024
13.317227147508643
9.160183367434158
30.086949040397435
16.192546775377885
19.196694214922587
11.87047553330035
11.617302578773412
17.75833094038905
22.882431687907875
15.039579366034342
18.054962574878818
19.575943850201735
29.042223089218567
27.966356976249628
42.977646177690445
24.088560962223777
10.105475515505255
17.494965606588188
21.037806945368587
14.936733284532927
10.465248940292646
16.813887523781858
10.938086059954157
20.272738573338852
23.192408935101895
13.772096734478307
10.118511520957238
20.20451044839538
13.190844376598164
16.52173596690306
8.44736809580641
13.351654750756992
30.96234356291849
10.409307459297642
6.881293870883591
61.80060334446218
18.79395992292699
17.499966828413374
16.393725791243043
20.40933063934834
14.907301180513446
17.36965550557898
29.99382049035025
12.167485162245729
17.516858411193443
19.58608435921171
17.94863610090742
20.338579464498054
37.807261149689516
19.673066938046677
4.879075171340843
12.44645847392978
9.84075640724483
12.554859160279644
14.288200778378382
14.477991651897062
15.41693035254311
15.271722552321343
16.638525976542812
16.837939625899438
32.18199069184931
20.713872032624227
11.79888401961957
11.814147885284122
15.77558570736633
13.82014430143141
10.921913836665228
13.763208146016472
12.620699984527645
25.71289707174301
15.536382670967713
15.688254690193675
6.685763052282794
7.191773710761954
25.983222418514135
16.236074615264272
31.62964987352796
24.512121811337227
8.92915775377145
23.75336119237654
21.792948686614693
12.764798113653564
28.463715483400303
17.816905049832
17.624683387129338
20.061967352923357
16.76433619568177
18.03735764598981
18.80892057365387
17.947202647441795
17.804849042078192
10.993479819666467
24.562278803829248
28.3615248254591
15.328217898292817
19.256586422249878
17.259047271610363
26.0264746160519
12.266548242517059
28.754506242241312
21.839915023330207
27.37650282093478
15.736941787922753
22.61863011959951
34.37486102806429
19.743581539048254
26.66275039565866
20.75014968824841
22.74272477057938
23.94748121642884
11.009816944706968
18.41608612596722
14.245523974085986
14.661593617334686
26.033062263705943
13.20024972829307
36.49417475074127
25.71793902822334
13.2781928218964
27.43901488392348
23.869888503810223
15.802078993073684
11.70799611572482
10.460777042265914
14.643560282364184
16.960158484119127
38.442428722042656
25.21149256603506
25.013862549642436
32.732436167416765
15.8343792934479
13.161169868061018
39.808347779071575
24.583647572677084
20.76340501612993
23.06577401882016
21.396487939948607
22.988309411306737
33.67488962041584
20.69554399354154
21.329809975834046
22.32316988740423
31.837111454780704
11.816882311108934
19.750155737038664
22.113834922870073
14.244363598902213
20.807426490856
10.504295176839875
16.866970260899805
10.79959761545557
13.710336173848994
23.064047946616
17.76498334229473
20.796722211690938
15.933367730296895
13.300491152847771
9.369714968252815
9.779714285304413
13.61163672267872
10.262199567818834
24.06852732278973
19.569227533075505
25.07104932667118
20.932469345874168
14.105535590398741
9.734504378740635
7.862790546699623
12.594478855605578
23.290629553357054
13.002191810393432
17.70055201538281
13.558902615026167
8.540298864913193
14.188798214931126
26.20076955300804
13.608929605002377
18.23541546421795
20.945013792866252
7.232860592128283
7.207080553184506
13.982371083839007
11.202510306446403
24.7662113290638
31.06688958979944
32.45279682670713
29.359275103828118
19.46709039758935
22.78322068572607
13.168997141408054
20.70096879566141
8.846930850297843
10.704474316692876
10.629376987949106
28.940273492473658
23.699080582837535
31.64706786040839
16.866892872255193
16.91053084382158
26.247458280113417
22.821448320854415
8.204933195381123
19.61387601134751
43.876789659449514
10.15574145974555
11.23391978454729
13.477567398572216
24.029834163174847
11.371431154657673
29.141072488192325
20.582558477610313
13.562612075995034
11.424816147343837
17.362639608651435
12.114854549278393
24.41471923421316
11.87271899492461
10.577042133986941
15.19792014918832
13.74822756259187
17.577956606726907
20.130997105304754
28.011075849380628
17.56416085349225
18.77283731111884
27.50357033006478
18.439050234836106
19.268361031411597
10.209381941172852
17.544511436606715
18.87901202674088
12.66855519833126
14.309205535496469
18.872963716013
16.726799155572778
10.562795318920024
13.150007880114787
13.826769032261371
10.494112120547037
23.044699459265942
27.724709957509674
18.03166973747535
19.719105261495464
17.577465133100333
14.03872345855683
12.33243664711221
13.762045916286137
17.09509115128632
11.22924706988046
13.74058774203376
27.73404253909832
17.079394071274294
9.12787172734455
24.86943934274333
10.407495205077522
25.25862090161305
27.638394829413077
10.656575873755678
21.46821461408745
16.45569955085266
8.819740513522376
10.912878432713304
11.421688762714227
36.2610571849168
13.481782896100169
11.066726706913126
14.003994299926303
20.435835256375874
17.174629542406798
13.895081767389136
26.77195590577378
22.46440749007817
15.722090467948588
39.29138022595272
17.22810480785747
20.66377767342725
10.479014246697204
14.60301545819329
11.662355596813113
27.403994291659213
9.209266977311383
17.64698713816531
23.625882061627937
20.215357108629277
17.26498128156321
18.175918910125063
19.334813478734244
7.813226595580095
18.399768921957605
7.8694832704510125
18.411665851217588
17.371144400212312
12.205842635973829
10.481346435876006
15.66944088636891
10.707124770241103
24.456264685673002
15.793387586743131
13.434790715310504
4.471059805609001
24.85972197703662
16.602943258291326
15.853133082536283
15.940514398113592
7.26664022462683
21.12566764557206
17.01816764175463
28.459540384134424
31.923131464853522
17.74964116534107
8.148650329941734
27.56245984044542
18.996144525232765
11.718835816976945
11.733484877479734
10.606721104959679
16.622949249928805
11.741191250863853
11.947383986838208
15.020130977965056
12.315414303456075
10.805934235947413
17.308800694827248
18.91841264407975
12.113968880990763
17.800244187194956
23.447837670256934
24.10550757734798
24.793391526587545
29.13066388386072
28.290356047104492
23.691307892685046
20.769690790840365
6.526108818408851
11.880115278342958
8.379794322828973
14.754833300224707
15.381035182134815
12.056394915214614
9.58804024359024
22.13514004267022
17.00694591860261
14.37231201998252
21.31749856774375
13.245805061594648
19.118139780426603
26.53633403106676
20.244483015059792
19.909831686458777
13.128802332738147
14.18046328044264
14.065007675993419
9.191178121751282
15.402526880568788
25.774105317452932
23.16677131204115
12.183873812302123
14.470264410227715
14.894639974545973
13.82649432543907
13.961991512965616
29.71463334809496
22.20767486173747
20.50095383251463
22.05049296936022
19.944529418617822
25.924867268257795
9.289489683146611
22.07715115473021
10.827008750776443
25.78075269743148
31.099443425506873
11.355578878981271
17.858304068845033
20.186742974945258
10.942104375232358
10.188460843556774
20.436584811314486
46.86980859546743
14.601490347123914
17.032618159719302
16.062643173700284
12.506688491119029
13.632450995406915
34.66491667647752
8.318687197460099
33.895332673863635
22.40199153474996
13.148237948130953
30.187645915626778
10.380597205228828
17.960564098982466
11.40856426315672
13.688959204794743
19.09718451739876
29.724202017196415
14.792457182550065
14.507379843958686
9.432369677748861
13.70075648372833
11.481106123715412
22.300091167681995
13.422020461904868
34.10312031628774
11.714567539332272
11.834377192821783
26.671414863018395
18.25161944669397
18.63315639037483
17.39986133882491
24.941787843922423
21.57264110209407
29.224302933031332
17.529637377080913
15.783566560791709
16.459235244391273
18.064056673232077
12.84350389154729
21.127405268600103
11.334880875514306
16.20469421362978
16.08590813426214
19.351394147417963
14.11254960031982
7.823137353719586
12.44201541303903
30.157850884846354
14.006181916278482
18.449680258673435
18.362247435828884
15.783830250713162
11.987621720966835
9.939731683425187
12.297810336216166
14.544796172353871
15.711667216655595
22.1146199175127
15.863086136499458
19.699398834973113
15.593834106646085
17.56789433274203
24.02225612091053
17.261151350097332
23.658100209014325
15.812402416030952
13.14460047453011
8.853589551661164
8.23979577876422
9.78700567537399
18.69167184963219
15.741754029241909
15.097545483977271
30.60879156316027
9.20223858309612
11.881968996805087
35.04155161723577
15.104098767784874
27.251650990334763
30.06024220507022
17.182798993691353
8.998332541315149
18.201726485128162
14.207571410338957
16.223850415447927
9.33052086827527
9.917453174303214
16.779256042078092
14.843654971912674
14.608858526499633
9.093388079278803
33.35814777426597
12.467825811177816
29.24487840649795
17.16360243889527
13.178275277400747
17.541190014569583
18.320087169459754
9.88692401499459
19.57742381582563
9.62615936079792
7.4610760903263795
6.189101220301752
26.59874264023899
24.612807809762796
12.746266183018104
17.989892635760626
18.60379201920192
9.876601018427083
26.63187562869641
29.204857190450035
10.048641049838082
15.264337785785493
18.04013875769472
22.19109945513592
16.206410613310425
14.727572155584353
16.746872515218154
17.45600991120112
18.993966406761587
38.70706186453674
15.658498259283462
23.107378397079994
29.086193173754367
12.296549610534424
31.099363293972598
17.60893111871042
20.218156355270178
19.45715521323986
11.983713398985207
8.534099715556641
20.086405082559455
19.392248016534655
12.440740634351762
13.04043910251077
11.294263283664865
12.887697779854438
19.923344911213857
34.514932748649045
24.648469553056575
17.524392555427944
25.888282111289236
13.445629618742426
17.998803009667107
15.034810754042132
6.691412696094069
14.117492890207108
7.380100095616377
23.366375092704345
15.991560477689024
23.959811193792707
14.642584926624961
13.87575829103796
30.932557513677118
11.17120697023527
32.014831806023636
11.734552003674919
11.21223539337499
28.697027235852158
15.695018920730222
24.30319129714651
20.41896828008312
20.523463758087477
17.467223172891554
15.199832611510717
30.47741748927497
13.31454044090992
24.90002898835496
16.31957249740614
20.733756108584533
36.08783357387878
18.075758087155993
29.522895413486534
27.405504438371192
34.07546657884027
21.166943932232233
13.115177485732026
11.656556690959457
15.357573935038143
15.305982085725198
19.14131662782744
21.494514567444995
18.970365396571765
16.880879202393345
12.877380874333111
10.907561558640255
10.445137433525174
17.92709226340586
22.180282186863444
18.769487457508763
36.757484787962994
14.286304730560277
13.547184905406477
16.897604758067953
16.064641494646732
16.727714097800593
23.1039269452684
23.14010259702481
15.731598081232324
20.613408278108263
13.584893846001558
12.283188639110065
13.843576818053915
8.721006681159093
23.100910306911093
19.551556670241133
15.715790009370645
18.291102796078228
12.098054217770414
11.563457217757842
19.642884825852953
5.324392305134397
20.415198911204467
25.297953855777287
35.26131152371059
11.409038576955604
30.253812136044306
22.864974916984043
11.819963395176497
31.92315860855322
9.274929395224127
14.914989490167358
18.4240506447728
20.69033193337107
15.750412452340301
20.411342144475807
15.366145960559132
14.688824402698678
7.391241081651663
24.60294097942011
9.422748936849327
22.235563556119793
14.627729285879267
16.379832605183108
28.320494411315483
5.562458297090531
