23.593287484705964
35.861744884139775
17.11343639123664
15.649818990993566
17.905475242847437
27.613682214980052
22.370152906385616
31.515310512025962
30.07450474826022
25.798009568645636
29.866989455927488
21.1380041533448
20.09662704556769
24.667691510191247
29.861184293513453
26.31441546965399
25.47531526350191
17.42141033735477
14.21435894321941
19.33311727479667
27.056497758166703
21.763337589900797
16.887944177735488
18.08436770278986
23.33290736674684
29.098900394976233
23.990233892048963
20.002346825465246
25.141694488984683
29.265788237715523
15.967406200787545
22.816539868865434
20.470308638260853
31.36362974053798
22.336488165594357
23.371852451025255
20.772153174176005
19.818512317405755
23.83458901351029
23.249545429573065
25.760022252479214
23.454699473371935
31.42642917349058
21.65569530758696
22.61988909526394
22.725822688476047
24.390141034599417
25.66408144461432
16.218695111002148
24.170564016538147
29.54701707512939
20.664201489151786
22.546068231198856
19.812650371416424
20.330280013916376
20.575782500950968
13.517466791026283
22.085941445455877
24.102229784386115
25.85966617988502
15.479927157343818
20.451481464811863
17.700182858805707
15.507175388452024
18.7036739136966
18.26418171203405
17.23436484191066
14.094770221185138
20.01455142357957
22.190595065889298
16.510659153682575
19.568930104746997
17.062864494770476
17.31545063841449
21.89635939869199
12.314812513483979
17.29398395636346
23.903220522368244
20.246913149283117
23.34178030021161
17.633814673897025
12.250652276198775
15.108091224327058
23.791165240052734
18.989227973382704
20.06959326597771
24.060455383118025
27.11731531014386
19.12876590478035
11.587536089423468
16.24019956867414
21.81712016568921
11.496734655668256
15.25230589171419
12.534227321459982
17.47564563448972
20.353275980246153
21.853979887566105
15.11612143499991
16.566933441288427
16.37570485125959
17.94207763477638
16.946661916371855
12.57195882684446
13.39288381058511
13.66447921274912
15.201376996776586
15.407865581744742
17.45218880973958
14.99385564006439
17.250290575255203
15.406213542367261
16.93163824637995
21.576526134976305
14.748313395610635
16.057747317652893
11.033165842982656
9.83321072635987
11.258455839772786
7.036373949957565
8.570594953243008
15.680571480837086
15.852308131610087
10.367417823135394
13.644418225111757
12.880398015372698
13.062241832692735
9.845219588318274
10.901457674991175
8.225103980152966
19.110166557982446
18.00425748921526
13.742226010608652
17.771142121370545
13.255097575650248
18.23982004541964
11.363877554766558
10.355952359391111
16.239884413053485
22.83657056244207
16.473831339130758
12.614378597604004
13.550590509776441
25.218858203293813
8.663989986328138
26.01984077558282
12.445303122803637
14.529219352649026
12.477354634367835
15.993780345676761
17.70664010300748
15.104610416989253
12.783161424848224
11.846854968173181
9.243652461755929
17.6837155981725
13.231750003172374
9.575807134083538
10.948313363112483
15.504966780647859
25.14969635239659
17.77218974408856
16.700552628681304
13.466720670274515
12.60757347069469
11.803792345228766
17.848130616202965
12.26078878213681
11.694183282505618
12.4224971612742
14.467331697636382
11.144994071034784
17.090325687982915
11.695684680750935
18.245335812967802
8.717518642231717
15.91393919311944
21.054743527092974
14.07616332868298
6.644394115849581
9.786498288531682
14.836190673520488
14.44877831342161
13.25823236242811
12.883788674847645
18.14918266683737
15.071134521736951
16.29958329387873
10.992199539044547
14.094683261267866
11.08980850206848
11.836688586699747
14.247743456948958
16.248240168158983
14.906216384780588
11.889806507697006
16.614790437253696
12.76614136201753
17.003424627188394
11.939512981137607
11.274515320943426
10.11524226279856
18.37257838265981
11.785339254518657
13.687983937806663
14.714954104108575
10.534184301697389
15.2020588858826
11.242292206619515
11.012381622325645
19.427090178330086
14.854247148767472
8.565156412842391
7.971554609700564
7.90040354645307
9.850492839177726
9.791826710251641
13.346365992477619
9.830346504391027
15.305755191385675
11.207442382918604
15.732003380256
8.952128843774421
12.258269691195357
15.704713095235167
14.155042355598585
12.922084632134984
12.522071222518969
13.113161772488938
18.554629804891494
10.763673317882652
8.723032165619262
21.81822869114714
13.960953727373596
14.567832809866635
11.428521674431762
14.69731950570337
11.130983938236252
13.371355037981836
14.326071936537058
21.559627120725636
14.385103152632622
13.01418014669765
13.96650490944543
16.213432824130177
10.510951375989277
17.586182529116883
12.652129476243099
10.385768159013582
13.011210052927996
17.06385449526224
16.644170482307334
18.46181906063164
10.02827630658301
10.660921851102788
10.178908825257043
15.932060334458015
14.76213740283567
7.425352979927517
16.942236339977406
15.771670120313825
20.6872226480131
15.137368651766808
19.07513338903231
12.870871057820505
10.962039389115825
10.718676112188723
10.809973517964208
15.050608260510378
11.936858587146805
11.96822275051972
11.791412092394458
17.56755917884125
17.31220841916863
13.64617345902355
15.936776930250948
13.312875438219155
8.2889321002253
11.941545006683613
10.792287099019262
14.470320031921533
18.169087273021674
15.599633751548566
9.28625683993146
11.79602505400504
9.592071225534648
11.791961398900355
13.852054145432808
10.248427884890916
11.541577348722742
14.321723100920996
10.287731482185743
17.019484172734405
15.57826691110828
12.626539150055315
16.828633832349517
12.519025891926375
12.20124207700878
15.129680624772119
13.06140691344445
14.06215125108387
16.14597035744
17.878626907878665
11.319796752289388
8.715088885999277
10.318942064616063
8.48284524993975
9.362136104214693
11.88503294325908
12.02169955235601
12.705757065721299
8.367218036644015
13.640346661617892
10.517989168856111
8.740041598667156
14.11753646336766
12.283839624949392
8.664578179906957
12.837372920432601
7.792850211945725
9.538568383281412
11.926526795206719
10.752516525269352
12.283823675596116
13.415651506982812
10.763791264015524
11.193138198319359
18.628331748912302
12.118467202452436
9.706073536410214
12.503755071595121
9.556786230146825
12.30511581155726
10.31080263818617
7.834241777660707
16.80523421201156
8.608197623597134
13.268552182769064
12.53409492307808
9.59325050112269
13.384529235085301
13.904453770916062
14.230582113042445
9.958176912290375
18.033999287912895
12.303290261364404
12.024197618792968
14.43047414343543
16.27587051092581
11.91084363334855
11.6481759812591
14.03010919225748
10.007104434651291
9.330783515455357
16.192494618076505
11.337889581804074
9.833775380650609
15.611099288271427
15.856645153590005
11.781118106515079
13.75349859502306
9.209766989691541
10.365582030031403
12.609139601685182
7.799411745237281
16.832866870706
16.461384143503874
6.5784773403177565
19.727362483811277
10.907864234170802
7.166822882092287
16.091965092210742
13.256837064103987
9.969224153426467
14.468670746572881
16.49447470804299
7.159582125206946
14.273441891406685
14.950919804465432
10.886156284239936
11.7482734790413
15.975521843540703
15.832147696983705
7.163650672561279
8.531970928359067
9.197396159392314
17.96490436914702
14.56140138707897
10.207996117773005
9.734922840009999
10.76206583928354
13.258847652237652
6.948909198158989
11.585514294933203
16.97923968276459
18.315293285532295
15.888999488311931
11.269313684465027
10.917228384470087
12.004874590584642
7.99596535013077
13.648815633620234
10.87245362644995
16.23729158093068
7.740951193879613
8.022058913964138
8.144317043950615
7.100297186830169
7.226401833229293
11.002411609443088
17.657317247194886
12.399362806741378
20.334884638348623
6.8865539176091435
12.871793903325493
9.887914395775692
12.922844352815515
13.614009403067485
14.448762972355114
10.276174656908426
11.632817558581259
15.020420366692418
19.7756036945559
15.915000577307609
15.022339209310505
14.79244314011719
11.828907909766796
10.373441451289114
8.072407492536934
11.397046753937923
12.16853989655239
11.396638171255722
14.784999973377873
11.950977430998702
13.69831441344852
12.091729879703706
9.688854356106114
14.616667286928283
7.28979215269869
8.69098665681187
15.183224179718971
11.619073571447998
10.735968758790673
14.478368470450137
17.497006143013774
15.961502778298275
8.365680708188966
14.44604879901335
12.42002494833342
12.375526630365398
17.890051752845405
14.485427183998908
12.189380259939716
12.602811423091897
11.658702641625853
10.22262679735061
17.69713256764899
6.98082654227508
9.605035362919253
10.632646906251109
13.379735760592782
15.200514301262775
8.249190044169993
9.995278789948605
20.271972355385138
16.799842534488914
15.055746553744564
15.83812501356075
11.98871813527263
11.324815953916694
10.242839426227814
11.612981848941793
12.699655425825568
13.131438477492832
12.940387032183374
14.164072641237983
10.565868191625997
17.662779079246462
8.960834710372414
10.62787204526812
9.721189771158407
15.93744365529898
16.73010506113042
13.623462190646428
12.841742951086744
13.234546484002067
9.86375559793272
10.405912354442489
13.141065919150154
10.779437225527454
9.509844986810181
11.162387322956564
12.808612908109055
15.698209400948619
11.484939457921259
11.102669377628093
7.782781761498578
8.595111230342079
5.576843079113771
13.014162907511828
17.941619199210407
11.062254258895763
6.78611075765974
15.1324702864685
8.552830665251278
7.890225889801454
9.597197766033364
10.26528529695751
15.596046398308289
5.7870682046249105
12.160667220474645
10.81203986300346
18.455454580934223
12.962944193601073
10.922160053289362
8.27623969961177
8.313427263899534
6.790108546403142
10.453854534513509
7.798727885524216
7.977400802622505
10.18311304193526
15.022907599732646
12.122292737054902
13.95805933608855
8.321320841080524
16.051764981912324
15.957233469033804
12.533283068971068
10.164843241641794
12.854406586587984
7.470788393811873
11.287318949279445
8.616893881374049
12.199334578475442
11.701932191690434
10.409876107143798
13.709496758557677
11.242838516537498
7.891338147124559
20.081721205105833
14.385567897894733
11.369428847277568
15.592634810730402
8.265120790632489
8.255210892555581
9.203242784687497
5.808544549300486
11.353009020002425
7.795167009619032
8.630124188095131
9.803669450588307
9.729914625949464
11.498515300047925
10.141515814987798
12.847383959438064
9.152605458685581
13.093067202209854
17.861232516113393
12.947601344572202
12.230503377375127
13.949897171917303
12.185114767523201
15.50582375026362
9.324872246395685
13.800101121384753
13.306932877606375
10.554166558788713
12.447936454621514
9.044143753249848
9.22974012547853
11.09648942369587
7.687666937368612
12.904453690310621
14.379896302568582
11.816231163927194
14.54394216895748
9.908805345177708
9.563914638820485
6.6741880722964355
15.056955788506812
15.070746820227104
15.107250334562117
11.31664346154162
10.812952900958797
12.3773225423331
13.718306129218954
17.724180659036243
10.960725520316588
11.700815872419323
10.600007590604568
6.3801272883950935
6.242758756762822
12.51385672114591
9.77957196789327
11.473769107994725
10.209195464858716
14.317073508690525
11.32663123543179
10.912196249915413
10.719283270641816
10.453292346972285
12.168178940764268
8.212493252295157
13.305153555432872
12.717531914661725
15.22999206814667
7.47877569727268
11.185963715325943
9.563309615543105
9.405423697998785
7.502963376752499
13.07027628260293
11.517646177616928
11.204477895813824
13.041112479947776
13.288961041191955
11.857103686843871
7.285326413384807
7.9970717232340425
15.025916455757478
9.435250700075752
8.977088974610204
9.6892190442453
14.973401126331733
11.068083076793625
8.773181431989343
6.820492931732821
9.34848552795348
11.515274185072842
13.739933218737576
15.821537534832785
10.796497521264477
10.510929965797207
16.232051431190932
7.555521717471944
9.86522932224332
13.13766601064517
10.546306353538968
11.367373247954985
13.023056524615503
8.954859401525177
13.640319334733991
13.143917571427444
9.481294888498836
12.204177262477842
10.427134318824786
11.129936294880073
15.951313800245682
11.910823809350518
8.273230950532119
11.524600409825496
8.805145356865522
10.313571834999893
11.977899804507715
8.608989744551316
10.07225484960863
13.90595558919044
6.522885960811308
12.607640405127349
10.691751576464622
14.61473134404809
16.124623158838695
9.24924408760716
11.265225349968434
14.261514654979907
8.75301954112242
9.695666203863299
9.69155003625703
11.566239744798608
14.098014410335317
8.779009340740297
12.244074694709584
9.570649174641492
11.412844049286942
14.523905509047633
8.41731276249824
7.580262410462893
6.655488169576628
11.895026858710228
12.09475547430759
9.220196892633632
9.135978895200134
12.651676791564315
14.625444216094785
9.766029508503262
19.324295349264066
12.455357163684653
13.149926610733429
10.44284570902828
8.61195058467007
11.565702831997713
10.988349706023396
16.488053754169265
10.998208662956701
6.329976167023613
13.957836313392733
12.21623326894148
7.688111144444353
11.08613952805841
10.13475247315121
12.050530619816616
10.42546894399952
9.656647312770048
12.679232776929785
14.008405036289576
9.210250829565242
18.3420619924952
8.535981424596022
12.66913657551522
12.805301769860058
14.983837716322878
9.242309199155429
14.824177239396239
8.25537014846954
14.510362257847543
13.772094035285729
8.880614944127439
14.59670135124046
8.191911463692254
11.694883392993589
13.494388237391375
8.507329482832283
9.773986377934705
8.428173811637423
8.283586641180094
14.287347744010614
11.870959590774735
17.68437600473417
12.810693334882231
12.942877573165656
15.62284227710586
12.540878202325084
8.85703972747038
8.211610938482565
9.2463839568906
13.120393015258053
9.384906457589064
16.452924715594015
14.735275068345546
13.03816509899241
10.298706195147629
8.113096310967311
9.427885523567516
16.482473940561924
9.111198428692342
13.916978462283888
13.753412322778361
14.591456921325477
13.639635587506138
6.950450606086893
9.30186240024287
13.036026218770733
7.086681811305167
8.594576410952365
9.499577747661613
7.395002738403296
9.424948178168417
7.969251728399504
10.766534639582447
10.811464134612446
12.150773382475261
10.23045145039955
18.40346498117806
14.189307220207814
11.4007231408437
8.58862123494656
10.356020506229251
13.481014995723347
9.448646834460593
13.13216892804148
8.856236605689134
12.40610663013828
8.146864732186778
12.270328874217554
10.973324654295359
12.707933316522901
14.075384182420786
13.21313050539853
12.908311379885346
13.561618032086841
6.436847329847195
14.565402843604518
12.587714743116479
17.834105823405018
16.001483800836947
11.826261378515488
11.20190792156343
18.537656759944493
12.524409116461682
17.573082024629986
11.922020677893924
6.463372052002141
14.336389712504818
7.46072257314985
14.192886182391629
8.828219634912582
14.982051311135242
9.053418733839221
9.748232742030112
11.217300383315298
14.26396771534209
11.338207300106232
11.320571908184915
9.118186680403777
10.434747939086897
9.46830846823577
11.904202002462796
13.333672615170292
14.472362084503676
13.874831999768498
12.988552362431967
14.613204526492627
8.132124570814177
14.458990935941236
9.79148228052039
9.466453953988344
12.345006220082741
7.879348969828044
13.117386430018765
14.172075291560487
9.393374796175298
12.533170777244647
12.191430216711959
12.59455155319891
13.542123365935355
10.238378588615236
12.137933444455584
17.323876370017675
10.472599042167408
15.812963300597957
9.150662998045364
9.44437729384989
10.129695029297773
11.976902274799006
9.291716723158158
11.98518459260223
11.29976235714991
15.22734683595693
11.781852425110287
6.555554548418309
9.530242502252955
6.723496253513948
12.144155601983167
7.649986752690236
2.7609692181643677
10.627014126218446
11.647641889184305
12.538888693731398
10.86994367397633
13.949897945189319
11.305816805998443
11.18999233207363
10.713092029493138
7.350425651760392
9.701613888561859
7.0870729538065484
9.19012128821526
8.237921489579882
9.131715006850763
5.76199435824295
11.459856585972885
8.635777118824018
8.502366268918223
8.216763397604321
8.907600554626278
10.237940754924127
14.327295513305424
10.036237976686099
6.9382585273729385
6.426047700872947
8.089592436096922
15.089993798898588
8.897019788063929
8.574830061557332
15.617678356964964
6.7381029383581845
9.160599584538298
8.240184969890956
8.943865330009753
12.810536784806159
11.636959708149158
12.670591975646287
14.880571712826479
11.196736231921141
12.559116788294919
10.41406314817083
10.084198257803504
7.823163829059472
8.393022567879285
11.878869629232131
11.21516198051062
15.054019648578072
10.379438703898577
9.145296619133637
12.695032088580756
13.626241770796216
15.59857329128901
9.25059318918673
7.56957057791168
10.411077212390541
9.563346353774305
8.364024621443257
8.847678838374392
14.350853005368227
13.202134568721712
12.008074924096066
10.07898885043681
9.60542313807046
7.3106251994167035
12.160463919433598
17.6140724507152
11.519006687663978
9.912265940296999
10.443898311665487
8.60375970856339
11.154541595853356
14.952294474290607
9.745507083937149
10.338990525761497
12.249768740141034
13.736567917029452
6.833248747244805
10.53763621729435
11.21767208045758
11.807184840559719
7.159145989751615
12.981899321709797
15.500856972485504
16.07081229935795
15.308416369010756
8.770535656930846
9.623867955813624
11.315609170715856
12.302990193583186
11.645985246612605
11.502593803495907
6.409701177944424
11.774500033391016
11.185050894925833
9.950668598821357
10.912301564994108
7.570258912497888
11.541333977775958
11.603959368127354
12.841685507250332
6.993394508160736
10.770827064172492
15.68255501835599
10.033596330597396
7.266638865521689
7.196584091314312
10.024670322603134
7.445430500004917
7.425395674693972
15.048800433802946
12.74545870606715
10.223528263480656
8.413189294777354
6.2844917235228825
14.309673009923419
14.603009444342863
10.949441779692998
11.567024892497965
13.21127228304548
11.919650181582531
14.1243069834022
15.645058061131687
22.26174802318842
7.920450828227612
12.015369231769839
9.084412727619947
11.136460782309445
10.039219166510698
16.152775938164375
9.330317702384773
11.604655140381876
9.874428523308303
18.570742973032406
8.333819869675994
11.808015637785022
8.89494373748533
11.381013890071516
13.54500870908549
11.664925537337677
13.758423522742556
11.573954416689178
6.476647210267078
8.223158294987961
13.507239000095117
8.665631063883326
11.827910613720665
9.529791704952665
11.683918628629494
9.222390299910007
10.620848952574534
12.341703300548193
10.217286657302354
17.300565674480175
14.221628140519055
9.28369566158801
16.229148630350046
11.345449999271777
10.451887732597639
12.004068449680657
6.152772418212409
10.050772993790362
15.80586824972915
11.503235279615906
10.629912806387189
9.44925908697587
13.891219594448618
12.712561828738005
12.488760592679549
9.82455234371466
10.951841750909614
12.794095169193756
16.37568041553111
10.354788878586698
7.688999841249501
9.72923142931122
14.360232301747713
12.675223928646906
10.020613030635236
10.71648160971498
7.492384483234359
9.089567582256306
5.999500333968593
8.493668967902673
10.521400129616973
11.503789189299706
15.017776066937486
13.400232200873335
10.09439662577071
11.297443942651926
9.780097408710764
9.621479531677975
10.416960249921784
8.300684163231109
8.822938054725682
7.310735733334993
12.955891266238917
11.808071772412653
10.534350976595118
6.902564338692581
7.779779802453375
11.40426891991062
10.030695577529377
6.603701378130215
7.965262485912998
10.670273186732672
11.193928179591055
9.115361275686281
11.165615957403322
8.643006184369906
9.131563501824068
6.421308985553423
9.461253402961669
15.858106744683887
12.14235373030346
9.071079959443855
11.848374774888006
6.115739083649157
8.097515791791263
16.231282779039123
11.766560221932867
8.730664183652777
16.698618275764527
10.947445622813385
9.280311137045103
7.7584897906199695
15.93582705544623
9.496762443877724
10.397289058091841
9.857854306680936
6.882286460014818
9.32601196627321
13.809439593005044
12.403621950195047
11.814985876770095
9.977324873638576
10.870135659661708
12.850378680448294
14.051231216749136
18.949676486097864
9.169758885409108
9.018130866968708
11.614598144077922
9.350565910700258
16.48455845045137
11.871586371353288
13.310241660931975
9.89506418080994
9.315645036942739
15.528051270748378
14.093636678397356
8.706024531191774
13.220997667770659
11.287752479240002
22.33618239622592
8.992462163264198
14.09591138775517
15.690062840580488
12.37215471839333
11.23491914843808
14.265647606431845
7.9305218589024635
7.447923882053319
10.524467409400833
12.785157919096601
12.762330311369585
12.834652794308315
11.011448859382318
10.917283172928268
6.871280015790855
9.390212380156253
7.347590222355856
9.470649647812506
14.369231614271518
6.8897680889815165
13.301867208935947
5.724764704341004
7.927141599258222
13.328082681322748
6.900833189573918
5.246248079966803
6.542928546160545
12.168027236180915
13.277982372268484
10.065974127412563
16.135514539429323
5.7509857761889345
6.183117155534727
15.08094865884523
6.736255002020737
4.907357272415886
9.246501864868865
7.779878379094873
7.863799610020621
11.102356449448662
9.139455036491045
10.855554287460507
11.153424225577577
8.18721973232828
6.963572972061291
10.821296674334114
15.012179220253586
9.798820150536649
10.733660109777757
8.279558832853509
8.311775906201504
10.771894474882563
11.588810071396503
10.333296907398035
9.723471700567362
7.934179243315387
10.818543329407378
6.2655710180021735
11.47650038350219
11.009836616790524
8.345538044939003
8.694141856018204
7.651032532175408
11.856550210927242
10.019718133528174
17.176571075511745
9.42566707628735
15.22389214469761
14.10572642137895
6.290209529721036
10.05353407158897
7.504234565151495
9.597323913094318
7.9346393139096545
11.484481421434351
8.28669692169956
11.367922116963719
14.570842757220968
12.727760143966444
13.305525079058231
9.352241867191019
6.133584355087325
12.81933288574473
11.29340020314601
7.920195971221664
10.841530076769395
8.091175483793686
10.375253509949625
10.343615950621858
8.806806908508317
13.940196290772466
13.5352035430441
14.109396532944709
13.457553130879196
9.21826172450495
10.536781379236837
14.998510170135566
12.745646281573055
8.865265029687828
10.477916070865739
9.66295468652189
11.925123222496554
8.964634132374647
6.533685412311628
10.865802748728678
12.546532998169525
10.654789366821076
7.617082822215394
11.188489182332708
7.675424453644203
12.183638718545776
7.663025787393984
7.363856257167985
7.355439691477657
11.409531894664822
10.624683495496685
8.885902117379747
10.926895549944495
12.248855088175365
9.492018084377733
8.533108143152464
4.8554620579098655
5.556747374596858
11.018421350558219
5.921623738659865
7.034534028487943
10.968238389808135
13.65555804387949
9.87240402640033
14.950906318269489
8.719203141873196
8.042983655172923
11.117546987035196
8.952227165718243
10.324274770791279
8.614402310755798
11.038753656998532
10.010398327378208
15.956827139919746
8.459793728212714
8.413122807598917
8.555652056379472
10.988594924091128
8.687384272993201
10.871853119378395
9.390933305926714
8.028013627580965
7.744435922436628
17.23744412246461
10.408568497713834
12.669462129016187
8.83308856441448
4.490971009465525
9.731777636873602
9.684066231533414
6.8277084681801465
11.03982055658616
6.923457529538794
10.240945394480324
9.600108517409215
10.073789379724552
8.412950673420841
10.063609067774697
6.859706954499033
11.258197371017848
8.820303685334215
9.118076649871986
7.962160014227402
10.15994760255604
7.895418124984918
8.823626299556802
10.972531586918372
9.030348932684282
11.209406979297905
11.887125824448477
14.514111173260247
9.214151199282018
14.460200627608971
11.78533237820399
6.651585537271377
9.568581194398227
15.375799215686417
10.780900355428114
6.464811904982206
9.984066391130279
7.882075090531757
8.35286540370678
9.25790718617655
11.978055414213976
9.023812500831673
12.018970524837695
14.088737063342974
8.657413838867942
12.220526507857043
7.4639533176997395
9.641007780727717
10.760857279952537
9.268086833015964
10.344576680081529
7.210748147322109
8.032273277339867
12.087155289409178
7.447742574068513
14.167018686267156
14.655751645239587
10.602728948889265
5.5404302947020385
12.74008978493477
9.99874921793231
13.294640678473044
6.346231191886352
3.9705808188319396
9.443490412410146
8.768894016127723
6.586694625446947
10.000115418987207
8.822675508394843
7.456363154273533
9.139413312560542
8.477367039909758
9.076837561556497
12.84283722593825
15.489575700761158
13.674309007959703
11.879485495209638
13.514612976516736
7.6945076741390395
6.620292105477126
7.53682339495072
14.99740999326686
11.921082758006765
10.383059277507554
7.932494421011478
10.427324366615474
8.600299568753426
9.163209531048992
8.179401953974313
10.535026945615101
7.797243591488293
5.967003157882085
8.811156116554825
7.246269573409385
8.71293383313048
11.808825859537343
6.736330879354685
8.926678224096761
8.993162515169676
13.039607347654847
4.677347620297609
8.52536223098044
8.668555585622945
7.564319977165576
7.126965320203825
10.194114724807154
10.045081895036008
8.818555420628917
7.517722338924478
13.460015812537888
11.795172962941603
6.847962335839129
12.490577118923028
10.959670540883987
12.39819956260439
10.295346698554786
18.892326673103646
8.24743869229891
9.569699432772241
14.282470925106566
9.830750574020573
7.439318508502623
5.157725108535315
10.939453379709871
11.136549920543883
4.892067088577089
8.660143055679224
8.749971386362011
11.933205603332755
9.695913049075768
9.699501815219795
7.291626756472554
7.264247167362958
5.9699055167627
7.236560725397922
9.50921305597979
11.718083361451868
7.32149052558219
6.727973649012867
8.097515456582427
10.641184192748554
7.788435472808766
12.340894570771828
7.44352407017291
10.963448202228253
9.862011866748057
12.947735409214523
9.741249563853575
9.992709639854004
14.234685065612823
9.367501936671589
10.666697414791011
5.3624358183430205
10.6586370041739
13.605562485841375
9.541351445482107
16.774881796874656
11.105980681443024
13.186503786155516
10.799695345421076
5.755878422095673
2.8076733476661326
11.16864347372996
13.412246438338531
11.510795234189116
11.40792652780314
9.187801580232946
7.288262254691212
14.8431372776521
12.926166030869096
11.612613373187335
9.009440289721928
6.918488875033119
10.626419983522837
5.003816891523558
11.061774747125675
9.595330331683687
8.402768223599384
10.190764008227744
9.692106330925013
5.554605809321876
8.031848304664788
10.408515675665198
7.439863629351303
11.974088306566005
12.138757615082142
8.122084309792829
5.949226761228628
7.310092710522399
14.569299887054294
7.747506984760884
8.679392033660426
8.841681078663797
15.677131368939815
4.495509064183985
10.811165145047077
8.286192395097808
8.481374819892688
9.098935415240799
9.01732072729004
7.249326828059062
6.1736938358573505
11.315523130308629
6.799070555604676
8.085907135031954
10.680398576556776
6.410075159070649
8.343140047291925
9.82149683751603
9.488155086525856
10.460343173341558
4.287524752754444
8.550730333770652
5.093129373751951
13.416362255954109
10.161614900141055
8.319355174919028
11.263810943603053
9.497162439316625
11.97245683424898
11.646433182965861
8.846818639818691
9.491343809979876
11.457405577843348
7.7134472006812675
12.11953000430979
9.452414936425308
12.516190814865249
9.3375872333694
9.164344731119419
6.302288344468619
5.099389195253106
10.330999145948008
9.237367929902991
8.470807947621543
11.967093116203603
13.46149785941249
12.813643422115618
6.387503251342099
8.026383421702798
10.259816928629695
11.366225781485367
8.004577736578835
7.265210358108661
10.346293645544144
11.832002474087503
7.805142895849368
7.963333044928499
9.65773275696383
8.640410433230032
7.7856585475781035
11.916677613094704
10.60151728586292
12.237934149762197
7.802075791221758
9.445362421690225
8.851313837818587
7.397476274216881
8.967547095168674
9.814933021710779
9.893720155990284
10.598265689493209
7.874952528928823
10.86107046691053
9.90151283491485
11.980573043418726
11.489260148620312
8.74323344005732
8.156888786181604
7.877100133707331
9.05065376928219
10.312780439800408
13.19438223464984
10.242906241578165
11.293194745727922
17.537636125180317
7.491194440386827
10.597513473056242
8.736561742970254
9.485173430958712
9.198220649392812
11.094634238735637
8.185921100949974
15.520341918182549
8.829006700950528
12.472347636425354
11.309470717063661
11.250175379663078
7.183964407292838
6.508656806811268
8.689214875380179
7.74417318962234
10.674319619027091
11.166803037754862
8.363015678123206
11.046580590490358
8.169106755085922
8.24308796861139
7.766881236417454
10.097311759103198
9.32014522551497
10.546675606871576
12.130814194961948
10.143795085634268
12.405070832911843
7.43805276301354
6.198568694726974
12.149070420532006
6.025371795770747
10.580043219966315
9.85435516936362
8.699119915430405
6.856345495296308
10.70205972154925
8.063475747882178
6.072226514584944
9.84211384153446
7.0956751437189585
6.601821511952477
11.564417805703739
4.6064955864707
7.694571071364474
7.693002446272747
6.6367375159209905
11.542857873542873
6.137888658673116
7.978717045661854
9.806841095314589
16.775590639898002
10.905655163543928
8.297387598734606
9.65395165967722
15.57633162139918
9.797409133641986
10.246039768988545
5.0448296158900705
8.662624142861674
8.035147524526655
4.19006428255389
6.322356622535651
7.91849378205502
9.490808076879837
13.046022056994042
8.705938774772715
5.825677767624282
6.982817477967713
7.626945655214551
7.501093653115251
8.623561424625697
11.044141925481854
10.85927100852543
8.818712290561528
8.791816584360735
13.314786705954527
8.640988924078574
6.990901149666367
13.74090950571209
5.742474356554456
9.64193485034006
9.635130591422737
8.815480659548017
14.356153299780802
14.803680605850648
12.2422800544016
6.971817433467138
10.094166013418992
6.988515503335884
11.638165924806879
14.011655661119796
11.155179594708335
19.58971801953545
8.122681351280738
9.392203911916342
9.629965038169333
12.655402906501376
9.725552603441336
6.548036091815919
9.607775393535132
4.818119639411091
9.902329741249293
5.244769386734175
15.253497580965695
10.183255422226122
8.776962158199522
11.895717028596124
8.018397925872506
11.236475314395287
11.9496197963174
11.561584819337478
11.738567360951624
7.527386597351522
7.457691161094776
11.351627986222248
7.206762907661092
10.354332337119496
10.429491749545377
9.798738564846841
6.543248891623222
6.337217063256477
11.5809311842635
11.232874864248108
8.895586230306554
8.756304853870683
19.485347654084386
10.672407935023633
9.801987380138083
10.032589366194186
10.273976768057118
9.513886701820375
15.00239527970032
9.19518934884455
10.06163140474341
8.555279334513724
8.924313087888141
9.850503437527793
8.811951673227151
11.030582117981696
8.345959068944717
9.050226411241757
5.826006926768962
7.2008579125187655
13.661775649953418
10.321562248699706
7.187953233435248
6.906426391145762
6.3983762430877835
6.296666202778262
8.40989532950845
9.036082375101799
8.87453819240727
8.017995581823925
10.323242159653311
9.385640944052891
9.044811835907403
7.216217410898658
8.535110439055348
4.980762810070869
13.649232314609486
9.553093707614057
8.579741252393122
10.029287555817367
8.598448053803729
7.40066470181204
8.714111850118194
9.689728258803347
11.971639817083565
10.49110360356412
13.046753921754636
9.952237089353307
9.495762545899867
8.6929697234949
7.335354419126018
12.46683308425736
7.788604408434423
9.196604490708795
8.822918906182476
12.106595176835686
6.336883884175412
6.390755430603747
8.366808354839057
5.195745738584222
10.294850586283395
9.207089554368514
9.958650773267467
7.513111903254632
13.172565244708846
6.588116265352204
6.715361551440753
9.182830788584477
6.941682319982906
4.688759530610098
12.180538296867462
7.332212333233157
7.028280176136327
10.152538884635973
7.888641195139573
8.560575215874985
12.215490135397996
8.291237471723965
10.140625514180547
11.498836027320852
8.431120427149347
10.384002340337561
10.876918384771546
12.409435994370407
12.76685748931171
11.082462593585278
8.903329478352113
11.272644665037298
10.554786613339981
7.200362477458909
10.11358354930009
4.988975476864531
8.346061373424883
10.172782391892838
7.284125831128351
8.552739257763024
9.92783598351151
9.876364806857248
13.785900816099925
14.106209590575721
6.679729894333278
10.318891265656719
7.721897216705951
9.875085398571475
9.078517806267385
4.667030670521319
7.1927977902787195
9.457912778777294
8.478172966001205
8.907283637584978
8.78589180940634
5.578913400617535
6.294768484874005
8.986867097439907
7.935967073174364
6.726532869138039
8.152801153277794
9.95550372341561
8.386332299703477
11.537967890436455
7.7891853243790345
14.50068585446543
11.119194016422792
18.950744188152623
7.625702589507926
8.765919210648146
9.728886570509
7.54638303066247
7.471998937651607
7.372121105251122
7.704080744009286
5.776235962964744
6.8419642922351
5.572181922984216
7.403879544975969
10.436640237684855
11.543902966357827
10.207901267052863
7.554215736950693
13.378467974666119
8.887324271292615
10.126917209185304
9.349893715322853
10.43395051207202
8.982786240920953
8.189167604562005
7.899618307008425
12.003393488374275
9.41864452384739
9.054266328349488
6.579032362897218
10.139163755767532
8.584850002274177
7.304969444537522
12.727020008458693
10.180927591041938
15.435236328797341
9.788427541993192
9.321731174707946
6.842088151328072
13.313007740461169
14.464017747469807
12.089543771345426
7.34210322294183
6.551312752148328
6.924552790611843
6.751053418404379
9.707166382805465
9.574062529756748
10.148693298133935
11.11239394396638
11.72895893581235
9.503860869209817
15.6665049901681
10.866022067753327
8.133641580076274
18.976171993639486
13.01479765669036
9.344454843786023
6.587921813126208
5.071587602853183
13.526453245699269
7.116865883720087
5.87926271924513
7.3515363414062245
13.990130213680521
11.435959140591693
7.95363655650495
12.974453922798462
12.907314926944291
10.292984474940466
7.584061261637603
7.480318296437674
8.862301654928173
7.790473786510066
6.756103283636865
6.544786172666152
5.742536363842966
8.4455570684845
7.994822915377288
8.798652582355928
9.240273396576574
6.193125810580993
6.334344183890178
6.490431336698616
9.789435881113072
12.085276959674356
8.785041251637674
7.983330780006765
13.082828963435498
8.906485725414218
6.853040221513567
8.333240094693508
14.379702961688562
8.140575439547382
8.278644112413554
12.282736591281337
11.586729728241206
12.421533847348158
9.173452134794427
8.159253431480552
7.275252378108103
9.999654390397957
13.232498173075543
5.666799955431441
8.980093765596505
14.755031918090456
9.798401595899563
12.049855810265262
10.482467453380103
6.314776838632532
8.710506161247379
8.445294176570203
15.552313711470614
10.539693173754078
4.677249530994909
14.178509529854297
9.03466468053372
5.433939558892476
9.587863085695727
10.352142740092493
12.161776294125001
7.497659922208531
9.121880670027055
10.248547072252213
5.7373093296571085
11.85229409166893
12.60993311388591
12.319523608061319
9.377368826406059
13.413300942637438
8.616102194813394
11.514516844658626
8.92549970495316
9.652982674470023
6.7859434463737305
8.710131748377648
10.09846217515948
13.462733739239741
13.45502662950319
9.369229113241733
13.651936468104603
8.285697776827169
8.920013341133707
13.149423105276997
6.617006012528631
8.63746534699712
6.483550386162038
10.484082018775398
8.3433282903078
7.34576816451156
9.299364757638358
6.687994251472373
8.759834551323193
9.648824310078071
13.214686105047093
10.733672363529244
11.262701747017825
12.686674136430309
12.73752742272072
9.543311871182672
6.130772170079981
7.0907929174458175
7.8755029394181815
10.21250995865223
12.047996357533998
6.907900980329466
9.147839267740762
12.095043610389213
4.879176574031066
7.190997043015823
8.593819996622232
7.02205913524403
13.022199616275259
6.160677446830535
10.136259242135216
9.753025898258588
5.449224307957111
10.124830334216295
6.368407527814042
7.535063017203678
11.110774412470333
5.560834272363301
11.123870232159062
7.182723470682319
9.53990162054648
4.826810341916344
7.687610048068786
9.282470481784424
10.249703127436602
10.36660705577786
11.888757139954922
7.023204771972777
12.587799616849487
6.665993048994507
11.18606407804329
7.467523064980605
8.293371891644483
9.271983111938994
9.803922554178566
11.147243217997278
5.873578448907631
9.93018203802451
12.384041143118223
19.598163648809454
5.217315837680383
6.974920921265588
9.698231988196792
11.127107161005185
8.145528014386471
11.648739375032402
7.286083390666401
12.385114318550594
7.397066744721001
11.631135378727842
11.087609466597986
10.557009291894511
7.214385030422658
13.737117644138344
8.740862723229164
9.37052518221003
10.778932750573896
10.939063264325156
9.005330246435221
8.647711197903485
8.575480275583317
7.601522310661851
9.371212934735984
9.182180249029344
9.062033051732021
8.108011424734784
8.416339718426052
11.53970051666604
8.825414766866707
16.748793844852035
12.181156518883395
9.762321334443362
5.0971976772917476
9.102855699273189
8.533886576210493
13.215814454957814
9.668491642552727
8.096761211666585
7.814594386322278
11.161298896349885
12.759433100428941
7.588328812778926
4.74096848659722
9.258071928626318
5.530229679595806
10.566541422582725
9.825724976576076
6.884794884704387
14.893483785499292
9.150043600492685
10.712769838204373
8.659763072796506
8.529492949722792
10.705176306514282
7.6896878036820215
6.483368341076422
5.307696042704093
6.819623177280612
9.133660393458252
8.531519390966022
9.108502816027197
7.1740492103185876
9.437215310003353
8.622834418361435
8.328302478766078
7.275696445133965
9.797030899033375
13.392147591207932
8.878318795209552
13.491889781652173
12.845776109457265
11.754360367494913
8.084033776140291
8.051120935723517
10.351243938502206
12.624159761242721
13.415368736663774
8.844910562000665
10.737247331600075
4.034187802051294
8.350587117929061
9.76179306651612
8.128720123931751
10.751050410234553
7.714095869449432
6.971067259344564
10.039671363253369
8.003727235079177
10.88763056595453
7.015554819941916
9.842609169870553
7.132227997926072
3.9671906401308403
11.180820377852582
12.906396446708948
6.657169350609046
7.3104622864529
12.621233610255445
11.191133590138104
10.909566122791132
9.706111647638993
7.141252776579589
10.369059750518954
7.016003711179894
6.714217396371892
11.997968681228565
8.269272829945562
15.405468610599307
8.692735876790767
7.622405121881153
6.9134340098917555
10.092915364392145
11.568865810101633
7.50587634757824
9.77382262789559
7.969152574980915
9.008857110658923
8.277547821082862
9.550491708939992
8.697846089217544
8.889477745377167
8.702760344673099
11.14468124289007
7.94979786777066
10.590109901334175
7.096172232652806
7.5895604024398935
12.928549566924877
11.958623184466887
8.291517252828324
10.104794312189624
8.746893994326253
10.280896827028622
5.65640669079839
10.098553517680052
7.516026819245665
10.62923334336206
10.771371872855836
9.870568926201873
5.8891456768702986
11.840811540453606
11.86442133821756
6.991620388545479
8.32021898471239
13.408417925754911
12.564604350351146
9.112120356065539
7.442454212448982
5.637350350301416
11.336890465666109
9.60557407261065
7.633351232693503
9.60667181789042
9.073625911363806
9.038234545603945
8.916328412475783
7.056626437136128
8.995539005582899
5.119640328549459
8.278934395549841
4.941336606874854
10.015198547867108
10.12232193228959
10.08143778540819
9.294243776818806
12.847308834033514
10.033974061818213
9.557987749030428
12.415463793727943
7.890218663167723
11.229123195905599
10.306854161089273
10.12483638690034
9.83054638325311
9.533735781142159
9.80041727093689
5.781225457564467
13.437881548321528
6.367180113480118
9.7291799089224
8.988879913643654
5.147762850346994
10.519541312133866
7.218797072030291
11.057904716247762
7.5438796816574545
13.049723287203749
9.903015772954394
12.505627108167152
3.643091976727608
6.909329615145
9.208126997662935
12.609935563512831
4.198295683883094
10.391158355871971
7.892660553060534
7.292002885319507
8.443224201987668
8.981345329722226
11.51377981913419
9.900805132714344
10.080806437958724
5.101138408554762
13.306234447119985
13.046612479164768
8.663613258181954
6.126320780652795
9.327363861680233
9.608269642008787
12.727943334949535
11.449481157918893
8.225539908623169
9.440259959787506
11.950531706512782
11.777948594667993
5.038009404505979
9.220079316662828
7.25939736489755
10.982252869295477
10.154715733289937
8.334734482052367
7.982720145997627
7.512068323586031
9.237620959205504
13.321758545150287
7.005305262951134
8.136408239189308
10.711147725187063
8.939446964042801
12.655761302544855
18.128443655151493
8.808793571066873
6.57045548590956
11.371407944464504
8.237373515716481
6.504183828153923
9.761074534565607
8.453541392249733
11.269804761386853
8.487858421757725
8.601039941484336
4.723018548663043
9.82507134838735
17.390148990978297
2.8607974058365016
16.996060307924772
10.491448089053893
7.944051095614182
10.586619081534367
10.708039937962024
13.89502578233331
6.564098155970687
12.1714682763483
8.155989755833255
11.806446132916633
16.554772085717428
7.7458587365826155
7.00038364965544
9.329661192808162
10.088550081127634
9.041245617521863
7.103893809626853
11.336012315688913
8.74068316760933
11.67513466781496
7.583330725158217
8.35743504370628
5.553719340861082
5.4530650186307
8.89904001079301
5.956721321073733
8.824070426777217
11.407611088482259
9.417273757844232
12.279526534377885
7.973518643066313
8.042606531388678
8.380459545043102
7.921938959820742
12.082184898345105
12.89171838740318
16.090702714256818
12.07018982441377
11.932340976704623
8.703223486159825
8.063292078835637
8.760579114681889
9.105898371379004
8.326382741069555
11.244117678043569
6.480115861049029
11.977306038053912
9.696093886287894
8.93577770536342
9.542320230681414
7.952688984388977
9.370876676799313
7.942053713491086
10.455653243559375
9.773825989915206
9.091467618035846
8.496342675964701
6.302005928563028
8.653483474093807
14.174682325659274
11.969326312651859
11.358269432778963
4.307488938165288
6.815616510898237
7.028432688534432
11.360947634183793
12.162600719755998
8.498051620725917
8.850687956344812
11.225020614735657
8.506067532634
7.645562789890621
6.355226631121141
8.886106867130811
11.588124458356122
13.138684000276202
9.81119195110067
7.4294602044935045
6.625629204899503
6.236595897021831
8.29424363033275
10.909346404484408
8.831435115748377
6.426126812435823
9.49524560428394
10.520517446031997
9.418831738995408
5.202914334540551
10.284207697111675
12.224636848528023
11.821140737414652
4.442610884195868
6.397166170836612
7.024134646869042
9.112608949013284
17.666764000451472
7.321823193844092
7.20230661283992
9.350770897365129
14.775760255216886
6.657249531886731
5.901033273737669
7.159488813624201
8.998297816150236
10.546465989842261
9.43101284052462
5.374391864007152
12.445260485691831
12.305655416949918
13.126105442716508
6.7444151790226465
11.200852789389492
10.443288529965834
7.397685368603513
9.412816684718441
6.545276433154225
7.928967568816252
11.539851640811287
9.250568861499858
9.957677190700442
7.862021410717556
9.90304642250011
11.23516105397604
8.210099027038991
10.139045331009644
9.735285921263477
8.530913982692617
12.2228445012189
9.598293728639845
9.24452837855471
11.675156185010298
9.35081328939999
10.59181855141995
8.869341315972418
8.780443496849175
7.030189365999216
9.013845825796157
7.679872281461892
9.41533005823909
7.782162235624648
10.010504351164823
8.463728489465932
12.854820460615759
7.575385690446435
10.538843440555418
9.646232371433175
10.693065270692806
8.105471955092645
13.792752809435354
8.262636756068035
7.654751036846899
9.986151951140306
8.111723268663805
7.7072545607252865
7.979250048579678
7.591318176327262
11.202471770129613
11.581426550424096
8.580142477370895
11.49720920493679
10.796055968683644
10.963808397612409
11.039912965206726
15.744509835986229
13.397049316769277
9.23986280724254
11.46219254493058
8.332783868929198
8.846852141286156
7.0816333930857205
9.945683247061105
13.791605395504734
11.104852801118072
8.208049197407338
6.4878919007447164
7.524793135919894
13.122595622772442
5.482133399855265
6.943447612941246
9.893879830380502
8.1943673028644
11.946847720729913
5.652084045054289
14.446385414378055
6.771359345014026
8.3219515064551
9.64433151915416
10.597806255821155
9.705893566437442
5.429760742987277
7.989878275995419
5.1004699719959525
14.51730805909456
7.436965813201439
10.949515837960298
9.135138348438577
8.20284890498752
11.384123542928812
6.11161067608528
8.015377666124406
11.22419404197709
4.471755987069235
7.077708457152715
10.194168424854395
7.132989038137275
5.374870264218651
9.737632480722011
8.272872358588385
9.613082089105683
8.578313016279182
9.179577311903788
10.585613997917598
16.07813822784523
8.470118242356238
9.446332899701249
7.243147922573645
6.794487054766961
7.066023998622415
7.61607967692209
12.744585269625027
8.197893190847454
6.188218170498285
8.868677087184667
8.478285497237232
18.194338908592016
11.44466891530244
12.265734714452853
12.233904531910074
8.790241985978993
10.049923900664263
11.99068004873261
8.634675393014096
8.518027689815709
9.420676947665276
8.42942046560359
13.27275380234231
11.770716119877331
9.60760664380961
10.2063181090856
10.349823709814231
8.438101317644367
10.485152966460893
8.971440640700337
9.95382041140373
6.183799628114013
4.756237272957018
13.925210851721678
10.400153430651695
9.90083866643941
6.141908139586884
6.254644291107489
10.341484764602889
11.247250255358937
13.455407951263576
9.647827668765316
12.531368540004415
6.348392524516316
5.003592421288014
8.563813385972027
7.408451169357257
8.437182540373165
7.2228599336981185
9.892261379618608
8.927026527483333
6.07529295569449
13.441324541507344
6.315611816010539
10.594777654632768
11.83088097829229
9.339371813663423
10.78347524092362
6.946745177316384
6.856592760098715
6.778949954711651
6.758807079553495
6.6592572695710475
9.871833137840937
6.030716734756654
13.562511623787287
11.201970295240727
9.987743853675942
6.376905514284223
9.554133749603952
8.818314034452607
8.120883725505996
11.377814307549054
5.549174220298532
11.116370601885952
4.515240573019849
9.905450459216167
11.756675088818449
12.30444415601977
9.139528897211813
11.639084815856318
8.68871203769225
7.925972330726075
9.876676565868205
12.2492790762644
11.183163520340027
11.732012980787633
10.037982474714516
12.052335706256386
11.053335339732783
10.46967697893657
7.911117877264734
5.271209299845855
19.610880175441924
8.410983271325625
10.105184255702813
10.840555129604038
9.5642777952839
7.041834823354607
7.769419316352614
16.355616975607713
12.53117585381631
7.219400423979285
13.391052195180638
8.062776694754666
12.082101003401863
8.610597861289882
9.003607097064158
8.451959776696537
7.383297720277694
10.58028395982705
13.972101202223678
11.648724969932168
8.904593914619012
11.773007224562198
7.946165773256779
9.787608663814034
10.523977379217913
8.958713092088958
8.438119036494543
10.60463655853431
7.075510373016742
9.084369054609713
8.545474221231645
9.737610988948306
6.30129786645774
6.167785860037648
13.769250149755374
4.808470971799697
6.408562909066956
12.834522582522952
8.077931175309297
7.68561223736251
11.570533768502521
8.788349209727636
6.933757762465677
7.090173617346054
5.871532570546877
12.344669955299013
10.322437271014975
6.665162158469464
11.774334009650413
11.154173886530456
8.16181191666828
5.684358984458767
8.634404409221364
11.364233833272047
8.795695457328714
7.954697556423265
10.119553609186708
9.960679261734827
11.850319642922612
6.5882442261432095
13.094222524819385
6.928464264616374
12.643091453702523
10.323467190708227
10.18954315021533
12.504955638467663
7.925181918013401
10.42196703419437
6.668203291263816
9.734161625270998
10.225111782920159
14.743265777013306
5.947817439092199
15.836502431139584
9.042569706678064
9.755372433872791
8.018004343895782
9.044535334215208
9.97851808525237
9.221282346145534
14.679015947951719
6.721406752934818
7.644164267912494
8.953222069718347
8.999138236829618
5.805162446727174
13.619384332680676
8.329543065863101
9.318484318800193
10.163427254871852
9.141831396118228
10.368216768636417
11.19978558930357
9.959040272066947
9.234359520113705
7.752865789695369
9.433898096733328
9.537480173903846
11.285991160873426
5.270645235719657
10.230310306280344
6.543168230175636
7.457022062424862
8.832962706184214
10.515229823525637
4.63676050355994
6.513943945138144
9.709765204311571
4.958018684040818
7.618157840725647
10.773961030009858
11.016734615532943
5.361664405562997
5.628906153477529
10.689156201282495
9.239334884345656
11.126269147105637
9.562165073884158
10.629205134939149
8.367745994099716
9.23274924312043
9.081485164103938
11.74505353335932
8.84734275548165
8.80493431262448
7.466018651774714
6.315670078342904
12.00874712672951
6.517208540085602
10.215052367658524
9.304552452601992
7.498293141967097
10.013203903563902
12.707991689075856
12.553714329424418
8.990203849863235
10.596433795411807
7.565657094927945
10.21913816729046
9.820666900987781
5.500522222626457
10.606490540275658
10.324527212644602
13.188495608610602
16.29806774224057
9.020865821884502
8.976853899165905
7.435603565109456
7.827093488035558
7.934005077374046
11.693459232878999
11.891435431973516
7.596552580753052
8.836871427750214
9.823113351191932
8.633226391979031
11.647195992853417
10.849900984417383
9.979157910419374
16.13922918405497
9.996644757511527
4.467755734438446
9.698487394380852
7.087241124155437
5.351261679552296
15.062582411369602
10.430056041197162
7.225045793552481
6.677221826747395
7.686106503638736
8.262097848940869
6.37850434879981
6.366937552709389
10.730065997422498
8.53229525161518
8.444221321667019
13.59480891794468
9.582670685845594
7.624214543767254
7.995737453953722
8.535260673583432
9.562990030515715
11.852493375394525
9.252098139164985
9.436993708736187
7.461355687922852
11.161947047234428
7.7737266690338025
8.482931947884055
6.956642151007281
8.817091411959138
7.86052873977336
8.964609286274479
7.161215589115056
10.50915246177366
6.686190159155644
9.4030960940024
6.527107607050725
5.485877816045609
9.239350724334718
9.417909533635923
9.906293428310748
11.081856158847284
6.110948017915201
13.461780210863699
8.077000628185704
13.268097075578222
9.120385543171624
8.657923605322615
7.100084112514751
12.543144976662399
7.652311319910739
7.0231617030202935
8.710805526172244
7.114210439352312
7.107944797834205
9.80516432310653
9.1801819725272
8.060526988559383
6.839018647400463
12.61940500368945
9.042571284396473
8.598342801249435
7.73589884873867
5.486275464873785
8.961077986454754
11.715502881164236
11.36011838213448
7.010853953609961
13.335919376980565
11.092716229625228
12.024580844330458
10.608655570971443
12.507286190763084
6.01204939674238
12.04652561694559
9.974891063838975
7.585277531477851
7.1252142161099306
5.764272391110714
9.40212272584886
7.504515345729752
7.161045347280062
8.449700470302805
6.966941348030186
9.674658310402512
7.65494896677143
13.745211839133574
12.606079993628846
12.80732142643338
7.593556166747378
10.714219450841055
9.507009651708444
8.49697388118994
8.4312442148026
11.25884714817139
5.984900719945336
15.079918664625227
9.92029796911449
10.693377618294992
9.71684331377273
9.806928255715352
12.575387230808365
7.723692664995801
5.172590691496505
8.748607466051713
5.1913071729037865
9.75077034801984
9.261226786249962
7.309506450240172
13.896354534602597
8.060596545015379
8.836690469740304
7.195835171816997
13.163983672260922
11.919018302085085
12.014447595145871
10.703415158984734
5.973647369644294
9.896994665791043
7.315201745645641
5.050255219841493
11.879535712632645
10.326514060801125
7.770760472271415
11.036828129839423
11.961473677502084
15.63651853778339
12.229021531225635
6.424692896740392
9.681516235816995
11.654596891187012
7.252846019864634
10.067401323000102
17.223195302015608
8.037148874709429
7.47587095787336
11.127136276688907
7.220889394660067
7.684211232041117
8.801000569162031
7.664006370147357
3.6603955906712864
7.797018466540617
7.907116731993992
11.183716218359258
9.29697065064846
5.817036387412741
9.328704142668661
8.395740779923463
7.2831723198028735
10.519438574549554
10.775177661211218
10.37028204520627
8.884101081148897
9.688335114323223
9.22232638597399
8.608199220865869
12.092436542712024
5.333830974483765
9.440364396579131
7.433647307352125
8.321496732067228
12.218647268733609
9.462549593359766
5.736148846970924
10.094644710981585
6.469191529145145
9.004022196850935
6.412538779458926
7.590481934346109
7.478023460679981
14.389525936665084
12.347275861964386
8.760634264573753
10.76039415151743
11.571720925328393
10.98662584023214
8.92041934388014
7.266491971697292
10.745151035662792
9.519155771168048
9.548235209626977
11.677694615740252
10.106106895591926
8.439743015643987
5.967113705050433
13.666360987159514
8.734404069848976
6.74383415936622
5.940035400821412
9.771798241277716
9.991771139304353
5.952928625910747
11.989083768833384
10.393249358476066
14.907310728247388
18.114952410484463
5.434872652061487
7.911120462546877
12.076412717949141
11.681937875045097
9.131037994968828
8.298369991690926
6.692238472570895
9.706928105725368
10.557071400565537
7.167803057335588
7.496321714174124
11.690126431844366
4.618686021165557
9.770818254905707
10.197862126870017
9.727106342901244
7.629893374023003
7.681596725200247
10.061058664009046
6.731019531538656
12.102016025270606
9.733115639263943
9.339962501536094
10.075088650856099
4.8528354954687165
8.065956941076722
7.184606844106628
9.486086794708655
9.480593538696723
14.279884664705905
10.356082680116792
10.569604498479368
9.863514104578464
5.74833801391879
5.30278615586165
8.725199146421216
7.951369254688225
9.005191131400748
11.969376408150001
13.711835866454237
7.462121259177647
17.043460514865068
14.847080583336494
7.8279656779812985
14.368311947907674
6.358253865893089
11.795001194588863
8.511234775922299
12.25773175656364
9.002801472809526
10.646209873207061
6.573416448797892
20.57374278777099
8.59049313711683
11.132104996266744
11.070568096843337
14.649525949226543
6.496235168710672
7.052688523359352
7.931466800285407
7.8859441150763026
11.302751932150862
10.152903584163434
9.46230747407484
7.7483545365191215
11.522267894553433
11.053229514604505
7.240702821652333
9.8807955664202
6.405647734852058
6.965987509917642
10.352601879174687
11.5098427786698
7.819500224124843
11.197886355285698
11.167903413331995
12.559293442955441
12.419681085717482
9.849951728164303
14.924975076017544
8.453324997605597
10.603778582906566
10.138875476745183
8.269197980555317
8.297406059259824
7.360085079967018
6.868084266690455
15.429128373685245
7.775784811127745
7.570138317905804
12.506763074250099
8.254793991976515
9.117795790458889
6.458102263152324
9.65964581517806
10.25655457244735
10.380910243886897
10.51259472999542
11.470638965296317
8.045266359747009
10.233643204013958
8.084107851430074
7.802818222124899
9.728154359757426
6.443673083796661
6.5060297264648845
10.662408526830308
12.670596510447622
9.007573105126662
8.58418782459474
12.940284536021357
7.59348942334292
7.425926733148907
6.804066156217384
9.612061469349904
10.971624349365458
10.542815396988416
5.523885878606461
8.866387781238776
11.457430035654424
6.611813169761333
11.655243494830192
10.355898920923998
7.122117376199
12.882539687926057
16.022134498423707
7.697579606254681
12.904525392853214
7.3796990926356
7.916448285276386
14.35769462448876
8.255661071495691
8.6715504842204
12.268986934970462
8.247400114956594
10.73524864698364
10.604012672907466
8.998219526705217
8.283032299363303
6.8594522011380095
8.607913801463434
8.289015414031887
14.352674068296748
7.160512905444359
10.538220348222753
8.193748746865726
8.183452016735943
12.213216876201873
11.550141829186085
10.127475719344918
12.155888624947318
9.414172183362409
6.670465865043596
11.569024334351234
7.813515796733002
9.915527666433196
9.745486204250334
11.865953561709235
12.323996416284091
12.268659093630612
8.448539923072392
8.380190253605136
9.587603760353465
4.694018448281178
12.380747566056684
11.855680920966167
8.748880239485791
11.931767918010278
4.676912029133405
10.944002784727967
10.4848306924431
10.212452942413037
6.635928986714743
13.168090942108574
7.802952844529612
8.236377167661741
7.722590042360104
6.311749261755885
9.467702237964897
6.389661758612299
8.173929823907544
9.71503952788053
4.851497125350333
8.242085590804892
7.1868091873065225
9.768678987675102
8.02146149183933
8.086923095311285
8.92831006470888
11.340746945095539
9.426162630273408
8.42810017585141
6.990659203859509
8.0452270588339
7.48867309272124
12.478069353206868
10.442533103837947
5.878988667973201
6.515796291773997
6.3288556018135615
6.8095282528567
5.822547104737053
10.596106036838844
10.56665456962791
6.995025581590762
11.985447614488143
4.54689863590022
12.133838576201732
6.327417079945661
10.751175639971112
8.288900608472323
8.024558329519529
13.604347161643293
9.560882974127455
8.259780804533744
13.3862746344408
10.313376445243355
4.629488002112287
10.568064238580739
11.887666360014741
12.217639247042946
13.896861105360045
8.125004156966211
9.911120563946618
11.64387981286084
10.219467632866404
10.179256224111324
10.077394485559227
5.01519125658317
8.394808199924373
9.27638501755857
11.323892521580104
6.205330117576268
5.6824396826883925
11.149732864150426
8.102433471620294
10.8843539069105
9.191191716938016
7.927355593423682
8.030689734144966
9.475396515321496
9.425843169019494
14.411588890187591
10.167053344638234
4.196927519325668
7.862152154153154
6.724706869015147
6.560973218046086
10.628535289287194
6.82487656011854
11.526328321016702
12.255693078838254
12.100662093734678
8.053447394922388
8.03614159658693
7.707995283876441
7.355068763177145
13.062817926170666
6.239566924978067
6.059872040633649
7.1686617167530775
8.677243627292665
8.25538482103022
14.614298051280928
8.276138400312465
5.1403617061528
8.244806865610459
8.10371798813744
9.69896825504722
8.553327909003258
10.700457076359195
6.989282147249121
7.610973538559065
7.929770135865977
9.229310026328331
11.092644831185911
6.32373047913029
9.592222655987742
8.367181256580206
11.733318086796194
9.151825252620258
10.111100888031364
8.802529645305828
4.181937975191958
6.169042823956775
5.401788083450794
7.504945053126168
8.946051114251022
7.1130151756264635
6.735026074807093
5.892531302820714
7.021366411053045
9.432010195181753
8.734479275253214
8.291219107893694
7.934370832219148
9.960763604907443
12.275001987690763
10.580146733553558
8.018234337829405
7.626307095948374
9.259903457717988
6.167403485096938
6.817338628570166
11.148436525821825
14.249086605759839
6.706230763910563
11.600139596886484
4.7864258128239925
7.904417742823611
10.792081968705117
5.051030018664015
8.87982182334742
8.427294706613168
13.761133429568009
12.668636039967746
7.923998140791996
14.593354863813307
9.12667749747784
13.53773680803111
9.169234302297188
12.069576613536338
9.090350699414914
8.333039237204463
4.742377039393893
9.044155804331254
6.574231321303937
12.05455415103237
9.411608982816723
13.516762211489377
11.434583374278606
12.339474850302985
12.432819160313091
11.192145750123046
6.201416071336043
9.054657431808213
9.828770578806214
9.498987935635554
6.136664740667115
10.682464249512364
6.551159137586922
8.02216394720476
10.073020673316117
11.160324646273192
9.183918195887594
9.908463540104265
9.14345999603418
7.881752241140358
8.248638743167453
6.445996969611212
10.813243049741324
8.509247226856576
7.723372198385034
8.317166946825115
7.353144471117328
11.934701695106643
6.534565670074488
12.589970384339006
7.821793041955181
10.52335192408252
11.663706954823114
13.939490663351094
7.176983022377057
15.39989981060115
9.937624316586856
11.520251739058528
6.903647881912504
10.050764651925508
10.52358553643592
7.746437185778247
9.595160172840728
9.976747848167793
8.19081156801446
8.719540884177219
11.88100955955563
13.303536109987249
8.690138928110608
9.365788582943003
7.4810761053681105
8.647412785178075
10.330163253737737
9.733629365177316
7.841266781825092
8.941237787620935
12.000750899585713
6.399973905200223
8.76727279621958
4.374164618729272
10.534846199387719
8.239968028085187
14.743705988939004
7.933633261353891
8.673087281617294
6.533118218500121
7.690588200434041
9.451088538806278
9.176577128822338
10.550407883259536
10.849583300594636
6.706737599779938
5.442993867854766
14.554198266460755
8.145098662034835
6.9015261304025595
9.35648021932259
5.998994529237919
11.420485558984474
10.977701107971242
8.237977752233933
8.874714641773224
17.893853681500428
9.121810549423587
5.493210903463905
10.325527054535343
12.566134589718574
9.135171144830595
11.067124581768875
9.44129333716311
5.797893307479071
10.387211745875833
12.905931170257261
10.282598586235494
8.737789689894193
7.071058822170522
7.353046785099273
7.691865378978724
9.585892711752852
10.408513420410207
13.009907580068194
10.743968681381249
9.985598958793547
7.896259417900997
9.2888944565167
5.03067818252483
10.392066197243057
9.100150676488994
13.352671435241787
8.080450631110752
9.723687548092354
8.505371630959585
9.785427969083688
9.008242060384537
10.180282387834232
7.826281201585989
6.885631316227718
11.56630127982252
8.788539566048986
7.185753983385103
11.742282457764372
7.923849315891024
9.222663767470303
13.535431678621771
7.62501500423034
7.797592067531254
9.530311627908091
7.322354129431365
7.043999890283582
7.843030960871913
12.846491140344085
11.632954389679961
5.833570245014239
8.637066516714086
9.85567570151601
7.577528877859581
7.43057716936598
8.942115768015672
9.68988368873343
8.70331676818818
8.244158356792077
9.711750910729393
10.01229055301713
6.095514980404952
8.638670948479032
8.556450982772432
9.050562420818775
10.129120153522027
9.779804515775027
8.24970603417037
8.630716845586777
7.0982318002137585
6.327022359033842
7.944486017760307
14.352539230220698
8.698217786902003
7.6276246502213265
11.239303627481444
13.167439529672434
9.111887449077278
11.850008168949632
13.111517909099824
7.6174833340159465
9.668357771798542
8.822999761458906
10.109158039983717
11.740058225409625
4.433213453429341
13.836579522396736
7.694405657081657
9.915835821704373
7.705630270236168
5.811486853032647
8.050146690748663
8.519785761686688
13.576207989070857
12.735961466986033
10.425929263783292
8.484289293808455
11.460460527606251
9.825058127089175
8.62985564347226
6.662335437652119
8.710533892253189
8.756840000940407
9.603761347196048
9.509377670858816
12.20139001504992
6.971322551061773
9.743143013931094
8.075076395018455
11.124511851604224
8.214086581875591
10.056164235490698
8.429828819646023
11.600275069028662
6.486959253398242
9.345277532428744
9.045948504252149
4.640915063288359
13.930129066261484
13.70970845626883
11.31083624645275
6.818418093160991
7.680908303579584
10.813611554161799
7.445756693020591
8.781001696314444
10.733988609164943
7.673913409991237
9.503171177922505
8.269566517983815
9.671594925472608
8.969767360099953
7.925691592386006
7.563746830853568
11.618743029422156
6.648201830525824
11.317817850977505
12.7991685206608
9.107485167765804
12.00614440473134
7.450204641358918
11.554484627377072
9.618980993257924
6.374978995100143
11.41851281471489
4.7817861381635325
6.691992320566306
9.10318915292445
7.74683081031409
14.87857227044142
6.828052914279305
5.215901394891164
11.111282061777697
12.738112228777322
9.151787332508546
7.5314406249242865
12.119011770862365
11.53511618241331
8.260463328983404
9.347000425115786
10.193222786823394
6.679108891851643
6.609945463556924
10.94631640147164
12.163921943993412
6.875627071639324
11.856066289566652
9.808857233351649
8.505550159381784
12.220415606089077
12.154743566317979
9.840235140912238
9.651794058207381
8.644777152366377
7.929265709500612
9.035448535765207
5.357658857473609
7.70424041728989
12.761820885754855
10.502311814250868
7.377119571158339
11.08964738260975
9.014065531638888
6.136865831164444
12.077399164956814
10.516553894430068
9.585265760363017
14.974762270892535
9.63942697800764
13.155095879933148
9.764167261659681
6.288867629078822
6.864001087397957
6.796883024604418
9.455984894816206
5.522841008268566
15.76490498762832
9.97380220752135
7.533540307169753
10.656075692808464
7.937643110237672
7.576537493073681
8.774122673487552
8.078868828948123
12.44378585432189
7.633666979805115
12.179913040893926
6.653195541496136
7.3380153673992154
13.444743828151978
8.722036867837286
8.06442731701905
10.51657170995082
10.240095698875248
8.251459632497449
11.578263223164653
12.037295611352164
8.84097560916606
7.978076991927874
8.762103843191573
7.236531971421358
10.957447890061923
9.794409655376874
10.093148585600137
13.895019960154803
7.889815583258995
10.393793359039575
7.6548752592656175
12.932708302195808
9.078703551889175
8.177410111723903
4.747807236144132
9.750699888116818
12.760971138130625
10.024618423892147
9.616613859178035
9.068832226890521
8.066587323043612
7.606018984150527
9.037118785101589
10.215867789893647
7.069073107124654
11.79336287003434
9.634837527350712
7.536584102916111
5.956560697812313
12.366627489214427
7.296688010427241
7.605492814223173
8.004674392597748
11.856693261651769
11.857421587898845
8.852129133117936
5.345518857225164
7.234728570611597
13.66912314262662
8.91488755123419
10.430719126649707
6.8201146382606215
9.720668848634974
7.41844092621484
8.485479532543607
9.774369519898386
7.096099642114856
8.146483897005796
7.33125127446303
7.264131926408204
11.337352831586262
6.098857544371712
9.002338448847981
8.451911197081067
12.33973439720357
6.98391520277147
12.505826281173608
7.4741521512217375
11.933051229728079
9.682397817767898
10.93104307587772
9.337126113120243
8.011728867025251
8.7258816563669
7.105061031227673
6.5125588399866015
11.618644464269725
9.917581571674999
7.287035097434277
13.512369645793717
5.1787287384312926
9.146980667670357
6.453233036351137
11.780442880213936
10.407060565633891
12.403728356182157
12.964327860967098
10.306745410522115
11.347853642705775
9.367779842969602
7.417501163318615
11.878736764215722
7.78479305532094
9.077583135037152
8.855104152325586
4.597940310982753
8.158415631665237
9.586249964426461
15.00644042882855
14.662773349727034
9.317111505297722
10.487050404715083
9.961712836408337
10.910587939762884
6.273824279436932
8.08796866759116
9.75623798484567
8.725667355387465
8.301861404840844
13.170660280233836
7.562597317662949
13.190676641440868
9.136780708303679
10.058573679601787
10.53643870330123
7.170183070467473
14.311997660488135
10.982399587938575
6.965843559313282
8.810913526108637
8.060667476849845
11.97537671215249
7.972740247536679
9.483331397094858
14.564140078431882
9.747537485586447
3.9109368263741193
8.134120357962871
8.265999910119138
8.904623036016183
7.091020336176743
9.053654955102726
10.74622675399479
9.439000647889765
8.432832647558927
7.683060195479293
9.699378179444192
8.721950826888508
8.780341450799964
6.065482894908322
7.041908043764302
9.855962854829826
7.673500677506545
5.803892160291731
8.999200063765404
11.297915616967392
5.110881624795217
4.891724535852802
6.563044563483804
10.546145443649703
11.593484664037906
7.713311395261736
8.796824157991232
8.90159544597679
9.87498894468757
6.675721477765652
10.6266806870975
7.216019072809618
8.677611232116895
13.093496903516025
11.405718176348868
11.49926594852117
7.16903336584447
5.692286543938913
10.421688074573542
7.2515177321458095
11.053036817671176
6.588848899552942
7.529729900560321
8.311419756231407
9.790943181189075
8.915952631699325
6.714660473806442
12.794797024747181
12.151215173278192
8.068004809370235
6.582947895073208
9.782780674151528
6.660550114009428
8.402436882326558
9.614294354280613
10.3563576870697
12.647387579862388
11.79427758839583
8.26167475640621
8.002053629220942
10.636599676571915
11.955916841926047
9.870769783256705
10.796443050124212
8.667310710498818
4.136747401752274
8.139211072498533
10.171315805777635
11.129398638825826
11.499175403919788
12.022660705618149
7.113221120416016
12.32902933619689
10.757922793170097
9.444015224387485
13.444355540190173
11.52910263389332
12.580212079501877
5.199575644101614
10.224490569835854
9.989575218769486
12.041484442604528
4.740446502528766
8.450758157525714
10.232599140226926
9.878382926775178
6.737918629285755
7.529457333886742
9.15255109993153
8.45316008846397
9.838220084513544
8.252175377412296
8.685095321410193
10.53439606760979
10.198884749332858
8.756865124111403
11.156710736578294
12.093166274877023
6.336136879187048
7.992800757148739
10.663249743877525
9.778233705633895
6.632079093173243
10.800543406859155
8.811550842077885
8.057365523814022
10.54368025444785
7.156924716098004
9.765020101334995
4.968730609964482
8.48436272661598
9.353748506892803
7.193496599011325
9.770090150172859
11.465239542720012
8.749446985376782
7.368819686450272
10.04483895501489
9.639624293829922
8.840460589876384
11.85987836606457
7.490773696113457
9.882692244057466
6.6799928585170685
6.957159981584948
7.03474215442747
11.671879568015381
8.929160772987206
8.122128424255678
11.369240722975245
10.956037353438665
6.54119921694795
12.561194137521484
9.44202747974092
15.27676771148002
8.746990831517975
7.809944698373257
8.872048023731885
11.197908866725854
7.023900031787707
12.143335838428241
9.774073998180059
10.861313304881515
11.887291536169133
11.486045759215111
6.9592660074671215
5.444038871208741
8.13190684461344
8.29214437310213
6.230385547408501
5.737356104678723
5.504291534626593
9.460048163335792
9.71291267652708
7.542392723170627
11.673228409480812
6.514969308205577
7.2598212752487745
7.297517710292276
9.105048545048081
7.381570626214143
6.688171041992982
8.871813496211042
7.097479091098317
8.180241564796512
11.093549927431381
7.197182011846354
10.16414216864079
6.649342818047297
5.7289928174178035
9.215773714654217
10.78658843062924
10.873933538245359
8.977552373548022
7.455310811243998
14.109710108388956
11.120871723543077
9.014409615738803
12.395690572153647
7.465218553386305
6.117378046515623
6.3844059541975025
8.832016638143998
9.952740769540316
12.161325736356293
6.246276366716416
9.525656733036916
7.831470407964973
8.205382908005737
11.385775849536579
10.331035691109355
8.986316603685902
7.4074251817767
7.438737044930284
9.605032986818536
9.621781368449584
10.482171234217304
7.715007308808337
10.573708006644868
6.085655177136827
12.965956294763528
9.011020719396974
10.104618839441011
8.134310470759871
10.307648972309925
11.863534890098611
11.854315178103988
7.347153716056963
9.553443279713614
7.719598565251803
12.906757424458556
8.41099834323701
15.811783699757173
7.4469520956752175
6.2171646325268215
9.80371226508925
5.5098493641398205
8.130514700238383
13.714637233299968
10.784216798854578
7.026699896062574
9.52229122524258
12.650208874595895
4.525430421514659
12.560179998622335
9.126661696853393
11.156597952729841
10.01707509449355
14.24493358154921
8.015138856697055
15.775865697987413
7.6523880511222515
8.061939473588073
9.84407461150818
9.894221059094594
8.378797940677089
11.256737589638648
10.89763396111489
13.229185009087635
9.973488131282492
9.314969312620622
10.767247858925597
13.768882000277067
8.679854924400832
4.966106887385633
11.346743988847532
7.827971102820823
5.84257530993943
9.74145126174643
7.959132877244858
5.4807658146117735
12.27058277375202
14.408595413077432
16.554899377778973
5.431971187098529
9.164867177654168
7.259527859044833
11.487300043441975
11.63817509627188
9.14166498631656
11.70762010759715
8.49146698459373
5.023632520839651
7.797265307099993
9.623648629437069
6.661272213089813
5.341379531173264
7.401728181382099
9.240855846611836
9.35722874176632
9.799971687316
8.092575206963454
11.02650684999226
6.738747527237973
13.800967365540254
7.184952487454317
7.871380701283943
7.945208947894105
7.9863449158545015
16.145814319965677
11.706249946362275
7.392400972103605
10.3644720262979
12.977852318376984
5.413726796622523
9.843072028042709
8.27253375409379
10.37507205013284
11.646309109427714
13.305954198215383
6.883692739535102
6.825256539719018
9.524628079217521
14.29081546469599
9.9210559759219
10.835627820023621
12.699743926371843
11.651795318050127
8.820451090266394
7.475303981084889
13.519833672743713
5.6835607873103715
6.816674477680848
10.174647593663277
8.435466494298987
7.148960549516518
7.938948847381044
10.695851322004597
11.282978243110154
7.03505755267175
8.296488420314944
5.782915264480348
9.474263574053365
9.355290901571447
11.582674786763858
5.7978502381562445
6.421131695504963
7.645098075040082
7.204934856144144
7.419198611683381
5.217875715581778
9.087357372700804
10.52509581263263
7.2152949464771465
12.722567564911197
7.512896328122463
8.55089309399794
10.26561116245093
7.67988486809599
7.811587761557727
7.870048751713524
7.525509274605234
10.637729555437707
15.70356849843243
5.972845873472276
10.604187008497522
10.17912303957051
10.80706763330605
11.428968695640771
11.268625963984478
9.45953766677856
9.666963242945654
10.833772798773841
11.042047894774207
8.149102130200514
7.013547601718696
14.630116756264009
8.357589562363831
5.522940952934442
8.89095224585616
6.6174905537540445
8.470400781750481
8.344757017618694
8.69352489440089
9.91916314167492
6.76546737357338
10.05752045763454
8.793797238181957
8.353107807571863
7.588847214113978
6.724567551644643
8.666137564341371
11.948178929069286
12.224673177161534
13.118005277408914
6.777933780389829
7.335285182185556
10.51160008245594
7.142479991433929
10.631752836476627
10.51292448247653
8.79131806432361
10.722334202522667
6.652547595685666
10.244978852611753
11.833469033028944
13.069552509487117
8.799916407268258
8.403127409552216
10.29485046793062
8.836149329586954
10.078513507368438
8.07983299616965
6.189399212008298
7.487828283017231
8.330538886389238
7.8559086756345735
12.595093618043121
7.516016465928425
10.80778324210312
9.51221574871096
8.287894799381807
9.909195179193755
15.594304510499924
9.864584356708228
10.753464334944761
8.11559957657909
8.532668069094704
7.3319555616455565
9.756994303373142
13.430846530949253
9.298519530224816
9.855403283601596
7.5259786042252035
6.485416453310459
8.552943134367865
6.624781211182872
8.47431320389718
12.061546945760462
8.710772222519353
12.208140239632751
6.729706625537044
8.531811786073355
7.950251685781253
10.814505240954722
8.838593845639938
9.498389164584925
8.345038048434809
8.26045079173402
8.638174358723552
12.250044395923897
8.788579003905541
10.551839107404069
14.043199254877708
13.869924237416917
8.952821527058886
9.385815715358941
10.139314322285337
10.194043306980513
11.651906576422322
12.948943300369853
8.105749441814472
5.635174395892446
10.307118061327571
7.981504973997382
6.590936270809501
11.730070610561869
6.293277822976662
7.951215831124298
12.58205666742517
6.915169175054178
7.726224216096167
9.002234962441955
7.3372569751722825
15.182354927504646
8.813108459694869
6.904001157152888
12.491053306199099
9.105117280516078
11.217588731678521
6.545752768922977
11.925108892691433
11.624715646000562
11.351956827920196
6.298297771304724
10.704329956380576
7.022730719963641
9.856864469003348
13.416763237545174
11.04029124349624
7.959055090477643
6.3605346387588355
9.475047839089727
7.92606552430012
9.968189164707011
6.691445889913557
4.969658199591014
7.201666610286157
9.61434315513769
14.019401965392204
8.750910034619476
14.292489491775095
6.480787820468479
8.756113310545768
12.401119631277853
7.668057914278636
8.718299781733627
9.007837317055186
5.405767328104993
13.553469331238125
10.739893576598943
8.14923716827053
10.13512321298546
7.583951788387208
8.163592648100504
6.5087272640134
9.662148430733152
9.67277729296068
12.06198866083109
12.541550163631587
6.89049083923317
9.04693763630777
6.262832042862241
12.70433831158832
11.683634886712564
9.559008091662788
11.201331792968924
7.388083769127757
10.659117451688923
8.894993502453314
7.431396087045454
7.911521012971471
7.3170202852182955
5.1540939650706665
9.162594919425885
6.783618577354663
13.157032840107712
12.391048597258882
11.271960753968044
10.380215585402661
10.381941045233358
8.771426063649427
5.8732957196165945
8.51197186080547
7.464510932159635
8.717199015744743
6.124780790125
11.71416610184282
10.49332688403437
10.162662692850317
9.723623262929156
10.588722669297582
7.416940007495948
9.11103148288893
9.575108400187752
9.016644003398481
8.56335041960285
12.851858788992592
9.582555242030109
8.968245677957992
10.640808071558014
8.199689214503417
7.14189714213663
5.54359462770809
7.925994046602625
9.96277366711014
5.776789576537191
7.037318087508941
6.7348779500193325
7.23351377692444
12.476400922910544
8.322959746250646
7.622998817461543
4.563603175551349
7.146429285797923
7.515531257431621
9.153549019930967
11.415817312597042
9.393883619338867
6.088490968060867
11.348684163713845
7.567623977542339
9.066821397356538
10.319590900724215
11.611840892789115
12.01314571792581
12.885024609547854
6.446436923333956
11.832406619528808
6.523072466678953
8.685490543954694
11.747995520988312
10.212929121091875
11.796015628433592
7.159733536824022
9.254561361508399
12.647965274536169
12.586164196884342
7.162523963137193
8.27132648928005
12.763184670028718
12.798990155791598
11.465658544351353
10.125234842056873
11.088975704530094
14.30047196594654
10.990551498098782
9.184195327692727
5.346936171974984
7.075652389273936
9.83256729663027
8.35745654997967
8.60556001088196
9.791983391811595
11.37797997021971
9.66380398608228
8.9733673920046
9.96537896588161
9.801112752287464
4.049855685445745
6.048295313875075
8.424416765373625
7.1932325217571975
6.677630939949696
9.995586877056406
11.400967276334589
12.165223840887709
9.634921439113244
10.936766082510728
8.10049883594615
9.60292147918228
7.3175825026511845
11.017989351995647
7.968297120742281
8.363238164563782
6.8454293441100615
12.190286058229761
8.368657394437887
9.353650486321866
11.800001273412878
10.164315093468893
11.625206512115055
6.63999018481507
12.128917633267411
7.099407345227611
9.646336000245077
12.115829364152377
8.23202309424211
11.112332225321364
9.120630052582431
7.419843142217205
7.883518686343511
6.3167475355223175
8.133213335555867
5.902016257968669
5.268832036966812
5.557861409151814
10.932598795783596
9.254888156572797
10.609336706672895
5.415213977788338
5.274336714922604
9.064862002955657
11.679345392388457
8.928278122335156
8.86728862724122
7.09222858771545
8.945293363646899
13.142246749752214
9.633441889637938
7.546250444048475
7.634681296830127
13.125392778513891
6.914683574432018
5.768797834379413
10.243694179548068
6.964235274943747
8.021017269056077
11.87882671510166
6.46121533088394
8.412765549324476
7.694936451855345
7.871180920014292
11.093964680871302
12.00440262816304
11.10272383127252
11.855682070266422
14.425818866334769
11.541625285095297
11.330938053128023
10.005651782802639
8.582465914455305
9.219101679224135
5.5019992852154935
12.273404304397674
9.192233537042148
9.971378540863778
7.315006324956159
8.840731702211194
7.3853124793801905
15.835331616573859
6.411825109388134
11.879890567902413
7.5198378280464535
5.269558461763095
8.812360143922678
11.742167328993752
11.19514085246019
11.292719962635736
9.55499283294981
6.344086835190535
10.939130358469695
6.796020653105068
7.822823257323559
9.487115063410382
11.952608319862295
10.467562639290366
9.127551838065134
11.622177454566998
10.095567136257834
10.056756879384793
10.949689144712009
6.726898444739724
7.879573658333692
8.603565827107833
5.189231958312378
11.713342990697543
7.281064452329118
9.09568632675188
7.460694327518732
10.169579424007626
9.830290435413328
11.201490222051572
10.52469222324265
9.441455863708931
7.119889138203299
9.57336117729196
10.14474697969337
13.589989799626306
8.464744305657177
11.199031572125207
8.416341544136449
8.378029163389737
12.286715284091846
6.90128367580806
10.918041928877445
11.454053426601057
6.533721687722759
7.341283163292001
10.73873610428609
8.822088947233611
10.380975021574269
5.500052154771755
6.111934373766125
7.9435356279761145
8.59489917625689
11.475105706904838
9.327836636492037
6.824379081234255
12.921650540009248
5.440509214067743
9.862254910738473
9.630911752956386
3.6398328118713796
8.163692193620964
7.248462095365596
12.681001769557321
8.349088455044509
8.216207258470881
7.907582399290948
11.241856868528782
8.607390298033472
11.134522233412778
7.35238307870834
8.1867639076348
10.042435128823481
9.0777429710076
6.566933990894652
8.223631404954618
5.572957171046554
7.07612732761545
6.808392296199909
12.06693899526354
10.66146715281659
10.267433617029562
10.918149487350034
13.072478220793895
11.17141693684764
11.068747809397543
6.6835256896915105
6.183880038661696
11.476173964953649
5.152766843320718
8.306184279089065
8.833827072726999
13.088357335573836
5.410390876644004
7.206347709986964
10.66647287171109
9.18139310199117
10.859968358342877
11.506992572892646
11.079272830879374
8.628244644545314
9.918028394452298
6.454834450297913
7.126299715124987
15.79364896200869
8.994270342300965
18.839582589503664
13.045885537628207
11.868460253310495
3.6540095243235005
9.131482974326694
9.271505082026902
5.402631117596174
11.758121361472133
5.683732955634804
11.340954604984734
9.026058219648975
10.958102949574428
6.208209216036662
10.98334129979041
13.554071589955505
10.718430933267951
9.627769583777203
7.680279410748703
13.427348956535399
9.823007572609272
10.69519327580867
7.177471763927105
8.55905777648578
10.594554227237824
10.767593217021313
6.642877689219989
10.560586811758165
9.183179400056748
9.590719275716046
7.554841355373361
6.340138671608608
7.468191075160329
10.676870443172
4.697920955556987
7.184648223994781
7.611351903241813
11.26594301781309
5.157104026799423
9.810203264462505
7.750411117123941
10.592618923464492
6.745434578647977
9.968812268073087
6.686870746996365
11.771781336385644
11.68530568714658
6.347673881806026
8.27823158358049
8.297281480318631
7.498315093047216
9.531784845523259
9.657600338149877
9.057075465094687
10.372032126216837
12.409189400157807
9.38406039951223
10.280091399242748
7.1180695313242035
7.226954748365399
10.137123905279712
16.976347684188173
9.186140834452852
10.681064437921671
9.01368875411048
9.478874976306304
9.306565940840704
8.541019909987046
8.40207595775587
12.916296263273825
7.380987027346249
9.040646137797092
7.547946216249694
6.795033479366186
6.652384858940344
9.082504521547833
8.747699763920169
11.741940655995585
16.75277807902352
8.572246205730092
7.145038048860636
6.023038415584638
9.576476664716852
9.386161148442634
8.961065053881095
6.885495183386915
15.057706425927474
6.338783825987972
10.071566271744958
10.001340746541121
13.042442673532845
12.441950165695612
6.943743594265579
11.613214426635853
12.13774562105466
8.913428180552271
10.145372319427626
13.093686944370381
6.141587984834087
16.51589634083858
7.0839263098642125
11.364308457806144
5.521813729793245
9.58044521341389
7.624536964748235
8.831103680914442
8.548106194192426
7.546297097207328
