226.6785304941223
32.092896402582426
16.109419230597723
12.331348265910398
11.903921054960744
11.103204916711665
9.939623487965882
9.284316377608167
9.079842175039731
9.03507529565146
8.875003322320174
8.793775442434704
8.743643129955126
8.660715572481795
8.628121670083008
8.516591586706628
8.546890417245734
8.539796837446945
8.35845534525842
8.35231945834647
8.20734431515421
8.122188634094801
8.093849569151145
8.081334124752706
8.133475886409
7.9838948678728885
7.927576550437787
7.903125826559333
7.819235376256394
7.707914517019032
7.784960908109832
7.62140186126359
7.629693126573623
7.556646158869163
7.488511635950483
7.438841314460469
7.554212826604703
7.435643449053548
7.377331793754025
7.368505849664167
7.3023539496234635
7.2823250591113515
7.34701389624278
7.275482898638351
7.231483827642219
7.185868478516439
7.139952207301482
7.178567324484792
7.1896169382757975
7.153640647533144
7.065041120855248
7.109802209375827
7.1843298933979876
7.105160367637908
