475.5395054259724
475.69172185476896
397.4049538575785
329.3961018043568
293.33416151875065
291.6958010528804
219.44923360077507
262.26400039379297
189.0676566904904
119.10072323697554
146.7810489696824
73.26939969133625
103.22457382529413
69.93852612206031
49.19015043687548
41.35644392684158
45.92561122758744
31.649614134126956
37.53562555243949
22.34427249806539
18.463927711352213
40.41832717583015
24.377890617788953
41.01269107060003
25.201203355700784
34.5701950519459
40.34052230993946
33.141100362909924
40.01138367747293
31.88812968879098
54.94298403181654
31.955762465837168
49.3542668983637
36.37596772398553
41.6420245382233
29.811579896812823
46.78810258683628
29.07327604751054
33.734007792242444
22.056895893579
26.170492337986573
21.534076489409593
29.160831310658175
29.947677349878436
26.97537440185801
34.32701687733638
26.311342988196017
28.149712232629
24.15094771853232
21.667446746443538
32.15716227949991
27.650946664379344
21.257550497467744
15.417198084100173
23.491177705775097
35.043387261120614
35.63868569436321
40.49254829141816
24.71866340622278
28.900786686706958
22.335881098426206
26.778908062375027
26.42619498019757
30.828683188926792
33.33345147707727
22.650655263054265
19.51843099399071
19.770642951387742
30.184645034690522
31.41440927053134
24.69584143872614
30.889719077319338
30.411988707278255
32.69380835410474
22.782363061580178
19.95515961977592
25.09191061514471
19.265926647053565
26.754550749097678
21.743956443358233
21.055927012884993
22.879453823794243
24.245834949672197
25.569876935187803
43.44309844451985
26.582098191824283
21.90991316421906
26.904872058675632
18.213884951714753
32.94254801409084
33.17815564081255
30.38975910862673
35.930512285682816
32.674816401397734
25.717573303900192
33.23886919232841
29.885684368630333
19.74385339735283
23.015964738835237
23.232860435584488
28.731126770467675
27.24857437837636
33.23728062196679
25.345667261212483
14.220609429573802
23.569519764068005
29.11984241506739
23.13140385888084
23.84675186816701
29.606819636443365
34.12716072202983
25.560904821940028
30.55285660148192
36.18992471580674
15.20755962066968
14.995840376148365
25.11570050289093
32.0028899498124
23.00031274697985
40.234733272603876
27.448015031251398
22.11626207869346
27.41893451607414
38.963126141529685
33.53772026287991
27.321024433535122
21.598941647188376
19.62068985019158
21.277607075495283
20.32138466137943
44.89721651350686
18.77549820199243
34.4486630523545
28.64899613444427
26.866820863675688
29.975952124420306
28.098590479594233
23.00251383330547
15.131809060605281
25.42695117749424
23.89998675562117
29.445890750416737
21.435057853332463
20.40347507123621
22.638233754560304
23.52155831658894
25.668343557874095
28.936195714823242
22.69772987102253
24.474517191021516
32.46952582144573
28.714226700885604
49.770122522330816
24.626775884613654
18.477682545332208
17.8785937850742
25.62111086497068
27.052863931583488
28.517388396484716
23.215807337745293
33.35183542437601
32.15703890004886
28.695788924796638
36.02406969603375
23.54977400203894
24.305266765516503
26.581973561666693
23.45458599787862
23.5812472303574
31.661861149687887
32.50077616742938
31.15249337356222
38.59690834843492
33.959377969651996
24.073524924425588
20.878362355229747
24.72388094768347
17.642899747232192
34.90594380157654
15.04945134755394
24.91939455451894
26.0817615752437
35.562800741972275
21.11406216220396
32.332970397647536
42.19412800736435
21.938520331490583
24.264186296289274
29.399411117826023
31.389657199160453
20.58293542859658
25.32747181396715
25.467975317296542
19.975251183088673
33.540477819580886
18.732245217233285
25.034344253183612
22.74638474560186
37.821908424736904
29.12743248234348
29.104755269634758
27.305489839636927
19.985081835665536
31.339968114988757
26.072911390281757
33.85293125974644
28.7272935366738
24.657987856042947
21.343286978661208
27.563764507671255
26.063546807998904
24.100117202105693
14.429161240694096
36.05811250467513
25.80007198778866
32.55791748533996
31.871457637181972
18.266358332912795
38.7330597086499
28.07886614929112
25.946593379634976
15.363984526434727
23.139120010101788
22.541958286581814
21.835007420330367
26.956895189806097
26.433733230679586
20.878345530934325
26.33964964164846
27.65108347112337
36.93833381274298
18.793968053294353
23.16433202791571
23.826124271587535
32.78472357285593
22.12844968957595
18.52078846462879
37.24157957240968
23.47719120592334
12.346412985838862
23.806354402894897
26.50239565096198
33.35446967588686
23.876068016643394
20.999046510511825
23.96849006267417
24.16247700911515
22.4009001131776
26.74318296743383
20.97585278062667
17.595185779053963
28.5920385872526
16.4816520705264
26.22740866212642
22.580301902399043
22.540427375878423
19.324269252318555
21.392710713743178
38.11909897249243
28.103852572114207
28.597631594798568
25.245755356052836
23.387857653788075
26.4929289675141
22.456224485410207
26.944994768389392
22.15198583995874
28.49170769826635
25.244030229135916
19.69915813304228
25.947771925291125
28.77263708257527
21.848141609849158
19.55564174982957
30.516270382775684
36.22474603099836
22.950612205146555
33.19384492527794
26.14311483767086
25.59364842403128
20.21478889218606
49.44477027255861
17.805306897777513
26.266857469669624
28.337435513586506
30.164948930068363
19.944268697594417
30.651583351173784
30.765086831820813
29.192703639535356
24.288273456126934
33.812984301738595
31.492075214877957
25.773421179457873
30.332861084449746
24.379965306926078
36.994642243046094
34.2253201541202
23.671406970732114
24.75002812812238
43.245170869424335
31.42901349739253
15.394653295120003
28.5302301586838
32.48446300587096
25.44301859078172
22.9896896605009
19.52228299884366
25.122406804756224
30.609373428432747
23.59517185552757
39.71788879233126
29.605069835630044
18.259961563653164
28.023941510765766
20.229221506793785
27.402808911306035
13.078089416620553
31.42013453077923
24.37552491849578
21.460153685033934
25.217601001318275
33.99643011187037
27.826453907913134
28.184057107888865
29.773376819162085
36.915142483249454
29.554640018121916
24.0873630816944
41.862158265429976
27.121771078680762
37.34194097766819
23.22842999889966
22.735068643624135
29.762940168044178
21.703812468316915
23.715227145590507
16.635065799293404
25.501336164696447
22.8355885374003
19.0703474682677
22.949437050223636
30.004808596518163
23.583771086927637
25.225621849654456
24.34583772700493
27.23870592937217
25.248190164354217
45.86280737223605
21.257148262198232
32.29928941225661
31.34433699699147
21.547389421982
23.86208801011371
26.868394440385963
23.602636848305263
27.517716374761264
33.28420201048852
26.485864779579877
21.22830249994438
30.2897426089432
28.858782944202087
17.546857445578965
33.03169673274607
27.309923967091436
28.865475247758276
23.75074726026002
30.014832757771863
31.21746161627284
21.355424230401617
24.653618507217082
29.330638581106307
27.13896529655504
33.56755148684814
23.738989198972536
43.54052252133936
26.78221713181924
25.066230872241295
30.848382556560423
19.3861012519534
22.518786976764034
25.208782459824274
23.826084673964797
32.04620548980909
16.292646421733437
30.839674459344934
40.53403539734092
33.189001819355376
28.230544798992874
25.37143457167761
34.53854478240837
21.605520347905397
22.34762645968256
26.186479276683833
23.191721899773977
26.135772337851865
24.087942917340836
32.1213037288264
26.235864073749553
21.36460857715444
29.485173092594092
33.05989024923446
25.985754007576144
19.76732649149199
17.998504098759305
25.689583167144598
26.738980059620577
36.220835536431174
18.77991916915691
17.455664850723686
21.044784447413168
27.55587202062645
20.430522477985843
36.783324789119284
27.471106792237133
23.93065805475969
17.502438348097588
19.807380275018858
25.08759917728912
27.525797585845744
28.112976980219656
26.439929952840025
29.324958814289285
21.552394713596428
26.858653409917103
19.797255416877736
26.93234562730536
28.410344365522988
30.52254365751395
27.366089515259194
32.995078661549556
33.87773549711542
18.080666929156017
35.33751599598066
29.86756589214366
14.855475122164346
17.126911844566116
32.59947610855799
25.777119541744675
44.69558884467819
27.55745974456458
24.88626695404915
19.919991266186965
22.652163824144065
26.227909395076672
22.941787280618957
28.95562077762202
20.728189758887098
23.25609696018351
29.369021531758417
29.810896371764773
23.12854872186424
36.813702939806426
16.453499970570515
21.859090529769396
31.840020813447552
12.036035677512489
23.382566406578984
22.19920639854342
17.761987565370028
24.042877732956782
33.467679054198335
27.139581880821666
36.29243453909793
32.810683265323064
31.752279906090035
17.000108642366314
31.134283815455944
21.7590418840333
29.083689495110544
36.48652470938182
27.723340562470707
38.09842336409792
24.840564532401658
27.840478721740098
25.399238571625922
28.769567370813597
20.189211761140562
26.052218736478
22.1355171685984
32.00097976928741
16.18604620966865
38.62162808201138
23.764998126223745
33.87223574319299
19.78667136619667
19.31975409238259
23.758811581468354
31.459317437747053
27.31624254376551
14.057485501370765
33.24391960764701
20.433206778863845
32.07080567500513
36.80110994415177
31.922664815040868
24.206672222039835
20.758393968522405
32.794925241565245
26.711169493429725
18.045885722662703
30.272067474016072
24.06830824228896
19.24790819459282
31.062055250513836
17.80418270630665
26.283332516454085
18.898814745860076
23.804525503865133
35.95069714953371
31.5367983871627
25.032013482187143
28.831371850890307
29.697959885133514
40.068506173812565
24.46890153848492
19.303999010323665
30.022501219662377
13.794565010570468
26.669258047083193
38.48524845837725
24.077592905638042
22.666303777317783
28.977537644823563
28.081668768822542
28.637241053007745
21.280393823754125
18.428949724054448
18.995044538402702
17.890301794205293
23.734650290619314
18.720905461297814
29.91941308744741
21.003369782357257
30.452345011376597
25.569952285573848
22.52004719515099
30.609157830300855
25.474007950429577
19.636787277401297
22.605318840334256
22.693848662353208
29.69539244722712
32.49391901093541
26.25819378850777
25.464312599111217
29.00034947414235
26.980394153713185
31.189687943478518
24.999036492999544
30.252269916954393
29.093367694378998
30.306563616275188
23.735798094335493
30.9240299764017
26.980558035931264
22.846863938647324
30.178256867912673
27.278431274837807
26.891066414535825
22.415659752953548
28.428472353622507
9.747014345939697
24.29763194307208
28.059360476604645
19.615398514495546
29.78238340601676
35.31562345102252
20.30331557725149
16.51494999950895
20.4997617152602
30.8610577732528
26.8829212555653
17.84478509028945
32.599087791998166
29.88882322793158
20.59319457582288
26.400336265905107
27.826706144664914
34.06495400695705
30.61132185251958
38.28690990315351
16.998003778427144
32.705712901297936
26.418514571396084
23.02006963128165
23.264883865196996
24.23611181318523
25.025799665920196
23.21726003981356
24.98309169888158
31.294916394187755
31.79476063665569
30.9955686223787
28.826047446695135
32.28138357078681
36.55020056841342
29.92924611859808
28.88181029779748
23.914017814522797
24.549984261930746
19.22898573631146
25.224388845449475
29.499548778932912
38.0268355389257
24.623874015192328
36.46288683879795
24.914165040161876
30.900492871432263
23.130864604382896
26.70549840397517
28.26348547945968
33.11381221382898
24.80329256181961
34.353521017770326
30.463390377082984
23.658156847597574
24.90206764364214
32.26822882575523
25.25157585285137
24.09794319242826
30.44011166937463
26.907650591560632
24.390433437284102
27.56662169790977
34.320122490647705
29.566412511199385
18.199304097955487
32.64218368403278
24.480416557289136
26.600480424426177
20.08013381782986
19.517161123514825
20.466984695845724
35.802346998140635
20.38174140747988
29.202360490479595
21.525641039698325
34.48211467699052
39.360476460296354
30.60432468779367
21.460155281896125
34.4866948485367
27.912849059280187
30.303616728523362
27.15426390459454
19.36176068747237
32.86591427007372
34.01541624871561
16.761867214503173
24.419803894113937
26.243588739559222
31.960573848794283
24.713129190182322
36.41619865866792
28.388526146835265
30.304478256792805
20.757586491155404
21.077746678500663
22.96408979534248
17.904353457837292
29.762806644576795
38.01068144127077
19.37222861565368
24.76754688016166
23.08978704651126
33.976325717188054
24.158328426641592
24.41837126598102
28.43706308346651
25.407893318578445
22.43871307876116
31.519044557768783
16.29565518586909
20.933017465914418
24.827452313229347
31.517834294442736
16.975199256249493
33.51589363905491
29.75482476188177
23.660197670772913
28.050541496188142
29.21841384205322
38.31497158411247
30.237081728864812
25.04017308543413
13.662635029325001
27.64937632806167
30.443905502125073
26.072261172863815
35.0192465551655
21.745577886646043
15.786615605052257
26.87744817107455
29.500301805847883
23.97938780245125
26.64557934052994
28.856916802139647
29.299949891139793
20.490787526425482
17.132415410136613
22.833328958564223
31.911831588557487
27.31870826833965
18.826840912787134
23.27403239851488
28.62845811203482
40.23206559952807
23.572006241428976
26.299508273976723
21.330797161790045
36.266873193635455
25.96071233108373
27.720330242028542
30.152688831413382
21.440080600132074
27.260195235964
33.4011835146176
26.180330266382583
35.40085986085708
23.20927234019514
34.986557078893185
30.943744257693396
20.5848896149395
20.248833835518866
23.262174188802014
16.083020016165666
24.514439649475314
24.369768645535544
28.895943423568966
18.851461015731577
25.150826649926394
23.038752994958465
30.179308690961477
32.16740665682231
26.740413748448113
23.096563114027674
30.095434963134473
23.81711578155571
34.383453664746895
18.212437876703113
34.20950191514014
20.581911862586626
21.565513247562354
30.876091737216566
28.885495040699745
28.808870692662513
27.307567097984897
19.813432570660105
23.613773554135832
22.152825552407197
26.644941681071337
24.333623149450492
25.657541929587474
25.12126369228428
23.415935682487063
14.054713449049633
30.819542729485654
23.71815004473775
27.177650693278014
22.967934784008794
32.068425948218085
28.05324800003504
24.295602791727365
23.002556927978002
24.76733589067638
23.73845889163298
32.87695122240537
27.587703781710882
25.208601252326602
31.22276153461412
18.488112873485633
29.703549018030678
22.76344434796666
32.66110841186382
29.27444716139242
17.207327939324568
22.618784607934188
27.264449957431836
14.906983762164128
24.303302788259813
23.794427355306226
29.48607714182155
28.790253360562655
20.644745768251596
29.051504753432777
31.463036771214675
30.937520881575953
21.37998508895318
33.24075558111155
28.225872662524566
29.44925021099256
33.467333478023384
17.325194206991533
20.983396917472273
26.700168695485406
21.135150963373512
26.944953470499584
22.324240110092962
25.322312977360877
24.65173851745364
32.380540029463084
16.355230022055327
26.266066598152133
28.969852627893527
30.30460259717818
29.813846592998093
29.515105759708497
25.276230850782245
27.249833155275155
25.425472546221346
30.238137804605316
24.80635989081815
28.47420507656625
20.915570465985915
32.19230421649251
27.011097955189783
17.769097934540312
30.757734250238567
30.20346768632421
20.040805437581742
14.15951215793404
31.962207600260793
35.89904845979536
22.266068651252635
24.089364789737306
18.61969243231719
30.314456729174015
34.96178272844548
17.001661915170125
34.922926926512154
19.789698449652676
29.753119230539866
19.71650633578666
31.060769633718838
19.182502450850198
25.819789103571388
16.762823720201396
29.945067483903898
28.35036183305017
34.136849194822034
27.803027145871212
20.469078266646903
27.15859095240823
37.90373106799125
41.26000798702016
23.642425541921867
29.351012788770753
28.074839186954236
24.885079851296744
36.29909515389291
32.35180928248416
32.90068978632406
16.411500409164866
28.312254291238876
31.36723582680933
19.64274893037003
17.52539857641135
23.569578615950306
31.0908581156577
20.061201298835098
25.74275004638118
18.672405618277512
30.79595699184529
33.148390729940196
20.435688796689597
32.212953989316276
23.214569338567976
30.650859549908617
17.206008512957585
24.594926899483188
25.94615227987794
24.638549993322346
27.08306477043943
26.81925271443729
24.103220279869287
32.13078750234713
25.432746727528375
27.87097405802383
25.584253724852314
27.809923428267147
30.10401550238411
24.679776332469043
13.704299211156021
19.846879383431673
24.414221431925924
23.099797639686518
27.346503620737135
24.90520290926903
25.31783018081411
29.18042031223215
23.797138775866934
33.487916165045654
24.77905417083889
30.355340734415797
24.99100797336147
26.800056123802644
22.476890242637236
21.696169645478918
32.52383852576705
21.850412046964422
29.364835342439832
30.96401142350204
18.201330458522836
26.436616126816492
26.455972561323893
32.52949019833989
17.640029934284595
29.940520983797835
20.405219192830874
35.110654308244946
38.11309908334168
24.10842890991964
23.171874269649408
27.371642759604107
20.82347255409772
25.443110360545028
32.42637626706353
17.027821960331842
34.221826092781846
30.658083884522448
28.326499830835562
25.32212198982856
20.756629837964365
23.379758488723304
29.588414534549905
34.865763620866865
41.67426959097283
17.580354657601692
29.402395878745747
19.359603350520008
37.107583809357166
25.762836083764824
23.391563559654816
21.436801996104272
29.40085409915486
26.1995299985748
40.337255584036605
32.523987180395345
23.655239168279103
31.886306182334106
47.12891726751061
22.027131951866195
29.420052378477067
28.094870286350982
15.663633371349883
33.426355725059295
19.980296650174527
28.810553190739398
30.733666099401454
30.5685449894617
20.588016281497378
24.794104951338014
25.521357834363563
31.257646659170433
18.377608068574354
13.321355770761558
24.996741766163087
26.21156815977923
19.304905500441986
24.831060040887536
26.043751939064563
21.018519439516893
29.238638982333725
33.7928200163817
28.216607511111874
26.108472675748455
23.614351755222362
19.05689262305564
16.549262617167
30.383018266763017
28.37229369388352
22.01708235318683
22.88588903516956
14.661005867445356
36.13590382716198
34.8761145595274
25.570036572304446
31.58852190390777
24.25304116178158
21.728104022884935
30.89011121550751
23.078292698900068
30.46736688964905
27.232576214934763
25.24594178755973
24.346505469383352
44.41188964882471
25.311237724023446
31.143533559467322
19.617662015835794
32.31451949029804
30.78344906512889
22.38908947950454
35.46219965953402
28.459869164839173
25.659365384183243
32.385768417731605
24.950280841930752
23.757198678222885
27.468486321520373
32.06236938626897
21.53214184823439
30.205154767454946
35.777032086659794
30.559289167902502
40.070059066365246
32.727192878171195
20.40224379801667
22.775056593073433
26.702109156781752
21.931147532538525
13.56323034260583
25.22415141317581
38.37154258011431
33.305158191006726
23.921587431997708
30.148273038450263
21.09334754198299
27.604835314600184
36.06490721378891
24.359386243176257
30.39522233098927
34.697521004054494
22.823507690931233
30.36105484389946
26.352592120589303
21.712287142788032
19.789845061126943
24.821420966806574
28.30802427236308
24.540571193112996
24.29652506430896
38.3615187680683
36.05832975440059
28.455699713113592
27.373191364757016
27.644849886262346
19.76638442380716
16.53607041209017
19.291654795946638
24.67360004740263
32.428605963992936
13.00406968655027
25.804306880066687
17.18284304489322
33.7039792882727
24.482779623360603
25.806759851191664
23.134766837495118
31.115194173486397
21.26658967374062
17.69719115042381
27.798174106625968
21.944299574990993
18.01782696208862
23.344414589685545
21.985808077694053
22.714726388319313
21.330232293308857
32.88767167637029
39.57231547511837
24.27405265654544
36.10232997477132
27.21076765797829
20.03490547624962
28.398978807462505
27.68659848168599
17.73328033973727
17.503267683642278
30.67720015012792
40.11697443415431
26.835904261360692
25.067670780383477
27.448190217949065
25.400354967323434
27.457105344850813
26.334406504735885
30.85714075277794
16.30827679090099
24.29760969734191
16.728070463949816
22.700319898557332
19.82526844102553
26.545370747156806
25.13896929772254
34.71234336807855
33.28975108896786
29.23760480814868
22.801202481163894
29.44344922388184
28.38050021596359
23.029839841204357
30.285222345715297
33.96664014076674
35.950993934780975
28.532175535951055
25.030081234473705
29.06221232301919
34.441634209134975
33.43156002620568
22.401427349066083
33.6348124908672
30.892369566169066
26.923600611291153
28.268600725081004
27.41926902756586
25.82176544799691
33.09253027737872
16.16287652672054
26.26285358711516
31.189645990351217
21.633202816273087
33.50637543303304
27.9476633491971
12.919637394237684
35.12883548308866
42.196225727347
29.05260869965095
28.521591322461475
23.653336183192465
21.068062275945625
27.3916117420483
23.148167819786075
22.910534863188463
21.046108676442195
25.48341266890174
9.790006741126186
28.850029626011477
14.340967738026347
40.60020893738018
20.014325461591493
31.194517761344052
31.505638307134586
27.27058452559874
28.965572746874496
16.451560684715318
30.767821381796374
22.49781008886656
26.16758554434649
31.456278106147238
22.01885395550288
33.157888296774864
27.81654480693317
21.417401986776202
25.423298408758193
22.798975229810928
38.193728800485765
28.774076569448088
37.406404268095756
24.36727972339726
15.966892971673092
31.082500702991535
33.08758665243861
20.300878952775374
18.953729028579662
29.27356530210894
21.40083598630899
26.488342210510424
27.588093095349347
23.115624895400593
24.520696491470062
32.14982982655432
26.83241380829261
20.777798760669313
26.941131453554277
21.766358189054962
34.95518142698558
27.734751601640678
20.207711303364704
19.365481159169377
30.47920712986314
28.244723200148727
18.48341325880708
27.837447903615324
31.258508421404645
14.375509215054208
25.326050398951512
22.307083311213972
26.817027301444117
44.32506245079843
35.48327089862171
32.25241312931529
26.273520218289743
11.105621369155289
20.28037311782595
29.59406773359394
29.60186199778954
28.873550632716043
39.51590320027884
20.288490717219968
23.127414968611255
30.37075523386402
22.539077851571314
33.68747211799386
21.184928344344563
29.12125757977998
39.83403209568441
17.461324180377083
23.217828035477655
26.262139546131074
20.736371261886077
22.093952423059886
27.227193002504862
20.13741022044453
29.962152509669053
25.720716417786633
31.284470260688945
31.21677913867628
19.55593682392677
20.10315913326213
30.933179637167267
29.252667439607936
28.801282214160473
20.897702941156187
27.237524475651696
32.44113096142041
24.580103305130965
23.51853748016586
39.56385942314002
24.776836082404735
25.22456117038975
22.961038679864043
27.68230360011718
26.334030159294723
32.152109487450865
23.99332457801022
27.1183700279245
23.883919830771312
36.5963357698374
21.13210289255691
20.33552602897979
23.094737083391376
25.179969552640912
9.947812947606286
32.917565276758104
28.695933989521112
27.332246947956573
22.502412967464654
24.938232728963566
34.82549658499365
27.01121116487204
18.319317942807896
21.532273541042397
22.092156996143768
25.00978536632003
41.78630215454574
24.777253162959887
31.87313404838754
21.263266532219326
27.22387932906057
24.480810627886225
31.720367024369896
43.060171654134535
24.236462756097506
18.818681223373364
29.665800582187707
27.430207528450957
22.65769604843581
40.022331900111205
16.39996069816723
17.583719324694
28.70454945012235
18.3651177984583
28.508210010724707
23.321325405076244
37.47404332872016
24.733268747605504
21.288686542657548
29.802156920358396
25.33450054617677
33.76077964661652
27.953245849083107
24.06949696148046
27.096376135516813
20.998695565283843
12.861706392297013
31.537562877350833
30.795984330715232
24.080887194446767
24.73968495494488
24.42546532132407
30.758858065354094
37.867502046013435
30.14614359321768
23.063228341686738
30.49482697930716
26.638841438196497
21.366051261516837
18.920319946728693
26.474119511401756
40.73805321230895
15.210409274901652
22.655220280452735
35.374158175350686
23.166781392698613
25.403775816831008
32.95575364053803
25.574253591468775
19.05199125010327
19.66592006838676
24.57720414441239
37.16223215111068
21.97854156698444
31.33195376175948
30.957639405366944
29.655197951448574
33.41403553944075
17.872969769283937
26.177608207474854
26.521798627132636
22.079168757116268
24.792884804125116
20.57710721327706
22.480184228522663
20.127189213396143
20.09772397498188
36.4541364274705
24.012183713568465
22.484012952810204
30.84859210886744
29.75196219211756
24.736051370083022
29.295035561593153
27.691340196161946
33.852600834798984
19.036718175211536
26.253364272221685
23.04253615634394
36.498859276973356
26.63797360170411
27.510379937289887
24.319135985604376
28.898826335312965
32.68063997397535
33.58015391115994
25.83768498782052
16.534392459794066
33.61152457675922
28.486743104203004
25.20686545949668
44.68700274622998
25.977305961110336
24.91588843060397
33.77776740576345
28.315974605594214
31.111624937559622
30.472426217130415
23.82307520567203
17.791369830941964
26.398279375292176
32.75013512214905
28.252593372390074
23.20029879399766
27.572689172120583
20.471594917978383
23.17481202360278
27.45930306750849
27.131097626088557
26.673923103949477
15.805795763362749
29.15548810186599
29.944578715535147
26.29273819682057
28.02854422660848
24.022509904485776
30.288257709460865
24.204033196131732
23.898449569216552
17.455818345597475
30.66546706351317
33.7797740060535
27.497737454543604
32.30994095898031
27.538927072736662
22.638177237622852
26.508677081477565
29.67069400858464
20.238346516130015
21.13918245981343
29.517071362270247
21.056564322700087
37.080826374241454
21.051647196452073
17.635479516542382
23.196404986028078
28.402147656628806
19.875787571406022
19.756992056883767
29.62230033715223
20.187244776361638
29.25887777686253
27.021895853520604
39.13909233980898
23.48063487579003
24.96303910763339
14.952052411938844
30.522708127869887
35.074302698963514
19.949293463953865
29.907700519469337
37.46802354857214
26.671598340818065
26.23831180505234
39.34560077558299
23.239992141957686
13.81053069364721
23.286216704727224
28.44013634713565
14.725930247188113
29.7943757495069
34.7727778403001
27.232019390902924
34.999147744509955
30.328776354140725
30.877876286864563
27.219919694452
32.985663997346705
35.10537330879763
37.10419459870597
29.20993021196058
23.642546623195436
24.295977687633904
28.269764133176515
20.25661041862271
23.39634245127023
15.287914713605193
19.46175290471971
25.616717924497863
26.53349704197235
30.597385675739403
29.197037491123883
18.967423945191666
39.978732939240075
40.5779314806986
23.521351486320718
20.0245607634566
15.87171962221764
24.05992726280414
29.20739675613806
24.782953142661743
26.844815671132366
26.94083625149007
25.80076801960991
24.95384107008432
25.379264877487
31.12327122772957
42.96335429530474
22.646714545915867
20.33063251649979
19.989135929228226
24.493751278028704
32.76491824499644
35.27263380210814
25.602859312077136
16.113467807301294
26.23177932294195
32.63404152541804
32.534672144800496
26.75600780379943
25.582898683099266
33.92371275760156
19.71429144909634
24.916829858662798
25.658123926596826
27.15618613505691
12.879801182861824
25.402977820363954
28.069251950517284
20.66770621305828
21.72145207142885
31.00950331082676
24.339521761116313
31.680797010526636
21.127746213005295
31.959650668268257
30.164789897874638
28.615899032921938
29.355900502273663
33.56219269124814
26.33284264226512
26.228373764821928
24.358797475907444
27.428017328852462
22.333938070278137
33.778088311802435
23.729902492290773
20.32629106888261
27.6561942615227
25.41875842351178
27.59397516699242
29.487274113145585
29.38083423686793
35.98761401946457
31.502138811172937
20.63176671978498
16.33044358875273
26.61574667213298
28.338688999688973
12.601141631002713
31.010190075349904
33.82642451962154
17.506750901024883
24.432002944859583
26.21491254571438
41.13780482940261
18.167585172285314
21.63405876237475
26.838275832269364
32.97844289202873
25.172442433910003
42.159597546974666
24.628998277579527
22.28287231158047
28.200052261231555
20.09279013004917
26.42667942665679
25.87400729690196
20.946158452228996
28.172778610006198
29.507016509021256
28.094628519840292
28.573641354073963
26.534191850607364
21.984414581823813
17.06945077935102
34.0410357823289
33.417947401556596
24.236701237792797
24.675105588436605
30.58469953385492
28.263219704321525
27.987689042823742
28.428306570271054
21.08868816839711
31.035921928632646
24.077595548798772
25.967295205133972
30.404155486914412
24.703932442357424
21.100295263672624
27.22103906243279
18.591612517866203
22.17231265360654
20.600552186249026
16.33140596912788
37.26640100613315
27.154216260977403
28.787617352482375
10.467696112395458
32.64725907808813
32.4554044409599
25.991897836639737
26.624610278140644
20.555261845851856
38.112026142575395
20.377073373760243
42.02709369805916
23.257013984452815
34.465253280215194
28.675907039815733
23.075442340187582
27.106425364702215
19.476051327452222
30.544727241097387
21.42050090488499
26.853861501853928
34.20045825318739
26.838383265081823
39.08460956485772
34.26357073079253
23.368378762208867
21.48805589507017
25.010632492379177
28.727340431777844
18.092588647120937
24.58950090776624
28.874192003920303
33.496211333311656
24.832482796647373
19.19934812496848
33.213930743777844
18.056287058553316
27.182778745509307
22.791249738166524
25.4227668573076
29.842091037112738
33.376348200855674
31.89305645169552
23.035359468326018
24.393393642633562
30.141345066747615
21.526014033719793
26.905914898901678
29.025198179469374
26.22438788081371
30.55412852997142
33.76062212761145
14.574713773025877
18.28933191008801
27.136886127828753
34.88802852144327
37.36014148336175
24.203705042459696
24.741744785578337
27.752829627386145
26.08321659352858
25.41797393512828
20.895608968647007
23.291001912575357
25.07389045967442
21.50821588758138
32.83157163526907
28.6577777874917
24.90357087828788
32.15028501550392
21.95343384321217
30.891604661372945
39.365899270612886
22.426805976004076
28.435180379814774
23.108038734733185
26.368095892158383
24.46120692155224
27.397263723155856
30.236859742454925
34.271072638916664
14.680224173689455
20.79009384785534
21.94681808519489
15.129537887695044
30.828584633863603
29.449045409866496
29.482274478115585
21.890209134110417
35.06898705323827
15.222573983200121
24.44445880837644
28.37835168869004
36.10709824366528
29.38088588664376
26.62202111197427
32.6414307040899
33.10181023579548
21.53718744478538
18.878022956501034
14.211752898115371
21.666626207207305
29.485940290919764
25.49415058109102
39.15882429831554
26.574935632662232
14.00192385724818
26.07089143047802
28.672825159732152
27.201750285977788
21.161914445222685
25.989656515915705
20.3215634355939
16.193654489764487
28.63515131614543
18.88914702542431
21.075649037547915
21.289610774777064
22.112132395111924
23.966040529683088
23.720420671471025
18.954891368249744
20.99334157320251
27.07411046274848
34.79990914554478
34.98120494461793
27.172000035529326
23.084809794449345
32.02727465460682
33.67925510052672
21.4890705276641
23.317938415635695
35.90450884137179
32.483601619932195
30.979725343742075
26.399836091625197
26.27019223411343
28.482140297490094
27.63504991758226
25.728415393207595
23.259298471948995
25.350006777536084
24.54472775506571
25.283234826858653
26.41758087849069
39.956198053361426
