4440.666432225755
1889.4258336108219
395.86534587796604
26.3540269128259
383.20536565844014
894.4337807678094
1139.0269843450683
1050.4967541349877
759.2530562748962
350.19792688288635
142.95503969532697
18.538440473904195
41.95092995348003
155.29788736005497
294.1378366460013
364.37948557478273
360.74106577799216
337.4487858766118
274.72389234584614
133.25521412747156
38.18349204072648
11.644329377147061
20.256654407036915
79.33444162884707
104.0343957769718
126.85652018128395
163.9615627242284
114.30151411358227
79.6500211106185
39.321599756486016
49.10089385058448
10.917186083891066
26.879440466050568
49.78053048217462
44.57143507332678
59.285188550147424
59.230413096221355
40.8304598311689
27.918258003400965
12.385289881583528
17.347654920377025
25.488679407400884
34.72702509870591
25.01785297112646
34.91471602380838
46.987891315953604
26.416779556678904
8.92387818160728
16.14372407646293
21.054834089823533
29.11684951173178
19.644034819828597
20.844416093583924
24.355785264222362
20.52441434845402
33.384495445618676
29.277028143075608
15.460139024867503
15.972595358517037
23.49756915803374
13.067470176636267
24.679970862054553
20.899691502010505
21.04098776916202
17.90282539696017
14.735669278525585
21.41639961519767
26.66434205995587
17.44054344158642
30.04488809264408
18.451870066314214
16.395349166672617
17.95698985026059
21.096947018070264
18.871069542556672
20.36727818178636
14.745792749561371
12.660190496401905
5.326541110617622
18.230059825289437
15.616050956314838
15.532200865010834
10.38241129493887
15.334994726147478
21.157770943456384
13.49748571528242
9.837609434070089
28.77461748868316
13.494212448455029
17.57215419383963
15.064967882309501
11.356773675944897
12.646418192469403
19.96716306784421
17.432985372344223
18.92859835295751
13.858171463365332
22.39299967333401
23.338396846637092
28.15569741503391
12.088099866451987
13.761873975816563
12.59823545019233
19.735307871472173
31.51423156378717
16.678780658588156
13.68204217573576
18.942690892429496
24.108369702917816
14.939474524450876
16.635908106640525
11.68869524624727
12.832365544363492
15.137355944740568
19.8436178297791
12.784827067939178
19.438607160181192
17.405581778843597
13.631878256562613
23.46695182680852
8.74660321691651
19.166124652901303
9.08713258373958
20.60606608801431
10.443825187971298
9.222717383166396
21.00832132336066
6.528925664701059
15.272108266685391
20.512244330575975
10.044504119628101
15.960142710353015
15.455918613160724
13.386783356532767
16.155971972472525
15.494785039726786
16.539351708904128
23.670583173028138
12.980097604793963
22.90225801696738
17.01762738062758
9.014185428824309
24.783126602350517
16.554421897224213
17.395891250367075
6.9361959383430625
19.464143856088743
10.096017978826232
17.29465433764103
12.16832761178559
25.167123701816873
8.927864730620106
14.385394299696195
21.939078026929554
18.22612805795667
15.550142255134835
14.145161706816342
16.39430178947671
12.062486207472793
16.230510294994897
30.35267775874576
5.836607882813305
24.918879974928405
12.333065976118059
17.335971223213562
20.82499209202254
11.776684638393464
17.703051505439177
20.06082691969142
22.416718612052485
15.735824476425355
11.571783839540293
18.056002949831264
16.597798796647247
19.759969883936222
30.878929071571935
23.177270872129647
10.043940367244033
16.171999750601927
18.043097817569468
13.410816037187582
9.311213382299071
18.259106887637145
15.346760431829507
7.550786860607987
7.994771956521496
17.54242394283107
15.23145238684537
23.008096110617632
10.34382281824902
12.638424158979097
30.864829271671894
27.41756230964405
21.5882209626279
12.15935589253948
14.273865436086803
21.054647662792863
22.44104524940375
19.58794194960112
20.85587247680272
24.04437723522618
32.64646498050055
19.984750830990205
20.46872497302059
16.859081245006678
14.066502308227996
20.934984490561618
10.207157251165828
33.640174449514795
15.602698615555163
9.74589661819228
19.451673752005554
23.56112476093631
25.582920983609963
24.97572416001329
15.700340794283502
22.46791417712164
15.200554657149945
14.79162690223466
23.758142399255252
12.893558874295877
22.327846936556963
14.633213340560555
15.59629180061648
15.765542038738273
13.476356181625476
12.528528135781567
17.34472882672681
31.830013402510883
8.577016801079894
6.936148927568874
23.692677256473836
8.587712398324015
18.596507211944786
12.826529542863419
18.297293650916796
15.513962318964786
11.28076079602036
19.48019116020906
12.793084289541634
11.494320725849835
18.991424172299553
11.362290033242719
20.608807401561755
8.742904800606013
16.278790900179366
16.260694960583187
23.183929767794517
14.156097400947163
11.84745504198095
12.494175008458638
23.425583649563084
8.606287380906313
15.255419451867894
16.52108574962457
18.97929877189323
21.17236383332002
10.512994750510261
17.500624652672183
19.495034402743592
13.891603312433029
18.55370760497298
25.80708531486148
17.032477785304025
20.695866807798424
22.638033841036407
10.24800076740796
24.19904396726194
23.6371308869521
14.757168469935092
26.089202872239376
15.830257517798088
13.22260145706795
12.454448165516961
13.689219204990064
16.61850087639586
11.693622701181985
9.068886662788243
22.658960141222657
16.209418899206266
14.959036643046609
6.1220320812388485
16.64908239169374
17.114567548156845
12.87503192333995
12.87414415187514
27.385345362645104
16.29734482276829
18.24710503066955
19.55710607846941
7.566149116370379
21.949274027464053
8.17194146660641
10.8919991511357
12.616953740289933
9.257789332122831
14.938523371437148
9.494148029167937
11.540819630200524
13.595195863932826
24.20840358006744
14.501516970587863
10.520688365214564
11.353362799844694
14.55748917632595
16.15480557318385
15.592323414477239
24.078813652608318
22.8832051326586
16.19752174547653
33.25274624031011
23.02237997146287
19.260102652104106
23.56394377831997
13.78699210460638
14.670317520405332
15.5253510842721
12.908225628529035
7.8228613656330275
14.98378626806686
21.597189989772815
11.094863985737652
17.801158022418733
23.59301774645526
21.041712458674773
13.067377582033982
14.507382366670866
14.752681072518198
15.032684614176489
12.85443111282046
23.11591557387708
25.84046273093467
17.277842226856695
16.518870466325158
8.803104645154376
17.646343859713625
19.432326491409363
18.25485670424845
19.722777398902277
16.504359287304315
23.04094554143619
21.393238105944288
14.744833562385995
13.982976872045363
23.55157577805547
17.783664434271195
21.0779153403545
14.454007597377991
17.737394023736623
19.285785121467594
15.575401536282406
18.925195983515177
14.89844373539881
20.88882167972765
27.04868283045501
9.29302554794042
14.863111706486393
16.137397185703612
14.783089128566054
20.19845762289398
17.881141220533657
33.42263962982675
18.292825852187907
16.46002779798444
28.898180440036025
10.406450574793306
11.21203737357677
23.49147778474959
9.896560747041503
24.653497568515252
16.55369551195393
13.23531483241138
10.639868971067932
20.379967676437857
25.520161300230182
19.108769695557786
14.941096335632825
11.82314603805732
11.468033484765463
8.649494223319715
18.95898144623773
16.357382129903982
16.650906247907457
20.33528876322492
16.113897464850282
13.719799722390288
7.844234522193026
18.27916713330728
10.178941790312917
11.35724576232833
14.021598233021571
18.03176684244944
14.523668190649847
27.721160963002884
22.587700006993146
22.31446967973118
13.607240710259976
16.07569940410287
16.349056977840107
31.163991700097114
11.223755384757403
27.9497093097746
9.376326862271009
11.699092515359265
16.35169936667244
15.711313955860437
11.725887674657685
12.12498930623444
9.643387918988044
21.014742202827456
33.82018296471336
15.37585041555008
14.156473535543801
12.095186907214654
13.541522566276539
9.91294407365021
10.814403671708638
15.674461747992257
17.674408027879586
23.915325546556808
7.96668068000039
17.077621419016047
15.858936363480728
14.675298050836894
25.48040436948439
11.377314691206099
19.079950670920805
15.265174488445368
22.566500568370277
26.837514437999598
16.501567562757096
13.232806331321065
15.513284913480813
18.814044236509496
16.00460330969852
12.435415896584894
19.722618026996926
13.755331078988123
18.259770018811295
16.556357604196375
20.992284742203893
25.352414160696117
21.25445344828738
20.345046885277135
8.777671588257391
17.028755612081167
20.86174234837171
12.6920054692542
13.279846034674044
6.468437796428696
24.32011458473208
11.211788323040519
10.866829955538632
16.54644823062264
17.48937053520459
18.15576478217875
12.469460501683706
19.808425135577924
14.865376080644099
20.9713326305319
20.564765214132567
16.64776769559604
26.894442682977704
10.555673312768018
11.324254543557933
22.041188113425278
11.877479851376052
19.716047845595444
23.020587238058063
29.88690292291035
13.35278435701632
22.166861585609784
16.304576519410496
15.620842808230412
11.210212209347244
30.221715154796584
30.374878995188954
16.60806176181124
26.639111095040015
6.636556514991702
9.735281558653995
26.602847093680083
8.090061697879875
18.353889188685255
13.726206450319397
42.65639569244008
23.954162669575638
15.288654513016706
21.648221781173422
20.56775255137587
7.3448758018823765
21.344494296761805
18.54272654412076
19.656521240911555
12.846700507118808
10.974199816569365
22.176965311830497
23.717416737875556
20.303103787978074
14.092888656076601
14.980277594197727
37.7457261698928
13.080443270238282
25.88351046219664
8.098661106621748
13.254544906891768
20.989961812443546
17.688348406623863
18.397340874457242
18.349225126295384
13.4967877494511
18.458077553879722
18.110524931901644
16.880470169177222
20.183145271571682
7.262078187882004
19.933171680251874
24.868263898506903
13.997519678357358
17.21569931396735
27.98710391305141
25.085464870675363
17.27315686020629
16.097310432900784
20.40001236977739
18.392288241195313
16.617720755296457
7.584940572172026
20.17911544022378
14.442684559872237
15.286280104673825
13.339555126161434
14.044756453060575
10.439572329162676
15.078192742465133
11.961612995609986
17.99498399723006
18.36022017518729
23.027065298153268
8.521389014872518
18.562382484071126
19.431091187428056
14.621702864852004
28.1793435785353
15.479947975825054
11.540283597214458
14.956389160894304
13.45158863362409
20.691461621162674
16.345930237117866
14.28444602918898
17.146539676086274
20.47421174255332
20.684751787807983
21.191105541108215
8.158974681031937
12.894953815535349
16.316264945624646
22.262179611509847
11.044385750217668
23.433504816634134
24.745426282921464
18.451189746778695
21.030299600330448
12.563759224043089
22.9885974661283
13.779025692951091
10.029491389839077
12.33686865154762
11.713586079088763
13.10001467669811
19.91624733374274
17.76352631657632
15.822525637066393
14.6054555033061
13.903457111319062
13.936962598962332
12.08221719786884
20.152392513001306
20.682999498808115
19.762563554542783
34.27624742441209
18.795229978020036
10.311564581581584
16.65175963367599
18.41977370204723
8.58463663578591
8.545537539157834
15.511920952986255
21.9261188433539
37.45021644376087
11.570377819246552
18.511183826075918
14.538990313380962
30.952649243813713
10.577854631322309
15.375541433359214
14.715806349770757
21.923985197463484
14.291980071538493
18.610170095321337
22.778111768107014
24.635292979437846
29.11117543376739
14.273416917112097
15.406664576075105
18.468782591645606
15.550156959751424
5.463830525523732
14.493684071525825
13.058490119565459
25.56034313873078
17.356888693996325
19.834189840927454
17.347870939798145
12.548589315438388
18.14233770419973
10.0205904137271
15.774469042915834
18.647372508673325
13.595606686863537
18.191247496315437
8.049659388651587
28.68224434357559
11.902350629125886
10.424981922613103
14.695826303096474
11.833566887577092
18.589248781336668
18.926698702201307
10.737515267662557
9.524326237490884
17.285728649830634
11.772139281320426
9.683389188883162
11.094603517958488
11.629230019365195
8.237024816942617
24.506987219322404
21.65163753667191
13.357374155687504
12.532560445429969
19.147284106446875
23.150738866458916
13.525403664064346
18.417362395383602
22.948664886430652
15.662388009706598
10.598233069070913
16.211883165125606
13.05920713074078
16.643310599256044
22.216959096192234
7.33709430223005
18.62525810973242
33.83844417043687
10.038602526985645
11.402787893537859
18.849208831555945
10.261636104827604
10.698059802978852
15.10745336241419
17.67046789901964
20.795659000537476
10.220039754923565
14.098429578027508
19.859480900966687
13.937802074812483
12.471114916381106
19.15464570249465
27.368074194841185
35.846311409222594
22.348337024361424
29.076043469692614
47.8310729929535
19.84381303636134
20.358580783513872
19.214158236896083
27.767829485246654
9.716624219939948
20.151385650745297
19.323891407803956
25.605316739308186
20.629129861597875
18.278066563904694
19.95431959808986
30.05502727113828
20.362439220966667
18.74504709754192
23.18359165207251
21.838594480990555
20.226991735744544
27.572924981843595
8.238776487217185
28.221321813809887
20.758992310442267
15.655401758670543
13.969005248539368
22.09238146364503
17.041205164573444
16.85363162757682
19.64103468368773
14.35495017801956
13.85216523346296
23.16374054011243
25.412107441547793
15.056610593473943
11.907500014725796
27.50349243796691
30.59050456340482
17.673814479233897
19.617727351493073
27.012710034576155
13.530761362353076
14.404102502972979
9.308885937762605
28.507248124969614
20.936513801573884
14.508856711706542
21.22494417745352
17.589772436242644
7.4435303915395785
18.491598525156707
25.529519516184852
26.305489236310898
17.932015126888093
18.763353962355854
18.491044588449316
7.0385459389193255
19.205126105340533
27.94261959797078
21.73973016523401
9.222209107788041
12.545112603964991
10.482944546355702
17.144628702237807
14.75682037269145
21.495710952515196
19.506758302280367
33.27076781246202
8.615783488982308
18.12887215602578
17.686698379311675
19.527592523313377
12.852350594010526
11.836855638293562
10.854573540241226
9.167376405754462
15.47894120599721
19.58978948395396
20.995390413553427
19.81698694887097
21.845854567148944
20.17385217927699
17.72421970437145
21.13030607076534
12.89070668441054
12.719797256375243
14.791599738252781
10.266527365381533
16.120191637952626
15.413791198333843
21.108925206886862
18.30955903519761
12.94946836246558
24.795893104494002
24.41962151715773
8.3697313910932
17.011714107025153
8.279793615818098
18.328181612533204
12.352825208753723
9.098901635305856
9.762631423739423
27.969930170449665
10.036772397541142
24.04747443155233
10.899451872436735
14.366710595142907
38.19573391955733
17.85592007255001
19.668433385833318
14.745035922131406
19.403315543814344
25.103667629849852
8.722598991822993
21.888667840250477
19.79058563424386
13.127579759414015
26.3819463428472
11.640377144446978
8.229997846963116
9.04464317093582
18.558094354839316
19.83344829151049
17.919451331338955
13.644029764638116
16.464236697459473
11.553098735440624
19.41500419991605
10.2476194526919
28.513485464983706
17.428932423485133
17.50029444502089
9.200222878594094
20.69668020112031
7.1063262131250085
12.428255313006465
5.469071789406031
19.433663443748266
18.11070419890856
18.388884929094278
16.42342225765148
9.96927050624988
10.30595756222907
20.091585074850286
14.686973169814383
10.410268346156274
13.107670801266803
8.980829711252495
10.64773089542222
17.53625742207695
23.896443693041398
10.60444270573811
24.824829644161156
21.108950701460834
27.12213766228927
22.594732767805205
18.708769785278488
14.868778679978977
30.848546796102855
34.49872740351228
14.553689163564506
28.860916519934328
32.50252199510852
13.089462058584111
13.760729362072432
12.801462821884622
28.983851171244197
22.47697326340758
8.474490205008765
17.2073660796122
24.099879606100625
30.422673509698928
22.981443768527757
4.155417361097469
20.547886731610568
15.027931224322385
16.162636956384816
10.906081155754887
26.33396064518677
15.610242160738972
21.60339126195742
21.614254250940622
18.168586158846228
16.92523967871519
15.052401541116426
13.43990624247103
18.19088529324622
16.710619339663495
26.32509947656054
15.616949233401062
9.268528625431681
27.175850445832918
35.613386180170345
16.90167266413855
23.68502400104586
17.696251887751366
16.69766838576224
16.122900707772086
16.46606846817395
11.230705709861729
17.138511728283998
10.329276194227125
33.998945188358796
22.60885520642384
15.788670988583977
19.447282974104525
13.963279524639823
21.665296767935093
24.61728693632211
7.496459306132007
12.85481088308917
20.924135391099888
16.21988606837678
18.109169599050855
17.387556945597705
23.718329402877128
23.369083411747027
17.396015564388797
20.515160687057588
16.043100482128075
24.280265707996566
20.9167383088842
21.090893848989268
11.841748312288729
17.342529945844845
11.418819786500043
17.628824873977003
16.17714511670678
17.525929296453846
13.236397115501305
37.31871984566072
17.82457831144662
28.652159817405987
20.035300950005023
18.2699926416858
13.690425365293141
18.70257442640863
12.381653526736947
26.17503688572579
19.994276450366204
30.722394382881525
29.3994250588683
12.619809920294871
19.38926993936362
37.690825045164026
32.087729912939125
24.16773888140615
26.478539720646634
32.91927200001283
21.71422456295399
22.37589296834652
22.764364785347833
17.45615124453753
13.576720217845
12.441488250742697
12.347303082240927
23.85325351436102
16.75455877450294
21.064562875376687
22.298674911771208
13.730257655939074
11.757375351323722
18.544048367840556
19.623112510285313
17.120019364576837
11.67103463705312
20.42409647068007
16.969545502468534
43.39614252317763
21.5576359840437
22.11108037511586
23.642965731655817
14.26871898120035
11.469765825702826
14.759454868257224
11.799074868655774
22.036193805873143
13.704833972270642
22.90616845168047
31.62177401752611
11.994387227446431
16.212596804476437
27.645805753480516
13.18961464260164
10.09519511507636
27.533317613222742
20.910178164506064
13.551561005957849
17.345243181855295
11.765646013987412
31.686304627265432
18.590005637817832
17.280764852577416
31.660737049029226
24.92361182107414
15.742002997876511
17.45658391054371
14.906375229050859
10.795931590249802
13.632634074611943
12.485728113173465
17.535459495889462
12.219508577815219
24.621363193420024
8.964980413425987
25.295175712286788
8.884905345798488
6.8472650383853
18.189419130385737
17.019542917062193
29.06997813752022
9.554406776846594
22.867557268454547
26.950373257030346
11.689041756321247
31.70549499762233
21.661124808854648
29.841559802926376
11.588356015912025
17.2532795243475
13.20609202102769
35.08237949156585
17.693170157798953
24.152998452319423
25.80416599869217
22.257292482053927
16.26733972449923
12.400381486367856
11.757943858145756
10.613126302616475
16.057592154092955
18.13717776755663
26.142107732418612
22.98984337264874
13.208334543037795
35.54733483625011
29.074089924053432
12.33414935463084
17.74175855826728
22.268666751263474
15.32887729268051
20.494002691965076
9.960615293178591
10.26298937565878
31.299260974067195
13.737570512380506
34.604753929919916
12.212824445787419
23.47602139863059
17.790692795499766
35.29780415882012
23.52465365327342
21.378278658722135
22.57005773191663
14.506255993757303
11.386695741023848
14.116984088540008
9.749826442838623
23.99285964426762
13.584300789890868
14.887647590747378
9.857010186162984
14.3529316441663
23.42261990604097
13.80061676248128
22.669106531754338
15.844175728380467
8.622738936540065
25.936266897062808
12.65997967583609
22.78963431406782
16.959735055515075
8.688924185062765
17.537070336122195
19.217772074740388
8.066745328197397
14.61657890654991
18.553526126077273
14.956562976901655
20.834173078983365
24.91963776960814
17.05930377565298
14.01326537704007
13.407309030802022
27.68972866412978
13.937651632619588
15.725531140814594
8.061627860627297
16.927895503926184
10.010307855371266
9.789624498546985
24.796330048051367
12.462327775500968
17.552998248041344
11.229981830449494
14.207695066419697
21.729255415061875
10.67868815907821
24.518419641734727
24.669424326183744
15.022349164535958
10.766289079326713
23.336055181121917
12.819760380869324
16.164185986217035
30.23158955489173
17.38910265483001
15.321626072093796
22.333646370243475
37.1463521365034
18.749943756078423
19.29940351324827
28.531544849026474
20.51188068201603
11.032546026803972
14.168178084118024
17.7271127349374
18.83461126280129
21.080950203260155
19.915123821854685
11.864902755316367
13.847983084341289
10.897870165653375
16.98184945827847
9.134488559992002
28.103719385926805
38.292277539706106
25.653650627311002
22.949925454907667
20.859815537557356
22.524392340685367
35.08382102730407
17.05512854770887
27.06465533601255
29.797839270969188
37.71800146987928
12.179253636427772
20.64193730389073
17.91653585103722
14.48224167311228
17.924819796289455
15.716125756975108
17.065626928616677
17.986429884667192
14.32301354507432
20.575199816910615
17.945814711578347
11.377180437844869
20.313046946551193
22.73456433067556
17.640247057607677
9.34925028140508
15.452252336455985
25.660255074045303
13.412128045756969
8.548197405633564
15.651294652686747
14.857454153772013
13.152456607042708
23.265155649840086
23.367901625059247
26.663782423243877
22.787427673773514
25.409358188421976
27.84188184588397
25.347567684333093
13.120696387730609
23.535034673272737
19.53195332551517
13.087881899283246
19.749396108827654
24.40485522236685
11.225142864982635
11.615559651428306
19.944047503491667
34.00200938517366
19.97329858991443
26.896884616159156
10.975093040153093
17.214544459575944
21.02715474311779
8.89073954236497
23.217872551286746
9.274529135667498
22.553278131000685
20.96662689288753
14.325345148129836
19.082748057554717
11.301785270364217
20.767126899035183
16.931997692441875
15.069043092485254
17.09119952659892
13.52102380517416
15.315670497869347
23.04474414891673
21.78525212580779
16.962848270167065
9.661393423446654
10.320834461391213
19.894897989236657
23.244254101787742
11.496642609066237
16.7406474885784
16.243435515752907
24.077854832861345
20.190838888731136
32.36547251170701
35.85554587511749
23.143756121254842
18.073545645314688
12.078960994353709
14.40629094641553
13.987587470644455
19.101734108990755
22.183382831505185
19.223799148355205
14.551121914770684
10.549488817088077
12.823703520229564
9.069159047182703
22.931154400314536
8.205731299494078
8.076620512933202
17.8498539130007
12.599602829997488
28.878766473262147
19.816144779877476
18.09663428118219
22.07712783778223
25.125781667289854
11.059283471894254
26.045761754310075
20.162194447173995
21.81943134797767
11.827061220217319
22.004356195164593
16.595382175343186
17.93051218728465
10.245706210200325
16.344639692432995
10.584796316419046
16.11407239505071
10.112508674003237
10.622864063750349
10.494099290963833
15.729360412326523
32.919762625300834
17.473700450221376
21.04545715460864
11.176004330394559
16.96736186757541
13.624307026001848
17.532440269676446
14.49252502371282
13.383021916907579
16.680080050539814
15.815846161096323
15.949534925833541
25.436553932089705
12.982527253027754
15.528747365011913
9.262884247882141
27.37383502810854
18.78382698146879
20.02792403148823
26.18788325442727
13.662248745469888
11.615082386336686
17.84673983174442
11.200802506591648
11.788739051917254
21.147227604872338
16.39387174346493
29.381680066025933
24.004592838435475
18.449939818083585
21.260902810355923
16.48770805001302
15.519455782643373
16.09495715636483
25.63460972783514
18.382082689527074
9.65018292654448
13.62230958048836
15.451425630761015
15.360480693456305
11.451264098739006
13.924216582124071
20.549888969936237
19.063807208839336
25.714784905614906
7.7172842752388675
19.489322039391503
22.02120384602388
12.71399387104305
7.313483236290365
21.63077560053943
14.90325563103449
8.219086094904421
8.894742095369882
23.60136416284729
28.21154611464156
12.260635808670036
25.72401403209396
13.771021243333143
18.371503305538813
28.00388878390806
10.412373396068505
7.554781979757864
15.744289443470679
25.013012268443152
16.988254137764763
15.672769842602104
23.368472806004775
29.704143427363515
11.70181324635958
11.913166052248167
19.678580093853675
25.179740094035875
28.94627830899394
25.063640426673228
24.315839866202126
19.39071423840382
24.28613944760473
44.187946530804254
44.76646415534188
20.964617049462877
21.33844659165413
18.821526182263995
35.683009523559384
18.869932489291617
25.166381486670225
45.67358608296647
16.932537023416096
34.04229756369268
49.61548138372186
12.082753895692171
25.870954901831617
35.788902020480194
16.97933235035992
17.608797650799428
25.002333279130784
12.505675187291832
18.592346851795572
6.121066462443668
6.859251555411889
21.659934081663835
23.012625667250365
18.083121023962242
18.82113699470665
24.79608383834811
20.85143075860659
23.983677687850104
16.084021173118128
20.04969539311207
17.99479805133221
24.262683172871913
23.754462906796984
24.934240182671168
21.781789988981153
15.138584454994437
11.06218711518952
19.32949654613778
11.37832245387171
17.936865016300587
27.82236877481519
19.658105812182633
24.9912557388175
24.71673679277276
18.740911517590416
16.308616795741035
29.342586744127825
18.1606026387656
10.06401096949107
19.124044911443463
21.527019479673974
16.59391149925226
16.575875722711356
14.996765306457386
24.069511663816918
15.54129894681449
22.852023401626102
9.144296116379232
16.758352797482434
22.580319525295252
23.181006403754267
14.049120376426597
27.90722267700822
28.7089589083944
18.557276502987264
23.66637850474664
20.776416005319298
15.083347260964866
17.352528255623284
20.30114987439545
24.130111437813323
10.687931746206425
13.415438347479657
29.173524976539007
14.021425640034499
15.437173286915487
18.71240952389789
28.508476093098555
16.038461769557564
21.188180325833947
15.795693564220109
10.642951060134436
19.169291855862106
20.078493106177447
15.737818051293983
16.371698907195835
16.32732460150108
13.716664137495044
26.978018583742173
18.61957080133401
18.450999832625705
25.279363005070987
22.520524294525828
14.876103414435843
9.391214958183232
16.213756157333076
10.11066646829465
20.939531431033068
13.5246022417382
20.833983630287374
19.262572179403232
10.388910659416831
6.939329828830878
14.215850473101021
20.15669878350934
11.808946719769908
21.293453686070812
16.796085583045205
8.55938350187425
10.137480312690464
14.0653036970992
1.998322209179484
7.007684272810597
6.192477487852905
21.3863353605387
10.23963970226564
16.136682752218658
19.272742022876386
38.905212841718004
20.104404716129988
22.355999642057952
21.192363939622695
19.996518227559218
13.022964208102195
16.08505039375568
29.85207292286703
19.41831104221912
17.729248313575184
20.009819993955
20.26021029055513
19.743600752373737
22.068804175246566
11.980211113307767
12.675292257394496
23.375350321990958
21.26474987360959
10.1878576266979
28.93062968342539
26.682859707766994
15.801086646352026
26.376131140677312
18.21767945332688
16.555700090433703
32.59122802512818
22.54177996513673
23.86149459629299
14.98193399512482
21.895820156609844
14.083458654706604
16.095759470101626
28.105047853551135
11.96297557400326
11.967247940865825
14.660753666984164
10.535814738026698
17.532687963567046
15.980785621198493
12.503466207524072
12.351246453290553
29.04852784569713
18.431019716862494
24.015371980882627
13.340942257581856
7.8984772315728575
17.648274049533494
20.593861908301562
16.310981871485033
17.19699379459658
6.378739703546671
17.747983237104787
20.314150874957846
10.899823989638099
13.745144927257396
13.508888085370174
34.5984104474722
17.873989995938807
32.87749220718166
20.77581807105033
24.731232966110614
27.722559713745238
13.811055734722371
16.781021939874435
11.50452928345543
12.229453434706791
18.337481643731664
31.228980778328758
10.201224445045625
14.700707589065102
25.27238488109535
14.114754497159224
16.244625742720746
10.67229166843604
31.521341530304937
14.57346878062618
23.78790319293494
12.58079384747632
21.830295446121877
6.080751055209867
14.426420465757554
17.497520660403513
9.496910654993421
9.340314119922649
10.02270151744437
15.569613733788204
28.39221690320069
13.267573557382567
18.398402056664956
17.71268983510744
14.658343448377318
20.544780997825402
11.112084079340466
10.92816335155615
12.638401974071739
11.793208540072685
9.687249799170374
23.586897046216055
16.06429418124117
14.916721852063771
10.754073597373386
10.244557148782013
13.404309635482448
23.251298176705415
10.352360700507045
20.576475633799106
14.590055200466686
20.124528672895345
22.68146537906574
19.050969648127726
18.12678985139274
13.621915933034042
12.820249033698353
9.570591691291314
13.36461851134465
18.443745448149194
12.960346012784
27.473343259358373
11.789344097734523
6.571934169099995
18.211690531441423
12.361986469736234
27.283200950789077
24.38977486622545
17.221809309862337
15.294043196600166
14.602941364882371
10.655275912088433
36.607957976685555
10.278107407121025
13.717759498909047
17.196180381924094
16.940336108860066
26.02663504093636
17.978480395509084
28.124463317151122
22.300179964530493
33.721134995046995
7.756111544736544
12.41177278130539
31.771480776282253
16.320835112986316
14.4725351145296
24.457199460699673
13.644246939639688
9.312867600035696
17.163841654376803
43.43183897627462
7.286715115897126
8.75718366678836
27.95819120522206
29.625826602531674
17.75824743582472
21.048715681205866
23.164111406441563
19.112884473461857
19.58075995081534
13.794395618550126
23.81628884541284
10.468505882173554
8.879062684078136
21.85172650037453
17.531989706719433
13.843976000141318
26.64711820487995
18.57146635688241
18.289008120010166
25.86583326490436
20.40775217149597
13.406357157456705
15.062273631677051
11.880322364301685
13.175163363142556
17.055551159121823
12.921477199680922
19.36136357627772
20.2824216975213
24.293405735130115
11.88989929070991
28.387864272754477
20.337533290491034
9.011488283920151
14.563131761501047
15.600604431208867
32.22434854567363
55.547081065876355
27.488252114130912
23.351576066247894
37.62766687330627
21.08131831031787
35.020164335339686
39.75760308790155
17.26908479753422
14.22817973260964
24.447410754094975
27.305722285994825
16.458163519786073
20.681245764220485
12.307057828078811
12.58203264763062
19.803294094587084
12.409004672300467
17.79292335060433
16.059820977818145
26.171454109384968
12.124084996254952
17.332905820138663
13.089618107265316
13.816949965738099
16.155125655917296
17.778971501016574
20.5850472321337
23.408707451056166
20.3888265917117
26.282523958650188
16.57664270476718
31.180199691597473
25.291063538784492
14.255620790219387
22.174498937052125
17.280193383647276
17.71611917393584
30.850242036998566
33.31290957540042
12.355627681051626
38.03739139362117
22.238451108819838
7.823024730805943
24.49564211083298
13.80170481029068
11.830570087421037
9.082729505791338
13.641609237734013
14.039775675451322
13.11037429277064
28.94339608508024
14.324605293833445
12.06961087786488
22.774584108879008
12.951798519408536
14.640691203916209
16.093458334291938
14.279509514264705
11.28423626108357
13.26996961731773
23.281435969353662
19.648750326380775
29.054185441147474
34.252405658786614
19.69059916733794
25.896478442236116
18.325530743591944
13.637190223912777
23.05656853806004
25.823784638828496
26.31311970425135
34.54880596682103
35.37798329119098
13.298917423403422
9.867648802884057
45.11664798721129
34.82941266016622
10.178378012301541
53.96191865213778
44.79043418649894
16.23834498496908
23.544237045491865
27.056851889287724
17.60225940394096
19.166303003936225
23.511277019057502
30.39944994524285
13.84473881836045
17.7116555075952
25.736253686332546
34.1017483589528
30.327335571848934
20.030488352196656
20.50324449208089
8.61352225126165
34.046586878843954
47.98147896097969
22.607262532125187
40.97256341227507
19.064023707150486
24.408894253489805
33.8064231015099
26.960925744212123
23.38393305280869
24.574099547519936
42.81806314602012
20.411037021963338
34.39309189545173
27.66825932307142
18.298987744032065
19.550991152270516
25.778557743505026
22.188498548622984
15.248385337452827
12.782603803028836
25.877005828246936
21.044058085817454
17.06716260247579
18.697653030588715
22.350848125536107
11.0791845015978
11.959574572248583
11.516931845601661
19.791050254217
19.77509438908883
25.96953363155982
22.111588557193937
16.86808579109258
11.603438352748737
24.13631255561544
16.52016773550476
15.712563481933453
24.9977479311858
20.936065891377922
16.03085609705046
14.358873270699272
14.28174168711444
11.366064267084994
30.997863523230194
8.955868979944869
21.504804379912272
24.31104812072585
26.22997164090644
10.75794949065632
20.371685134150656
18.972918690433435
29.330060834642552
20.08680380897267
31.00652702788113
39.385621520514775
22.14703978670851
24.134941542853426
33.41202994235939
12.980991539869976
20.358666611570406
24.698520619202863
18.32249150141792
17.493072043489516
12.567573656924164
22.29245435206404
10.777966475488354
20.432064951758413
18.07967636603175
18.38964293689744
14.678859565447796
16.046844992065328
8.909088852624745
10.485390940936181
28.206771819453973
11.317959279592461
14.755239630903173
18.558768687200217
13.46626861065576
23.70194160260845
23.232730171053102
19.06100487721029
19.337902062191283
15.249921432617777
19.086823229387655
22.49334283289151
18.57412620972691
29.60362846265471
21.777499053777646
36.466652462048295
23.857667773901035
17.582294944137843
24.45793566388764
33.78590832285388
12.211008897895699
10.217305178865606
18.312830568395473
25.297720718453228
13.011313313554703
38.15126632004947
15.19432428960767
25.859737464074666
30.30146429927032
14.444272382519308
19.166706031355478
23.879544775341714
13.665943663059204
8.547708079044385
17.27815427090997
23.319978323584113
18.127397187105633
13.06388334762236
33.842363342355846
18.851107631365924
18.33151731252343
15.986088085477187
25.101587662748276
14.861794163093853
16.116609816321084
34.81524155525973
18.18728635724022
29.96236385140398
13.391140973022717
13.669538076899727
15.051882555178306
28.576120897730018
15.926094945904781
16.713495253985695
23.90608262776277
7.446452910476667
23.339244864868004
25.657688044723688
13.209939328737002
22.8578672810375
20.06011779576726
10.745132438089714
15.314809058991258
10.753755843504683
25.292135170968464
15.890524789328767
20.77457457755232
35.64682724681424
18.94408826599995
30.553558011545697
12.765529611602163
13.255553771484516
12.448859053316765
17.14085761973001
16.192541694303113
5.4748209343771075
33.0811165410893
22.29686311545782
15.825817102873675
18.68310410395251
11.924972182892853
17.15329426504477
10.473367194756083
12.212668322900265
16.533624096851966
18.374678778121414
12.966238420873585
18.175746743642897
9.359694466175036
18.830938544392826
15.203183641061127
13.227937185256918
23.184376860579818
13.51977033607184
27.03668937269102
16.035871480267495
5.017374927133106
25.12630139031833
24.830274760647157
27.039560508265474
20.639374305036682
10.572074689554672
11.633805484209883
17.976543417640688
26.366209938169543
21.699153695383647
13.875843710585464
17.27056666403831
25.056216843174518
10.895469341585908
24.584949456719787
26.356698272810902
25.434099432515687
11.922736510065668
14.382377709076483
35.200432527199624
11.20816316434937
13.523477449056912
29.656512932526187
13.3940347612937
15.832287497965197
29.56049367373252
20.80061413084144
12.451423764109506
19.338248913302884
32.77735454647913
16.95497304143358
13.252387905904959
17.302010102668238
21.098669397225635
26.551924816712138
24.590195869272492
20.125990821897595
15.818838455995095
9.423718633511093
20.919692666869416
28.341642187356232
11.218169847186617
36.58283571078489
30.863341775804876
18.757260409877343
18.981864236549217
23.722896130387078
11.125707328240138
9.006910408202762
11.517044655571606
14.064984630270718
16.51213485563801
6.327993059116335
21.654308438364087
15.989570131965477
15.396524392781316
24.337987406771237
9.435600398981554
14.806468601175315
16.396592451846097
16.6813641491068
18.308104610961813
16.173826278237254
14.595953234646105
22.304455230860903
24.849418217924445
21.663287557847504
16.848565486313017
24.367989016479356
11.494871768326062
13.429335130365642
17.506523704467206
13.034167571933622
26.405900186837567
17.571528252753353
16.135714188734905
14.265836871755225
31.534545850959468
28.21665357887719
21.662403847786223
12.222084204980277
32.73176438797321
20.280028971349854
19.887286954427832
16.933439079852207
22.82142068301797
23.25620524720869
22.640302747742773
19.571456390880762
9.435941143765074
18.14285017396523
17.215248407517127
17.608097467922075
16.78156402296432
21.28616557858056
7.5087690161978475
20.585070309924173
16.591011851233368
18.623697226396107
16.398393621059274
19.49736362970715
10.379394078481313
31.274799655259223
20.83318931243829
11.59365449894139
27.044085365675674
15.20117173940198
11.207644155573236
13.486436632091237
19.413808607321183
15.724010336226074
13.10359312890616
15.112327735333706
26.554263347055755
16.90822196266259
16.908689593303322
20.023350354971758
22.466881366620317
19.127839362082657
24.094627239030387
21.633642160621598
17.096172126565605
18.11435810897452
16.35455608287339
21.90052868783531
10.645204844397004
26.43015266962777
19.09766739489031
18.98525927566825
27.31551604516249
35.34294853683455
18.223548309780703
16.091000221558303
37.552252433486615
32.91514742366073
14.978891546538206
28.412821035498204
30.46410626845067
19.832424139969408
13.42145379865639
29.337337223352534
10.530917691914127
21.541116626932617
22.190872212940135
28.61448428247385
12.340229318010634
18.707738568757968
26.647492025262963
10.49917587584128
9.063547768503193
18.18177729001099
19.023167338366104
13.293506761130777
21.835667678732847
19.200723526874356
22.286347486861597
14.031880811722313
26.1105146921771
22.42376823023316
5.009776728075818
25.40769854762191
13.488865784358687
25.078774487620354
13.318040563312705
22.71978668087353
20.1773287272532
22.325182080770308
10.252756246648884
19.16292159734702
12.87175159559981
14.282228898791244
20.968480878859864
26.3965331141359
18.220746849646872
11.207061158507875
22.315187441112595
12.893283215884823
10.47065534548323
11.207251668499978
20.525257396345037
11.084623077376438
16.26542839804529
15.716491028839597
26.266981229872794
16.66425315982586
17.01992821981229
16.201145917660856
17.643284880462254
14.088033199579
27.547049451704574
13.238454756808785
15.5099529910219
18.54847080953545
8.541492087812754
16.34062220284198
13.42327358013327
12.335799902299046
9.728893627224023
19.919620116277216
16.33606387813698
23.63638808469632
29.694351583685886
23.09292546068129
15.493884089984968
19.515066498979508
18.936396632836473
19.99238225743369
13.681375600694324
23.179911552003293
21.466039255237344
16.399048608550775
25.718896710516898
16.263855374648305
9.888600660978314
26.692421701572233
18.45017949584294
15.38153145115535
31.790501512377684
11.454940859027564
10.999295384110429
18.95445473021565
13.867370269258014
20.451885982602334
14.17402391973756
19.402467643970716
8.453507045938768
13.598034372651021
23.224526003377267
19.43536965730598
18.523727475707606
14.287234684244659
21.75574912169975
15.294235334690926
20.31618050719744
9.763403648088813
24.905166476866494
13.626166501819045
30.704424969727988
25.183724423107627
12.245855866401119
24.645351090562553
13.674721357881623
15.479601505585357
20.739324191060927
24.166788264027495
24.59797177219002
13.493666169170318
40.121275293799116
17.948248603637147
22.11983768138614
14.858474781053225
15.192643455507405
6.022800788804076
10.574948442880713
10.246334018103912
6.6435981211120945
28.82193381605808
20.54963154173928
30.949917000450732
16.218495076747335
25.004968695652373
28.099736834058653
24.31045894559167
9.767411317043324
12.133214002874713
20.435357032449705
15.661334833838659
13.244304349931815
20.23210074134432
13.5637369966651
23.873411257321095
17.064624892972567
19.656703307659754
20.67464935390322
34.36583341663507
12.796803428807735
15.180077888063545
12.805570984861792
22.23719220216035
26.653846726385748
14.652662732004645
25.410834567731573
12.21684782134041
19.486588984581555
17.18196141430675
12.593010255772304
19.654737399394193
18.243488470519768
18.481443524986002
18.374548690530204
9.727252684121481
16.768716681035485
17.51846108639589
20.35137770760848
13.71723767410567
18.399934817167757
22.115069888427545
13.581095865787466
20.47422321983697
11.63865734810028
25.933814546738237
10.71783377021673
13.9064051494278
14.67801725140016
20.18025300501624
17.098152124697773
19.56969438380903
14.854334357162571
11.483307959597498
8.763531825477937
22.686516747451527
13.990151185046557
6.981020193804535
8.258691137398094
18.658537702510134
14.806681974270889
14.049404536024143
26.10748082086215
17.966432217883153
25.7836679815311
21.354237600578955
17.509070750140467
17.197420196985284
19.57040555142208
9.371863017568876
16.851660889059943
11.8066443454233
21.43586042932938
26.828221712110945
40.12471665037268
24.429381480789317
21.273498662637643
27.651883173280957
12.298327777636947
13.317258156211665
11.263706952347068
26.56986804044213
12.535215546442938
12.198140963587417
46.487195788139786
13.687972750879462
20.40895451229334
14.836926852094948
20.06274714200869
15.485196068563633
20.72223220074933
15.48486641061059
6.4999564583022735
22.60790172058464
32.317377708569154
15.485928046001144
36.80475129641267
18.34519280773682
15.394093819379698
17.8875813360473
13.387399165068588
22.330192258507413
19.310569160607344
18.68589093552749
9.729941885641628
8.955964837639902
16.88413403790133
18.119350792983205
14.24607556161887
21.54704592269005
27.763470621243847
14.393880816350832
25.058249388826408
15.690788357117208
19.23514034762386
25.51071052360927
13.848921895450456
7.725729588441384
13.826734412858688
14.196553581865478
21.74279694560772
20.304649872147635
14.4957336173231
22.538537371655533
16.413509087419193
25.513798057710236
23.465933724836248
12.220176929369066
29.019603028762987
25.13032629006834
10.951318602701614
19.51255189456235
12.534203345334447
9.790561013528183
27.930598887707436
34.919714708010325
