581.1435307091424
567.1089617644152
488.3784082279432
420.6616842692799
444.89461207015796
468.0904320164626
455.96577136913004
373.55928629975233
316.4074342231841
401.4967350205896
381.50856405175335
305.0494723497076
264.09876127638256
252.63628438274418
281.6232595785527
292.3821750353412
267.66757146173615
267.8756609886451
244.56975029963112
211.63252814694098
228.99664993086276
211.21756736109575
197.71436301907676
178.952357589043
198.66542917076592
169.81704175973076
204.15258607772623
151.12598472126132
170.4387619817015
154.85438322611947
145.0911162617264
131.9049173352331
137.7160427117161
134.31910816404414
85.20391080300111
117.79678401969215
107.12404444619135
108.60608521080309
174.75022675707328
102.04861648141936
131.1104713494085
102.89601190298679
86.92459295918124
76.58270414393384
77.42311492735831
91.02432359916166
78.42272854864527
51.93210152055768
34.06093574373073
61.6576592406586
56.428122837795044
59.4646663731866
32.301347816081304
37.883493400490885
48.36639906389871
38.75577134183707
39.77681284336743
48.22294083045542
47.60028422858934
23.784956199884128
44.416354342164
29.32085649031096
16.36088050250843
26.605438293149184
22.596147974753254
27.319466692604088
29.40251497479498
20.607427003410326
22.257187157874238
35.44133791338595
22.221456780675613
14.636304057851884
21.21126381465549
17.269853619749245
19.255876698753557
22.114708229397774
17.481848279790743
29.148276957987452
29.291095293913173
32.965848629624524
29.887025875652295
24.35079737735989
22.07717535587332
30.85732534801231
21.16090462001566
28.202012354855515
25.564664046229268
16.275166347421212
20.050318541226876
22.067421977388417
25.068362963302953
24.183370624681217
29.556756439843095
24.39280087564616
24.93117813167716
18.766749619418427
23.142676128253505
15.624681697755104
27.548727636769787
27.966672675382647
27.78143704690977
24.125397442799308
16.594549460679353
24.824076835302417
31.77480099981571
19.025843100463387
29.454607324138216
24.838557331226756
36.22952209419415
20.903446212862676
27.186706125522836
22.358894039705433
37.32803447152682
22.57712864379678
22.204898091208534
23.341090365626673
32.69862058751864
19.298785481607673
31.421059747409032
22.389860483817444
29.235424039195042
28.517155659981302
19.18107893244689
28.055006770797796
23.255594550090343
18.994414478493436
33.46735765935503
15.589293234841342
32.36263727882606
23.174540772888555
39.64570790195058
29.867096906346852
21.93968553528802
27.9973872300845
29.009983122200904
25.68945802867097
25.110458108725293
18.181188223151896
30.993193549527287
26.089783421234518
18.630034535307903
21.565705576705042
30.582183836468108
12.895959349351491
22.589656138983344
37.86066699155548
23.703033957011847
20.215358271160216
29.821250732587508
26.06280163848766
17.831927214473325
28.31250849072496
31.704166441253033
25.873854609904996
18.47165725890688
31.668565359485555
29.47120877705553
20.692287091462095
27.68666514297533
27.309167390909185
30.58373601694342
21.291057334741073
29.114662236314835
35.984382588188076
30.39318004910167
17.152184615216992
17.12618540132473
28.08855984594584
16.692630884521236
22.964518309191394
23.662511873890733
22.86449872329501
18.697672280908947
16.73130003458303
33.238212899684186
28.25416408180834
27.1364482518861
23.594550678182834
26.43133002951185
25.504143809759917
35.97801409043453
18.334623531296597
23.345467567270862
20.97487886742809
17.968193326607683
19.670920694997555
21.312671037094432
20.94711613441179
24.544255766927428
21.915767040206244
17.12071114855226
23.834391353046467
28.482600012109543
36.36878919343844
29.155934428992946
20.99390477518844
25.035088515099947
34.58726818102002
12.9146106353528
20.03044089499987
13.164871482646372
21.43961421285354
25.935711694222714
25.249706769224566
22.283206462809623
23.25581051784275
23.03282348276748
14.777525842635516
21.72272477146761
20.263528822245252
34.366804997980424
12.260254682164403
26.415767644897937
22.987329015198537
13.503817055593458
23.685868465219063
23.305291233035067
33.655962860706445
21.106917187005873
19.45941009324745
26.31832898816353
20.310697493593455
33.537153359603586
18.681367197644754
17.85999711118974
29.376441651048136
24.948905045077453
25.61289573183855
23.774386596563783
34.26250406056145
29.22401095206517
15.156626218804071
28.922192609152265
20.618840534962384
29.795863271655186
21.245888579450007
30.743338731022934
25.30060169975772
25.735341148351086
18.82995844073891
26.333734785060297
30.519421487160447
21.217091836684762
24.1633966655698
21.50722508969121
18.43185345918334
21.142873966194163
13.96533150356214
17.786614024998126
29.212988999333138
20.246090468287157
27.64561045744434
23.493111954433086
25.640682070639798
45.75663250721844
23.22829503379187
25.93983919113631
21.92206124852746
26.705832086899385
18.18864487628076
27.008330003952715
32.04589785300191
28.44588980903311
52.207650700584196
27.917744544485828
12.994145591281004
23.511624577563023
18.921342157935495
22.38951054866636
18.049808634989418
43.481936514432675
21.667333944783312
34.352510374363945
21.352702338424514
34.446278737662915
30.329434563347203
18.45357569929118
29.00822244254243
27.29830711111274
32.116216135316925
39.14545201440775
30.322456918720704
24.630581733836852
22.815444784352053
28.9426347990149
25.78868170716663
28.328640938393708
36.0797084417502
31.784531420301672
19.581942597278328
25.114947139802613
25.45867973640505
27.338257540548682
22.861522654718232
24.607383235661253
21.253929656160114
29.11628145944882
34.75841666076901
26.31870700693757
18.497638349607122
35.84458616178493
27.710502630729
33.83092183673717
25.61868628184285
27.656801564318524
18.8568699753788
25.442976953838315
23.0344434261465
33.86074094632797
24.462996849714234
17.881486305025156
22.896453310514186
24.146333970188728
23.370228684586774
20.390352353654666
31.719178276397503
29.03666027107122
31.23230021729988
34.62374312446863
23.352795480184216
23.7217121231993
18.812267430990477
27.25170244440422
18.742218695309237
28.421809927717014
22.17579975475924
25.82890352029364
22.354266109564534
23.594512887662585
20.34948843050598
22.816940093709
20.373121719173856
33.19804755418732
24.58782733404644
24.049648485352577
29.385268373059848
24.08413628734562
22.19021397547233
24.28165269957743
24.069456183674284
15.841182600397389
31.722863234292355
27.063782006065
20.005644305881738
27.067463904845045
20.57934115764483
38.97288607626136
25.061987230365958
27.944195782582646
20.997477940675154
24.273745028856563
33.33788971839888
18.529729022222938
27.99970787171258
18.824011905697006
19.906001530655924
26.12534920595355
18.367147864697486
23.005753179640216
23.533468071940998
19.062966290060963
17.021696556016195
18.995635222137945
25.985843740563652
22.79131298591542
29.034940577537917
17.96713328971498
27.9126916795015
17.85500961242324
24.111207175029893
40.924368056170124
26.097728673041264
21.55441984843077
36.52066948719935
25.247143334262073
20.307648262757713
21.584939444372324
19.34354728872
23.674110202803362
22.182057673524582
22.312924608139998
18.35709881932423
17.193967015817368
21.291267874284994
15.300644427120444
28.906337595232113
30.749027509586142
25.05460234219411
21.438363894031333
32.27340761135878
26.078190071853243
29.3966398062391
21.685886807471856
25.00786781657906
24.59713599499854
25.631170440359064
24.925017409105244
35.803004782147354
23.064132874045114
32.59969209278062
17.56215836836263
23.852903105196237
22.169491349225147
27.961930605705575
23.021596839779185
34.35160124699697
28.920070779383245
18.604346303456047
28.112699251213275
23.57077057142011
22.53099876267756
35.40712166087202
21.339183406188216
25.052086085434556
25.765284108892555
20.901310954622083
29.05869712706383
26.556738269036206
27.417364451577185
17.33406464887143
19.717173990210675
33.55940715248066
20.03246850616771
25.819716722646703
20.8602473776831
23.91006772777836
34.96045342588979
20.695433239439208
18.685707307323085
24.761653058559006
18.516998715411738
27.27999651441295
21.109778491763688
34.56808177296835
16.610880536384506
28.950233399599245
20.220867620815792
23.80104123699916
24.48338278153011
16.9897613533557
26.289066005170753
19.5624732719318
24.764310630071982
27.17724954514195
25.043095908809605
20.66820476576116
27.82969402692276
27.778999867540715
22.78126511155539
19.27419745982236
21.27796168496862
24.39256928021686
43.18228027427322
25.031763675109964
19.01467429129263
16.954445777262148
34.000451641067635
20.899538870313
12.206231281505623
24.898874375341585
23.642574842213687
22.34848420990836
20.37573143321358
23.055717551839813
23.74667725926382
21.098385812141974
18.5076837514379
27.130413283825323
27.39363934269773
14.822947629428407
20.274351787432664
24.314107271125486
34.47749204434658
18.75328135403202
20.146339172380817
27.24919791045903
27.475850105536974
14.862782018151432
17.990142686463273
17.813914001924037
33.906033839970284
26.57234351899379
33.32994774467842
24.870950943062322
16.99136674398981
20.01677012003627
30.781323040879617
26.78323427080029
22.848240098826857
29.503779334197915
24.206240737997533
19.43625046691276
29.21194095124512
26.013094988221575
21.609002494264224
40.81003418134323
25.82916370989213
19.187197484657695
25.729444235814764
31.0605106582596
26.58886066832019
28.282554868982846
19.33794443720972
17.351501851664324
12.375182363603606
18.128195626197787
40.30296335369145
17.378250875835317
22.754067288081487
38.95831432944604
26.511622790219413
23.9627151970001
23.665812263427927
24.048554458409846
24.588603699848754
30.322108373873537
27.469555511632915
23.280377962103582
25.012596208437504
24.085805259192757
13.643973393145917
39.659666874649204
30.18013566170845
25.545928794662952
22.795979762080805
26.780570480582927
24.60788674823036
28.871913737249404
27.924618669558992
17.535801350918724
23.58512975589505
22.457569585558144
18.493693421295042
21.388189582490256
25.676039547844997
21.486313615881
17.51635553888815
20.31468672877262
27.563643231423608
29.989159454943003
35.861041315679905
29.36068340065652
23.33599051028658
25.056363325986304
24.38440803214535
23.848820317671052
31.37319929677948
21.88345783916651
42.50093265689029
23.72718800674968
33.44255886033539
34.18794081927821
21.24374050144806
20.60375826212638
22.8766431989698
27.22421674773845
21.05625340309124
25.14861193027434
23.663471162124406
26.86191478981546
33.61727536784642
22.96269287562697
40.59316043376949
40.60750184382124
27.79425918741696
16.236930159615596
31.461722405705846
27.732095164352494
34.616921944716594
25.151678596244135
18.40219545819848
27.994784340500843
24.759113159501513
30.197573400848114
21.904056213497412
16.326115753404892
28.397468698385346
38.76575512909501
16.000136939013373
20.798018267097756
14.361269266282568
29.18837479902308
32.02832223117818
31.241984138607172
29.790946334657676
16.216858583507666
20.298844655495387
23.717263902297887
12.670292109547871
31.603419792733035
31.209844758621504
28.441009561372898
26.353667806109254
26.19951068887302
29.895033051261027
27.103530330143588
20.886285773688922
23.02252870635736
21.378850123502875
44.74611830271843
33.78554956176633
18.346122235737692
20.49992593783791
24.031596551915737
22.93935978230159
22.83159246607342
15.146149617947714
24.314866992798894
24.012199875763155
31.147051446765765
29.290758297070198
19.646755431525705
28.140265407800847
20.359840447579586
30.96941891326858
25.897258582588723
31.077248275855222
24.613453991039872
24.398063933812377
29.927120618229285
14.311314793050526
30.33620146744287
21.628438386588982
18.653971536044214
18.711086353187248
22.755197761583297
23.537163312139477
17.325704451568015
28.574176540063124
15.937943269884522
21.844049943162926
17.110791011691592
18.438176682997018
43.491721346148054
28.081966177868466
21.68704065799134
20.10438751486699
22.932324381944863
26.42686839454735
20.883929176894203
19.72934314190936
13.040056821716172
21.158940367284057
22.29463087569848
20.036214051673362
24.83857051774251
24.02623286341424
15.305875112712746
35.12993962884001
17.663123464520172
24.21782560085967
20.528102168009156
23.92868998668366
19.989537317147
28.82981683399754
19.546644397367842
25.209896071296296
15.912334837108396
15.819047898479631
28.674877609813297
25.225045794315893
36.95000318531091
20.170864535267498
17.297904723903613
16.28271766114124
26.469719380891576
34.48523522568836
20.791213193266504
20.156877205719194
27.742214055239305
26.650824368919086
39.05931712031231
23.452731506639214
27.831821026877613
20.679569307053733
22.524736486048035
25.14878779359507
28.257476007527366
26.202149603700896
22.991598901752376
24.17339308361481
22.10260477747601
31.676037005605696
21.142653447555208
26.12669615011712
23.680751378327095
30.89727119659716
21.314109026221367
26.158574225582193
32.733855028106454
21.493666600205263
16.988957768759082
31.11120788625199
30.556905619975574
21.403815166091764
31.4794963546648
25.80390057061413
26.50345960338968
26.597500486753873
20.304770372572506
30.110951862261746
17.355363646469655
28.797392176751984
25.749659677497384
18.2439224775379
23.6075900623976
31.006117837863012
28.05350800511686
27.265431770370558
14.613535676606462
34.1694864662276
25.428932476315342
23.841604604615636
30.60300681479267
22.92196433666732
14.20619371223859
30.961177201974277
23.648201949662976
24.00213449666144
26.61608606086867
33.78495889409812
24.251093966851073
26.67578514485599
15.772628040897127
25.067503130358965
24.0746609633657
24.65539482161563
22.25901981689763
19.828746023748426
25.169531228793847
24.7179271671466
28.759635498587183
18.197235636453183
18.828834978565588
10.836720606121629
28.74103993478482
33.25737783254758
28.845310478130564
18.404767880290155
31.201415782492003
31.189584471539337
20.10721834831227
20.432508728934575
27.043857472109995
24.67955975034566
26.070131192236907
29.577785144745206
37.2357867472077
15.005030458350227
23.4429182309037
27.28371154326244
28.5179272833407
16.863389067652996
26.44963927597739
24.262502905139183
20.842579437453956
19.05129951236546
28.185075016843193
28.816204560026847
30.54632849233293
27.968710253256873
33.10191312053897
23.651880939954058
34.11456579303401
33.59772906033597
33.995815638422386
23.437510667732735
32.04519466671647
16.668482501328718
28.31600565422825
23.28339529715203
22.44953684877535
21.593256494046994
28.229307057703394
16.11863721443034
21.931283845177187
22.864690307967486
41.303843797407026
24.8382367892989
28.03386197183282
18.925267910023152
18.168132313972617
31.723463668804968
26.102577368344416
21.00100863263224
16.387679819876833
30.302418217814704
23.885363613238848
29.753010099951073
25.366038956973945
24.157716689572364
23.526628424629443
14.375764931932048
19.491930703846517
29.011344203807532
21.175434033149035
19.26703477575198
17.90913320584805
31.986228541113082
14.743683670061639
25.25115989374954
12.939243459636165
32.82487398782211
31.10868126713292
29.13906953323555
28.79663765147163
30.807658988078103
22.540059384916006
25.036916194728743
40.62957544574311
18.805770497525387
19.418778223326893
25.676414130302366
33.17897399475163
18.444747122204664
24.648290677328255
34.786766911282044
26.77542518126767
23.58687640430512
31.032833720891734
19.569144107700417
43.77824073094483
20.52799021015853
21.92719717106451
24.992930738902633
21.396945755182653
15.276145962907616
26.011211576566456
19.819258999893307
27.036849064164088
26.092880699948257
18.76997566528014
26.303162206818143
16.19874852887892
26.539997986495962
28.768660520069034
29.559689549433937
28.04262247284851
22.04440576601789
25.87099368274829
38.5601347299034
34.55433336735968
27.991591320074143
23.3639677953723
35.075856715159496
30.735059687339284
30.133493793460353
18.947582012123625
27.222155606144206
22.32185830754398
29.566323818442374
22.8676036482161
32.39998726060025
24.115365778196264
25.14288463809553
28.89264746565134
29.880242803107077
37.27149853469136
19.996817578762588
25.621909376732376
25.138279976518437
29.037095472029844
32.59992504111257
36.61310195482628
17.585834551938078
21.00359656858207
29.454903779548996
29.71506415604631
29.249251243471754
16.841047794217083
16.140424273543037
28.13451159766331
25.7818283577122
20.997463715896174
32.95669726689239
27.083816702226272
28.6222270036911
40.00847616844452
33.75892057998857
31.42534046614156
22.064635340690288
24.515676057513478
21.51353824908462
25.607166366809004
39.91935043445725
37.75375306181309
19.18310998883739
18.307663060893034
25.921141050082863
26.983615677983135
27.72602754820173
20.209863992782058
25.58915879387826
24.998425109568633
21.061289573583526
15.823923278389016
24.36401099489608
20.48501028307981
17.808200576542525
22.545958856506633
23.790588313486356
25.581988581337267
21.71730864025995
24.247267591935152
25.559604990479794
23.411825424803634
29.658292383533514
29.184788076416595
25.535806427237258
23.2196993335842
18.017466004296118
21.27020952596852
17.44167600048514
20.600020461575145
17.882214387282392
27.925473956362097
21.11011676756078
25.944552741976572
26.548837832295213
20.750938748152585
29.414129613338265
24.853103859371455
23.84286194601244
24.112507153092697
30.591783359513457
17.674528451529856
27.242053532389516
25.22827963968704
27.333597086538564
20.97959628030301
17.236390407276918
23.65835374658258
19.48917313335654
24.70659458805673
16.928536590760054
34.10002582020729
19.205037475780408
30.671942076680974
24.49527789400772
24.665533103635333
25.724915052617913
26.23977529396999
25.084773564291957
22.361551929203667
24.58553946161069
24.6683441506351
23.13078572994754
34.42955286880925
25.818139797311655
38.65642420222895
21.78652256551334
25.480556648697565
20.042353048020118
30.30016779400223
19.820250021533315
21.534639122916026
23.001585859516176
12.566590821556698
18.078643762545845
16.943410096829737
30.280171984892267
29.247982855357368
20.166078499359887
23.61290025252181
17.255446605843833
20.483800706178656
31.658692320169735
27.237007568330235
32.36063086938477
25.51910505312767
43.46395960170854
37.160526777483824
23.157622605891845
18.348575511243574
32.5115935119778
27.23272537782957
15.209451817475545
16.17411588969904
41.520167643212616
34.41190830515436
23.99924402987889
27.986371167537538
31.069522462942693
25.65958298573145
20.25038432766327
34.55092372236973
16.678035979326932
25.152255282180374
35.084238849836844
27.259024568419655
27.449680530550296
28.801588341570284
20.540670521718333
27.890999728361827
26.955674424418767
22.904612657625265
26.38055024552744
23.466456258991084
20.296275210921074
21.440140459731825
18.038679285535377
17.96775798199134
26.179027780454224
24.056539988537203
20.194995190144002
23.254351198388594
17.68562061906177
23.499219540579308
31.93836837410691
11.085641871372967
29.605846994366903
25.982223527380615
26.744831455962583
24.387848500234906
16.529204301079414
19.55462282202313
15.232181204798387
20.996798225932697
17.839846669809507
32.695039932355904
38.5018095400813
19.2568508724808
17.84869918473259
18.389002366403812
28.688801703843776
26.09633185472057
28.748117251660343
28.26372900163157
40.74238362330081
39.42006824345568
28.39882015479045
37.272428673197936
18.75350854802428
28.802159054166808
40.58055026106713
21.485276567193065
22.043577582226032
31.047888795472602
28.171187950098947
23.887273492956933
24.61008880234261
21.975470194800227
29.670693939180282
27.020253124879044
28.897011940935926
24.576211395622366
23.61069724062334
31.688328896623336
25.62448366125587
24.005159286787723
29.118061957227127
22.311909201331034
18.417667247717738
25.584865069508506
19.96858331974497
37.979779426980706
14.137813375601826
35.96930567504809
19.79108650022153
23.238519966085004
31.129247106056457
23.213252376659195
26.782323092154588
21.159807797841466
25.542930386944896
39.034656344095794
12.040747044102623
27.66743303090879
23.09586597089591
28.644982506003164
16.976181877123278
15.964262269868938
24.73065521222479
26.618440426383682
24.65443763956857
14.692922301083037
37.7141258934727
13.903747736837813
18.08422260219996
21.5154538316667
22.231330348334456
27.07724349861438
32.14426436683771
28.030663958545794
31.653004185091945
22.90597029178741
22.208962975162812
18.27318200570098
31.894589428869622
19.24001857378579
31.563918576132355
28.076464958678965
21.447768753510026
29.554188248240344
18.918889504808874
24.21514432383987
21.352575562709283
31.301840240880868
14.894559682887277
32.69019981558209
25.024639782219516
37.83765724091264
24.30321055107603
17.859715743188897
26.72327498234773
25.003491807136374
25.343471969341458
32.627290580481834
16.676639432286837
23.92487572852156
23.744917293385797
33.20170375405439
16.299134562913956
22.579441936283484
23.339207221258253
11.099543280201935
32.28279692745069
22.805456203565747
19.983079158785312
20.172415448024633
17.955460368624138
15.253191918276787
21.106499852181233
17.489729242398727
18.249340667172266
17.456430053628207
22.21530106633075
34.891930227779675
41.15003489234329
30.175126623300653
40.49902191508012
25.062846925418615
23.334283577693192
35.48499006138506
25.995749104678367
19.68917417894682
22.34235167032523
25.96235463314737
22.068500728321144
25.186696608756098
25.408301947698536
23.350886014477716
29.996343918004253
14.4812426709411
31.851967107199908
25.412495096128
23.72837510820762
28.333537654319112
23.02619068134707
29.233786104043862
19.55738451483125
19.475980618773505
25.519080478321186
23.368448390572546
14.85754508356264
28.069769546578126
17.95925784011746
20.457511471443272
18.63821996170327
29.49386254089315
23.240127651934067
30.31740116307693
23.19298714004171
33.017941834156325
23.64736949608609
20.13197874918487
24.530962189092246
26.646517903477307
25.390795003349925
19.722572174764537
32.12609603106987
24.6909714957396
22.241146949320992
22.208835479921767
28.226563710963358
18.424702577329803
28.141906360033392
22.602521464261777
26.477910081572354
22.14850201521029
31.456627126757823
21.507240450883973
22.64323929851
17.939913935590372
23.029512068618317
28.57995582731565
24.909155168424093
25.900085932737294
20.338499406267683
11.118403360991996
27.781752495568956
22.64469861720142
19.474617655025988
31.999453266268297
24.31940881069216
23.340448955412676
27.893933575452973
22.960509855630672
24.29812830364932
34.77000896168274
26.13990125245216
22.493506324126507
24.011667668437063
30.625455003074137
16.527714577630924
27.033309071399287
21.547817501190316
20.718414923643227
15.037553132796733
24.63619572920325
19.11476645145
27.727687754953845
35.248350745366366
20.63745756337386
16.86170809894662
22.57559251961013
21.56045794425773
26.403065986377133
29.154619045601336
20.93585056007887
22.26763738917588
20.276560825602523
25.487439140133084
19.802545916437257
17.73673154842296
20.5970887240558
21.508845699137638
22.54444348659853
23.515330454230053
23.785702971557583
19.11021900913218
21.222389779335725
15.98515711849223
10.639003196817836
25.508242766438073
19.837030167153436
27.893588734467478
23.710488389730042
27.088520097893554
17.77574750909877
34.69012111233694
24.453236975966895
16.019822567044816
24.222053155364826
23.85901252649314
24.748975714118366
25.85322407038974
27.95117543538878
24.35718145429248
23.241136386417985
28.52507936797864
30.80879745602021
20.672245355698152
21.85916957363745
42.306532902586724
21.268285402450463
23.116770150269453
27.675405498463928
16.407549059603596
29.447385409285047
20.87577867514001
33.98212303526423
22.636073765886483
26.49200694529669
30.359522466394896
22.28745017258324
35.13488589381143
30.957611362224867
13.446477885075813
33.77532182743351
19.744740557022926
24.86591669921002
16.43783311847954
14.862545037766727
35.08518145100575
38.83839726589785
22.167678375075404
29.02211014957284
25.850737134520408
24.672959945159658
26.26444180204769
37.12763836297628
24.27510944040904
27.652004297338394
23.98455122605336
19.121606583436
25.97113684748411
21.96370914842254
26.66027350418797
22.363715632117433
24.541401440703915
22.155243156422692
28.85189689130849
33.251071440440725
29.253720184220068
31.949576379698712
24.97717325450777
25.894428381049313
22.615870875942974
22.511169789637055
30.51434492779963
26.933780411196302
9.497785417566957
29.447447485297502
19.067084088814788
19.283239953119534
19.786268197923395
18.19690572004875
21.237151793521967
32.19813220281797
31.605556649579526
36.99167806264042
22.457808393880622
33.019969941705455
24.624320486645505
35.85359664451014
24.31537895006105
23.198858802475726
19.48629632998382
34.52547380118729
19.9844260852049
20.571473659600382
30.144624663634573
28.151870442682004
24.900183137611652
18.889986716313725
21.28238576581282
19.989015070479148
31.08981749612365
26.671128339485406
25.335692288006356
19.453331086376497
29.30650444439939
24.867708808272408
31.092232442807006
23.50184739070406
34.41848513825999
22.229657338083754
30.75126351322643
31.399188127249815
24.25303709870974
19.900554795451193
21.024710555092017
25.511234251796555
34.692698642988304
24.137889485286905
20.538359575968833
19.82730925211678
25.271379895950318
22.738795586038506
25.511571411266154
26.18756495930349
36.017236658374784
35.576502052259265
28.471284189897094
23.5715851103346
25.04371620149407
22.016269262356783
21.21751900296032
23.63023926124362
18.044978656590196
23.308975455574952
33.07743417002001
23.533126911778496
25.592764026462326
29.443682347166988
20.76330269359267
22.462407510418444
27.91018657567996
18.15264548280308
21.33811516773842
30.10525024236868
31.779554594872963
28.63545125124799
29.559275760767424
23.445428943193765
28.021907441213934
26.350890770262225
18.133539376533797
22.703892363862106
24.62156330769264
27.571757382793038
23.500581219443923
35.36845045157242
18.01001398271593
26.044283712511607
27.086128148935572
17.94192643231213
24.836247939454097
20.70807447101477
14.121355962980314
27.094077827693603
24.583244469621828
32.32181092064225
16.981961668492414
35.3224445808432
22.8775057547002
23.852800242415277
29.921646101466308
25.580270836198814
16.009942547623364
26.191035426734487
28.402845558492594
27.198776223741966
37.12558184655601
19.104078882185057
29.0142562286474
17.715132201590706
36.62357884561328
62.422176855450495
19.66857320418574
32.54315424014182
13.521407481824482
31.414836131481717
21.720085215658223
25.807387242866863
30.735672792951874
15.011705287262231
19.692057166487697
29.187678024865516
27.342426272171235
17.97592806171027
15.600241189038561
13.804209544665644
19.618545314861493
19.643326078639557
19.338166072560544
20.528634058132543
26.049960597810085
14.789974120610715
28.53840796967272
13.626559223197162
29.035502201278412
19.494801552106118
25.08914372713394
22.522187615260673
16.575350730308024
27.94482666568776
23.257337159396084
29.626454755079617
30.813301174246604
22.43655901227965
22.45542227784813
17.316071615154925
12.344094248595463
32.089185525537204
25.745472012205706
31.46833955141607
23.282772815143918
22.930105250668063
27.225256257018664
22.256935011119904
26.243372212708486
28.617184186794663
22.586050198149128
23.667838359488524
31.277283171249216
16.130350468242593
17.774481283715268
20.110805622889554
26.590774146192746
18.438915325542858
24.908194302037746
19.713964553935153
27.67076660256647
23.020744135034676
17.676604241224467
28.067798931400016
42.81599732181569
18.285197296853664
31.83258554813869
18.809726128547187
31.69174619604903
22.365146294411346
25.633332049343103
28.862647289203814
26.955498987521203
19.526739052367766
24.2041174454399
34.57676000860393
32.19163543610165
33.900635602620966
13.89817286292907
23.613457823228508
31.066876117701657
26.122166904724498
33.34420929742971
20.658395661666244
25.592261039755897
27.251000703653734
17.565703892026555
25.1606366143544
24.274960555445954
32.679948745128414
18.56067624838915
26.76912188508192
18.344175185059743
35.705306393241194
29.17958433538707
35.771195438180825
18.30911194466604
32.344158783809036
21.509275169650245
25.647033183449487
23.74139696876473
22.1506688015696
24.317906147487808
24.636369675830075
33.44056298156076
30.15680046529534
27.937472642285854
34.73713591974748
30.59357811338267
23.1865689634426
25.359543016991353
23.94783787067154
18.104753846843956
22.84477168765556
35.03552310974501
32.86035568109096
22.145764042126668
29.32591150050161
30.792974082609593
21.01073267523364
20.361558648116617
17.59697274812143
22.218320259335293
27.626811332608547
33.90747707494798
21.73550340440517
37.30665333709944
19.56133654603583
21.44909297674352
29.62562272955182
26.33637603526108
22.324052945874364
29.20913193446427
22.275990007086747
26.846105078658745
32.534342833410165
29.437116655491668
15.755272979050025
26.473060725036813
20.427052188689395
22.651892364885178
27.324346860126568
29.585270180029323
26.1345215016648
33.127197209417155
22.167603596711803
18.163680944841246
21.806261330281547
26.62934027642716
26.55986019779316
24.350639609499535
16.223168864171875
19.85226579046445
29.068004277810918
26.299032614664984
21.647548284514183
18.559002790688535
14.064295394336677
24.233934638706565
19.837412412490057
21.742456329014246
21.936678958886937
25.04496425294435
25.262283815854918
28.872686354142697
13.343093958285095
25.54902717483308
26.592207399813088
23.255330763957772
24.6504402070043
37.710977350316846
27.484753043287974
25.813864789882114
16.012773859340008
21.816199096687964
26.087322626234577
22.354469705012576
18.2619264780708
24.577766264041877
19.146371915846117
25.913879514562836
30.742835495606236
31.813354596555737
29.171054430313703
34.02338979836381
25.87437850555503
23.744431686924976
37.370033569078274
39.657218163296534
32.78347266402406
23.00672954791201
21.98810769492468
26.902069046786654
27.971836472619216
24.776357561016226
27.125941907427887
18.91257675601348
20.668098076848597
15.969710752101976
34.20914278373603
30.503562582827648
25.786664610386527
27.768957836295794
33.356584041672896
18.323357183401306
22.132514604142788
21.189151797449885
27.71320931118055
33.8396399358456
27.560021678364095
20.50796879291476
28.17520074789574
25.113046509448218
22.061355432230194
17.04955844110859
22.930840985062893
30.739382802877895
26.579261824461177
22.066719432569112
33.05797533858173
20.841511842838116
31.658415698845037
17.741538701948272
21.931602182856892
16.621836974052346
23.71164484353861
25.220499744341467
25.46407170272966
23.80809606707511
16.018255581073955
16.952618034051337
20.417132888301996
29.77248164216802
29.99176820330341
24.722239128084592
20.73932339912856
25.239707264840206
24.78138544288977
35.301319207583646
25.038929844136508
19.12114862315086
25.745687394098333
28.874660900517952
18.92856596889089
29.44553459364992
26.734564112177296
21.629656769147264
28.028120431618014
24.769257066738003
29.53523505980604
19.975904668625134
36.68726998138916
23.01274122467695
22.12929929363693
27.574162323015212
22.26420704293052
25.01085036249327
32.76899503763143
15.839309090006203
24.455310044892297
38.20640045857328
27.695493682126504
27.900918390125472
26.392783248388753
19.256556432910998
30.193539782039856
21.956711520645566
25.926285638588325
22.68556705559516
20.790017011269516
25.983819723873435
31.41026258587905
34.0991724244219
25.622063386811316
24.440146658298204
26.3710539720446
27.141392739337284
25.47390155201515
17.045973003085457
20.202372734675357
17.54300618803242
31.134476274034697
30.75363447136543
27.648972248160707
22.476687915217703
35.26347704924142
20.970600443201192
14.934880453472784
