279.8816105969697
219.2556263942516
133.46189097841855
102.6675357578038
121.45489748202105
110.76123884669376
95.44708649863783
139.98353257254223
154.81161004789968
94.948860361098
175.43432639834754
67.98779817513666
110.8284700054538
82.33780526498087
108.91047790306907
108.71141362454986
93.37738254830397
129.19982547160734
68.87267339973427
86.71736964151012
119.15460108889557
115.36379986575565
132.846192184999
85.51297404328815
105.31187527234809
67.67090463458742
108.87005461601196
100.74898665945094
67.48167475891493
133.24323231749133
76.0499946122116
117.88582832759838
67.12755789371685
125.56455242079451
96.49180365493089
88.9711604591989
71.55665411520164
84.68261820538078
43.869319393548714
53.748736437426004
135.89157632964452
81.7472887990783
95.23421658201798
65.98345028780041
87.03858494351093
128.40044848940718
62.93193248765103
89.57686704022399
67.16276069762374
127.26354110744053
69.12191179520416
105.81573337693726
57.27045831022583
90.33419342452157
69.39408401386582
68.98166721503243
79.2021971725037
53.807735004239646
60.807281896370135
80.60382174353386
73.46154823425786
75.91767868382551
71.76566893146747
72.39542157224888
66.62599076153356
39.542663705796585
61.298549447448906
46.922395187603236
104.48848112042253
62.537701522117516
103.73165807469915
76.140641481863
62.985969837634215
90.39068516672829
52.31015570107618
118.8448612911937
88.576441593961
74.72690666864183
61.06875548041673
69.73037921834141
74.2517947955274
81.64645869746352
69.18788713042592
50.828427521689676
60.36061998238621
43.27088063828709
52.91892754614098
49.47170853398536
55.64034572490368
59.422132524470605
46.53682111744814
65.0310112207248
59.11453698630334
60.701194258999735
88.79734617544864
50.94327576865406
49.35734079779996
62.20731262375948
44.56226367143083
49.91214562281534
69.39032526172522
63.520921750594084
46.25733878706582
40.78963020708012
47.29721918135274
57.08272601438091
105.90609842383355
60.44175269009904
41.93892005328696
63.282292788315885
74.66780880699531
62.516753349474655
70.12668277624913
50.40282663671134
68.017635343419
50.99548044909004
98.0577862559616
69.43084603334673
81.8283454583667
52.779339229660906
72.85501926689668
43.273236021482205
92.94023845866377
38.766340206603
38.88532526050192
51.335698262416315
57.88510606470364
57.225017130734436
34.617859477646846
44.30434484029131
52.94890189318037
47.785913760739156
66.99095917698813
44.66181235403595
19.35403256535435
30.19944440061122
64.62793062348796
72.48630080973511
41.93457905719867
55.499354903495814
44.013131054040656
22.278383379773754
59.90567334690099
61.042502554334924
71.10597521721166
52.32367198770459
25.351035920358218
101.15838699479865
29.88707439616197
39.000301022542814
52.23061767666807
41.00529832444075
42.64586760792009
32.77584541708302
38.12398168969327
75.72682813903602
14.9479520219518
54.59439684210915
53.886896293504904
49.741008886401275
81.0224069607386
31.179845950287476
74.34933810010578
50.817949830592866
46.234760578453766
46.240575288728905
36.01625696133729
45.09937105960064
26.17450294246843
33.25493797427403
71.99476207716444
30.8077947615822
37.66890538741865
33.095367273653814
53.32850503020376
40.46283661596905
21.978946419277456
37.637709667348474
25.34729998283789
75.57882103916036
60.13086495370844
21.568478490034014
74.44348024791908
39.1154028551711
41.39360443646524
42.34704939128085
33.465981435675886
46.77448174711452
43.102595774931885
19.35964268035331
25.725878180607996
47.666633175466586
42.988413780780725
64.88344133728884
44.18030618221504
51.475744070764875
57.68893062775602
52.40329184476502
45.86868864421307
88.54505317517707
32.686506066734616
63.265101160468916
54.2249165211373
29.304420741224728
26.139925246852403
36.516878809141176
47.26751061759041
39.19543690654718
52.5689713290186
45.77048513538861
46.40776252542067
73.6588998930936
35.14138843018843
32.54904257543396
24.399648224463537
70.10469254447648
25.966890300172686
42.66405746959683
63.56223442999727
40.920086406529926
16.430080007250698
30.354275487606014
23.96837445713091
72.20626193637895
29.671095549133575
36.690221606456596
21.343966180830293
52.02264422837055
49.435192797118646
14.82954692468861
34.9422390487231
26.12358086341427
30.16577462429754
46.02191785571764
48.36151674704786
12.993233893107117
9.538988032851627
23.047002440072323
8.11767094162444
4.85274115432613
27.47468975009949
21.678653025084817
18.64742782808336
11.881801743686497
52.279920144105674
52.34320596819625
49.604509641638806
64.11802426869367
15.736938069137121
40.871082681861466
28.167461419498007
21.735059223804264
15.456799856387423
45.70080203863645
30.69040917070909
20.8757633708054
61.9944950244474
73.41650098784207
33.91926428930538
24.497351016465363
72.63889029637859
45.695598307515596
56.994338705161255
56.44489257402542
25.14155698691491
44.14944852528067
34.16016256974348
13.197750256225893
46.654052299598305
63.572494486751765
47.146118595066625
41.7924911755197
42.11539531480856
52.79405414234125
55.94704419948949
47.78558713804308
33.76507175552235
56.49684997014977
26.984564077552932
27.663157539876764
38.72960642207545
60.76688588011383
29.796775677964654
33.899928225297906
79.29473351552714
35.51409013772201
25.70553015604839
43.055504756756854
51.12745384661157
39.11822789124163
30.95201947729938
52.754997743479294
38.1406879650508
75.71618432470657
86.64805445124007
52.893616476237426
44.40603785801528
30.96515204185677
47.46953815466889
39.01418474728807
60.786848265190095
34.8235886658679
46.42817332708936
21.946918286049552
39.98036094233904
18.762240061216662
29.706127865920003
105.17729332883104
40.252562329618
27.48539564569363
33.93010496940617
33.31823630572611
47.19267314367061
32.70756742943816
40.428390144836825
29.800674483425656
12.632272347257741
15.606906571167212
56.155877770963905
36.232968456496636
59.12835376544356
31.5868649775898
28.99516194738787
41.25656886489299
25.746084222012495
49.80681592876076
26.82591783638581
27.631961863418386
58.57451949699137
20.256429075725432
48.733531059045696
17.62034816486424
54.9815938042876
26.446636425326613
37.28782072217001
78.67368367339257
33.69930192750921
28.36778323760652
36.57921334130012
20.58264378345716
46.80973469847846
36.72046634742844
60.20660952974757
42.61894291752687
27.870293704417932
43.090281605553606
22.866900327539785
57.14795088987059
31.10271383254538
60.601187928696696
39.32528646906028
59.335090504785526
25.8394113068578
30.591336370383786
27.89410259862139
13.83398024069569
55.995010058873774
26.317256326213258
70.03434919215854
37.04632399397709
19.033386949735647
33.47197444725613
28.57095996480264
29.12295090003687
18.996573208315514
62.721803381208176
18.82443848105285
34.99771005567436
19.92167298663469
74.14668917600127
63.15045697176321
24.1574709173466
20.36609732173144
20.251871650664636
56.54830604917647
19.93078210855563
46.104805418189315
81.39689634981845
32.548454384594464
44.26747545168392
50.28342212478102
34.95168446691041
16.945318813279485
45.005513929931716
31.366373808360816
16.28729469088946
46.59281013493414
35.1363533443119
21.996268216340003
27.357584297816885
47.95804020558923
31.445520402910134
37.73522870957094
31.211687792132732
27.879715754309046
30.889562198367766
55.33166147688948
46.59869781897486
67.40322188153769
33.303489643105664
30.071285088337383
23.254434573534112
31.627036226748594
27.05441552751171
28.741392718204267
29.278054072868816
26.552709753865305
16.162156539098543
28.475744061683272
44.43517815317251
90.87498997036916
30.600784870622117
81.63220719532086
25.196058213792462
32.45019778954067
16.332568757494066
35.75358144963729
41.1566093505012
43.31105068523358
22.224724288581566
25.43328524341561
27.887363829441664
18.317131964915355
25.988894602979844
33.46088006649333
24.435952983981903
46.59636568965292
37.94341222814824
37.35606641959468
27.10467977120199
28.14998162708041
39.05526497529358
48.77724927603975
39.104836447908234
72.84669021351965
16.76792618355405
34.54058336411228
53.311281621638344
21.539363245438985
36.043834630077626
63.656543062235485
44.88110684610726
30.788295137415723
28.197272714638572
27.84046366318624
63.973976054481376
20.208284822388528
34.37358390683722
47.0663269845601
43.654285037281284
34.0307654611746
26.16902559599497
53.94515199730366
58.39637930666274
23.880333686023853
27.273965407034677
26.57221732790722
52.18409373886214
24.105615502446497
27.292476669201555
56.88750207234976
28.040681079811925
17.081588543137034
58.236077753401716
35.96558085587162
19.13548951728098
20.093720486842802
44.77518637061914
44.68697487258284
32.95041622670383
13.023574360376125
51.58043665079794
15.457584850255113
12.138498324286587
28.919046113817227
49.05752106274124
34.53392246359336
25.631772540129745
27.364496761769402
21.72827460347666
55.17195578919245
21.55692844911051
26.638715697867354
31.791418397545378
26.096225370276592
52.69484769729711
38.63027076805179
30.58003411817002
19.099129694446948
51.51010263130898
26.340874675594673
37.61572209471368
24.749008629567864
33.24631051861237
41.18464326272682
14.97177940749704
23.672608796615428
27.975911130645454
44.99286122806269
28.921518989669654
37.586301005332565
16.14740812011689
36.028054348754
55.98657029490273
18.434006086077897
48.59381068420976
17.562595853742156
25.026735226472113
30.480225127780624
41.515373145304615
42.93954577987614
19.46893485963423
35.82924097129514
39.238811508051555
45.97709743665715
12.781075381664603
21.165493069534886
47.2856365033964
20.438629108034057
31.036103504185093
30.75134459817233
32.23435273802458
46.67297048243217
15.547909840073478
35.597578952826034
27.27680210955948
32.22902861022638
54.623690607765205
56.13376065794669
31.462195762738464
57.98722596684656
21.516675427188332
19.105829576989997
33.43307036442704
34.06718247181191
29.47061154518446
54.17570373897435
40.7378285085807
36.51632085316479
24.32516242555589
18.413842723415765
34.300116850355906
17.517844939450637
9.276309316985882
48.602842881235034
33.59325080576653
32.402257890834676
78.05862113199329
37.36687951226767
50.275342755222916
28.111172773659277
38.97358750501577
36.07818475947546
69.40663535641721
52.28404026624217
46.864065854248885
62.123261223902716
33.43610412391541
46.108659975257304
26.691777310465792
46.52261517761686
33.44959010742808
21.57012496060531
3.846687256195848
61.46807277941693
55.49014926893013
30.290820204170622
52.466934464422486
30.79353669897561
38.349337112363
65.1761641270693
39.22396609895045
23.14068641304569
24.066385690367063
37.618852621916
23.12997189397149
42.74999981629546
59.452143286005
31.811613912434755
34.47721392810646
49.89116688804744
32.167714552592756
29.30985516763927
39.5056792839067
24.810575975195135
31.586109348759837
15.673323583406459
23.594022369804037
9.770578364042398
38.07425603085147
37.49282520587308
24.08426128139516
46.81645406180805
54.74037200595924
25.33405290393761
55.560871557045544
19.648191879611158
20.372075131550286
24.75802632083207
26.54211233655316
17.899555277679806
23.901869373804466
23.64827615861163
46.77485084820278
58.64976233273917
28.06680665599558
35.15968266449096
37.78402934578048
38.169564971602576
27.734017435321277
35.02511297355992
34.98993832063707
21.460525670089613
30.160894466861
27.002653601175947
29.842265559537058
41.249144141313515
15.80201468209697
29.154870461061087
32.2659668150123
36.96077521655674
29.328549795489312
44.75017857829406
36.015228898173866
35.752215682779884
24.758030697105674
71.2149361267775
39.74557241543103
39.49567090615844
30.311009306311217
41.713434873475144
26.439581307499456
33.788041398361315
40.834673761385396
58.38612492917987
40.328066640334036
24.876175686611308
27.37159850288549
43.32833232507772
15.531062469069838
56.98188164652315
40.4230747022858
11.131225848758502
18.635067930956847
26.047815772425302
39.31907772174845
23.804780229301727
41.413816305216145
32.012738474135375
42.337433354936344
21.702757321612314
37.35464108275552
14.366695740977233
51.52463965033518
65.01949322462562
50.54649116832483
58.56703514224758
22.22474220516501
39.640053116127596
22.52051182755733
16.434798774988156
28.917584809489068
21.31943437329493
26.67097060109529
25.923703929207896
26.28157797759507
45.270615662208826
38.22205310848123
36.46834839139756
27.208995995579095
27.243284021831798
44.51084277314001
27.409047974701622
27.403758634938836
13.94051467585796
40.89633372122232
37.48154021705152
47.17136769408569
29.767078666914827
26.7621822023773
23.460225672909182
43.31186945195301
21.259123456340774
21.34160376737306
38.973901007534636
24.857420878388858
30.462025933499227
34.354147268103766
29.631865051640695
39.861749086301565
47.33800715738606
27.81184266994508
44.158738344826205
20.459275529452196
44.94133626195715
22.20355370936673
49.05353575754623
26.541047281906337
12.262305104247188
12.596678729646499
42.73327326094673
12.619907329465216
32.33925677643932
38.4352302107114
35.64598300399543
27.977887837256237
39.125064674915386
17.62940896212819
29.393797802050635
40.37429702442083
38.74749522504264
38.2639653877773
41.54681885902863
44.28584733018174
53.51358948181238
28.7712757383013
39.0172195325847
21.304191785953027
22.45982387703561
23.72267281134308
24.67509641769611
41.84785565353229
39.792025974051555
47.88673365949597
92.47733371094986
22.76588859978567
34.90063379866372
54.581440573258114
23.128148457088567
49.318635344761766
29.27855176121044
42.85229654130836
36.199361164717594
55.04811189294785
31.094504103137112
26.984145260041082
29.60242914665005
35.442282208186136
27.73335535265
16.97074928803523
38.41472449430076
22.198051788576496
21.382176212081802
28.68460701451535
17.054554805300192
24.047481723190963
8.305587423208927
8.273376011789319
61.04461287818944
31.95041602642874
19.374414705365872
24.339182313973648
39.95081445356551
50.059691551323816
44.545847694445314
19.62664966469447
35.46251293332588
21.864628786844506
40.76636321521944
54.717711534350855
47.157492807624415
38.68062863833581
26.317900538549647
18.266867480503823
24.836321935701058
26.771968888566494
35.33468216575418
46.4999956317107
24.167648201361434
29.567018606374706
44.966738153979534
28.684416958758863
20.850974503448406
52.81888963766643
47.456542198904145
37.8822560709042
31.714416787874306
35.000600075848396
33.1424725149779
8.886683569837565
26.31877899425455
37.7650970631761
25.393395707230898
19.792605115638466
32.57037066385416
20.414835264936364
41.41336062005846
29.95766278941569
49.89382820996936
26.536252126299477
51.43307996597494
17.006234006886253
19.254506816375617
29.859894262501406
15.375554468012137
31.397017811868842
46.35046724320793
72.90343453275189
38.375643135337725
42.11712935283934
10.50116063538933
19.764290154177814
16.614642948912923
38.06833826698052
18.042876596898367
41.15191907664757
74.52606680633586
35.34354288886115
32.950946029244136
32.83769244358074
58.83852287639814
28.22085750813449
44.175409402918014
52.3779803206243
15.385580652508812
41.83129600902522
34.04267145218148
44.022125557928234
25.899629690550956
26.813456526321055
25.5133441535079
47.446528898003606
27.853291391649126
41.77219124390938
41.64268686069541
35.99981903059316
32.03795926830929
42.25417149738357
40.011449747989744
24.021327652949815
35.48399700515074
23.587560786646286
6.6437381298177405
15.009254364306038
71.17794942500898
23.294406491586532
59.22018591234076
19.770125549489105
65.47327496401569
10.592104031735841
33.72579969251552
46.989734751640846
43.706154624438874
30.3525640716027
31.87559969077579
31.161880670458086
15.253064494492316
80.93838147181111
34.884965823489566
29.19930715361873
21.495583227449444
44.50370735228534
7.6886137943965345
38.09608169895215
22.81321656121883
33.497106346399846
29.08301001377088
21.50920595333353
33.957115321610296
38.51053837953785
23.94653359423911
39.559802622209155
55.74926944144485
40.999825581382154
15.257752057538863
28.54698139665446
16.64305367535106
22.340284635154582
17.327965336559757
21.471543216003486
30.06631317580218
50.247687476777294
33.95291189261701
25.564158547115014
37.79567127342218
38.60529440801571
46.54174623611168
13.08936371070438
5.491652703410126
36.929994467327454
6.67366705916254
36.61730551786724
39.349493927182586
12.134580580212674
49.150906962724925
34.30220788393796
45.13083708608575
35.199580489763356
43.69376632248317
20.642503724994086
43.129866998235414
45.10650790676314
14.27165964459467
48.09036771025556
45.91465665417237
15.151600306511645
33.066292102366205
14.948452687068547
30.536050420606475
49.13438968876318
29.037913682126025
39.85887217739459
39.89182231158814
32.37643590920653
46.326645409969686
32.38935795045466
38.57351168386182
20.69030399443009
34.052474843582694
19.853945060949655
24.215703619585724
55.15925624482788
22.721786310338125
35.34207180741553
29.735208125925855
16.619928720563568
60.609125955163215
10.98416033439435
21.283666556177316
29.04848700825656
27.222199938329545
41.36377796065299
23.230016652741227
30.231664983497275
56.50707360959103
29.32529103872757
33.99817794585234
16.055176230709797
29.359277357670976
18.685640801428775
24.37356813482886
27.08234548315304
23.134238466803613
23.307780661992396
28.050051156275728
39.42912318410813
23.39645283607372
29.890926706919053
53.80844972174956
25.141729334758843
44.62770901456445
22.99220685896273
26.551875603541355
22.431013917536095
36.58129956897716
35.16945783736869
18.430264804515044
34.419844021943575
21.334813041391918
39.174498602426326
8.773050990534212
26.616676916271093
29.656530553447784
18.13339402310174
13.27643516217262
37.56607738597434
51.71934523347787
12.401963906538153
13.110092559199238
34.89323820028997
38.74313113454659
28.082165306824486
29.894364566294442
39.000486151065324
11.195267647285377
19.05479597401444
17.79180972711289
26.822567739423707
30.047699363164188
38.10190324327847
23.526920982011003
36.33861161326589
34.764782709092856
49.41324864991761
11.119915076687953
43.33127382363568
26.8697709441104
31.554762173430195
32.5109941057666
43.63347466006486
15.096900893964134
37.360905660003446
19.683123204237504
20.277067198609323
51.85002310377812
44.09464242997953
20.369226135370962
28.88835277105915
10.43357995070749
47.83121930945847
24.761973137938327
30.137800419155624
38.58349139246863
23.46360454888169
13.101289516968107
30.730798004153222
44.42239443130248
26.75868501028707
24.79373435161623
47.379632212517286
27.857207183667835
36.37353644673773
18.52207808195723
37.39087131338874
33.02511795974838
28.90803579810325
13.02126784242749
26.660629101018024
54.61192104564934
23.564195879917396
25.345446536176023
50.280389781056655
29.81620500454676
18.24887153561453
19.278960306818004
16.819531252166854
20.597881961952808
30.803447692939123
22.37630387026527
48.29317419417675
25.982712840935125
25.419707450027218
39.102160926721844
25.901154544551293
37.90492879713078
27.62010407955855
36.842735897181925
42.09274126452061
39.257870963178
31.82509700439376
51.06905034451099
14.797868074614223
12.6742751902116
16.20683176398616
18.2967919400623
41.34844625050408
40.71312220897701
27.80903779813381
16.902539069127698
20.05819547580017
31.710861004918023
19.4872594890226
28.06536066468795
37.552154507425925
7.306502920447061
16.19697260572074
20.80356312813147
18.430180268710725
36.287336308165045
24.695167804107484
11.107938264805089
10.424956301570644
17.225315685098348
29.555455553906402
23.827473862285746
15.895686017977848
6.028066169734409
22.32246875007529
30.909878554738178
34.687260401359
29.065544206469646
52.146556555444924
39.40157308950013
28.211123475564698
18.546184834829717
32.443698397287015
32.28389649136734
16.539494039968698
28.690181228908006
42.43410166167513
25.313793137062323
45.772032938793544
21.201369877469656
39.22225267086874
34.626847592274686
23.49870288544453
32.03328969066536
38.894949718841474
52.485967923190714
26.535553050186465
19.066106878939674
32.40762115470276
43.238351251422344
10.45972305225938
37.82289534641813
39.06060355008303
48.00901150813623
18.237423681121527
35.548525507351
39.313012543240546
32.76677634453227
40.379362997385236
28.60090842552836
15.390176565240532
19.352573780594202
24.29227712836581
27.33923680948574
36.18177256555518
27.802196869463526
14.918838193255002
32.15894043286
16.81787025448555
19.088648124603612
18.731135574112216
30.047317712782544
25.00541847238336
14.859239476327685
26.397415350715335
14.656983181908481
38.49892130874242
40.0333868243372
14.024061641616518
24.038445993313246
39.915068903422956
16.47837987995696
19.963418422874412
23.092979948827118
36.18051689107924
20.77008353109217
51.33209761937032
37.98390962743552
29.778108431428578
25.06221931396
30.59496554258674
22.831958332269085
22.42053782745534
27.861350463594913
29.621834367666377
23.155062924233448
38.02069746749987
32.50421261708939
17.192250813850585
15.238007874482944
20.69329865375163
14.427225554980923
43.43469141539356
34.952421850793144
13.550462207701742
15.928850071204426
15.797467054622064
41.21868180121251
22.793464979893958
25.126188730503145
26.453517800948926
21.81635072844253
30.707859163120983
31.61270079895992
33.955692644229295
37.698927679861086
37.47929368121303
46.48875400155823
15.258468899352653
35.956539683227426
44.52181178117797
13.018946510225257
39.460108342854696
28.5466364271623
16.723474639012267
25.62307257605091
26.780591820070576
31.29393519484795
24.600883879070366
13.053272428710617
18.734441191753408
20.579501498078624
26.8216579747401
25.86946958673979
24.049740361394957
28.927661659900167
20.776329658379026
33.621404130486425
42.014723080384364
33.06561579905432
26.233635361257114
26.76846907402681
29.13648426869921
36.0042006802769
28.895329262504948
20.809372002737124
33.30847398160272
54.3623553751343
46.92597711720617
27.179101541397095
22.23602313303004
35.34581264375045
27.48219976954781
25.32654586766579
14.481774375052606
31.728508759030355
36.01469909266059
47.060326996023086
23.943460368286893
29.690004016328043
34.16400321441465
14.078887652588676
24.88419896243931
18.967752889587484
25.150878528043258
17.273705439987946
25.527175598312223
17.008301717440037
24.647165697450568
19.744248292066874
28.272456880761172
19.275908366332267
25.784175469997233
18.700589620159125
12.034122751290292
20.653404320295536
20.11873153738101
21.858314908343242
31.20846960563835
11.10821726169836
21.2234278021421
15.239445915576988
25.642383165867287
40.25583236629008
24.931007985987574
11.119562805169496
12.838847478100549
24.152576793806595
38.79924160751821
21.89608388948271
49.582215949482126
21.728356728505386
31.56319406862162
40.57478840936668
17.665887407998166
50.01076909822366
31.124804299414766
18.554700407165907
19.518889487376853
36.49427165735772
33.75703485464198
30.405705148030993
21.831755381021495
17.852928790479353
20.222167868516454
34.518783206461485
38.071760711935006
33.94681145911565
21.43602783792555
38.51223312477098
50.83657509523595
28.419995381821987
22.771930226471067
31.161093368346993
28.95075763293351
23.41603971527207
20.714861052227953
20.116021819552774
29.717812226549757
37.53469828386046
35.7010988467467
14.34373653468162
32.05113703600931
33.72326268905187
28.016226505112062
33.170063156629745
24.72851549598665
40.75146935157662
22.983046854247895
30.567688430874608
15.66666206350805
16.897594367420616
31.495129853536508
44.185153855640465
21.417200532140757
56.461131654910844
31.354914573048042
28.215030925451074
29.214816858037455
56.39005295939926
22.422779499090108
16.689257129844304
25.43999438398491
53.22652855347313
29.79877286795522
28.727795410858047
24.07161679152855
22.960279063040055
25.11863837218456
23.346959531000387
26.13823269768238
22.506625128775106
38.782601101105946
24.83182802043484
22.514254801416943
37.69740777057978
20.881594842423752
31.804629326835226
20.021461107886726
18.712247069535234
41.897665407197906
23.138324990280267
20.750679967539874
26.44646209367547
18.909930717750555
26.420202882665738
17.745012190630483
34.21303601054908
17.840931342533867
40.86843667659377
17.652284416950668
21.377450689746464
27.089544693633815
19.299667203012167
21.165772622543383
40.378484096697576
29.317332879939407
22.447738597314004
15.659505425983312
17.79146877153217
19.950218208905664
23.41286667926448
14.941020034506991
20.891344471001418
25.324540797977896
28.443571395839157
14.185595071112624
25.472528244319122
28.277362150071028
12.265692403850064
13.504970763692315
47.72893479047706
36.3585539682416
32.71976679064148
17.040427736258703
47.61758254463392
36.55819472741448
48.156216999710516
34.88769225706566
25.148522597573
29.303442822114956
25.76636073660851
23.610272428924336
18.8042551425488
20.13015892517749
48.75999311026861
41.614063484908314
7.200072699454492
21.863121819643002
17.233011603504973
26.913691265482992
20.05590083454613
23.677474601090417
29.742611627900107
12.6816456979277
25.811991974251203
23.121759980306237
40.60945569855144
8.597535656868354
22.798919083900145
17.472472975205243
21.379928481119812
26.199570960652846
18.07488231664695
8.771060311249917
15.15322612748125
36.2664234069951
16.062962024161052
18.316454897867484
27.267091263234995
17.73043909344013
18.190359966488145
15.060651910199551
12.084537963112824
19.620786782722995
12.268419272689728
20.103777396182963
14.58386607206123
16.751239342934262
15.28339418791568
10.855523412768887
18.20774507091899
18.960254056363738
10.00634190056767
40.91454329585696
17.305071393507205
13.213822479283174
14.654894353463789
36.63734471040668
28.374736156320807
20.726380926716587
21.18731540917019
10.261550199513845
21.82166131865903
15.04147483075718
21.16865521869532
20.470358310156346
18.853156860650152
25.029310591883956
21.83560025731943
20.984482378394347
20.603054185361408
16.89454897737323
26.415361780136397
15.274420707657638
13.800906265735732
24.613079498761504
16.464199124869527
11.14422845778332
20.863316534848884
18.855462356784063
17.37155961743684
23.33829307907262
22.231694971644746
13.850654140790834
31.718350793806678
15.725588646492605
21.769075864253715
15.017727039306658
6.8002258591664795
37.15642576511628
28.32889556010525
25.64350974930603
21.571734503178572
9.84673542397609
20.764418831650712
25.908115047835768
15.759988089781595
24.0214208635627
18.9668971939541
44.515389009586656
30.602490390658726
11.311550073823618
14.534099855796212
20.41308473150185
28.91482687337888
44.32590122669772
15.268333175039302
22.192398725209557
17.39645355488942
16.078070877902594
11.429202556849788
14.50721339376464
15.517707688060211
15.973881435773063
16.6251108236516
17.23585470908
25.817073803483037
17.37560158367134
14.576645984279516
16.430163902298474
27.405220919748274
19.9302909681337
15.35043711760784
17.588550641187854
27.667398664443972
27.210258548526404
30.686571414546272
19.666659929728624
9.927214953773996
21.785107220898343
16.042443097603517
11.158409069139646
23.91525045270469
12.784405846415991
18.331927344690982
19.952356825089012
25.52874900774227
23.097177832991648
25.340595892305824
20.04567556027395
15.425029555316144
21.649045013443722
19.233699956909
25.746959586029483
17.75213226261184
10.901855230205392
17.750366272165177
23.145847624546793
16.32764729755667
9.544214965597948
30.613452693553334
20.259984770142854
11.872970805249299
15.991164926353573
23.75291230694307
8.400694692630307
54.411699357822364
13.56497612347955
10.185752264098657
26.449855316380727
13.444684746028107
14.0626040887162
9.721218567833223
10.565462674616963
11.134015937783795
21.14813754657665
13.338877902875215
12.601137423064898
12.686082600027113
27.389237550758143
34.65249385874457
20.162740722899375
18.999417852539846
19.452458682634973
61.77684754678665
27.994675324910766
9.693036103716391
24.494242924970468
17.22463116700392
20.29766664302516
19.840241693023227
9.372499240742714
26.322717227929864
15.115401426203656
20.71257006259617
17.155565343690878
23.570376845079082
15.355876171770971
35.92541585579425
29.37705667589336
11.124298525480972
6.671469143114421
21.90557755118934
15.542701360695126
17.708932462042643
15.997876591104937
12.316350116214249
13.686293873237029
32.677849543856794
36.56199824568397
18.67288485768172
7.518936164218324
19.289667111172122
29.187908679890175
18.53043118290554
9.604999829729378
19.212195080913865
22.955532127855136
15.960881144454254
12.821455195423317
26.062672220325673
7.556992206896707
16.62594082582902
18.534779549199108
7.262845400873171
8.340109638362552
10.9993845760931
15.105771688418784
16.545011267184208
11.292073584273666
13.06679219264315
20.15739715288486
22.171274488821947
19.022817924287864
12.747450606865854
23.85876582889495
8.304777919900372
7.987213339397991
18.76884563210944
7.826422248317826
10.52334093302864
24.90766958178214
14.831355888486685
16.813348362548112
51.0580813087367
18.35201780427003
5.937819341994226
18.743216020726795
8.471649437088498
7.905247228044388
14.577549862710995
12.950146880394446
18.011768104017584
23.9356227812014
20.263663061147252
19.978090943266206
22.535070175063844
18.478987094149943
17.989429470999195
11.994889498332446
14.043686235414498
16.72122500219287
29.705658042994905
17.773111753821155
12.788647575775688
13.419624791057666
17.686979778695484
39.31330618348764
16.916701829603586
26.82783296328244
20.226333359916755
29.69956973987667
12.397863077021649
17.50904292794866
24.380005765517833
16.10661940875097
12.237814461198912
17.642804105798845
32.79392143584841
18.29207409487751
5.823800439598275
10.36549276466195
12.585078469242974
33.843774715695375
10.980322800783181
36.232522542336945
17.329148490870043
10.094374875794623
12.834406062819156
20.533414675998852
31.807522866113235
23.366603272445115
25.693510116434155
16.2898243797715
8.954577837774698
21.16894351418541
7.606539261601111
8.58993814105397
14.559569264810182
21.287621190934495
11.741923709068272
19.507981092839845
8.876762672368379
7.999462352961199
19.841725611987105
10.535793588639406
17.783211272206124
34.12546849739128
14.685609608398757
27.54855029850414
16.566950265953075
6.5269141801325485
18.393295320531745
16.80010489552563
16.54370742864102
15.56935646332154
22.176515071307847
11.898737001640654
26.969686495564503
15.506286888618007
21.105497925143926
6.510813754986014
10.481792241580822
21.704664195382787
19.00126044251221
13.515183354866181
15.790202017504537
24.660240259628008
19.4489048772224
30.608054382942427
29.119847862326516
10.695524808837597
27.363063137207423
43.20219800761255
23.270344209825048
39.41002310711468
9.884315010482345
15.061726130353446
17.066095255091497
15.292686856100786
23.74130153971042
21.78269398254612
16.801495629344103
7.800787627992865
18.652747612862775
28.723280826600533
44.301509279175704
23.76860239384746
29.873301225936583
19.439565054205264
13.921515222221537
12.452932300407006
19.467417074052886
24.953012913311827
22.34536831031534
19.853346026005873
14.276372585722244
10.48528621431388
20.376915494049104
12.903173081933229
12.54695665084544
19.071757749587974
18.476021351694545
10.899330934119183
9.534859814315247
12.508545476048813
25.686305698230065
13.020334562133073
17.60811259005981
15.267212487525473
17.76015250073646
11.844175239507267
17.895095469346657
26.069823288248905
19.46420153788904
18.96745750180542
19.954433253966954
35.15271143103189
17.60055838568859
25.91499921536638
11.939192835467532
12.335403783622311
24.832387528164805
14.500166318298218
9.784809894433659
9.846205410716387
11.09496088419827
24.39472235881884
13.89672554052242
25.48524987760054
17.719467266566376
25.187046327675077
13.837698581794053
19.224525299797172
8.910402303103082
27.633317518834748
23.13350884477542
10.949211449154106
13.022598323808868
21.802790315281015
13.248212538814702
21.094667264260583
15.065743547096877
18.593062675810643
18.073619949152036
27.672468223217823
22.12363336090356
14.503514278873594
20.250664084579082
16.039469529604546
8.669155784152897
22.95909420853315
29.006009300879203
13.43753854549595
13.694871873251435
21.138896982579357
27.27197799645834
24.26238252820442
22.410874111345187
9.930082780614532
19.92683920850392
18.70303704896184
15.249121742275888
13.71705782690962
16.107660945241946
16.19916113449051
14.857902139880421
8.078836062696597
13.196163425100757
7.452293244715478
11.38803226402176
17.268487032966668
12.763584461247351
12.621326211146084
28.997380679317843
22.461305870117794
21.128201646141452
20.10946740298511
14.85684030144604
13.314787677271323
13.552436993822203
17.587814358470215
9.914998872336254
7.434682553747389
19.061691658292794
26.63716829976488
23.64983840427114
18.52122235324568
29.86162338718628
9.900969318956646
23.3880799412027
26.462463627478012
11.711150302475264
22.26723446834043
22.32821778455017
27.696022162708477
25.131404789920303
11.543542096315813
21.19440254306219
26.053843068212686
15.849580436527017
13.590698487544673
15.407611669199515
13.141146174904387
21.604762662269156
12.164683001685074
18.236407888077657
12.147460146217771
69.30966035611735
15.389265348550845
16.960488716993126
21.37070189005569
21.98692704113151
12.336858370161556
11.915507357820488
11.765463485021469
21.923769639913584
39.964595010620044
15.147857557396128
11.365228743091086
8.74070535437152
31.212089358653916
16.004445234961143
11.714264240461878
15.602186628661535
27.004409239487547
21.990168884284802
14.664997877936603
18.89838200519041
19.25310602789059
31.810140722376257
28.20577883888502
26.806423669158512
12.836014083790253
23.322257952714402
19.265032472302224
25.864816087390626
28.5517197349453
39.76361825652043
16.47697003219361
19.111802765301604
13.753040840099898
9.559151748971257
13.625686378735292
19.370538780913176
28.92814834248904
15.584125099132217
14.087061118693644
30.60227798208376
32.770440296984646
11.05662117714827
26.015191742804433
9.377055946753213
9.218415826502355
16.08268110317778
19.80598357578398
12.768876284302069
18.217849226902626
20.691432358313193
17.953848358858007
18.21059336077773
15.313333325380865
7.62562643432088
21.558322247550077
17.821377379902078
25.80148451214916
19.04731209726489
13.217820836188327
15.237551357467682
16.583459497000216
19.083052908386218
16.156124199424923
8.286301393003559
30.267809429379454
13.354667379332238
12.595350976288142
17.525845123758845
26.710108287427246
18.658949604805827
13.318753956096293
12.537017372988647
17.18351703225357
5.231341859857645
12.085505417470674
13.596537688928919
46.94463364404186
21.137234650903
14.655508558497177
16.945064099246487
20.627002220314985
13.88170678545232
36.92418089324904
18.737416658162655
16.816592421483715
11.428251058863239
19.581575427173995
37.79974492307983
14.075407086255929
16.956411293503745
10.291423284557023
19.36350577922257
25.607873236907082
10.628002880791898
12.18912886406334
27.52118990769165
12.608771912031196
19.276799717554347
13.348752854854629
18.624911128815306
21.695575119112824
13.111534626616717
8.207484084046456
32.093011591181394
23.197017815890746
11.664715175343304
18.94347373510719
20.72315943590263
12.693858592638588
19.980040004370977
20.29210081534041
11.678727384650049
18.440345675931045
14.708913417744322
28.309221764893255
19.882390806231825
12.417103863117902
28.95131650445824
16.00890833006294
22.371438852490343
23.061356044172268
34.141626257947756
7.621893509752006
18.867431569337427
17.068195602925414
24.44062922844288
29.03947277658933
15.731243538376315
17.758605436001105
27.05222756460269
14.139450519549424
28.747699528221375
17.815343193723628
16.58847597063619
16.051133608434952
10.886732090843246
33.483880506790534
16.259459878432526
32.64219378528465
26.028867585579658
10.747602539458462
15.59663522335927
13.639774089461337
10.154420263094414
17.382101539988483
35.0563657392853
15.668990837949687
41.172421422559076
14.44636746700698
21.19416449957892
10.820968012937698
13.479045304357678
19.526683922188404
31.73761058454766
25.254561526208512
21.654825341585454
35.38778823678529
20.73757059007717
15.140265425117514
21.334208754514723
12.200435803059111
26.906219266538837
13.196298253969054
24.561924888010534
50.868919529357996
18.996222025884926
26.280605944512814
22.167781804621324
26.56519782714953
30.978238722868195
15.3405608671884
11.363503848009787
29.335192155464114
19.340454683154103
16.716654819313927
19.491833902904247
15.446083547943
21.979197064246602
30.105565322973487
16.683161658305316
11.14195914496491
14.404479314832813
23.082127548074023
29.109305788303185
18.084263253291
21.04949647994697
15.484133215505057
12.433463324622904
15.997677916173975
18.4532128148585
3.9540712590632974
16.61745177302477
13.72364927453305
22.167059032159074
20.639428457531046
20.03955648538068
14.303776164057815
6.13406470012202
25.515540123843756
23.651156410195192
22.12486135622969
20.240850777292163
22.644005209672617
15.38391314932296
39.872633323017276
21.376607997306834
16.718605649507793
18.754723362746546
28.51522691909488
24.490681296810827
22.00342370864361
22.27751349140683
25.27596598031636
18.116248663897665
27.43983124413456
4.839966904578661
12.666891353285244
10.694391179758586
12.879667811925643
34.732912588045636
25.407852583526758
21.217695371575864
17.36554857090235
22.98739212948144
17.80544554265333
29.880250320455374
21.10753123304328
8.975480983402385
13.279209869793823
26.121411953054174
17.045432179834823
14.634575950936194
4.92407662267192
20.798365257640082
41.29145268366609
23.92241828204858
10.439585429595075
10.658603800296461
39.599301370649
7.601477778004123
8.121730579467119
14.820426428738887
18.89180846536871
11.210406634170345
15.929965484312167
16.07332300072631
16.89633463668207
18.12880347015516
21.270341851785822
18.44138856913914
15.140814540982058
18.42013342207776
30.40701610389637
17.186869086112598
11.016455403532884
19.815540581373625
26.19905048361295
8.072619989712853
10.471981087154662
19.35370152260659
12.201799765238542
16.27802863216229
16.427062481966956
25.088817454876832
11.58701167404657
8.833155167906826
14.174831630987562
15.13431037634808
21.37164726500021
10.261153486919406
14.714606150094486
10.932845837085305
10.854748880884438
7.410450526136775
31.68327180200618
33.03085983105159
10.93629100537086
17.306054348389356
16.98624022392415
11.054957932268808
10.016631421018396
13.335546234716167
10.501157223248379
17.23951238666582
23.09234970733587
25.611944307414248
14.740787628856031
24.55036958161313
25.107567891196513
16.374181778405557
18.723534739403163
16.967942124696393
27.903729030064838
24.915290408814606
14.707297327357836
28.944929526822715
18.05044794071456
28.511981214703862
26.963315875412384
21.597648769735816
25.108773423398077
18.918024479566597
17.269057506454324
32.91223938006592
13.850395805652681
16.086742421324914
23.928755158179467
15.295825569908054
14.193440917654957
13.391214338522847
22.67156168501639
18.9284135686431
21.441538668689205
11.043286644972452
17.686357561203327
36.02603412437922
22.749634242377432
18.038235337163094
21.83425103927074
19.2062209177691
22.812603965013277
10.562471070438614
20.564422666749433
36.02016430346734
20.67741006824088
18.944820575026082
9.254159857312393
19.603933574988
12.780789781668144
8.334456397719402
21.522710126156998
19.897207108489823
18.598067419682362
15.517807272077889
13.55094060175173
20.792548213149384
21.3323972853771
11.159783481016856
34.98888925956775
27.780876287169864
19.772944800519515
9.136203823256887
27.93465295442306
47.14770342736639
20.356467079013264
23.943363092213417
18.16904844030608
18.584339644409173
12.662931456695084
17.85338954003726
14.757246396088942
11.620845110590068
16.66321226047566
19.401027981423116
14.607633472705823
11.809529944912791
17.159885952901412
18.876199314362093
20.390096848340335
12.752299016134156
23.981445444314446
7.192915097950844
11.663455074535866
11.12212510587656
25.940240348868553
19.49873740756069
14.271971985102116
8.90088747120711
23.991991390786573
18.60387905256179
11.796352601239818
24.445311074805566
15.760727329678526
14.610195450643154
14.387203671274316
9.041327423010786
6.967047334817958
16.28959054205478
19.81661885150907
15.741094746773147
14.427122590060998
16.342520218054563
6.676063368435933
24.46622774208448
15.549437651501608
13.93931052100359
11.307834552542094
18.626938215226836
5.64825557998931
14.001847428967022
13.84255528237445
9.80326317923995
15.233938609333785
12.914685016148846
14.50293006623664
29.37039615240657
16.539512528623344
21.594659979657134
15.158070451462136
13.686704721754447
31.10339002837951
21.816637390835673
20.66536126067282
28.10371514499515
27.139156973569317
15.32458100116248
35.965455381930646
14.554347777525455
12.82630202452141
25.407100218483116
15.060207241549275
24.684338054939595
10.954910570704627
39.56077103602896
16.672213400826188
20.599683499069567
16.441066202886997
16.492076404916027
18.775286443636936
9.694847341356876
44.0020977830902
19.881234070099747
21.503949685539535
22.648010201223673
19.90920612710576
18.68804529382215
16.969419729382764
16.20101269929206
28.43041591675824
11.16657270698428
16.363829956518426
10.896445407462897
20.457119684649307
37.736840630464805
8.269529055796315
14.436296915136687
12.112191150290258
10.448696588622571
11.769017384828848
30.51267039685972
25.837481339820563
22.89576365304418
22.537162303752055
18.92917196979047
30.30781185896347
10.455873659829226
11.434462499982576
27.23125313441699
25.199691130633468
29.013632080360402
12.784393080634294
19.958017299497964
16.210815366094426
13.306699982025982
14.464665802281013
17.011621804670142
17.092637006954856
16.85465538770542
21.73177588960279
14.768467590031731
12.797107711910954
18.12656492686365
9.82073715673929
18.47424375004065
22.566224375859306
17.66926978038911
14.723941907606832
21.00689142140333
9.8968713470103
26.839396607355546
18.582807413717987
6.709553130264077
8.21454721684677
13.42105393260076
16.60046171369033
13.874040583768533
14.688997920621553
22.809722493237278
32.65072507057429
19.555846838197933
29.366102331921027
19.022709198735633
14.669419685903257
12.161134262138159
23.400737803906992
14.646783126419837
26.787608423715454
14.170563707606348
17.7070014717941
17.79314227626491
7.391606965547655
12.471836586331946
22.632211880314326
12.77477563142446
28.995395003255386
8.135218234375559
20.571670039124957
11.789201975920435
7.952718300015356
33.87473507958934
27.427210300991206
11.390281322622434
20.946117083202495
10.446160219582632
31.412944501177627
14.357671948782363
15.51377061788565
13.603714920479332
28.426106661983503
11.90467755948829
31.32362762758289
12.349506973738604
11.626749710559334
11.937441933130486
31.04498221057781
10.044918850491937
7.843679655740342
17.341826216148036
15.916970018002468
14.77834021916872
10.62101037814582
16.29654088447531
10.77712505057587
8.869194558804962
5.683423296261318
19.10795056995209
13.725626727346171
18.524293291251688
14.775982166130769
18.531784353206337
16.24823039526007
6.98894496512788
21.29348167383103
11.450723915547618
12.455696937585069
27.55714515943259
16.164193384379665
12.955875946601639
14.993957719399448
13.659127203267548
31.477389735336423
24.60501684895096
12.754151099280692
22.79162964597708
22.318690553725578
34.92700288266406
22.09386770727746
36.089904898325734
18.21895140055813
17.67365491113903
19.600323379714727
13.62659619768682
13.678653182724748
28.139527959511625
19.098273541532674
9.39910802814515
10.725072110169243
17.34385918129789
22.24717435187597
15.967724892393997
25.44414855474634
14.516373731194127
12.382189507487146
13.334076630007887
11.48617816632512
9.765943097140768
12.840284471498068
15.605363826183266
8.092168976678552
12.947442571741744
28.509247062991648
15.729868912931245
11.687088748292977
11.936675605819685
23.868112758465816
19.650019225821342
21.546926072311592
19.012729951450854
29.718742378327175
15.155828142351405
10.789814947924208
14.695347535754987
42.51380916546467
30.01228563173783
13.267595037668595
15.83975607525935
26.369536471135874
37.08363832328993
11.593151169663763
14.641023555419103
10.48274247535388
18.54275930300414
19.058271245383438
13.483190814474199
12.462516716211335
37.92289837612514
24.862768056807447
19.600079150075747
17.850591580791853
20.8675228507037
12.570141534633322
10.79573316217161
17.418856364146365
8.881393257510686
9.7804040999344
21.696333747017366
30.819674913074824
16.35588698941494
21.17551130037472
10.695737775831082
15.930263718312956
19.337758952588345
10.793623499415846
6.125321531761026
30.017740771985256
6.714055805187935
5.913859373553413
16.408892081098216
10.568157191008487
19.593585018890412
18.4036570437586
11.409642620903265
27.032719380578868
23.031998299470168
12.969518030578481
30.84079127383415
22.6165885321911
22.136239865793936
18.91510498831642
15.703440163268676
13.053462772682343
17.877388751914978
9.240818525146878
6.054988079568247
57.344844539929966
12.934768080543071
12.958462038282354
24.231221269398155
12.507838758082135
13.415913548343273
19.386683285853664
19.430032426849316
21.467833995669004
25.678884194632545
13.510591233780309
19.140875667412182
14.911598592337002
8.4903274359466
12.286824223021345
12.54856065865169
9.817127222099103
38.441017668520104
9.68346795846704
12.700658601963033
13.868258148884738
13.182339776538779
20.33079903500137
16.24585724128998
14.98656395613795
10.365178174343031
13.339162121298195
6.119781320993518
23.194051308213368
30.108200358461957
21.339391873245223
11.706313464659615
22.04537440333076
15.173205723761992
28.3235073266778
19.752779656067062
12.466380882092743
20.023575367840056
24.817129781887186
8.281462680776631
13.324710284925908
22.4391229615138
26.165243658504522
20.990620019772575
17.908467526763374
14.087781990145729
5.778049683769945
29.870412730278183
11.36192160119805
14.419583237941506
26.551950411272095
21.541525080456513
38.147599982853336
19.010056536034938
23.654278132125693
23.011340336030987
27.974805779555588
17.697039628925804
18.55068827991735
14.172411379134466
15.643423951492608
14.545525177739723
18.007963166078326
28.581604404673485
26.087900578047734
8.658064253937368
9.854501014452794
25.581549411288705
26.672591988574556
27.99680653022466
15.217446305798385
33.24848206959493
18.048898877572952
20.59798289472679
15.674571409918958
8.222847982062117
21.28897113573633
30.73287012318292
28.39806953178386
12.837149528829823
19.92957009617772
20.50048020227274
26.865842477499047
14.738599793289078
15.192027649380782
11.869926442978123
25.166338227287206
16.38443169747255
20.29277945006616
18.52774148077338
18.143235309879884
11.957944196927428
12.346413195549694
25.85059874214053
18.750868112634784
16.622566394334964
12.947343277831822
21.182987293630077
21.799065852389248
12.218159257942295
17.254282274949688
30.0606410265784
13.94796586319266
26.278053344572566
26.2061629550676
16.09146331340394
30.352416026293678
19.982916893300796
18.303417128176797
15.969549019140391
24.404524082064633
20.805996866210887
28.53655677339849
15.382909210293219
27.866620715391583
17.857484887580675
20.48724719684707
15.27692835627083
17.648653992987473
27.960842473817227
12.300830528693588
12.457878681977542
13.825020523219239
29.03466264080789
11.420225357751534
11.814819534231157
17.273421839887842
12.07986729233196
13.601227918776774
12.495635402305375
25.629301389285214
20.767282857783737
8.959164288640515
21.794708672199313
36.80856383389094
8.423548687442684
11.997814460923879
27.301239123529342
6.863472451515733
8.884715977081253
7.593886840701962
14.837226183014318
18.448951917309515
10.314178848037045
29.225292492570205
23.883299458091013
11.547714761398801
12.940889603538967
11.798118509035255
24.444590400746193
26.603510251408608
23.692926558842213
11.295113900371327
9.523488338882068
16.026259078347817
15.623779095642767
17.193848122896984
9.158728683723814
16.914517722786776
15.047206018112307
17.87770414783044
16.897423481967188
12.501966927286453
12.2978208495089
31.1618522321149
11.252393318733397
14.733848563691673
25.37161320305866
12.349885087420587
18.149797444593784
23.01529289858875
17.49015837641603
24.100371896641125
17.246232407379793
22.882577554411284
11.500436602913581
7.739010487897708
22.813774427313056
21.172226720878882
10.18832624838814
21.578219360128877
33.70426878327938
20.68163175387363
23.98486390332753
13.968965334890408
13.450065935815815
36.093399162404005
17.12847140324603
20.879119053058503
29.39324547824335
12.473724656188038
24.315187506097445
24.961504577975003
17.3176892229646
11.131692936983406
29.808893432671795
35.410118041081574
21.14166811079851
23.812642147696746
35.076592136701535
22.842418925408687
20.016998564219815
15.225449609822794
17.09648644443595
18.501625679404285
17.25604193072074
16.308986598618205
19.860627277253705
13.68449536323019
11.931708005187106
19.097463245218215
12.502720946231113
14.03861226097886
22.096643082164004
11.546141371188307
27.255314950164788
18.8871708768066
18.68150482679411
18.068534064128947
22.941047833695958
9.506125487138446
12.485610277968254
15.441678195671098
22.58882962588029
30.005626985830713
8.414207330596158
9.67099782640041
12.805567347195815
31.447194086685847
25.96290916026746
24.99371991032944
9.357159539134818
9.012206081903491
19.9519589997151
11.002152316209186
16.722697251844266
10.21845047157776
9.42517108930372
23.000119021539845
35.47922650141151
16.739975976345814
26.10288177640839
27.92713864376805
14.31859976751565
27.95877648901387
19.62267981574259
8.654533786525368
7.800283470202116
8.616529745955313
24.33845730001937
17.087632137484352
10.959432943477236
20.321503970109905
11.199205114338797
11.127944367259914
7.91965365552542
15.649853232096794
17.41923490890236
12.320801614402974
28.331300004330778
18.139078137752655
11.044083700998259
11.484277479145645
12.8568095321902
11.896210850332125
15.472495207985885
31.04355181969105
10.744857709438298
33.17436103505816
15.656008960628565
17.05278395214105
15.11894138515494
12.615792250098917
18.497718866260396
39.628376744562544
8.563407716043764
22.47418443355948
25.05205711118641
14.780958163975209
14.24846922783241
17.655148960150118
36.28402089411147
17.101350409712897
31.260040273800694
23.893896112857714
24.230862806436406
22.232261395960002
11.408896628958722
14.731341216849438
30.138914320877902
29.505883735326915
18.32119763100352
18.99686095405277
26.561550577109916
19.57802956943692
15.695968767321014
16.8532156478715
13.991199266543344
29.47812747945795
13.002528870595583
28.86604004296549
29.53441633829178
17.02777818275541
21.218833539947003
10.143130870812406
34.10400660300151
25.067921578949694
13.792588536574918
17.778292951632306
7.872268474740244
13.444524533372922
11.739788978193117
8.2671396677235
13.271911089613006
35.35358483652208
16.845344337769934
10.868662461284346
16.13832443871696
22.609749084295817
8.668352446694879
24.233732731188766
10.151956218412051
18.624451570778408
22.813388591634823
17.448024781088527
13.77475678753813
11.964506619409548
25.115915265243743
9.68971270711594
18.14449207255243
8.364530571975186
14.140571926508775
34.98680639650704
17.394314662819003
16.290044283823182
16.9748722338484
22.44553119304191
20.773505984896705
9.09326504845808
16.779135634920507
15.443144310057534
27.68478096559668
19.22256936089779
15.287107626539271
18.602096100319454
32.772826531593836
22.83552466363784
21.54543629802861
21.8814661530457
27.123403109441707
19.758678416508726
10.257305869392226
21.075777675097395
47.61782728020431
6.630246964611482
34.42975125765814
12.730067494614051
12.217763562126132
40.76877621732143
13.29995815002313
14.299283846370237
15.879012367641243
10.546191221721195
25.854070530235962
13.556893063159908
16.700725178614572
17.122269905051347
29.191788160128436
24.695228924601132
14.461789933862502
31.10177116472595
23.98462750117721
19.644385782458766
16.691462963008803
11.52406071613651
16.968286264820172
17.398096467853826
27.139146072958958
19.222512392847406
17.52962924416117
25.681162265120577
13.81660074123347
16.092158978533167
18.901560134334066
19.888256780305085
13.189020760543954
10.887378375949945
18.756928223501106
11.93580629038263
24.26447607631282
16.41529369262478
18.042437346634728
14.998164946919395
17.779646783967827
18.604017847999334
9.30442616465273
8.185639448712033
16.34405451070967
23.78190529659715
13.796241866645085
16.444294469566515
10.254203310747158
14.493445522953655
25.653155164847234
14.415249108882374
9.82423396477833
15.456589766907486
19.719313630829294
11.54610366734222
17.124529700825256
7.99364578899416
13.00388710478993
31.00976296842318
11.75943927312407
27.922630004248095
16.859929862808578
9.553138511657247
13.720576381363278
12.526092963658646
15.463490203081637
15.71088702394358
15.71904488642728
11.019898703789014
12.787917347540493
15.562325318539274
15.018743322167111
10.843447094437748
31.462514659890463
11.154654929405389
8.17670556155774
43.339808344260696
22.23188443069674
22.830079523335346
30.396039957441495
13.995067656805023
8.927972128824896
22.468738247644286
14.964041827386918
26.044532184533097
10.299387999875934
35.19631925958826
12.573751027512717
18.494112259280573
28.42688612205145
7.63029717305696
8.531336420256661
13.367295363370241
28.887825085293663
15.542309594089451
21.42120920696094
11.748590581521436
26.948336894247323
17.274322620646437
19.56632916929235
14.237561325600328
20.09831217725934
35.382574610691144
13.192857053840278
15.729483959423826
35.0442733561441
12.783395697968716
17.226621473714278
21.304620707976333
15.104758761768657
31.44335293008155
25.86310299873857
14.57719606280702
27.93429566048249
25.09790216186527
17.942034959619566
19.790156894999246
14.786423121340613
16.97377700675163
11.27784597151036
17.38590035260848
10.77561063247587
26.33961827020427
9.922775064837202
28.49967391136097
21.576331796388587
17.66867858921895
31.67554688999355
37.558584493844485
37.167423922207576
21.12362146196188
33.29902251751705
26.052294244079384
40.494881106453235
22.260630780019362
11.81911477576334
28.283550323278327
30.31671178412253
15.063019346268405
15.315446789583786
19.277529966280603
12.125119757572017
14.459995099103
47.89046232836522
15.477135149560675
20.94683210394056
21.455678388725662
27.728092833138053
28.325674737723705
16.82534415776166
20.38752614518527
23.705586852098975
14.882332990509573
17.30205934039013
16.09227018655591
16.56209840418356
18.34776817063919
21.410910926628837
40.55563704395965
35.89914466418198
37.16548625176867
24.136266016381903
20.514123562579293
16.232415172066958
25.49345969956961
14.472848739937971
11.042373461578903
17.828463019468295
12.280727953512127
14.506283328612234
8.406468943304295
12.234887626155617
17.2296029500235
15.062701292778252
18.55364486341409
21.10218539272011
16.698018417232518
18.248954500027157
16.521260075104536
16.4573562605432
13.39095547440774
13.191564907139162
22.74764258422653
17.267015713507288
32.76654821419018
15.543649351369371
26.661539789155082
12.169451393188236
6.972893075446923
19.087753766178768
33.50130565053633
14.813078284288169
20.355085216834564
14.699388107969297
19.83036579575211
29.961369679325433
14.6478892048144
8.666509082630974
16.838035645669926
14.927270356911606
27.001980058659548
25.645976883835765
11.92914563131719
13.87167517044052
27.587812684784517
17.340800668311935
17.797526512231233
11.446251892779646
18.44477247463513
11.667730392198429
14.144556830789698
9.199445831045088
8.886443326828227
6.5944216749580455
14.78580367837371
12.633557388929892
4.491633461537969
19.3011169968746
10.757334799273023
19.888602099289734
12.630737970737066
21.56045952659372
8.022006365095894
6.473713528900997
6.021376147416735
18.96980743511391
15.859017121894132
21.418674565881474
9.945459852510737
6.881554457879645
14.205679271959257
25.716713419272203
39.8960541353413
20.343404848204006
17.63564838397398
6.209512466329281
9.881090035364506
23.91732562738777
15.308929315249948
23.87162240655019
17.854002633705807
10.833389934160303
16.152669413675667
11.760789956047377
4.803573225903253
25.209155922377395
22.902079904225214
27.713125950857297
12.564312568562173
25.38315131860265
15.731917582420325
21.734751558503245
15.800845201318497
13.760043596490032
14.125290703027476
13.646683607499469
10.680639092921089
28.589537711697744
24.047036064770367
14.450993553551806
8.714059366338715
14.28867500606256
18.5501957677046
15.491948292704357
5.997615620221923
5.38512833886909
13.87376235077357
11.992477309255506
20.364960608525486
8.539658063262658
6.732778194837688
9.925238755212
7.794549940203943
28.957324882486134
11.505466842026705
8.54482810614571
24.619486140532764
38.25787252749209
29.658398413402047
15.619090631017615
22.54646964491375
19.980790642958457
20.20547921111086
17.259606633368517
24.196316005426098
27.649544911655425
19.108115375459974
21.48884108179174
14.081979832452477
25.612425534807286
32.43173968241152
29.64126797985672
28.862286206593947
19.203293895956648
32.417867096550474
24.50738438642198
23.673078175497672
22.249550492189314
12.901126918560921
19.068366143319356
32.43087071768182
22.94296143896741
24.108672246361326
35.25393624418319
22.348219772467864
15.864184596512015
9.608890581094169
20.53232368480577
26.94076480411109
14.257202368776479
16.459060778899882
28.68590616297311
14.802232484136404
15.528199147835672
12.215431779064142
21.660456155579308
15.685148646212854
16.473704895796743
18.322116036743004
15.492046841629456
13.440096643728033
17.226955887516738
19.273086199179843
38.49269923722014
18.681808669789856
19.650788862670314
28.03341821642269
10.439796639143406
13.967076574859083
12.364313730542444
12.637683092283487
18.51338223380152
8.327145389479899
41.798257965224735
10.97416678586713
12.718482685760831
23.909562113137415
20.796163369520723
12.607350296716612
13.28439946377921
10.580264540148308
9.96865680076822
12.628995211682719
15.194082037806675
6.58440186899437
18.176347194221556
17.20546849745635
12.264405919194898
22.50520921621749
19.347583795766372
10.483889928930779
20.608871434786373
24.598079627244083
16.88491562267262
13.310381029678956
25.932124624942045
23.851999385940097
10.335745341554233
7.332167112935972
13.635417056196012
33.58120261108149
15.608001225862001
15.186510185870672
8.018880697430054
26.34584412336199
21.27979968229711
14.048999091318748
20.972826089901833
21.24537439193819
26.48223508902045
21.087849800873183
12.95056740153346
20.572888925596942
14.115014005696306
13.03852960494071
30.566918556824035
26.131586731379112
19.703436562801624
20.84097493339831
25.764122957538977
11.714153945517255
18.802889778516093
16.493442226487637
16.17464069480484
11.165252759763126
19.222479133438956
20.587837051067293
7.778471990715202
17.27477070563009
33.490920773195185
22.748379958221644
17.347857020296882
19.02458018986472
12.595011019067579
17.37600077799791
11.323503643256577
11.463175645717468
12.379387404790569
13.267673312167547
13.635711391646158
7.652650516612922
17.875934919580473
23.78877653181079
12.615006470878912
11.868550477250198
21.652237772588435
23.57272533833511
19.54897801747212
21.885179821028125
10.511694422287158
30.878419767314714
27.89265426660828
24.17115812603587
22.74829282498876
22.387165213288068
17.633776212709996
8.384702562903033
33.49338903177314
12.922955473118062
12.407961584543639
12.532679474185443
25.423266462941136
32.28122090512008
25.925525580696217
16.35457373612702
13.432061580710219
29.103896435515935
15.486599380412116
16.659376810596264
7.065973409714369
17.107096937207462
10.031678319299552
13.565852166951824
24.900876142407718
27.047670970225468
25.54795524002533
24.061886928491994
20.79853482514175
18.957432950744384
11.216766858802856
38.05489748692866
11.785918560498876
12.518749289330078
12.914558287602803
6.747393690471829
9.612754790411259
8.840166871190808
15.082402134507609
14.46709397044832
9.503724722013589
12.422879170854817
23.498832461215173
7.47469582562262
24.486109527690505
11.987381824993985
19.774801267626337
8.171536445676962
15.234243967175592
21.28109579502439
20.107254139868036
27.738693177771857
8.387243577871477
39.38239879938978
19.54615794917134
11.473120422548153
27.51345693661829
28.451841325612104
20.716896364324793
13.631399617200387
12.837150323765927
13.294283068802823
9.448744475234216
16.000629371754684
18.096997520228054
22.053755016355307
25.064182997435402
19.641904869062017
17.616491478836664
30.136751998639532
25.913411765016242
22.35211914253979
20.650254066323843
17.533219616742237
10.252376153170317
14.173572388728918
19.53207743628028
31.141931642569375
11.079187751861989
14.789385248966912
18.27773256257262
15.513937571982487
30.84027325303289
11.872139626301873
17.198096118125004
32.50307941184274
25.844643558094166
22.270518734985
20.1411179968774
21.19467425394122
13.63985725675504
12.214624182692917
22.011567463321054
13.438971370692542
13.196684828233721
14.5381604867965
44.09812754340448
21.586927648308357
12.857954317386538
13.2937571884545
36.165266583610716
13.011001354265694
20.305814775882887
9.441638386627673
16.38321706141505
30.79653718682895
13.544357834673754
23.613724482509003
19.01923041466994
14.604714974290756
12.648993589613525
13.733614282125197
14.798183700903039
24.585942936212298
31.100593406601853
13.507083186254146
46.13106015702637
15.10896693137592
19.109405511907504
11.2613877111002
20.167910003351817
13.977859099546569
18.8304493494522
18.797217802800024
14.40871460971034
15.739694247672245
36.473856111922096
8.660425985357408
11.947788472038908
26.96718853980318
16.293507384354143
12.034564322702591
15.66359785318886
38.550093539493815
16.22603064217713
19.396395288611565
24.31531459469974
10.037130853124035
22.04297403908925
28.829879267961502
12.858212713348053
37.78945165271991
28.147216668660825
9.672111056233375
23.759157556491033
19.119234980977776
21.059030767903998
26.166657776911123
8.77865007702848
15.025080319301349
21.038270262323007
11.594500035508148
25.144896092960106
14.929603766248189
10.475170175696656
20.11278717747812
15.570896832442424
12.605443893909033
7.535692815551343
12.00443658839546
10.743712776664468
12.756095484343188
25.35421223802159
8.632330551108879
11.270383795557857
21.608408791649506
23.057592386462165
14.45820851798908
11.431486603266073
23.61072641099547
17.787952535311195
16.467865713590683
11.296081956731278
21.09239355014135
35.44578256045523
8.2049168168065
10.973534452263236
19.290507137490643
28.05933626933071
17.621126441878037
11.896699591623914
15.895818467198083
13.833770339150615
21.285971665687168
7.131686563478573
17.605964481087632
15.872137129421205
26.37991439674928
13.561081022457039
20.98537716817059
11.631837523518357
19.04342268202527
16.17477880954028
9.164610816670141
33.61269573687725
16.29825505055588
14.460504791087983
10.670727761721272
22.759019786000177
18.034550116597476
32.740722904518464
15.251989449274689
11.118767900750012
3.4942763463404773
17.739587071098345
9.507690783219775
11.553619069586498
16.09500078414658
18.407830451024513
15.20903223887456
31.514040782550147
16.705637814000088
18.83634853515709
17.097272286268364
17.042299368348264
16.633215217106407
7.603976595686228
15.386819628892617
26.676755873553315
24.966691024646618
17.434889795020617
13.458831364652394
32.54198592131324
18.264641456802842
15.296046650557601
8.77718578285135
10.231464792998372
18.381017275429087
27.02991834888288
17.638352119909374
13.311863543611475
12.918579772990515
17.266714352028966
29.35803556961879
18.023114253802298
14.660283925214184
8.931188854885537
37.0245550286807
17.154384789894035
34.51134825362191
20.230143761290297
16.946051504664737
21.69620006195779
30.749606637818992
33.45669846189394
13.569833435224906
19.85118843993098
11.408910268143423
23.9945805341407
18.08490947579338
14.670480312065939
14.047064358704766
13.769934921459836
6.75919336020812
15.864764428414905
39.79561222588713
12.148327327961388
28.487215796447924
12.887501095098914
18.26833621771357
20.289909133570745
17.55799913513846
20.583821821325714
8.708886566148585
13.036842450361998
7.127703023699575
20.61405600506269
22.871365651407295
18.519549955522628
11.962733666777233
12.187052689179492
6.165951955069883
12.368952423076957
13.131092726950547
13.738333735817923
26.900727509386773
19.306609409241464
19.653429406453586
18.005531930413596
33.703371246953836
23.114400857365172
17.653004351603077
7.0507914884699225
11.560128571184475
17.42706176848593
33.9369670879305
15.358434221411443
11.604422978733643
16.211517626818587
34.18013597311421
16.976514557193987
13.030746396424803
14.865080471290653
13.34487353353459
15.359479711296942
26.901824015736047
12.351691409363577
33.45326383121398
34.0627271129971
19.308026729076293
15.966819945308504
15.297556098008473
23.76565485663238
17.94426373619381
18.822051198339253
17.04564832196698
17.734566813000008
12.295009415587453
14.436042443991216
22.76613229156625
13.837477656788252
29.470810022190598
5.836826647114482
8.702805936023998
36.283499960106354
19.32375122064955
29.75754185762521
45.9990798954525
26.0777506876463
19.215487838316697
14.174400046234473
35.15752599669987
13.342978078868969
15.490261941262377
26.21319217925775
23.55302322575395
19.467080984013162
16.930047815381695
36.28401009855158
17.20509701686146
32.448121670396404
11.743033054046343
8.695409598172093
14.055471818451359
25.471217272069406
26.547988430797925
11.98694107092364
16.08065943096104
18.943616803092798
39.77282709107799
26.87897582413332
17.50663239101053
12.994721304085047
17.071829120657185
31.481090374368154
17.935656007011335
19.331565657629042
23.022184613890882
17.663582834797868
16.381622567038924
19.143961600778486
22.70501904904496
18.587575958786328
22.848477243105272
7.014205449558372
22.166631528748464
14.509146685731611
13.22808261639817
27.15082823385375
23.90135907545043
29.39851567201262
26.408812205035538
12.971251937021073
30.2132224736613
12.296740784703536
21.24977576327941
23.46001954451263
16.09428251561604
11.114678638561525
14.79294313180154
30.848961956587353
14.853725720763048
15.647588003071187
17.761087334397892
25.821690109263866
13.35617533063009
21.59211762631538
21.258824815889067
23.472572834500475
12.018697289979997
12.370078300065767
10.929985486762469
11.274610696609333
13.36105694782394
13.897483112339795
10.573520885577858
11.434703773999157
11.136890775569995
31.362070316140873
10.368964031394636
16.248969228506358
12.405682366992114
9.7135108004804
10.476037582337275
13.511560920982605
16.579021320043022
8.83850192950542
14.415417284954405
10.498520988794716
24.829947672162337
12.630645564254566
16.051406372085836
10.51204725160028
9.117674963749838
21.85412494852126
16.343016319543548
16.0147470154329
36.34549259396043
14.331592180361138
15.327170492010492
16.313922943767178
25.113840015745858
9.747967210954409
10.64564013488248
23.63826567892557
30.120981252365294
17.241508610374442
6.997195775287787
26.390452497621812
17.00058451855325
18.625120977538938
13.583326213108771
16.423262159195662
15.009751185219674
9.831749213848735
26.27743049326935
17.268775551055946
24.419331974077206
14.796162708735075
24.51237599773774
18.115743985463535
11.961311364402
10.875943166273549
26.21787531674697
17.513612739244405
12.284326405990054
16.023056006688023
12.914961175469758
22.541873806296074
15.349194220069156
14.34633092587268
18.00093624479728
9.455987121277039
19.957962495366655
12.360420796860168
15.239968490905568
18.9562105856762
27.734189228144135
14.983192238423474
19.718424323205664
6.407539022580947
18.772905453049045
15.1146285365162
20.595135779033942
26.94994664981184
15.481306133517197
18.29744834600877
13.774837991440814
13.153724214853973
11.810094758028262
9.486317448749443
17.904311819951165
21.27591428540376
17.655794806346695
30.768456493330486
9.860340277822752
13.976527508290046
6.018848504569133
13.62874149772732
9.424740725539369
11.303681125589488
12.013735297877812
6.29820530143225
5.471913310673393
5.837080303145516
29.49337144859304
23.21645467119717
21.787970569318016
13.643263640088014
27.655530501151393
10.601021330883222
22.43464149962336
20.000535306837016
19.111577009329356
23.494924804012605
19.151173261935224
12.32378814757368
20.67060314633368
17.810610670908524
27.669377742641593
20.707941215995163
17.234683890585558
13.281291889285585
11.016970005000681
8.291032523052758
24.67003001330726
18.319039013869943
20.904945495545192
34.28973131565114
18.815687980484782
13.005573834232267
14.76135776959123
23.657710144424076
10.267854860205615
15.975176032956112
14.502609268495759
26.008572238161747
32.675738754744735
13.246887330759073
26.23636481449993
23.276051400056097
19.51949362526324
13.773523832831753
35.768830017028016
31.65578403962779
23.54637052577606
11.525941963647195
23.496705850284563
14.575226479946766
17.951186799894586
34.063875478543586
34.30899901694646
11.311464701787783
17.45113036069959
14.795867213171215
16.665725501298336
11.21393970678763
21.145222568616248
14.123932263498451
15.27398222944404
16.561651810315094
13.55893375705256
8.437782258917172
15.514215001065157
7.9278241677424575
10.000470478833792
10.069706272612597
21.197145496630295
18.86414583599402
11.757423792559392
15.118888289076004
7.782942305649319
10.666741072456185
15.8706912851135
15.014495930717883
5.328762914616235
48.18039523430072
35.799418594680354
14.80457991727325
23.99005755466936
15.52176762641497
21.855356950549616
13.021561341178906
18.45610766927528
16.964071335240195
24.510763924208558
15.526243798550443
16.80984996269746
15.066002948635237
18.34242244955575
8.000601409433369
13.79933617536836
13.72225882915657
31.036239449560814
12.05024231697253
16.071777750724088
24.264356139236103
13.822423424572314
17.43408280877329
12.091620361107214
22.61622833726394
25.509929826125983
13.805858923585914
35.125966043391685
18.037759072226663
24.097907909763336
14.1261195495423
8.002813994991758
29.77069753709222
13.465071571574072
14.107566163054287
30.94986005548118
10.448833057572465
18.37713564915963
28.097411996450823
16.680312893680235
20.380153378075374
13.484007100490913
7.398290287186124
20.51892476637787
12.731597945392318
15.180085641146224
18.302638844746
28.162380640615147
16.883946404485293
10.266835221829762
15.71986425795516
38.42127357539606
29.208076640632797
7.627661521394141
35.24575452702427
13.88878245293328
11.094379444389899
46.70793721637678
17.339887062299276
9.057572022049305
18.562688347198325
16.82568482357556
28.167068742551038
30.213408489198475
16.135275830409444
27.215856876260336
23.617601415941667
20.404585615679334
7.708568223675023
10.486890361794384
37.0051270837606
18.03159390214322
27.75243216381096
16.258440843818807
14.530252833648003
27.427904626445752
18.037464165517168
15.152893085077407
14.738996976487373
15.405018467094573
15.930272901201326
25.92797139451491
10.8412111664538
11.54895492714347
6.8040056770302435
21.82539464781388
15.957804185031451
19.99324020085111
29.357841014141904
11.493332567282945
21.927264437968756
38.04239194112486
37.53206681021248
13.00315855080034
13.643328924355563
11.55164431029299
17.51073113510853
21.090901548253814
21.62383591546236
19.06805102891917
40.93869400969206
22.04471226657016
18.865726496439933
19.411502911676102
10.993692009049255
14.796592104003212
13.862007309574926
22.206949795041975
17.008452599566784
5.678415813611354
9.645868274808615
9.406775299647242
43.425982580528924
11.597544368745325
19.318115698378506
14.159280879446207
7.591557223322913
19.308184355787077
23.363862106409318
33.789180913861266
15.803875082174823
20.114750323465298
15.939239282718557
28.764987835737966
24.16980515384026
14.501806887185332
35.51048065307082
17.76291529103021
31.574963647629044
12.248854345766839
19.65750977935644
12.219022467629326
14.610653943226104
13.96919473302394
20.502683897694514
20.344277617257646
38.474153877765474
32.189432098334194
11.816161707027687
23.383127295190835
14.387088758173523
20.479302283744165
17.552576328134066
15.951028367684767
13.460270109016962
39.16508412285217
13.859591690060412
21.777671592010712
14.79053494586644
26.859838607272557
19.173114240297767
21.780158357233763
15.310538265593488
16.492224760590286
14.778457100730035
17.619252967895825
11.529061552673351
23.379424943395797
24.894243850594126
10.211277472342935
9.957618407134179
10.574700442109298
18.19731949108079
22.740943525765353
15.160122844039522
19.918529211632432
23.002599854128807
16.533270979209345
9.659946716120524
7.435232453398706
16.623027076755402
13.226006895550166
10.446848660718885
11.37988946133358
20.820406214188775
20.80080808527111
17.26303139252254
8.431706999477518
33.92270746483283
29.703167132351556
19.272629510657076
19.68730030826167
16.628601739401997
13.618826564886783
16.387768688280737
11.914155045479111
9.488631920140161
9.572673291039743
20.25006007540664
43.92914338007568
16.3246734315174
23.915973446525047
14.656292280870653
24.887005147851067
25.252663897069873
16.837582362819937
13.029641566263756
17.95305346091764
9.057965112462153
18.38232432973739
12.804289382034625
21.330130628965126
15.758453265437847
21.279187403689125
18.16935915798472
17.304563917091613
16.217368537313956
3.6603822407599775
34.24208407639139
14.356645614922266
15.664348228680705
25.72042338663743
25.311696058575244
12.951210809597963
48.88950384576087
12.062469506398495
12.933008775021367
12.511520592898034
22.00786003316332
27.29889675935282
40.345272817340025
6.80202471219804
