188.4856078254809
171.97186247108763
149.8193555799341
133.91640291539738
120.16787784170529
102.5671594759564
120.80524286984075
89.1532611813405
87.68689350022912
93.54833933396938
75.10265455458254
74.05224993824558
63.65876799861814
36.74933578909722
45.25942193648184
43.80013531257186
35.922466662388544
37.72322782751032
41.34171379640384
47.47870944759336
36.39494343072014
30.597223877405405
31.04673733192844
26.304151444130675
26.55125836449393
28.3051200384417
17.494509495278336
22.190007684847675
17.364401124477556
20.845900945514074
14.095483513221312
21.90683885995936
25.210318104170256
34.60866958949206
26.757694074324696
33.34909301994135
25.199576250977934
18.566414452773603
22.47785144438876
22.62765044507437
23.97426483464465
22.203957126511046
27.563929875479516
19.7906208883283
24.86486984926913
14.110806976356633
15.436251289302128
12.228448379949633
23.518253143790957
16.87605629580863
16.79168544661006
20.035897205936042
15.867540349975359
11.506536987628255
17.37941725007061
18.211862008541644
18.07641908354255
15.854189856466993
21.01941990679625
16.435307885065637
22.93763091173519
18.71173888905344
21.444821771375157
16.916832629577268
17.20946855875424
12.513756816124049
19.00904572178555
23.528281539972514
18.694764151986263
18.311103854787902
14.049980125258838
13.803209358333326
19.992028849038412
10.476268031223206
14.549779223378776
16.949364481151477
17.509361067696982
20.69496928234436
23.082140632358104
18.87476011792051
25.032053687047405
8.095320604623685
15.903846593036159
25.50544335505957
16.130847538608602
23.612766388133537
23.376744500079127
21.69691978015611
13.369259498373607
23.717771134858374
24.176382604484235
14.028659290560505
20.62351620701785
21.55468106460777
20.64556377400723
16.933583214703066
16.113326243017077
24.111195135106243
23.102315600991496
11.730246399981388
15.193532424005799
18.27344356507487
17.136376595307002
27.079359621128635
17.728484317725883
17.48637744160191
27.021372612996558
17.15837319338447
29.104320959211076
23.589460620561077
13.197262739130561
16.954248698247856
13.68756979054035
17.75401404926209
31.717473936624675
17.97026594418088
23.574503395429936
19.999040455799246
17.34665728316115
19.59914010201774
17.54375541337691
17.42550643499676
16.789006777991368
24.683600983519447
19.471091138066928
25.222850963539265
15.282125186656772
24.18012287204484
15.26929634619549
21.754338550519154
15.354823921884744
11.695825681437002
22.77983165469599
35.1560540517536
16.24481140194404
15.63572163271968
19.956787844277788
15.860370889138267
17.600750782208255
22.05937715697159
12.278461179125427
22.85111656449325
15.886913254461932
16.418669301750008
19.17876498974061
18.885809507660085
16.911377360802167
21.987196285694637
15.991441599602782
14.67136682331405
26.283557235966846
12.530422325535367
25.57929085989598
14.806849393985019
24.377419605875144
20.0378304007415
21.77305129418965
13.979479908783473
22.5710095686879
23.0929730310552
14.42241820929706
17.43466424889687
32.90288396682158
17.314245756536415
21.455245187498758
22.92576631302453
16.758444668408632
16.65760457058142
16.705473964761726
20.97176050922183
16.671338390262864
17.16959844895875
17.199250393704464
15.862057989674824
13.516592715308859
19.941896663341684
18.806733639173462
16.996385127024947
16.165732373051558
10.397367920542443
19.305241879721315
21.17817179884509
22.769128550211033
18.456787821342026
16.3729797557604
12.976490160307593
18.931590322017293
27.019223338643105
20.76148440591479
12.933943892951188
11.953657295821204
19.521859337360205
18.92130517403065
18.064761232923424
18.09650962394251
24.0036659127384
24.7591318433268
15.05828314633389
12.857933915467518
26.564793731163554
28.32975533624588
14.640387867486998
27.197351619397658
15.386981671606904
16.131009493955098
21.85438876834648
30.099137939770003
18.8867205759717
22.054594885617654
15.753281954561785
23.008240344622937
11.806650822215989
26.952346383839288
19.3825295318067
15.835124417408059
15.923128744189372
21.03384679140536
19.97689869156756
20.028159733853144
17.238230482345525
13.160606044303973
14.998325962228117
20.36030516111782
13.399832438945424
21.28452237604308
17.455568935387973
18.40603208086293
21.905883622563106
21.20448419885051
21.639104714342672
17.64338280372998
17.82987348316456
11.139167396504059
17.08363167965755
22.442171368536343
15.651933011209005
22.304412679577347
22.34469423725983
21.38588571120507
13.40946467304043
17.603205349510556
21.1921640571793
14.708801115199636
18.809989425228768
18.342865334355764
13.580604053268358
33.55781625189004
26.966597362332184
10.74296423468502
11.772719768831298
17.625962858595376
15.90962845163513
21.694984015782342
23.099546751181887
15.252646869068306
22.41984753040306
22.4807038902833
15.769239015676018
24.167147781454474
23.835496501530173
24.161843407123655
21.984829957601743
10.898498282062217
33.29720100575078
17.43510783421636
20.942009062240047
19.916293528765667
16.306527582835294
17.41423779911553
16.58506989266217
23.38312049814656
20.507095625097794
21.064032229398215
16.583078968345788
31.345400616652775
15.018790714269775
17.436139969609542
16.408133219022027
25.180455351698644
14.698647238742435
17.35629159347626
13.533205497923081
22.49807383467253
10.509615374688575
14.949585028941437
15.267815744406452
12.20601812304183
19.33685558236184
15.719136687383633
22.72029853221683
18.502859869667066
17.637047032651594
17.000360071630546
26.427658503194458
16.17109479986641
15.009406536831701
19.097617271321518
22.05067351514541
12.589818841469155
15.394456166140424
21.408206775903654
16.994500204689608
20.731984465307114
20.441299069957566
12.459794504266286
22.77175580010101
21.879476641470706
20.424436881723558
16.036979648943174
23.408496066172287
18.89469080214778
14.68387832783685
21.083727163071398
18.14030763810117
27.850809708327734
23.118060629955522
16.796035349606175
16.499868156884823
11.594717666719678
22.21848628364059
21.461441597649383
16.190541194453576
18.4012736009689
23.792958333633248
21.74883768295968
21.24383529828777
24.145929055934985
16.00599392373323
14.093159062374083
16.450736742504123
22.47214563460235
22.451359839805328
18.784928003260124
14.591414049603918
17.59808100406134
21.05535810386312
30.70595717744464
19.694608280395396
20.90792846917553
23.791849961924648
12.337381657203766
19.004087724703822
10.574885396099488
16.72068490760217
16.337926595447552
15.069515903549673
33.405201924201464
22.349704097529948
12.29698680036783
15.035581000003425
23.147179532170874
14.891279894079373
25.373279481200058
17.075257940900666
23.18114355660705
21.708748507165172
28.226115751728493
18.253371506083553
22.459122969233512
21.84522421108364
25.012215161618062
22.721371210587492
17.8994189340807
20.16348049896263
21.477108368102066
19.09380048822971
21.154447891792614
18.517071854303946
24.399931041619997
13.0765236887274
16.139049162353498
12.460477222689327
23.61002994363181
13.073387597681805
20.1775278200848
20.574745345877055
25.926030743914254
16.64948457135442
21.26161680997302
11.619325699662554
16.45201904439171
26.42995146529954
9.70937916873485
24.486225505919805
14.482261614836048
9.221731428469495
23.745662652325688
21.16178570824231
15.48150209506678
19.269347644093372
14.95167844826224
14.767511886540035
16.736437379257765
25.20447693396407
24.537586658604752
14.902267960127801
29.666194465318764
13.541809166860283
22.191626583006784
17.630792400279685
18.7624315391591
20.354765182733157
14.61809220980502
16.162832768305787
19.67279091691419
19.31415112906128
19.979808027168573
12.499962479052671
24.691615339875227
19.096594112174127
13.161990135934373
19.32615336501741
20.964415647649542
17.423813059824607
22.23533168942842
21.175654003049015
17.738984025397375
18.71139664851441
21.009254844959553
18.302676162553617
24.29228070183509
14.364725971798583
21.307105687712234
18.115204914581934
20.644640769717277
17.688330323752606
16.330970383342784
22.829216137442483
18.993060517825818
19.214722587794594
23.465417023515243
22.383974181933265
12.420291749461605
23.065279804328398
23.7175703523431
21.410263473850698
17.861379124930775
18.298556781906075
18.47643712021353
30.18661190833438
20.096461967219103
20.11218827557161
14.4088312523437
16.37940151265949
17.269849744279295
14.56112540742334
19.494422100038854
17.805244805643245
17.717037592917624
11.86835353214742
13.126103888823215
21.119159340167077
23.58213641870958
19.749420665453528
26.305126464129852
16.77535280332661
12.496342807203321
27.098163421062228
18.66391675504262
12.624103361719
20.78386998704257
19.508927716138686
17.108553860934936
15.724673132848105
13.270594007072638
11.2428370825605
12.51465547255893
22.583643977784444
20.079617645802752
16.095764854264026
11.184981173365612
24.88059172495284
23.748159456091084
17.882364972385684
12.818655463470469
17.20364517033542
24.273978863130846
19.18625178550791
12.804395825266097
13.367506667476444
12.10878447588013
17.552187916426796
16.688178154687456
18.771560115103274
10.60154806235509
13.068276265418536
16.396282837535615
15.32901332024848
25.88948054461644
10.654599070228837
27.053482926586486
22.777400208363716
20.45585832507685
25.30896391447292
18.110863855915092
21.850923784346307
26.421611678045398
17.715001426487774
16.903393980059544
24.010648139494037
16.601947102217434
16.534151211675255
27.32348044252948
18.587509274745287
25.33955957517951
21.675105546688904
28.399169563419335
23.650166587570514
19.38459188306695
17.295829558537044
20.353777823159767
17.861594030753007
12.510197012467136
22.583445553307417
18.635374966073694
10.94701971842019
17.312661939685466
19.920316815235832
22.08699958400576
21.48700464384455
18.946902150594756
21.01183063461829
23.565717277140322
22.423174710734184
16.784254472883738
19.706178959599303
22.0459485687421
23.27438562955395
19.05956082756528
20.327381456731977
14.838960184715214
18.401914365604302
20.450612462450227
25.479561741337747
28.444792905615145
17.583694370724608
17.215673809351063
17.958933409611046
22.992478726040314
26.94437452923659
11.094247261928567
13.730707792802695
26.03531837088804
15.706715490251236
16.994561561923987
15.826603195751165
16.316073769726522
22.32422920302522
19.29322587296459
21.20575701460135
13.93363194996774
19.525907238487427
26.874740983794965
23.849060172865713
21.044723766226795
28.465450602160885
20.471969449098218
19.798351111862647
16.28188082703406
18.065093793715516
22.010704278083214
25.80277606512256
20.87732177479084
13.33637460404185
14.719167119823565
28.75301293214286
20.674931116160135
17.03586390670287
12.593192783994944
16.42858752746358
10.063192050564556
22.444086959983057
24.628059914598673
18.41227715486235
26.781023048994733
18.751104654632346
21.173214422543936
17.568920209699503
21.02495523092241
20.22697299697141
16.598342201580532
18.0633810914196
13.77616958418925
19.97624048213079
15.786659276334808
30.152834519059514
19.492400357223723
28.067865752779287
19.61101722987667
22.61269060758954
29.440278329541442
22.46722965254163
10.607639725461985
30.34110231546888
16.223064098970834
17.97088118832592
17.25439076830917
26.773512156257993
20.02664476487566
35.40276000605751
26.630679018347976
13.972332278761943
29.969232241908024
18.50879894065157
21.870936913809345
15.13826136774325
23.654070543725993
16.070825463367076
20.97151103052357
13.165449598361349
19.97056324510501
27.086882279805746
16.750603140856157
14.139102715795032
31.62493716710219
13.404484861398242
16.139539398416574
17.25598605578301
18.82604690560243
16.161482843637593
19.30073455985812
14.421720236483004
19.60678447564164
23.955089144525445
19.82440668943636
11.836344872665675
18.258546399155602
18.265190971882287
12.44627920800547
12.832942102487657
20.603554524190095
23.064228850902854
24.540271148162866
12.23482900614671
20.38525902606349
26.570598503576615
19.348524817040662
16.653209112018402
14.691605386246756
22.818300178797195
14.997066391634684
18.36561388599474
16.86002503104961
21.14732783605198
22.730900776358048
11.964976297847299
26.83742946626046
13.094044057693614
20.17389809667984
25.008506723319346
17.469214906837994
19.513280212752207
22.70158930566895
16.934534997641887
22.876108531430297
26.837935608800645
15.440233777672516
13.630418419539572
19.52979907334306
14.582485747440604
13.335006728538259
27.676045598231173
28.711363758693597
18.04744085734475
17.7970196050922
17.18015245002792
19.303203480647568
15.305304320609642
22.810178218326744
14.40307773401408
17.63027246916926
13.742187741624992
23.817604706341772
16.586720650608644
22.212248748382205
20.056851735679725
21.730095674869997
26.869056522569473
17.07198068904822
14.613049030572316
17.30892327246384
17.216288182292146
16.282348756039706
31.07389354632219
19.58593082250663
23.181621708628914
19.408890916780702
17.753053886124885
14.908193531616087
21.410434241440107
16.339426053135444
24.17027180158407
22.616498919675095
16.26586190404055
24.87682639360557
14.53172804033955
14.099257792378628
23.358316906946182
17.06317458823956
30.6633752282014
24.267684808680063
19.148546257368405
20.549039389419626
19.421163749728148
17.097892282759346
20.88884578351809
16.104219040373184
18.309998066571026
21.621283197996323
26.117105533284874
16.745989756056613
15.86083384044639
20.790151972993826
16.760270011230496
16.60899957229792
18.720097628158776
27.488019039110924
19.295674728573882
11.30509632875756
18.955967620635278
18.230630024044274
21.687421745585812
21.19081439925027
22.26856315561668
16.066794848448147
23.131351450864827
16.408697279337733
13.298914162828432
14.07849436742697
14.348338477993048
25.110561204435456
25.52071590707632
19.083231087770823
11.870009069968967
16.581901763666007
14.118849751970453
18.33860296512259
18.4966178808264
13.316642017956386
17.312254805884432
19.8739323388959
19.22650872499551
10.996382077481151
19.300319646185105
16.08529432308639
14.948861824338412
16.68810466097266
16.35842506110623
15.312984756171694
18.628236852561077
18.26820908725242
20.325245178615635
16.84858392869631
22.10371917637232
16.93433010821917
20.699569081851426
17.276499751290363
22.933576220749718
19.18271762132287
19.358993915382406
21.79645577016586
17.328495178288208
24.54755561489275
19.03477772243293
20.952619182603165
17.1867064481185
22.319224598090802
22.521685838441922
11.819248492101877
19.67766575973933
16.469882866871878
16.314087450310208
18.968411681182193
20.93312768290433
18.555274715620936
21.538199481892732
15.654166642916708
20.739871587602877
12.978253065816034
20.342877778153706
21.618855867507236
15.069889347045065
17.241987601727757
20.84662578659767
12.767117611472276
25.094044251070425
27.30273461791488
21.429539336029816
13.969159395202396
13.936145234876257
24.749993025022945
19.49874912997928
14.881226779657572
19.337087286433462
17.313494185625373
18.630753688931133
18.86962641061364
22.21708014419796
21.23123225414045
20.087280944512738
11.198938829118694
20.429559350250322
13.867638913185484
20.037243295147793
14.396480525981184
15.585221813047683
26.32329036699564
12.749790285283492
22.216268659986085
11.000020398963372
12.437151582486356
33.24858480671659
24.522134946030825
15.467853070182318
18.954579494689263
16.24349485867718
24.889369168806358
17.583224402701067
19.90119061511538
18.95221305199678
19.650571288979375
23.91886939705148
17.24891786760844
13.346180168683045
13.503011425313286
18.698436666602618
15.938233278786004
18.20738996654434
18.615718273782647
30.779466654151204
18.69333321816158
20.793423653077845
13.632293735003886
16.913419524869372
17.10978990377014
22.894769598371713
23.078616231728503
20.99649653835672
22.03234545686672
25.722197579459984
17.40016901227641
20.66049336302252
22.42958300910309
11.982309776636695
23.328006525175848
19.25758425507916
22.4473586372622
24.09513523680575
13.886787364957087
15.754874068185366
20.97913396544459
17.762230822886785
29.76112618948548
20.736371630274228
16.809697162809318
26.486707358649262
28.185896850329488
26.06669546010152
21.1429763229725
11.375180294136955
18.187893738170853
22.191397630499353
21.154770933125743
23.847916299304153
31.276546103589425
20.769437216984777
26.541549559330342
16.69909119871669
20.18676214722185
12.0477886107793
12.611059240704027
13.85255386236945
22.00335880404356
17.194518998006785
18.75171381321217
13.519418779083455
12.67631235823807
18.946315296310452
15.863880097890211
19.501712553020617
28.166827492220737
24.911327978569552
19.950961893645925
14.205884572754252
25.494872754359683
14.164689453222032
21.5785381396605
23.65611921458171
15.414559058626645
15.626735117114437
27.135482261368672
17.98182230214433
22.140195084988143
27.663510593722172
17.14077349084796
21.063414493348233
17.683924754031587
16.159211358941363
18.784865043757275
18.50877850294925
18.868623683516695
17.93520031567109
23.403386395212575
22.339297765281195
17.82301931830187
21.06916691195555
17.860790486896047
11.269273509089587
12.989110510728462
16.664075232830754
21.183242863802086
22.284006830378726
18.671156632749536
18.591906016612388
18.114240617130847
15.718716550355888
16.76598533059935
22.125141137725546
14.917635140969699
15.511461099941146
19.238913276892408
24.33952663473892
24.429012607459867
20.805661391170673
16.765079531622558
17.4408878557987
21.77701337740827
16.777857667029288
14.72931096281691
17.34256073640747
11.031055503395649
20.99672247273291
24.911373521030228
21.651719803700058
22.420710773210885
25.792068116102758
19.03538001333996
19.892845543560327
25.454772910945938
19.286184978434274
20.170538647704493
24.60601512786613
20.35410532909953
22.386484490405557
14.173566946153016
23.93083483276307
27.399000307294564
20.665262916682707
23.358928015055252
15.9848331259897
13.898493162206893
21.09688344807774
19.93202195656427
20.73941695621924
16.878072679386246
14.127564797434097
23.987098062714967
16.34644208211223
16.92056999148447
23.493085174102156
23.36416915767801
19.142331442512848
21.235901023165315
16.6719890964181
16.319122684958394
21.939502844372985
21.73241896083562
24.292977777355073
10.486194744503925
14.310066624248133
20.182294365383015
24.985459053886622
14.042030870700655
16.191529480478557
19.506862215284983
12.230799285760169
12.043023822109857
14.234363023578222
18.571914548811215
16.213195958065533
20.361526847232746
16.4579720873609
23.99915381676831
12.954976521129707
22.279522006153112
18.46500125540506
11.150960444276748
20.06512646129061
14.732042790157646
10.535408580031389
25.385706771414203
18.147288197564517
19.609344494927246
14.853130382036571
17.861660671462587
14.157897196877459
21.036056802301236
17.62263552789762
9.966298089082818
27.193035906613428
13.72040055824488
19.440215487912084
14.841530607285597
15.578533025680514
12.327979320724781
22.213446976875574
20.87584124376526
13.414968985323556
25.224103555970544
24.955307218865048
20.476551922097077
20.17853953316054
19.526568633720846
21.960872360306922
18.876151842450632
18.888619814147233
15.086553351537034
21.78012605118698
24.180109988880567
17.171612972828108
23.17592292027087
20.118620905624486
21.846723081121553
15.321037063794382
24.335215501662333
21.879139001633504
16.64943281024377
20.780029403146433
18.070402540013934
17.525867367728274
20.900143308005642
17.96304184071754
11.522489231712193
14.97209152258378
32.29778325196161
17.108150837455042
20.556976812195884
19.053209326107257
19.849273161346474
17.742819611896977
15.333777402879772
24.661725333600586
20.036718229543528
18.465683075329075
19.790378469388962
16.716946589505206
19.9288050696715
15.95591643622164
18.51065871404105
28.482832068963006
24.67374618589772
13.038404198106152
17.408500747456163
14.22659259893155
21.558344450294864
14.127834386395985
20.368463368537444
21.20694952829065
16.081589026600305
20.161117172688897
19.686705411678584
18.448614849358343
18.558789763400537
19.370096372515306
11.528327037921256
19.741837852010743
19.253757016403004
31.214526064808396
20.37398711613651
12.437879245334228
13.667418757319652
18.2426696316704
15.45593934944766
20.880314343627063
20.138022499794154
27.845747085599896
23.95188572922917
24.664640561052696
16.63302053658088
30.996794007633056
17.11121252610158
16.128475068965066
21.141214102790016
24.63443783851756
13.945770277390213
22.943792514958446
25.86642610635132
19.804655427421018
26.47050972392144
20.2230931436346
14.793328050353766
18.41026629233537
20.311189806981933
17.02654612898034
12.177030196292613
18.900922330792675
13.936077726944212
14.888753161860318
21.592133092467332
25.927581695295082
29.521080894513823
20.156674784535973
12.931251555631942
11.207810758560711
19.6097527925249
18.638628571394612
20.09752034332094
21.984102747090947
20.582682381510008
15.860137101351556
19.71701077597564
13.389025372792988
18.880197870154174
19.19068647581134
14.024212806792816
11.848698614640222
27.209723559374822
19.284051629432806
18.95853554717523
19.557944285845167
12.70737103041912
16.024904520571017
18.56628709035439
17.550572311049123
27.25588627938001
17.89427578896966
16.304236689612313
22.425440174485132
20.157493699323208
21.668404594080783
16.56114500878161
14.27816389069866
23.455709350683897
22.20161993186315
19.883450542982214
24.782388001456365
22.94912240518888
19.690705571527086
18.241320692156812
21.61539727282563
15.757479802489938
13.567734077785584
15.84143127661223
22.16419153855602
15.860267961121918
18.674952430427407
15.021231848480687
17.728332600427812
20.238460264190103
17.761778509338004
18.84907685015408
31.917395716361717
13.607525045311203
13.10393833343223
17.479257762591306
19.3918672727266
11.845933169870923
15.644400356255716
25.737663542724466
11.548532456093547
21.648333303436328
18.139243895979078
19.872258585881415
13.870212314990749
12.608064793510563
24.166325822082126
27.34354424841619
17.643283334877477
20.21418301293338
29.09087376697877
12.884319525530778
19.05307883510839
14.031101937945603
24.013809076514427
23.07947682913843
14.33754544471956
20.560917295370462
14.153954772174334
20.01102739203877
13.700169085380159
18.895188112147984
21.666515606935228
12.527557311615126
14.469041944337736
18.572620702122478
20.75354227337202
26.227970621116004
24.322528050224275
22.62714902442576
17.13831051448922
15.124486434475557
20.0858851060111
20.88671568642052
14.496703539918146
16.487431914883086
23.99800079397343
22.815408308398748
25.568915996885327
18.343628238866323
16.455637011684072
18.950710996046123
23.068610944220215
24.16235411618065
16.875712185035567
29.339562738160225
19.550606097209727
27.574063458291683
11.398867127355254
16.91581758719166
17.12519901987644
23.677792886948453
12.962563558043815
24.22586396336614
20.372143370121407
15.957039522046875
14.946114257588135
16.423347087310734
16.76384353413368
23.273455754247138
14.842542499616334
29.7492359213238
17.815036565362867
21.277343986556403
18.657371415218222
22.438924653084253
24.45309556176624
20.587391406695637
24.588739591667853
22.030103402069525
19.999656618122174
13.933964147756983
17.119481695680424
14.01528284436413
18.833430718917203
23.863653685864318
17.284334945938248
19.155538916742167
18.88687182219635
23.687099741703896
18.87281971760782
18.553597034982232
19.952724021055563
27.10973903567282
14.557761487048952
21.791482940730155
18.019460866818463
22.466226328506426
16.155455727017745
14.823101480830955
15.01552325164462
25.454021170408613
12.545182920137691
25.174342101032902
7.448084257719175
17.92985992632672
20.85926664956473
15.025579527505686
16.587039264527316
26.11902309501873
19.752785128336356
21.51167893412309
17.869399358663443
21.06437411277258
16.843255525648917
17.870911664360627
19.64301637752924
16.71769236104559
12.518674723585255
15.082135842402161
26.03637536843041
8.852072229735917
23.358924601710946
25.040863922277335
21.602740851847173
21.868246389773173
14.63471970349555
22.84030202665911
12.909316873267434
26.28914917820654
19.229443774950106
20.443806101448175
29.150260724430062
18.875280152878247
15.180835184097457
16.170045531016168
13.376805133342778
16.68218716377943
21.683412517213778
15.2428408587361
22.688531940228675
16.622864057195336
17.820398094429578
16.392783168937
19.331583448621465
20.26039683308971
22.898129666802273
12.520439683380092
13.315653977488134
15.760944698483769
24.891820645096868
11.434289431786828
19.976521263287154
11.96686414224319
18.70524610425123
17.54340490750022
28.989141917020262
18.34717173084889
15.04676629392972
17.982741520195386
18.222175550305153
12.557630720516297
24.4668270252121
12.243155097978864
14.782409595008462
18.571924527129667
18.85089696907985
12.080027152135319
20.003875187304402
24.63166917738934
14.970182312264878
19.723857331209764
16.913971588834773
33.04074695636333
17.032663524086374
19.85585150183248
15.972369093084234
12.469114810481438
22.320841957197814
18.928643090304185
11.61168569354365
28.667732392007945
17.279005235085616
18.40007482276732
25.02159032593404
20.418706238897176
20.98951202755252
15.365616661889472
15.372128344156414
11.708715263897181
25.53628473213683
14.173154353840884
22.579336991293264
17.522935380574896
18.116736738126924
25.985911179966507
16.320350943408137
16.60339983207732
16.70693508629785
21.015446142151628
23.079294332377305
26.203300111682765
25.54242110773054
18.570428140416414
20.84642047330842
17.42161651717988
20.09971107475586
15.147710424518571
18.30767595878472
14.86142951553765
22.01305955326892
20.726117995901777
19.228045708018133
20.24574999526924
13.36522817560391
26.38542945136304
18.77968820828341
18.910891443197777
16.85626837661352
16.33433156474336
25.20728532772735
17.606642581284532
29.048680743905052
19.28446176238841
25.649670227321074
29.508479904926098
18.19901842819019
18.037112885166945
26.10311815038941
19.453859755507104
20.424390636443892
15.358674295629552
14.827713311703416
11.428506647965545
23.888334691975764
22.75140016918606
22.396298524158247
23.58845262236074
19.25462443802463
13.946872110257313
17.346656772327552
16.06179380453708
18.087063754055027
26.802321226374463
14.515861371561337
22.420166890040687
24.21979878427122
16.809264983815375
22.492657791228172
17.25780121444601
24.00403700404741
16.92127799795842
19.33413612686214
28.891213171414087
23.70494688986384
27.25583322077871
15.536005080251872
17.998034312366485
16.530732524709627
15.840274891385523
8.068517897584584
16.096987508582693
21.440724048517882
10.619081182068593
19.788814487745224
23.26699309851874
20.517574067315685
10.324833166761696
19.714438516340493
21.086433576089213
20.482669936864188
21.25247082985956
17.110251492882895
12.543264847100403
35.19930582217188
25.295979691291848
22.29428254434952
20.791460158456555
17.482785144865968
15.691255916221028
23.500399800081208
14.300612674300167
14.44504272340902
14.445338316039253
17.03194861789779
17.362067305333127
21.52469931501006
24.43079104815936
15.400688403289237
10.166428065260897
18.85516037655926
15.39713055873283
20.582732191326237
19.1608100868137
17.23484186478102
20.567361343379652
14.527863299231344
12.545750404106018
17.263214663449507
17.664761747946685
24.889614641175513
16.611392443786883
13.16973952227064
27.68975875719829
20.730419931647106
20.486707692216427
14.539803398244796
25.847695901011093
19.525783745157128
19.184090321749085
20.78986471487938
23.215971918182902
22.184611773565187
16.13166577697696
22.18167507744098
18.036705231288767
17.51298159992484
19.99653517309463
16.1037906620418
27.31230607694969
25.363229041121794
15.478528915485137
14.650183137916315
17.117173984207056
23.0266140549326
22.608057035253708
22.693776438020276
14.963603874968603
15.204897574576194
17.16302459138146
23.705378555801467
17.21975184772355
18.275093158411025
21.288907345325807
15.207664160028726
31.073657678352067
12.785383783099489
13.936458961796536
20.635970049164722
21.69782253727928
18.123209650702147
24.946921656039887
19.551386813796917
17.040170725172977
13.63681095359383
21.50581490544283
16.270722593750047
15.504663175097791
17.609806822566977
28.188361765245475
16.297821622114604
25.027185046997168
24.819808964974612
21.09443926780042
14.44340267983846
17.967570796422656
16.98482702052595
24.93520271827581
12.528710989446465
18.92153362284872
24.796988289215964
18.793226511711612
13.603982784105709
31.111165581877398
28.170541549338495
19.15938802475557
11.971843730679161
23.21415306360123
25.145285702290764
20.84298115302497
19.101215096043877
24.50979174578891
25.156148489842266
27.53814877004071
31.80075108455191
8.265725111440585
16.82870719149942
20.786104528821944
23.761745290534854
17.478628499179024
16.369297654368715
12.74933431452535
14.899182484808893
28.831048783655483
24.530692129970298
14.216528945677693
23.8094142317831
19.85953211758963
19.988021489750295
24.209992173713303
25.550142412437637
21.395951002864255
16.42980744285727
12.260927612101561
14.415142901373434
20.174433494485598
19.300682371144955
19.59030805015183
31.119022024852743
12.731145102135786
11.980756755324245
15.920235045344056
12.019534763474905
22.769482771695966
14.36001258725815
18.535752716714676
14.96116635216715
28.061089132954116
26.701637685528123
13.586925704867085
13.70829519398039
23.30961860181957
24.52237820005211
13.212540914868118
15.46455529775009
20.81059536440756
19.007548924572934
13.750289811563796
13.160286920464356
21.472741138045127
22.98431718686633
22.10144942254888
22.4531888155967
14.337729504801
25.971646825446893
19.329894252333457
11.946631474006649
15.300937048369578
17.268153755756984
24.155951093686074
23.97712776209617
27.87148240937878
25.434445460388865
12.996196030239975
12.019051365842175
19.569183544784558
19.528094642269643
10.433028456158128
24.409533221648644
21.90628322077639
14.528497724960076
24.35121957572404
16.01685541866768
18.107287698642025
15.190297059512467
22.15151413352874
13.801947342818885
17.081573644520397
19.211647068471706
22.39181274678878
17.674694993799317
20.855183097169775
17.32260939295512
14.894288781172712
21.304597492736082
17.888881334854606
11.723906017109782
11.547245685569974
18.350694216546366
16.330795994548783
19.15999956508597
19.84251115462624
24.545016195331602
15.2041629352744
25.36999563131713
15.934271423171642
22.758378215304568
14.459301875573136
21.11476651779829
18.35645914346503
19.374712597406024
30.19428366645255
12.26588502592299
16.05752464928518
20.07021840142705
19.728820850701528
17.930436058656383
16.814024950007724
17.99174460929325
18.695795665825887
21.08624772413433
15.946168679652706
21.5233040490161
11.931056996152236
16.212304652458787
18.734992847729274
20.223865937609695
13.951730195848242
12.412562750971574
22.024559216318067
19.758231080203906
17.55207310590444
23.187649217906976
15.117726243137266
15.372710415085066
16.598937241258653
12.368694798420204
20.63770977575968
18.766428645120232
15.15432820870577
22.85041371661166
19.195212169735616
15.62412495797336
14.638020621542763
18.790118869457785
15.58052793966968
20.69236444224016
13.489203231996463
22.393337448538762
19.705654017410282
16.44745660556473
21.97222359023461
25.66878907459978
12.884430157852195
22.704827920631686
23.767928489629632
21.60391479021148
22.502020072523564
25.091420719506964
18.393112955409602
16.911330364069247
16.76479764196972
11.950385127859965
31.60525771582729
23.9161970963329
12.973810341260341
18.60482440817855
10.750364782010353
28.80028597961733
12.939973222078363
20.66606582200807
16.331570046652445
16.855399447046537
12.197715360610067
20.8206966906891
18.89689631653849
20.953182139284696
17.05697170515836
12.42700389868685
13.977444078039742
21.507260656901682
9.60493080051768
10.65519101438668
14.625417188864628
14.384446617754557
21.92387176669962
12.30755373238063
11.907897277339138
15.45286762192245
24.296633138305566
17.84730117464282
19.723482991807046
8.731565431278751
12.364668364392914
13.739061136818526
14.579761953734044
22.783503712219716
13.755038231833252
9.00523598697784
13.77240786920658
22.642660361083074
15.117072463979103
13.289662748885952
12.196688749604984
14.837302434854482
13.457875870889143
12.90226291890633
11.162546509994295
14.560895917405004
14.724865512529636
20.847028813282805
13.906449546247748
17.081855342799514
13.866906635177283
11.93519615430759
11.868531379503802
16.150382760247293
10.88590391000394
12.69276388837893
13.249916575224994
9.003427247055416
17.135143590863635
8.54619346064866
17.4603842783287
14.768047733094669
19.669448058710575
16.679580593219303
13.89896715420386
9.106331103456464
11.882639591454309
13.219125427096593
21.150700873129065
12.590197544913517
13.508343643505594
9.68703834032139
20.72887138098457
16.762328333199804
13.648966826836299
13.69430846651232
9.987140459094954
10.64196674911592
17.024451973565224
10.907826214471127
9.570110122398434
10.121237960363187
20.498607700356875
14.097593824316073
14.6918853619256
12.023988750727767
20.04144684863996
12.339720169552992
13.60582920781733
11.85158832107695
15.144667308047943
13.278757276105202
15.568360261310263
13.662650048162932
17.998227892049425
14.439050124803684
17.43629683815742
11.510440626325664
11.941790182672912
7.967862445985591
13.373795990863321
19.46290589979956
18.74500471452648
21.647025177109175
13.127283311734958
18.67674245940883
12.509242672635882
11.585560943362799
11.77237555060601
12.164530466654007
9.01720735327398
13.356310315045263
17.89866298969625
27.782738395190776
12.267067898648348
18.20588493768805
10.511616789121755
17.395405417839743
15.639513787368642
9.278799636685319
17.669044353479407
18.392966368544364
10.450060107107987
15.285757417097113
22.751168632234165
12.048927093290564
15.998578743376592
16.135560505471524
14.60455966349357
14.977795527268265
9.96644358384034
13.530125805943413
18.850003820036456
19.904848564844276
21.361218703523786
11.909383196490428
11.29677712185134
17.308349762522546
12.767316059387435
21.830699853641818
11.058121866047
18.475253435161992
10.550049060652556
13.495280705438756
12.28367277477831
11.478276311933616
14.591231806454438
11.125365996200165
17.175212677045412
18.1159174164756
16.180017294788925
10.559569304485008
14.024156322441739
13.062099588881551
14.062291932735771
20.03199100385475
18.37861195391103
6.926218505291811
7.244858147420927
12.1451940365466
15.999782164124573
10.75880569502964
14.075843075478774
15.889602759299878
16.657873890687355
8.109150078182953
15.822319541430282
16.999848544522273
18.653458401409523
14.332310731916031
17.058461909933794
11.342401070998335
12.300395806414748
15.724352417462345
11.865210775527732
12.722195883019282
7.702812689522479
13.104089373404939
17.34122118117492
13.474700969501056
20.000776108476444
11.488897832411705
10.416081230765352
13.816435074238148
14.33533980633602
10.099258898541681
17.640045372416722
14.356188824541425
11.89540898375859
14.784680919348247
9.314878942415813
18.269466214568737
7.887153290184129
11.933742591389024
18.997098896792718
18.198978677624034
13.030988441578081
11.43834665217649
18.809215122790548
12.074126574124108
11.954786553113216
20.9347645959142
17.97311102628698
12.094515510824243
16.87327073256114
15.59518731462551
16.78636032276227
11.273574776102112
14.270994018920671
18.701565580158608
12.31436062256317
8.467777698730385
11.638368590039454
13.172423863131023
16.43495405855075
10.53927043745548
11.312586506407015
10.760077656213472
11.15439729333171
7.330704107127346
11.87918717579933
6.05236371770803
17.211267773753207
15.138512735667947
10.762076924853096
12.179553748287574
14.314074036608861
9.398531595953855
16.395058293579496
10.047347668111644
12.047489968988605
16.421341784697844
15.64102549127674
13.337112581674909
14.004330001629183
12.788606449456957
14.27126128646727
11.214476580801449
14.659239496864886
11.08544977339073
15.239273663625116
19.723941242708364
17.04004023843843
20.32561928293091
17.411897732495255
20.511002815595283
10.964225105935114
10.861813291711783
12.09775753606866
12.298227433046998
13.615232747953893
15.937103111357656
23.03168249362562
10.551261861607914
15.384254852909146
10.234040184682819
15.130150291454234
11.382517563284878
14.919320901189154
15.855594495159739
17.611785574281434
15.086112111236924
12.124312773670903
12.745451491162315
16.787698874152106
10.556249602045648
14.16061473205336
16.463902731470135
20.579337970842218
11.020955287642998
22.249002865012965
15.834409661208865
9.964753790348082
15.638634060704886
17.67252950933529
16.325119412498086
12.362550426525805
13.753785744904837
12.627781365701878
12.362673777125
14.523933297956948
14.454392752037684
13.340921159991545
10.30013997981687
7.831342976341225
15.087895307015925
13.178869420052497
14.741086522244256
8.158081330483633
15.84841970227486
12.024891292731295
12.366491325802846
12.136231243301813
13.314604663621965
17.092957874410736
11.485809719641761
21.065124552857313
16.905172066602958
15.96625443929047
9.294433020040735
9.22211886895775
14.861410437543348
15.914026439313783
18.54173545603507
13.223993428449832
12.267232069034508
14.513938779803718
13.355118912712832
11.17153423866364
9.345915027660912
4.3824299256132555
12.5072500190789
11.44657046334815
13.268581789945246
14.4191217333688
15.877888679747434
12.564596970188575
17.61280775368815
6.580681468502543
14.386021656661724
19.10912797545386
13.134451196406507
18.484231638094347
13.077140865543868
15.233655787287907
13.996216454193888
11.175215829463818
11.902187184072991
21.037023254613377
12.016156359768337
16.18216977477084
19.89828334114615
17.26607143466489
15.158692870597177
12.353642480673
18.320270907876697
15.868118090601843
18.097486486744092
13.333081914571496
12.448487185068235
13.84410203220339
8.904083025380352
8.810974239703876
14.514551336211815
9.802216548831941
7.764022262023341
9.187600931613083
12.072698520622978
11.22242215882207
12.936649178377241
12.629952215664012
14.526381890664103
10.060895616326663
14.21652133633779
12.374382846137696
11.27693715112137
17.61611388127287
17.91058644558591
19.055939986306527
12.721418938296072
13.829164123992118
22.569776343516086
12.3615111204722
8.036404821936497
13.852727871059967
12.802657659206137
10.889790416969143
10.610307352268048
11.403759300646463
9.83690138055722
19.61808649496046
14.728331005892725
14.92727454998204
15.846993126341141
8.877099532196489
8.779808675811458
18.07593541477858
15.595142032502093
14.644709672619738
9.707631839799273
9.576946363670901
10.685372571208141
14.244248262358502
11.040553389634585
17.037907983397687
11.678890219838575
11.691137906443274
13.251269487864375
10.492014960322761
8.570873910108821
14.137073721479648
9.819116082810693
11.604296870032574
11.927484237362032
15.69162620010845
13.227595360759253
19.515036551191596
11.884114825432182
10.833284347550357
12.974121863770074
10.280398967410926
12.353551686939726
9.834060335258497
12.27551340096412
11.852565782279973
12.63958860975707
9.246485048963681
11.200933778861238
13.383220963716052
10.554336532872506
12.208970402098187
17.4753938554062
12.486979866833654
8.367093044645802
16.18210498315472
14.76401510475672
18.83099236574675
11.01970295821475
15.986934641874125
15.177083513723058
13.918578626961134
13.146115772107636
18.050487748377577
16.844189203689748
15.242300432914465
17.94245279105758
8.287330836781043
16.290200521905707
19.534162494959396
8.692274998430701
15.006386826907228
7.700536034809731
11.508437886947542
13.35051533266296
12.067179398439821
8.374427468248667
17.626634129038475
10.207853400165613
12.724647871326741
15.127715465795053
14.559480022279644
13.299575000376759
15.412429048405881
15.167914534328444
22.557776966190588
13.818397237416347
9.296555600142794
14.807227098088182
14.835192439276135
12.79889238247241
9.584020858494128
19.087366833899416
18.36394869621644
8.462892659365057
15.24319192100049
11.818779404844445
17.5410365230463
14.021462798575268
15.99163363317846
12.411846275450895
13.344811914356299
15.524149371224327
9.938836967036883
14.806565164813243
13.659366817097055
9.725490331306405
16.77239652049682
20.708648465949548
11.268044370499817
15.073417306139127
10.258569344787896
10.53098816615232
16.003140029866582
12.810733259881507
12.211497435692236
14.101272226770442
19.70842059786457
8.910851569747113
12.261844268975224
10.594770358868514
12.183786913301049
13.15682377452748
15.768610855860423
13.11438844455247
17.472870521370748
9.719825962468526
16.001574784521914
12.294490288628653
14.351251569846962
11.89561466578139
10.022504377174107
10.277674053492687
14.03090401974647
10.58125296958136
21.16589385125673
13.299927164357717
8.733737228445898
11.507022255147078
14.590039021648609
15.086937877601692
11.367714924624774
15.326322798478516
6.862265344534732
14.531386636275734
12.572542106080963
13.469261920355235
19.603089860764484
11.084206837540751
16.122674486514974
12.7274227001651
8.70539329824077
14.405671325007527
12.239056683699395
13.494411911843738
14.55555417094815
16.547781199516784
18.66312149552832
11.048166948274211
15.307196798642547
10.113126627703974
16.981668358817963
17.98110415839401
10.329953208259266
9.899438580227299
11.971598391996588
11.441765805491686
18.09822724232167
15.82301514734329
11.905303652977983
16.86920560576066
15.998159020992798
17.96986778629429
12.033603963965769
15.248865311299234
9.92973935184674
11.881649723251698
16.84322993785385
13.55343494164013
19.720251078705825
8.009851322204545
14.81043052047713
20.783546826539954
14.884005768005238
10.747455568923366
25.027972326744163
13.120928315008362
14.070555727054007
10.795538284241111
15.66835097273738
13.844329832396204
13.994222964696695
19.895802878459428
19.71290825032483
18.412205097601202
18.35785456033833
10.730659311752643
10.236514990989653
23.174692984614154
12.273676066573493
16.077409720756407
14.160672275545542
19.11427059690301
16.277942072031877
19.99800865950395
14.645219410074656
11.940533433178079
9.917310056743387
15.871126299717627
12.54798659961429
10.304791711254
23.72735668512124
18.189906936647628
20.26247968916113
17.785165970196903
16.90966201534316
15.152617513081701
17.771093372543646
14.642179481539074
13.023200377854474
18.241942766381044
10.643059327047775
17.313459908026584
17.39866670695818
9.809942707158793
10.999105730405313
9.690874504525087
12.209057357717352
14.398388734875086
11.794257485839243
21.465364254617935
10.418473281439775
14.037700399035085
10.316086549402325
24.290661485152086
19.489910198298592
20.703920296399165
10.691947138345068
11.002671596074116
12.592738352246366
18.64087478412248
10.436967907015957
22.213341358733025
10.582052000224632
10.28974899925159
10.591880303539092
12.027965120180042
11.455245650525958
14.579406221474622
10.559509114275532
13.212394001394864
10.613011461099099
13.162439668228004
14.863143985605193
14.748577121177744
13.014747768668128
12.856523485285893
21.092986930409786
14.324823255492428
22.259559270632515
11.806453522571395
16.736858792526803
13.591389474589457
14.953402165481238
11.902435335246595
9.196927611098477
16.03574884827876
14.749033189423658
13.797023585882028
14.042605598597868
12.056888939957028
17.24270763226977
13.711639858406683
12.076479843847782
20.28601123765522
12.031659373676385
15.254680105105056
7.917962329392253
17.58148549553806
8.329204820494624
10.230178716556338
12.280669218993392
14.12697806699631
10.145320996607712
18.80481662152973
10.179424546953022
11.378536588300443
13.063234093938226
14.901956454685056
7.038726398927775
17.59428012250431
12.221214396350513
12.567378813581945
12.151753696412577
7.5810674027031695
18.408058752559626
15.003994223382405
14.233626344043573
17.755895642381432
16.366213476861162
13.356407044983298
14.899767586019951
18.082996082533864
12.134765867632751
12.832945399523584
13.453063239450175
12.481988195072585
14.549511338926715
15.776731558622176
15.672676068197767
11.170376539264906
8.801931028792177
15.156714386743106
12.467732840085565
15.078317636395317
18.63757904263506
13.415910820064298
17.398487861661394
14.599493629441806
14.034234504426621
15.866034613884297
12.167248209453362
12.382216346480153
12.38620241572619
16.791193608304063
16.083038622385615
16.250275411696048
11.201291142161168
13.632484732236321
13.330107642968029
14.873465502464661
13.98800358955174
11.764853239820871
19.98455805842508
12.792386776467652
11.86402610919988
17.05393015231742
8.678959405149325
18.762849197291175
12.601353919227224
14.921277485314674
20.967212621824277
16.571271119090245
10.869996303164413
13.593881417634343
9.919712936488294
16.33901077991029
19.065692273760295
10.718710216075229
17.653223097275646
12.616506873414595
14.131661331211387
12.236613778455368
16.367754214332734
16.420547660706095
7.926860433270145
11.61691024125843
14.725169199016669
17.452293922983884
11.766626495856816
13.417243229464217
9.622817448780346
20.473904057088838
7.718443819532708
14.347890362795635
16.948395692852934
20.21036346794563
13.539764932275675
10.083784284919453
11.651432067364873
12.94873319227858
14.419302504267117
12.044747202444452
11.773644479494742
9.452370903523663
15.851957631734996
14.011211690551084
9.813935006148423
9.28205166674666
18.92484370474457
11.359474149637945
10.93106722301859
17.366427249211817
7.502837932412677
13.596878483828181
13.052574366482302
8.968174009770081
14.774779907011096
12.149380291844805
14.159228146132008
17.143723136533147
11.514165286016278
17.691011963519315
11.286920461909151
13.246870376562953
7.7718304949896915
14.56695362088892
15.660417713442683
12.661303667716394
13.24434655689701
7.22844107267562
14.007717635857396
15.945568544815513
12.064327068215068
17.794216910263827
9.227453504589331
15.025015579501163
13.550080162381906
13.945974579672987
13.017139652170725
12.244193043161626
18.24249628591886
13.743446208549749
13.629611691370657
19.95212612858239
12.193415495219808
9.928373965393535
16.083181702659104
15.017197432952262
13.616590982348525
14.963608758537111
15.46622776969437
16.57371847368815
13.78431607384024
17.302048002170505
13.825846834046496
7.605227071761493
10.326907744349462
13.672489799107943
11.403238291562587
9.349932915884446
14.742073789209503
12.487685404706538
14.384983705340876
13.34160946605903
11.462758395337072
11.303557857205305
8.600396851925614
12.910533646840902
11.114778292966443
10.581571277464402
11.82294849035183
7.798343055595089
14.498826678523457
10.830334000063406
11.85993707920588
12.330484170724992
13.97136097642747
10.254797255639955
10.351237803426097
16.659388615555194
12.453079642449719
12.860082425749725
7.380032532175577
12.86708353913706
16.361062426601304
13.794448648754742
14.390108750977399
14.478772529960885
18.036266801211998
12.24784338032027
17.208347123914912
13.057319104901962
13.215705182937079
9.225530882201713
12.110092485163298
14.660064591652198
8.443620773174542
13.546640577246396
12.328331420179197
18.01198211734999
19.855852428086294
9.987482421332663
10.298745903072748
13.76906338564975
13.505337271095147
9.415882040425236
12.325861284805303
15.428545369501743
12.944123566316602
13.27887000125132
12.543413248264876
10.161188578455949
14.672725962523078
8.224938503365257
14.766566435798278
14.367790511620504
11.205516066737832
9.849608999927039
13.08885378395441
15.614396174969272
19.07276769632172
19.1642212629607
19.892128700825833
8.103727490892947
10.529174809942237
14.995269974349021
19.515255845213368
8.629807454620742
16.190445542552276
20.635431620613275
18.161142893991826
11.82885050483679
18.03234932433643
10.715055740817276
15.3232594701893
14.809346949136227
11.150268839694968
11.133116898283035
12.884434139748501
11.62146587986343
16.39663448932822
15.618375210619323
8.041842106474315
13.759526994642457
17.084776469562488
14.837674375071424
16.05475310008483
12.363231506003402
15.85634716999286
13.051935970888486
14.484615564482414
17.984828393588717
12.693984011190059
15.714209447683217
20.216494185309106
15.551363360404185
11.202852800998816
13.642722388627446
14.898204764501468
13.08914082671196
11.666059259784808
12.647710206814697
14.212154789410542
19.57435092858819
20.07666381455591
13.071329815924404
8.532966776959674
9.125533488307893
13.076043748045688
10.696710526541166
11.648678155413156
18.53972910003275
13.630955543079923
10.161317421342433
13.044057474399157
16.2777720022912
19.828081951453303
14.233741721802707
15.808523853262813
8.511086658638861
16.231241794927097
8.826917925677344
11.427809525616889
16.051825436737325
14.516700802908517
14.020543478327873
14.41069109155507
11.500062240674358
7.26558930018167
13.002832105372345
12.16777601940855
13.482988795634643
10.590641511497644
13.32713364056331
11.815378380947458
12.474978926995382
15.799015495455727
17.25362842219627
10.270912699775202
19.11955861823017
10.864618104041437
14.071560927629283
12.875854763549427
17.52088671126297
10.660791581354779
9.42355543651054
11.510647926465149
14.661615712163037
13.964001818801572
12.791975281358026
15.156651996647334
13.383147319276375
11.129213306988246
14.172612283705405
12.303417879225092
9.419639572817347
13.199102343106917
23.103741883216497
7.6821470587929745
15.308024424706538
15.560430459195995
15.64081720533298
15.118325386166259
7.338120260589416
10.981953707153979
12.230687988034619
14.158424934702898
12.137881199176935
10.274276067075427
9.999511154022427
12.346027616904355
11.293955251781602
12.265805846876257
9.24213660614434
16.924445761578248
10.713129485777058
14.251329624546718
15.63164701204503
11.091129059332468
14.148991689352671
10.009873240425321
12.296379302695227
11.891608400230199
14.308123915552267
7.961464812183583
11.848820026666948
7.395122926138187
14.99256142543518
11.549202666039273
20.697554889748996
9.868558937501898
9.619970122221773
10.329416341631648
11.233989558296658
8.827331630413388
11.647161356212795
14.90896487128251
14.83911414415944
17.934721300393505
13.583177318905785
9.519559495608593
17.527561886503026
7.1105058784997786
17.170546790587704
10.733414532863044
14.121910103072457
16.080364248469163
17.56623985218554
12.93925680040115
19.973781028708032
11.825881544867682
15.490142438016354
14.376758356743274
8.561907280182034
13.95611289790962
17.57682507414624
7.552122922933043
12.701520391827847
11.56487723148324
16.902148446952275
10.924577005976587
11.471332077290967
14.222626495918314
7.909612562370344
18.43032791673996
11.78291866476281
14.521078532939088
14.836866924606065
8.53058135653959
16.899536077326292
15.460258219582323
13.234908491361457
12.194977586000183
11.29815831780872
13.346768667204048
11.479402327272286
11.809444550154076
14.450957390935997
9.598363695426633
17.28631642126039
13.087671422490372
10.050094303721439
15.384548418498433
10.106952182149445
5.534706922717529
14.414122419665244
11.60497162794712
10.362324953755673
12.25387587082192
21.113730127690044
15.007063043999569
11.729291500574917
12.419238954584124
13.186585873714055
12.663032639345492
8.560780990220826
16.564148547659233
12.034831747735138
16.50918199548988
14.049637620775362
9.599750653871162
13.590939412570538
9.04878807598307
15.700614967509747
18.760890934186136
21.104138842348114
22.523573394106265
9.670786631758999
13.520300590328437
10.150860239035156
12.715891041610544
16.781520327241275
17.309929016428317
15.023638830453793
12.932130065408941
11.008207168172337
10.933186525023286
14.022292423052809
12.241169796101225
17.730196058590206
18.917994768440465
19.324279792677316
18.858079420629142
14.448371236581906
20.368995387193664
15.444091850868006
19.394148184473135
16.54858067394725
12.811492298433356
12.906992707940942
16.311019916186964
13.50275440788976
11.381493924700454
9.08307757744021
14.561114751073617
21.30849024419159
14.587510843811579
13.734391393940836
12.609393411917825
15.930594872577183
8.809740125547295
12.498353814457202
10.552149080781694
11.868196703386172
26.039355767904848
14.26633426886129
18.278189051444098
13.72728206205392
14.485947379278894
17.003554478305304
12.235604391464964
13.879104499904752
13.835987356977029
14.153498410080042
14.74812360967287
12.913040163177044
10.061020682093034
9.390058203453467
14.07329027312218
16.162176160642446
15.080726886695262
12.601145115735765
11.476304723572776
16.508744996161443
15.481069258885618
15.082550502574787
14.137708370595634
12.540971090483497
19.33466079072057
12.024139906869747
19.565437472073597
8.34216140100024
18.69422998374129
6.4046533707756845
15.525305942724213
10.9459247820276
9.456935345630287
14.427254197243236
16.994196657778488
21.05186468919532
13.647107620901641
10.50849824851464
11.856691372570404
10.35481823624504
13.264743411455704
11.614098039398911
14.294003069986703
7.8050908715899885
16.8524403727681
7.088738130443222
13.292815160622556
19.187878361870336
10.101361540754434
14.12402355546591
13.778868079409062
13.400644275889157
15.205980450585791
13.280913474531264
16.72477965051813
10.972399610920549
11.016202711165777
18.392707638814795
9.961659286172987
14.898177984172262
8.42878942117345
16.815327531014916
15.131233573839115
9.32110330095791
13.422256414546197
7.746123672851439
13.19332893342993
11.737038041109269
17.335140133287087
13.810814800283538
13.440769223684098
18.917801159459298
15.729261108442088
13.16855738152951
9.079419382389997
12.75133992812043
13.605597709797323
13.98190315942034
13.956663937151534
14.280955543495564
11.117055211299803
10.58985048176266
12.38323379109434
16.74639676086694
21.90867887929901
12.735693857254283
14.953762123561361
16.694485645336936
15.690563257207582
9.668154224447338
9.70199573755481
14.986462329735767
10.96898026632732
15.866102786100376
7.822313372269719
14.15969113765166
14.329813556101954
19.907517018403826
14.170334564150158
13.08559599458178
7.564346225829718
9.702234747871831
15.603244896126354
19.760375848898367
17.867339152486426
12.383371958034276
18.140861119919002
13.389143219780625
18.110071423840317
15.42753301747753
10.059430564354937
16.970095396951454
16.490945238127548
12.912536638288383
20.525905928516444
12.913525006529863
9.418784769882087
13.559514924576227
16.142825919138197
17.206514152645592
21.34010245294781
10.03497649251979
15.57163375931169
17.005042743541814
12.261762731557607
16.869132081430813
13.263599492636546
18.33398793061552
14.85323852628202
7.982614693330295
17.072102201537934
17.88307681366238
14.14711155816355
13.77713074386609
10.791239252347077
13.38766088043784
15.255290105705644
12.130228245574788
14.92649474981741
12.912073801667546
13.199999417959313
9.77199212255141
11.54069277390365
10.77600619749
20.05518675094991
12.626340488416604
12.056906801175003
11.069508147482972
10.469727078167509
14.113099493895891
12.0942014028331
14.400231819864553
15.30196483019806
12.8204165532291
15.430622667106707
7.004685531696607
11.731726333578875
10.208345199128049
9.533821638254247
15.467722147791111
14.873287346238337
16.556010341719148
14.46263500012924
12.246309365105517
13.273445962910646
17.641173666108884
14.018119992833997
19.48084597188509
11.575476778368708
15.788254255400021
10.652288669352208
13.198512741347868
7.007259134774717
12.676509979975787
17.038290561701107
15.079811726127168
14.528530405010901
13.884102435345424
12.966713567703986
10.817612077979994
21.897052380624185
17.180000750319426
17.457081828629462
11.783837225801324
19.777907392133347
10.289349770591958
11.537887655463418
10.835638402247715
13.301198680409426
18.678618172457384
14.26100814633369
20.17265139070789
16.123146896128148
11.682641508208425
9.4394330584847
18.064321103430377
15.953719984949416
12.96348122803534
14.759746892273329
13.4262015195103
15.591786510540878
15.625286638738721
10.420281252887676
8.038308173042363
13.88648790263649
9.192436007007634
15.184484128271833
11.503953587125382
17.20361471772562
11.897919830053892
16.677747255660393
14.849698917784252
15.725500146249932
24.403300432474584
8.082979949523583
11.621141883450537
11.582449653299491
9.651405846578395
14.798368338416996
12.833825998617495
9.449239779608629
18.089880482726333
8.624227023236116
17.29215161280558
20.33129030548294
16.222132952984285
12.61375750797766
11.252291327264798
17.49005827083793
9.924902408688466
11.644640069603597
16.636273183689184
15.920814604266257
15.598221069304936
11.027988657133179
13.802026784307655
13.50425842317884
13.70232729480079
13.340089738980163
21.293480689400198
13.592818733706116
14.048025262286282
11.969343404812518
10.363776955644136
11.773567899766928
13.335834985252006
11.951981973240192
21.563783749054487
14.082194554364765
11.990317174264929
13.292192285970964
18.062255624627618
14.020553691812971
11.964935140011317
13.274587333218818
11.662576689221456
14.145413802109902
13.46737163466751
7.573632422845143
17.727580169651432
17.472849896423437
9.61783640772925
10.058637917507022
12.961151592718585
11.072443548025781
8.475281141620506
13.038006680355242
11.492945224968123
11.013686086512871
13.311205956114252
16.693877782907446
20.49004449551376
14.975511814293743
19.23226048344858
15.812461723513804
16.90276364900353
11.612317616686637
14.507856724588095
16.88011629448604
7.133330055316232
25.356892546007657
15.855852126807404
14.853369877327518
14.286621788981128
8.376452694365993
19.032174507457107
14.484078596924116
9.131969474796895
12.731045413177732
11.475253070614434
19.25947553600418
13.236402950996387
12.223488953800636
15.215993521285275
13.807495569101718
13.192941053002919
8.260501987544853
19.855340151962153
9.324746353326432
17.823953158083068
11.479834377239262
11.254447394351022
16.893221376216616
17.72525052948466
16.198229348626942
9.104972858416115
9.072884207632045
12.927638778648776
13.500112342748064
23.761620071690196
12.649568988714169
11.846994174467056
11.641337504949874
18.09241415745256
17.40186347806319
12.572071262932367
16.284807190753984
15.673865261545409
15.532659742389685
13.529879641973332
10.847409706072963
12.431155319284397
16.186457601359827
10.021879454186482
10.274426397397637
13.374066249172648
12.896048701965904
10.918160092148941
9.664627445036402
12.280475866198998
15.147520979244108
15.037931786133814
15.361321075156814
13.978619218491858
16.96540375170643
1.1767125098599338
14.752811323188691
13.213377091937332
11.791115255933512
14.874584929859019
14.037545067102936
12.753729476319457
15.917095428276525
12.785508793889768
14.639152166108977
13.80184977416363
22.622909140473073
14.895471660797721
13.667221737861654
16.782392226561363
8.113878663345437
16.451666253936416
16.041566384119786
16.727825953260457
17.082214106061013
12.890174284005903
9.550835948466158
13.587613912181402
18.249075311025972
6.273001120380571
10.861482373883561
12.138867721036764
12.29220878902261
8.588706781360218
13.458369315262123
9.562656561429582
9.809703642929056
11.24730198469342
13.296760136887006
9.87497638445575
10.873848299042766
15.498321584808632
11.340144594758762
9.130802999331443
12.73890002708567
14.247110301841332
7.957520161543327
11.683534167129812
11.228225330221822
16.124644764451926
10.338396036198388
18.28951738091896
15.374368946623601
12.352800471423066
12.272313830163855
12.261939457627339
16.82049402847668
12.277451491237008
6.879982435658604
18.43426308235163
16.101120205361465
10.560900174607884
19.764905048769585
10.47323353587565
8.923413337863103
11.292200360756327
15.867211009840174
12.469305663454195
9.607212838582802
11.646930883262522
9.394887578663202
14.473792872775029
10.729490057812551
13.662663768323139
17.31573411512563
8.440468823994967
12.649553154436452
10.605116445909132
21.529621127415286
20.355253958011986
9.632725702022274
10.508670824965307
12.76647452485166
10.895153766848598
14.313918769922413
13.000021956274832
14.093472206475411
18.378945393251957
9.96407326416224
9.405184236535929
12.501465839728192
18.304114572341465
10.574409448012752
13.561124585283293
15.104685450081895
11.227628270350225
11.74721386738045
21.473150574413644
9.056945776731315
11.631035006450794
17.20757146633246
16.48501850818763
13.075133051017943
14.026628511109104
12.197786711443156
19.439129294921784
8.95255999184258
9.315044184563389
16.23831237544138
13.157467456146376
10.729546767010786
17.663222996645565
13.395630058610466
16.622808189366285
14.122978372222361
13.245673024006866
13.555195354701022
14.175785783651582
16.78173072907946
16.640467199962224
8.858189740380736
13.645728697393805
14.305673527171523
15.362635860550705
15.549808442249855
20.62475836557972
10.982013418458093
10.523498435446923
10.662693372688825
13.13109141617873
12.627086440614999
15.411466905246535
12.940651007604991
14.756079785773801
18.61913717413615
9.255557333973668
15.184248973029678
13.600502047082333
10.097116313214277
15.035136871932473
22.251861739727687
13.057617612479492
12.771122796536744
19.10014603533522
10.689616523129757
12.516953596812991
14.390691210848185
12.2678612548827
15.002630235955595
14.11979675326897
12.7294150004204
26.68568909547051
14.735705797810814
13.83127768350696
12.566741491878389
10.18651393545456
17.646632689618304
15.474526772653713
18.84355271835832
11.771568938452717
12.058393294988669
16.66569562805768
17.608434412676683
15.694982425811435
22.48615523832768
12.08440349300858
15.465986558236388
11.737078649771446
12.646832126264748
10.829072673283983
11.23525672288601
14.649639152479082
12.091839407332754
13.08836686687325
12.88335284533324
11.517932561012637
13.830084585854804
20.321962648784087
14.995865559697592
13.160941804771356
11.463546981143962
17.2948161996644
10.044760286629717
10.124333595156456
11.071142853138843
11.532942276873538
21.580370759971668
19.78294535139678
12.448228872598397
10.867931858753781
13.46706965473988
17.550976661888846
12.23460964044387
15.613869075706774
12.308943888413914
11.98106557478423
16.26488197058428
19.980938927907285
8.254660882750114
13.618402925960938
15.503482045342437
18.377519053559908
10.186802851336688
11.935547120633649
15.371431134653
15.377719640213527
18.38625798543245
12.895033396322471
20.96304481387903
14.522624339788617
13.335345437923332
17.998949246716585
12.608420917470259
15.675583650848296
21.31710673328794
12.825161431688823
12.651081107008144
14.91892192158324
13.23765360609104
18.691743735271995
15.727934948822867
11.853321434198325
12.028132921064048
20.869713262055285
13.568533266683488
11.488309403280786
13.74930698411875
9.687985226213213
8.773704176714046
15.070004153550956
9.347756068590286
9.761984748653434
10.78334908878279
17.214142908638134
12.918095103486774
12.886292603806963
16.61136311676885
17.205683909877624
18.29525954949391
12.847093804378378
14.244811675228577
15.012635351517542
14.037571938924462
10.830800593129611
10.455646114562716
14.037032746155914
14.989077939035825
9.275972469440966
15.113146595543963
13.477227176782778
13.399353499151466
22.033006066885736
12.33242786240467
11.55475824578978
12.36833488322651
13.658187832889556
14.670527911193846
14.116670910361972
16.788335797382796
15.914365730780396
19.32156976096517
20.73147856862266
14.92843346572988
10.473486385004643
20.45703587334525
16.492294045082634
13.729003044957405
6.1329204406588245
12.832294553686877
17.094279135550856
11.844425073680153
13.411254475936252
14.09443136690112
8.6517473675652
13.234527084327224
10.254082917492417
10.997807337443522
22.22527465536008
12.835290451643832
10.131274666140891
15.99569568196966
14.050721505560377
8.207524536675665
8.314831156479094
11.87621765040591
17.112106083956217
17.152709667006057
23.69640549681255
