426780.93097404036
387245.9400498228
351303.68276339903
319525.6062623368
287752.63247977506
261461.50445511966
236891.03144187448
214825.43814471774
193789.32494493003
175877.42319600613
159269.47105993153
145578.781200366
132300.8860721408
121724.64413047076
110779.95713152675
102046.616298978
94180.25885487848
85731.87706788679
79113.52749786776
72833.85022136942
68349.0946751127
62682.55252888242
58729.10088695585
53807.7697700359
49669.0576273142
46663.466658479345
42812.085013214826
38616.309727393535
36160.92673909922
33215.20926509372
30819.09666167441
28624.477529522515
26255.570560746084
23815.051237377862
21959.42393605141
19930.14840673339
18155.163598030253
16521.852027592326
15386.264097904843
13447.905821606517
12545.952446924419
11369.809179114716
10214.315510902683
9326.124135118105
8412.184987473318
7608.60746402458
6909.797619767393
6069.696453711667
5409.677618779413
4825.48813073073
4219.206097998768
3871.655420904915
3464.700890250903
3116.2804379175104
2578.673957974117
2449.2776018681398
2197.1787221170553
1714.8564614285717
1580.244658537238
1277.410907175822
1193.7336113948463
1062.5102907305225
819.5764048364058
714.9281620114054
636.4472013102962
497.49866256092787
418.97861260184993
389.6742197186958
315.2932413945094
238.0057665748383
186.45038517752914
187.89413657023576
151.5510270561205
123.7197909172925
76.35313096729968
62.02691928747134
58.3990978628422
42.475404637004154
43.63154871004098
39.83343144482164
26.21048215321346
31.79968566675268
34.95291395004444
34.319051170884556
12.345872628413275
42.79908173497752
37.2376280446976
40.58435585875441
15.512430127555216
28.35989451627067
37.722741159229614
16.168676996484635
23.09685226651214
39.914808689934
27.07789391830836
22.28252501520301
30.46017103860813
37.02497513325147
20.243196005586878
25.841704163618857
26.8732406309321
31.053644147890765
38.45751889983445
20.7971085532431
36.36092076805435
29.36072330547962
38.61174056360363
31.763140558846477
20.84197430790952
58.16846207430996
24.81359779976836
18.054463161988345
29.78747658891384
32.91370045965748
54.93122663013491
26.231783059890528
32.383400928180215
33.9175246128437
20.09045985672268
22.207218590514437
10.94911554879586
26.332246600268693
11.186534364443807
28.875944843843985
46.40547861472698
18.25164584480153
22.672867961166006
17.427992909197165
27.877786026854295
21.588618679753402
19.11947296519836
16.067336914977975
15.164228442903447
17.20804701475335
15.954355771027448
25.537074446548353
20.502236872817278
21.140817150785047
12.954920447435281
41.3587348724498
11.44865608123111
26.25991916100353
24.21843744700042
21.88673000293039
24.795760880668425
21.469348820478153
15.715813072844606
21.198998277519497
8.827800182753604
27.412431246022393
30.246992420890873
23.32214132090332
36.31854506711053
13.872492540435836
23.8336851649239
23.925164291377595
11.703759353775482
12.020922055136488
16.05240005944701
12.723337533713647
20.090562375455
33.165110362806544
19.857020234063015
21.74450697709541
20.078340826747226
16.220678811779905
18.668335104404733
15.056258889544322
30.53805049769795
30.646227060828362
20.18567267043213
13.258357588402593
13.306486714735108
11.149195603855729
11.030150631026585
28.70254240828862
12.872968837556687
21.18533254117089
28.338762639773524
36.15341195772206
30.729148858981443
10.552102272577864
14.134981195540549
23.960540269496477
29.045952273362612
23.205499058505204
13.873290892694706
23.79527500035497
14.90824566187167
22.921117569405492
24.274793104891877
30.923943834888217
14.923939507588594
19.527293322414867
24.112746787998873
30.58082607843462
18.922487611873446
8.82348498474887
35.939783818886475
21.223669203106844
16.294260129569487
20.057438882194514
34.52569608677538
22.440039186210498
15.161852771112299
36.16288544349277
11.261674813692093
15.107380241026421
22.07564194021833
40.94085218298947
11.283897718546013
32.84221684679122
29.052327270157193
34.746339604582325
15.298309654245648
14.830113436304263
24.125479606660576
27.19044989954594
20.661954498845876
16.04239503571858
19.2466497949049
16.76861398909406
8.893402979454255
21.7687403916843
10.798441837059617
17.21145199539141
38.56842506818259
26.13295819050891
19.151855872187586
31.555763847881263
20.301048701558695
24.08317514648501
17.070524051211812
19.6221501831439
43.24886195193338
21.67256758911206
22.934856169091013
21.789321180506146
14.435106055643665
28.726369567714805
48.35536888220893
20.33513626653237
21.456163126973397
24.70359930101625
27.80506698712881
32.445713299839696
22.563314850650052
31.201368646718375
22.92055942118831
10.060459912398017
40.7024593439359
8.887523684941058
15.778714772220399
17.94573962284328
15.144991995584398
15.317455640632247
17.519710512256374
17.19557278439477
17.096429968775283
25.632056611177813
35.739538976386754
16.633220690200755
31.4391162128318
24.915391614110995
18.988524210808244
17.67201375621452
32.71321106030087
12.666919463229661
35.70296453796896
9.879625973807233
16.064769678709805
16.40937330889302
20.294007879941354
24.439867254716155
18.34969855829394
10.875510940752529
22.261916627152033
15.025661900038124
15.161013228728452
31.252131861865852
32.14391129450615
29.034568977485577
31.732986578085004
26.02634086755297
26.31634065828974
29.239242345477383
19.13046883122675
19.55180747568022
7.53731034259377
28.979600261027482
16.282378157656662
20.836031746409475
32.83705645795504
23.441456986765434
39.78858162912912
29.29964237294905
26.293166160212188
29.17626158193863
25.7287159897021
22.43693311551393
15.876052920627046
19.57224172553131
10.526461100082614
30.247016737253823
40.05012581233795
14.142538958791492
27.667703208293844
20.07385278870925
9.8263076926721
12.774615339068054
29.72247925402997
24.923972692710006
10.001584862243956
22.976720201740424
35.30666387121696
17.124051167443923
13.908886167710339
24.502107482940684
20.26899967968027
25.487702352644742
23.788441457724556
40.49293147973428
11.884882063434056
38.13456186618749
26.513630447194814
32.434218540378524
24.227666250978512
33.37268367323487
20.32824650826045
15.67445213835284
15.888479929734482
9.729960962568136
23.295401291161966
37.051128722473464
36.35344260122865
15.36507661217533
19.366750098985058
31.26796440243923
20.916688295169415
17.748946124023842
27.192181800144787
19.698539811224215
17.92759577632302
33.68913167756059
34.02221905479665
17.687400293278728
10.34578484575754
26.88020795758507
17.09023288894138
25.935773143208117
11.176753454346162
32.61776530099928
39.09847629982582
7.756155235115843
41.07483008872799
11.24784595161195
11.446069078863177
22.194637198047683
13.582691423925189
31.025711304309695
29.04061438912188
15.776070224726121
21.487379978761275
21.460916351540444
33.1354713882122
24.64490977909367
11.804386004085888
11.057788964667836
16.643337104144326
25.444126786054
23.24802774202247
7.950098714821049
26.953507698264584
18.561161894051754
11.45807500544056
25.307647886810113
35.57043058355928
20.573765175618576
20.39952776863552
12.898350627673116
20.819286868317395
22.17453280198867
28.01614168026147
31.438499121151242
18.379944983235514
20.805368767773626
30.546858274622817
28.142001955735797
29.034397427536916
17.19261055143925
13.833122330815534
34.55223422787622
27.714040628784232
36.4924608844629
22.812247699292513
17.057625202677038
12.60988334679527
26.126034147808202
24.594637514131886
10.046931073209544
11.135106307157203
12.376655541166178
24.88153187246581
21.264775137376148
25.57377655282823
22.923204286887486
12.178233711816047
32.36859386569129
22.401273160796215
21.468661089769828
12.869172905956331
16.18957765261487
25.47801888988698
22.01493341834789
11.896416058227432
26.671055140950177
14.281668945259177
12.52715354764412
24.91334191939469
10.23712210345701
13.53649811011321
19.144195261681162
17.88475324624055
27.449922738882382
32.57303060214602
22.53810121587349
14.873774234234977
16.2083967675743
37.782309785502484
11.506471018742207
29.665819191084093
23.81766399879461
22.263043560927027
22.160735299884536
22.409266284763067
20.271874982950298
16.384151203330628
12.973385692156642
15.82776233891262
26.63868391559753
13.827041954580627
21.87585733534994
14.187937345220538
17.950209130093956
24.928400643639367
16.05485179383328
19.654183881771043
44.9529893334485
29.15091458391215
8.184166122993188
8.892133085296337
21.517494606385434
26.33159023125316
12.999866046718648
39.58664293215012
20.55883001954108
14.732753232503768
20.74076671163419
19.94797692778913
18.325031846242705
20.86844050551627
28.491651257727597
23.219437378955302
21.888651286093985
33.55858555669391
36.92898082747772
13.714386879512086
23.110858578248852
24.17565251876699
24.4280044523356
15.868432908928536
14.971069487508679
13.741483222513274
14.985590374881507
18.513883653792995
24.14565617317169
9.563142682754618
27.67312170782897
21.56255654481486
31.012465842879998
20.83531109794553
19.22830380690352
11.91351317323855
33.88104650711703
16.317471407144424
19.240932966182577
37.94708223515562
12.632478971780545
11.015146841220549
20.5575655124747
32.337752449878906
15.741471161898662
19.02680303563735
15.899891395717148
28.437291278034234
17.360498945846807
47.31124913495136
23.060106607386675
13.629280294797324
12.753284337323736
24.09822913959669
36.743678644394976
20.925435773015945
22.238102557946593
15.58095038473421
30.097118063951633
5.308858365148104
14.574846436799907
20.00774609352142
17.353287444724806
15.84322210561006
33.91387986300191
22.544930502514397
14.32098329678605
21.457915659838992
19.231460059016893
27.304085698702686
17.673394201488776
18.023306680925046
13.766979753008354
15.07578282700591
19.413145411290454
42.067188631427186
35.20579499757943
13.1423850153262
15.47589576075669
8.436944935324538
8.545549414858915
16.050986908433785
18.28469345564153
13.59343912455064
15.811562791022851
28.151897814064963
9.971002983883633
17.00041953388304
19.36546938793034
24.794720472687853
20.563859385978574
11.131127287922716
22.383564789369093
16.846598460436006
29.061616948502945
29.281928263200204
15.482146704349375
22.722122452420844
23.141769363164737
25.39184421093596
21.96820539083337
16.466318347788587
23.532043291253782
16.80612340029331
26.26045268211573
17.882950388370958
27.395544793207815
12.519231106859383
25.604895688957658
12.975294038504309
31.67418898032983
22.789998314459254
22.290744144201188
29.509822223346028
19.55674624283231
20.47775505461173
12.414152443423482
10.195718163827738
32.0501902509427
37.02137738074723
17.0071825944037
20.294295410966974
25.258581174897866
25.436475949435938
16.04876489768628
32.83928959606855
20.842935941215835
19.955481838992096
21.743944455321945
24.197138872575753
14.608527376519726
26.3050927323157
33.10737967346748
9.734951366908668
10.355309085244539
20.769959523183296
9.551449482707008
16.02926572224988
20.746602336253094
14.948659692771837
13.119111589250993
13.580254235953987
23.481791376906244
22.864262689215167
21.332119070980852
33.11353874051644
13.903372835739233
16.558515450026597
11.883890154499811
8.294800590988022
17.833550026115855
24.95268758020525
35.32594741206711
14.160562927077446
16.518264676916235
26.982136589266624
26.98415963603849
14.832205166342819
24.91526281057499
12.702297188697182
9.497688019867853
22.21408550092528
36.315749458077384
20.19719702768636
28.028696886894476
28.22049659622291
29.62487952163783
34.231127829224086
23.614497445341794
16.256332487008915
24.86027152405101
25.9331844445379
15.204411253965807
13.089772448319865
16.986770602183803
12.967663111386141
8.961257482500615
17.083448713280752
25.25656382840062
16.01489483930832
25.423183771166887
27.99651024843814
17.0859132181981
31.1380247982018
27.870905282639995
18.641159111980805
19.162903986275424
18.15549690349269
19.232910096170386
16.919988817684853
15.845985451432426
31.06568003256746
25.842541233571296
36.91765267209136
10.72383910928618
43.12270883666785
10.662039076082587
27.27874065789988
29.422113406776624
21.148667393879204
19.895051503068064
15.97122592157315
19.784071462309765
10.87658264803555
8.852512251246361
16.9095560872421
17.176930488637918
29.34336087270656
28.272992791073598
18.859601516172038
9.532581441908908
15.517569618441074
24.128511701960164
10.694897377605296
17.161997244627607
28.904214300726743
18.402596783770903
15.978575011808497
9.77020388028555
36.00664937663656
48.27201681858372
29.066078000177548
29.70740943436569
15.312599668025106
28.803001149004352
19.401959662821355
21.00894756064157
25.164697621936195
41.77278291969892
11.335258441011236
19.77125302749016
19.03184637180916
8.178983915300504
32.71274667232467
11.65908807909346
11.92391566353099
31.963763388705413
30.14352085956642
41.02446035712691
24.59232851916203
27.465436197766557
16.788195539129706
24.007426812413176
30.07095988934448
22.566191628350694
24.29103100670664
11.829977845137918
12.189539205772803
18.630781710149677
24.844042934135064
17.074516742670397
20.5863157315708
16.40179372453318
35.069492813242306
17.446957926318216
17.925102774146332
27.322261825222228
15.800931606766925
26.035129073392206
23.07407788559479
10.562535495966555
36.31755324859555
42.10851789276219
31.452125774761253
9.96813094590238
19.165841733945612
25.82669656936261
13.915082990871053
18.045785427374597
24.107814241025462
24.127975083822506
15.56144643976145
10.438465451561676
22.972433274431264
20.040746251720496
47.10661865954406
27.51740186499253
15.346645747138234
49.88292792578344
15.905898186093939
21.688452387755746
35.50017530389657
15.387060565529737
14.969681055480457
12.801511473940435
22.83039343626321
15.62160222098799
8.534948355548885
14.242892522221545
38.60693679886836
12.886798429544497
21.542501801910653
29.90941222695006
12.034043810017746
23.37942192610774
12.729656840850772
18.84398902056855
29.0055507067005
24.589937436100193
10.064562447671607
15.316269590032231
21.03119062920106
45.686772487745365
36.10186484023618
12.570903204268651
11.850394183633732
10.628430496310196
22.131264579334996
35.51223105530919
21.36144631209883
23.95489635272348
20.185028687732085
20.66344013256826
22.577663186200358
16.992077135392265
29.50359594807932
11.693380606334701
16.76750889221066
18.12926976046202
19.95726922066297
14.733718655065505
21.018654584036124
25.921653585301947
30.13726125070459
22.26351655495093
13.548026299539101
18.148284885241086
16.797444695526558
28.839486602049973
20.00075992668738
22.62887389184585
13.886559221581765
22.33704128651696
19.949480053806216
28.9339748573117
21.56086172590995
27.95977604152406
11.954755862886625
37.00352124423515
33.505339542807505
22.248872224092704
15.582651760962962
20.452414701996872
15.813659495942433
18.41352009213465
16.044790232268497
20.315940165374585
32.54912664492763
15.833046009792213
23.267034655081424
23.76716779507384
18.460090525842105
27.52857891393394
22.926243746565962
38.28167879587578
16.917584639508863
10.673046981782058
14.512265744257535
19.696319599605346
27.264515423688383
37.41372071109614
14.934548694499183
30.036685963555122
11.721220606691613
14.064294469616343
35.99633712246163
28.05489064181865
21.506185572404455
16.289154572236168
21.525050071258704
41.0246721192867
21.25724642735855
21.74945634426693
15.454672799953167
29.242484154455745
35.03032512920352
16.515849785831858
29.822760410078498
16.863167921923626
12.898442473491087
20.416050022689706
12.904283498549471
20.21956991646268
24.9657366034209
15.349670713809749
10.080150543652373
19.31072862613033
12.592321695619935
14.100966493341316
24.18718215664232
25.572128511286447
36.26078284913613
25.60581648809796
26.23958533255865
24.13476631180557
16.636973428404225
21.266877919308303
38.395282357364415
18.950544580955274
24.721261821065326
17.882878875548442
33.04536721363833
12.796647081827484
27.920108926616276
19.74471753162384
36.074344313471244
13.320132623913123
17.22842562330603
24.426114330848275
19.09154903199877
11.958319107072043
26.990043022082027
24.426988973291362
12.63135149489979
19.566533832427798
18.061456527765543
23.41123123198147
31.01135723320295
23.359605377335487
13.586979411507446
25.80780943342111
12.989605109974631
28.750088593376383
24.509284928386336
26.35946016764405
24.16994697283412
24.754406921537335
15.823966077147078
27.176665619628977
24.380712312753428
31.142002278177262
23.894871199935128
27.54911445281464
19.225166374423072
23.169031957210315
23.307119486133125
14.259749548380762
16.476623277634562
17.677754434623054
17.076332709792315
14.27976065857684
24.43009514641587
27.97279966423914
35.852440734132095
35.272287886759344
16.829122865307728
29.391349724983733
16.60419186064842
21.94294878200694
25.85228992806032
28.641120976289987
10.686393239861038
16.3539930076303
26.70935072051948
14.543174540481067
17.503086138474956
17.046647561434263
28.826819085709015
17.535818712625357
16.498141206867466
27.934972934738227
20.649901310604644
19.81149107705977
23.010720647304403
23.338315448104467
14.24046214610696
7.747642243245339
39.064898903179596
20.04246628880017
10.936667032651151
30.9747330642058
11.669262039306046
14.420087116152597
8.172799328597854
25.19157711984089
9.217411714685255
16.495856952914167
31.032140838457956
12.015064721739801
21.150484993778875
21.48066617159912
34.79371205386261
35.26609734812271
24.324179318138565
22.175857135106014
21.01418034161315
34.471142495523246
22.323228892843424
23.03717849190072
36.821527474509764
18.989872175546125
10.399544270941316
30.58984109205823
29.995155782428295
21.46261126267707
13.327036356445
30.988920129940574
22.75796287424364
33.222770775920246
20.73096181764103
24.313098544055865
19.283998700676594
29.363625611054967
23.52850056960968
23.582245930072684
16.337688855351598
9.310862461229759
20.618317964909995
16.97539822129452
20.51727695987787
28.518772358462453
20.027661017980442
17.819104789833524
20.52965415740149
16.86286102673177
22.101004908869008
18.68279279228903
21.2374288142572
18.310228336223602
17.06488015996481
21.237885883443973
26.384879950551703
31.88516296835476
18.108086699157145
32.28475627055064
28.220274482200093
13.970281519706337
41.90405269955541
15.198161522752462
20.196026404235745
20.242879599124883
27.6384501088279
19.066694365048228
25.970912444634713
28.476055520148986
21.211226011661875
16.92086929816848
19.63793178093935
19.682948489844357
23.166017559431715
26.961353491014385
17.149883171246564
19.669306488070696
28.116741893212282
17.445829181754032
22.10937563053203
24.53314656234241
18.9871944312274
18.446329038307567
31.136359042928174
18.747515953652535
9.581896052599037
25.086553000039842
30.347017898530282
14.898738404649084
11.091417276721906
17.801357856366984
19.692923945478064
13.199239321309852
35.307961064380244
17.772320401783592
11.21461283517489
27.084787671706916
41.95792066068783
17.669310197258575
22.0491903005035
13.30696549383274
20.960993278576936
31.754537074578803
21.616159517608168
30.043737318678037
17.02328920527604
13.901392051834302
13.604031653725537
29.720804260800975
10.348081417245583
17.04097038431525
25.194510094909845
26.016877615146193
16.412746446672255
11.477134354955936
20.335463045166126
29.487024338817637
9.768602197191118
19.451544614181532
48.75029496033581
20.82238952318108
18.863034852720283
12.717324192122456
30.746758464438827
16.55904648299476
8.504268721334702
27.540345249403547
25.675011031107015
12.840414005208217
26.902018971564058
36.176200433753756
18.67923912768113
15.744829304125139
23.15583859842744
10.660634131590212
31.82415427942105
27.53360790573009
21.08402996507105
14.376770739164604
31.232299581337593
37.481669487145055
32.00116146871641
11.025684741745543
22.799891943927197
24.416148440186145
13.03777890816195
17.265544983159188
25.821422953888373
20.512008209617928
23.819839477197277
17.71544020662451
19.211661058158437
15.901213082896911
13.197606357386155
21.46973053371371
15.195025845942054
22.9033649277438
18.93032675003887
24.88175188476224
14.221184276731494
21.61050442359567
17.11695403692906
18.88939558327511
28.674434495178808
24.37332906590881
31.231142081949354
19.636516932772366
12.904133267547572
22.480030629498984
9.861735591513137
25.05809711502614
14.609985723463224
25.603203390366573
11.740933234387432
29.7288127930363
18.213093152709064
14.459085252892532
25.01572822104205
25.51537670703578
23.188683854874583
13.691675338844918
30.574953509484654
21.514780219570937
15.935044530882141
31.852414683437736
10.13420477108647
19.18173334089249
22.008347472165283
40.629581570218356
12.181046656386089
19.695796195608473
29.927715321328435
36.5454334511316
11.632372907033387
18.69626482293744
14.010477963644943
32.60091059029556
11.283579810449936
24.05501356669801
10.303161755718707
19.816208969647263
25.278267737254456
16.82436917547574
16.081948810439854
14.39821043934463
20.2853115839474
32.058669365223345
22.24678856582124
19.70353665762209
19.491793815681945
35.63454442076742
26.464839144107096
37.223914902685465
17.23576366376337
6.716655030706063
23.697807331367326
19.472910395185973
15.010315514804859
16.30741901578396
25.27350850530834
12.643176169599455
39.3484261606686
18.92703463174249
26.25515954333217
43.02199808185044
12.040286059041227
16.614893712251988
15.071145555674953
11.75580578859012
15.005747993306484
29.267943552287896
16.09984020693502
15.838753287146337
27.821623036707045
19.40243103505895
15.823124020121238
20.054103847564466
19.801050374306765
15.903870543350255
21.139466012919062
8.228929986409682
22.39469080047087
24.927794508103432
26.42701319172317
18.774783530823832
21.19104911210512
19.501099578772962
21.571490220647807
17.748997356786727
34.05010386321066
24.885390619927826
41.22513717364334
18.018852793915364
10.85392478469169
28.434078148117486
23.42614641910352
22.513072845602437
24.23402369351838
12.684290642608456
26.155769969304167
10.658940019093672
21.004400915957415
31.49663387183575
17.376932494910644
27.240061330757374
12.07049461951017
25.10130579225351
29.456028619403167
16.60909597277555
32.710986224403975
22.118908269603736
22.90266182613472
30.78357039495222
14.58074962679157
18.943165295050292
16.47642328030652
14.466049724693022
48.45210962917751
29.816124052701486
25.446285405875173
38.98893740360626
10.749653889524847
10.853065779076253
32.39912347132577
19.229011775198522
24.34169953938055
27.946640556941194
18.307723866770555
34.12609783405617
14.932624170993439
30.296431983437255
33.950907778018504
25.132529232000707
11.410591368523319
37.93800270800309
8.619601321445627
16.207830832784616
21.964874063899828
24.593518617560296
36.0682671562378
15.944402417566472
23.77239090633597
21.476480728934458
15.714112909920475
24.309246348275305
30.70826711769093
60.16012981642553
16.754676349920587
42.49102822106456
26.631193704724758
15.12464459789613
25.480386629896056
11.427422299546553
15.248969670791778
17.40114046947232
16.185763343329366
29.642511450904102
34.844801102402855
22.495667996299776
25.405518370410622
31.715564806058488
21.63562382791785
23.741491339364813
12.886525444291472
21.47059877799685
22.468193523419533
17.65929954624071
45.579563439323394
18.019274347832198
26.89965324812412
24.133883407282553
33.40644090690576
13.986881435111604
32.0788602728318
34.450321825754926
24.492258097918775
10.261982672723862
22.13809839932339
12.311418281885778
27.88679216912426
9.411157112702696
20.729800349440794
30.016045752545928
38.048007634255036
27.136646957679446
19.97045395996569
25.424460571745723
23.78515189100745
24.8508215605126
34.508421159395645
9.858170903398204
10.434667656923585
30.386914273951284
17.155784151107884
17.325991964914788
20.761001627999416
20.46925870797849
10.068456290930811
19.612299387890555
23.80054801280509
12.328189908722722
10.09638691180228
20.02405017928841
29.602497888808088
35.190516835902564
35.19873964309254
17.528843697865625
33.317762837817
20.102499134464104
29.82098038194384
28.928457890046783
9.82312122850863
17.226212533078396
14.519018376044542
15.25243532268606
30.564469997089628
12.462224651795019
21.349376052691653
15.624017145131159
18.231794849901455
24.776547963953487
14.339839779936298
15.459391943927885
19.193918277888493
32.650743515764916
23.579882205415224
9.57334181388063
24.63913824704946
32.515447088666896
14.765673807307945
9.936241747479002
33.69605483077635
10.007319255003756
16.924622611179146
29.852563036654516
30.345759740333495
17.54413674484838
13.997216452410385
16.210927836103675
19.036098188348276
17.400330281563676
16.18794906658535
23.858878210245855
25.86876898999747
13.663507657168278
22.14239324936937
22.00599594251822
35.74440946843407
22.623939152741162
36.6987063767481
14.244506254631172
19.45272695895425
9.027978491066467
21.196523330076957
6.072747567332718
15.153540899397555
18.45293810027575
16.97507592219762
12.294865329492339
9.802567451890184
31.662131270504563
14.968132225895502
7.970859752979123
27.663253357929467
17.34001486129047
13.328210511486057
18.884508589903774
16.54308389235873
21.87658942761623
20.476755766376044
15.262479142649513
22.956655396256675
19.802348828615067
13.272830187723528
40.558905696571344
23.675039144706133
12.415845989024717
8.946734910417343
26.381779378344977
24.65412985109124
13.741935094837899
12.77267820231211
24.77673986509895
20.87342646602257
17.234949764584346
29.01793064821765
29.621495203999697
19.7448129613486
21.98088865968536
15.11541132565025
31.869483564315605
9.049443364392772
13.973310590149564
17.23584589174388
19.1323796571365
30.338117432811273
17.203376229385466
16.165665695987407
24.97530469764533
32.872028038132115
37.23154403956835
15.384221642643048
18.45954819817736
20.336056696841563
24.156673232401836
7.922527129145061
25.50170161974353
39.989530798239954
20.463260024431055
17.683422831421968
13.373747653008772
10.84362306373555
17.284865674537343
12.98153482170537
14.184165771367175
28.53122798592949
18.391332521967858
25.588280070593544
17.996784465232114
22.53385302261468
26.1282150935691
23.846947241367634
32.37482880183807
21.68512766640844
19.13558381784001
20.962571919392985
33.942043608877306
17.197580924704866
25.662390373611117
19.28409313143883
9.2143907229514
21.079071979702295
18.863331338158797
33.68736801148085
20.24919457159562
19.67533515508805
7.142232858638256
22.48719395885558
26.16597985680111
31.31391806521683
23.433682485219105
24.429567940428264
26.71002719418114
12.595019445787726
38.85113115018981
21.58095617815069
21.93307749660161
20.705492527532957
22.874114771980572
18.859938959948437
10.436339443816827
15.565873151309898
25.739322385164105
36.18554457824352
21.97096824484161
12.41711544488184
25.63264807232822
22.89375126813872
22.844227428064883
10.135525283650306
19.27213519314821
19.31600675565895
34.90159238830516
28.530144126630763
16.066922249092666
19.081156711483064
16.41698578400453
25.244730260553634
8.615894576452874
26.751242875604426
17.219681404466893
14.363272934546348
20.209851747967488
21.494152240810855
13.20548200713361
21.813990499735414
37.38413779542349
12.624638046233446
16.308412596470802
12.643488103434533
40.8020743367798
20.16037985718325
28.56634699167936
21.044591683996998
25.054402532082104
24.207946460533282
37.42627683860532
19.233675554808478
29.012909700400403
16.090028764114315
27.653137501209795
18.056420433395402
13.45458465935736
25.89710343121199
18.825616772836497
15.93775812654842
27.597326644648394
43.486779832846814
21.613416524156893
9.089315062544893
17.011258339003124
24.22228579350965
11.339228161965965
20.997886729590636
18.2832258173407
16.883072633032995
51.514987230334086
18.257535000741715
18.54668581657421
18.033904419956595
20.164192976658804
31.55755036269724
33.94005573626562
21.071728010383474
16.73133778497526
18.16017622612047
19.30320586373926
24.657042341384912
20.752910944421885
33.603632662768526
11.768421604290333
10.248463462747218
15.153637265271962
15.07371964679246
17.491997340084392
30.92779703390635
17.49311908972002
19.317653401825158
13.62431900965833
21.589998250738287
19.71984790687944
36.30775434712602
26.864807942467422
18.995384455695426
28.96312150928616
26.18556197101322
19.2588810239778
11.098998502756242
12.61173478878504
13.184864106457994
17.915726589602286
15.151449465409025
30.15241861143788
18.038522320850305
26.140307271314146
27.79160710451205
17.37583394874118
13.651698697902184
28.83446464826412
21.046730227897505
18.417887306404467
14.028937993564044
21.039765945228755
26.30269831124136
14.085458027419826
20.437857754826563
19.883385122431505
18.337668534851893
31.916600368624714
28.16827737226419
24.522254636674358
16.70474010555863
25.046045113898042
29.425153471619538
10.874024656587062
26.259406083503876
16.119015190350638
22.56346038539594
17.69899934948888
20.62924948374772
32.344611168254126
19.436445750274622
25.33860471615277
19.700977937885344
17.432725876566344
7.931336200404809
27.80257792942885
16.459480972326876
14.51917916603969
18.845156062204776
36.255267268497676
14.6648713080097
35.04747932174187
20.36434363365324
14.542527909175258
21.88941895152776
57.55576162903371
24.22701514525735
29.80882893818158
19.303182333587234
20.572292851127187
18.8461006591487
12.815180391439638
24.22424699399033
21.64718858615789
22.5879745317835
19.14265510391605
24.081431097968068
29.0632852152793
24.05470934074286
22.412279590312504
20.294531298839253
20.440089439893555
18.900546978373065
38.607735926251124
11.014774017715514
24.07818665928921
7.9957770802183274
21.07960156207786
21.18861402065467
10.468781850372666
21.82193799200735
27.06943065198763
25.157127713143485
13.022783695074416
11.206199993563686
8.331392613968932
37.28167971041082
28.447065391793906
14.536012004885304
17.47344321570263
15.279805613116693
39.65792619929393
21.57946580366587
24.389631364829828
19.65216973298917
14.342847534972986
19.310981034818873
19.550414328116965
29.919925033463713
14.251826303003758
32.77189474742924
17.56638191084355
29.81008262073988
14.982134176771789
20.207578894898976
27.92626463086616
35.98881906362037
26.227616776975538
17.38946345180646
13.123866078781877
7.078731668267732
26.05312889726259
37.9407287708305
21.37939945966495
21.572230946809146
26.176709699080536
15.748195395473285
15.341275275528282
24.11426624361251
26.40709874294313
20.08883219371159
27.22966415390512
24.032198862139083
30.70529262256822
16.93702757381131
29.560941371503585
22.142622468445484
15.759724405412111
14.34255260473107
31.110737977440845
23.738310465259783
18.614236809909368
28.85836737398368
14.830949464390187
11.393066541151315
13.983272865348331
20.3402139845823
13.499997413561077
21.766864854307812
18.925449578520617
22.678418870910487
12.956382641428855
20.111886041659908
34.334100046387654
17.294810789870155
24.23141416295228
28.534596545111107
13.123213051429433
54.390974402045
37.30269002775954
10.980552927935843
19.513661915107402
39.78987414387317
17.080031893739882
18.38353431680155
10.947946010971538
17.53312375037922
31.584360499949604
17.850943286667707
12.154019953847758
21.559328399658092
21.84404690950414
23.035898794087817
15.598215249994274
19.52430970447368
14.652000662627731
15.779732317090373
26.140333794196184
20.289536518320865
26.53991253770493
25.548556163376208
22.01346312700319
21.7723048740618
17.815075178361283
21.78495289717889
35.275984803427725
11.70389183502462
9.82575527680081
24.75778410685646
22.751491517654987
26.51782046811164
10.133585833044052
29.593729248770153
38.29914849279522
16.777533699937962
11.633615176177276
16.6688619970395
13.80168105872301
