40902.820208709585
34182.07173416615
26996.168697541514
20718.64778915974
15206.026424946955
10602.482952803302
6869.507772238184
3595.297291623502
1619.1504205504682
409.86198101165485
23.47272978773225
264.5465918214938
846.1995069014281
1668.2737666969938
2525.8333997409304
3145.786194929348
3598.3001471550424
3785.5658836357534
3533.713318995557
3452.30835798385
2914.9669245923283
2418.034970520896
1660.1247159531624
1205.9411322259832
708.0188442541576
329.126137028689
130.59218602030666
16.67630093126864
56.906816404707726
93.0561934684772
192.35416745735913
366.8300371285715
504.38278799409744
589.7353601534453
699.2765801612334
670.2126380241489
652.3041253936577
486.78277767437123
529.2868085561367
320.0212107903285
215.88411797731231
127.18559205319309
74.77141718239878
32.52539247021702
35.823404240379595
21.88299354008635
41.45725194689059
92.41345915585964
99.82451517510614
143.69815995764083
102.79090534041973
145.69594716133807
148.43674160050122
112.25739875676672
101.56269958618165
69.63555662968398
56.34491531538591
36.904263834291356
23.522339688569875
39.62586982679856
29.332867265270234
20.32628316261196
34.94011326870968
20.19694707252146
42.882480865203014
55.92284551398515
35.734947394036176
48.68565364329194
23.41362990525115
42.035757369960876
20.695698922153223
24.18886421926845
11.265736486422773
27.69435297696431
35.08698672663406
41.41094062497802
13.645908115213631
21.99865055730225
38.067299554444425
16.728460150014513
36.47919680602501
21.270515473982105
24.904672094868133
39.65891367462197
29.571657590891764
42.83696352643179
17.910200113634456
13.765161449780553
25.024230282223737
15.401193112698778
25.125232530405373
34.09852534803161
41.009830087095835
20.546029269006056
16.4441390407172
20.51475929219283
38.19423726539245
16.585550879697568
21.248423229489717
9.299249772203416
28.210783224885617
20.405846437361127
14.009236028124844
29.19000745209474
22.78999649797035
32.05101800045526
14.069288090942456
26.016493561019765
11.711170189195082
21.154050603279302
19.713654722480715
13.199211711570902
28.001813726933662
12.478984128297268
14.442171567818225
13.150399163958081
23.073306329138415
20.931418575694224
20.548131079564442
23.8705693612782
31.36560220637068
32.62006784366656
10.994782900797825
18.071003343440026
11.073071631808665
27.858591868973427
24.425347072493597
12.410038526849524
9.245195419578867
13.416227120234048
22.595414577716998
19.401711986328056
18.800621528937494
25.880171095823396
35.12954054821208
18.03175424750967
15.895170819534812
13.505151024886263
12.098318954823648
36.4880365624613
23.211323005011707
29.452533679572163
22.968252250489073
22.456156220831236
29.868226266325408
18.688202617968123
23.279562416688655
30.598597060114415
11.744170115389778
11.908606682752664
24.152278355753072
24.351497154045532
22.25466325784658
18.457155921048418
29.933609389910764
42.8414835544515
26.96356850534019
17.403286574739184
54.49975063083298
30.607772238464115
17.548694095201967
19.787406325580033
34.391404829400244
14.73999434699889
17.958899303166362
19.726229580623382
25.07567211918843
18.212900323303963
19.50519164328883
29.51387633841297
27.527572451959937
33.63542364994862
10.089558334577617
35.383585009391325
23.476680594274935
26.612661707515944
9.263854300027683
22.404671183168002
14.252078609656515
24.51405010213751
25.3136893718298
18.902713803288037
21.175200877983098
7.996607961194195
11.757672919980644
13.356555300262924
14.320098649808047
36.78076575557042
14.247502594664955
35.09828380928361
11.071834229307308
29.407581910837123
8.856609471321514
24.88374065460171
11.643688526750209
26.06441584489098
13.927666027769023
21.302673498042672
26.808146757769446
23.554347350901786
27.454418888883502
28.100602158967682
11.305728383674296
30.71647627943756
11.932900904352122
9.010705936308474
28.768716750136125
19.413359126101014
14.558762463946051
38.39620648258318
18.564715222036707
22.322002692136145
16.876633961655017
25.02890941003828
12.799996216130245
8.613921754485403
18.04588557387063
20.876568612082107
26.75251104297887
36.20444375785017
28.28796427303999
21.116095182248625
22.957485934817495
16.641950025339934
20.361237153421264
32.578428925267865
35.667102782273865
16.34582822322465
19.413305210582692
23.140390690024248
19.56464001909972
23.438141173762467
12.207029984704386
26.986944568063738
34.82262089583979
27.537484833168286
13.06554318943328
20.139906108785723
10.84803648470738
30.53644427416734
38.93862569146403
11.807755482199507
25.027794827568293
22.495524172622805
8.699480622810322
8.363004170369479
22.938485300914326
24.42704767113937
32.32515547194461
31.88015208181316
28.130392420407347
36.06522250043109
27.09111141610888
18.713348585555174
18.161522172740284
19.471282268744865
17.033073858881203
16.566162783557235
11.583279651198199
34.32261357078957
13.096109034405387
26.18699678821756
28.668308903549416
23.026996862558644
24.049387478761894
12.633319146877204
25.900828435421747
29.571094535161315
18.05712375154521
32.888846209281134
14.837148013967566
14.650096962073627
18.702794206482594
22.662098305906973
30.458221985336625
22.83913479436069
13.37462946839002
39.60766950661099
9.882365011292656
22.121458420711658
13.595854932966223
23.4388702495083
6.640499200020816
42.33837373447841
30.235787609677583
23.12778051075557
29.327903437959318
16.62147787360133
17.641047753852106
19.70659084995378
27.40696907076759
14.061599172966094
16.225416579028458
19.11258237208144
10.084289263286042
23.378726351566286
23.154033748285606
19.257179983272806
55.98922383683236
24.787615141383466
20.637220236348174
36.634062037901046
26.890014116404302
44.22857225408323
18.37212502621761
28.19809866052536
23.16801953924976
14.389644089491618
20.16049790373898
27.148005918409133
36.7673260121539
19.19623917158085
12.561203694791628
22.817252674638443
9.707908154041176
8.564107834465283
30.924594743127802
20.000214500924724
21.927786735512633
30.74218757977559
15.495907727540606
13.181390998955662
21.932004722010383
15.73593986048962
25.120757913438574
11.416584439702063
28.744539638097148
12.235935931127589
14.543615308244231
27.559552201066378
19.662887196502933
10.786444291103553
20.19809769141177
34.350798029366054
17.37363495316228
17.69296641928221
23.359374147335092
21.236016901035836
16.544483297121808
27.2763890800162
23.523448760589318
21.12481160423574
14.57582117057757
19.58760335332379
19.773726100205565
9.572984804265296
30.57965899123301
27.681488393575286
22.330776182074317
22.16407220652823
16.230886419277326
20.891446512347958
17.814145806292146
29.037999329486098
30.63705723239913
20.528898612807353
33.26871967588848
15.79738353641621
21.810425957040145
15.344116518726628
23.7589637579545
27.255802049677406
23.055934229920904
22.881922971930926
14.92774788798948
30.007140998113087
13.328261362629501
30.66464787690899
34.99349600943519
18.262229351266026
27.624616142034526
16.99315352566465
18.067312576897002
16.712429917055236
29.974757468498233
18.034014434389764
30.99549406826242
15.432428293010936
19.029506012512922
24.294210465692807
26.782860125289904
28.319463878688605
27.694627858389953
12.966123553085382
30.846286381109415
20.074251465995022
33.49404718338019
29.161767113989868
12.431479828339866
33.05561128746527
18.990525280925528
11.747992564301494
22.68448709541091
12.959353474272895
21.056295678101336
22.314819138610133
14.767028483431824
13.687790135014167
19.44464996974034
18.111390598550194
18.84465007892921
10.496328467353807
23.554039215971105
35.54323591128007
17.28077203078838
33.05537914166875
9.48926701929674
16.035444600890695
34.62182021098189
13.462205251839077
26.7479896044036
25.896630895324353
22.991323820535417
14.875906722360005
17.303574748306595
29.018776770961768
25.65868629999516
11.496568221312357
51.14188715163025
18.220566523988538
14.096717948082524
8.768185365520518
19.504656405978473
20.642760592778274
12.937517355430336
23.871386016067227
30.86972875654641
20.296953984323316
18.990418138698885
15.587711818281594
17.005596431436537
34.51675249397994
17.879231037877215
20.913337176916325
23.906043881564994
36.476193057761805
12.933522024513518
15.25762009805801
30.51387758145517
20.99394046123152
15.964054580823287
30.91040050301505
21.466314766867317
23.377980504845443
22.551152798375202
19.146927976290115
26.641229061850098
20.774044659382085
31.46457725440867
49.844427423671945
22.262022324196867
16.848201549558915
15.402838403378416
34.760831796426096
40.563977920012995
13.051915207009712
16.623038923334132
30.792336602950048
23.513638786821925
15.70452316691756
24.985818629530247
22.659978148121965
26.861227138525823
16.915590968296122
15.215916298939542
31.515633672764388
18.573853004674554
13.557867737218443
21.65781797670404
28.149675886306184
21.02903039240846
12.329407769444055
20.781790540920298
12.925407618935015
23.0051982915242
21.521146556199096
29.138634242321448
20.3078495997942
12.378003252907236
13.507532426148716
22.108767713474425
31.235360895267235
12.858795432427222
18.197991303335133
19.382491856076722
8.54696826293825
20.880640819817188
25.81668792607213
14.064300799149109
25.597319267239715
18.925426132141556
22.466261398953293
32.65709580332229
35.60690454151592
26.303886574857188
17.528703228362694
22.38854275219594
12.06699421405219
26.720994553621285
32.47946408552236
21.285618955542212
13.045614079898519
15.448881439203443
38.64779958186016
21.620443839775458
15.044921222388814
12.515759414277861
11.214687430593118
29.845483239937675
23.610976653113294
23.483647593327913
15.476586780803894
11.634016182064927
18.802102660231544
24.27124763017797
24.253819957047412
16.76596510065062
48.84945587261229
20.213440790017795
16.79979861103429
22.745832159229785
26.312890230221285
39.53093703333949
11.815784314938796
19.630223108462324
25.584265589314615
26.00397768470919
18.71410306897195
13.49582786769042
20.351423775752153
31.22984511664142
10.585104704803387
25.35219531016747
22.563644080352375
25.742291272813027
21.35931607678786
24.15941969440701
24.048287953408337
20.49489608427582
23.9740801348612
8.625933313635059
23.102011618621233
14.494468910736282
19.984173369350042
41.195510414664405
17.312481125650383
24.75156551008126
19.717757157366893
26.83411208199215
33.22664874935593
21.705767794265455
17.456302256469776
17.949811887758994
40.41776691395251
14.05863289986948
19.499340287432386
7.791198543457615
13.94107110132761
16.147273333373747
28.16212214771098
27.712630001847828
37.46812278696064
23.126247369109297
10.031516484874016
18.199813736296143
37.43197421865786
28.075086392283875
27.369492274721612
14.795550700843135
25.87880203395218
25.3859775349769
23.134417532948
27.979903146454323
32.1773958574969
27.885078729735497
30.885109473042554
20.703383772481093
44.01187364765302
18.580362810291998
15.513309228796102
27.119277183449686
23.154655788048345
26.444317909320414
16.120649233552285
16.458888545472117
21.704204655708274
12.400980151604541
19.81921257425465
25.753237004383738
24.508826379247694
22.015915027341354
33.81308640929754
16.421595374617198
25.597443409501867
12.946614315545466
28.36656544970813
34.88262550416052
25.39758998814694
15.818149741929108
7.637264549137917
16.428958650875646
28.06334266868442
14.130687893833354
29.673019704958044
15.130911969003835
29.212205880431913
24.717553882204133
24.705935444834417
9.378632069695279
29.970988626259043
19.394692147317873
10.845918776073566
41.03674957717637
8.199075398070061
14.958111236871337
21.11431453425699
24.74674018972531
27.293848808420673
44.90962926507373
9.969329161529387
11.76104622253561
20.96046612088117
15.77853362798852
21.33650660907441
13.73336277410662
21.081542675648
21.0158964057809
19.396619870521683
20.648841706571613
12.415957373142584
33.177237901562286
21.888825460033296
16.303919313768
21.031480795466635
20.501445247021632
11.863889007270014
21.83100519088152
19.207843584849392
13.525606633641802
14.540493734751115
14.6892169823936
23.720921225485917
39.55905691656746
17.43442505676632
24.820388457472387
25.629189750055637
18.4035945055993
19.914894464916934
19.205320222691682
13.932121579994655
23.81298360668989
15.253605280380281
21.168615224497206
20.372920555562963
17.708825114727304
38.34807661960675
18.184088874316082
33.24039732440071
34.15331684811685
16.963606440371596
22.1451120712816
19.299192150395072
20.80770324681946
17.100647665244598
37.257365008562665
7.657850478605911
33.0337816965318
27.280966154558868
14.933867525203201
17.88108061139476
22.973570703573056
22.739595129694752
31.464724650865193
33.07402213835588
10.84423945566868
10.5937026484026
22.9572116038156
16.25699197184347
18.286103241761452
32.556466878966006
49.918767013325954
20.823107312087753
15.245771080800155
22.70236497241373
28.37209992621651
14.669296190791451
28.036849808836934
41.796852308599775
25.38820789489557
11.41191969127898
22.855910883770452
28.360101302959418
13.416925778927883
25.28511428647037
19.752285952927423
16.871971576161595
19.195676801768467
30.880609526361685
29.4759643974004
22.26048660270015
8.506423413379755
24.900452287833012
24.086262390169086
21.945635763648397
19.575598770276066
18.972346435571627
7.438533552339564
18.277487286444327
25.093735532441723
13.219314264833933
11.232555905762647
20.885457854143418
12.1493237011579
20.186755301546583
16.84321920670394
13.333864840769472
25.568938047462698
31.21265564346198
19.835686318111208
12.942930772191735
25.65723859885032
17.347227947265896
14.415082618057163
18.582819992387233
24.41866384269946
26.626739594501895
32.25309697522604
15.937925281834838
38.95314444039507
27.46084719945002
19.10261774573142
27.235210159443184
12.93593773850121
31.665565762657298
36.67556255262872
30.606697015272644
13.50168801511941
16.006800832301447
24.292560397432023
17.289090968001005
24.93919225795224
18.18638807659906
25.676967194758177
22.903261815966506
18.705160626580387
47.301117160867214
27.214278539120567
33.76323363711971
24.094927132088554
22.571322558809328
26.965593744840916
24.843326253058393
22.00907424631679
24.490077576125802
16.499383989127423
36.13491002585702
32.52234578684017
25.92526544511059
22.605404700747446
24.233695306919735
12.419315209722015
17.138051772012496
22.194317126418863
15.461779306613737
15.771514130627803
16.822427316177542
8.65564525202317
29.612929665466638
32.46922589371414
25.373375944450565
11.773621853720586
28.38463950959943
11.015899123211279
32.41560414629446
25.06044257348429
20.973151801451905
24.341955529103767
29.01056268185616
14.364305857059891
21.111680802737723
16.744423880120085
12.35509098368964
28.622864299198902
23.144637056990994
27.28318794894353
28.82157766448038
22.605579060627072
15.273481212433978
17.58860864119267
31.824031401497283
36.632205696168185
22.32278046876119
16.73916590383903
10.384526616718594
22.609145705861955
11.920937034089302
27.67223283516755
19.9002414347036
29.47807700548129
40.15206958325924
33.07776696689343
13.393523404894875
20.097400116870308
21.337564121736644
28.7934517973107
54.43102594144161
19.41359302881029
18.470358173240232
18.647013526482066
11.865973911591137
19.36674503810851
17.68055726425858
15.642859211990404
9.847784704067202
23.4517569311671
11.069489629497177
17.409066883782852
21.514324898924016
17.37567666866145
23.074848517268055
19.68016262667245
8.454703680752372
32.29782872525301
43.253884394033506
20.41467703126001
18.887995569082612
27.572610223596072
20.983676052120565
16.743655595551253
31.795278463074677
21.656787421598835
13.639273307269706
44.987206738918246
11.519453099535376
19.492547106799396
12.053825917966833
13.579235565950635
21.37564205800537
15.160814892196258
14.295111335965299
20.29988477387523
32.315109447277926
24.70790734022579
34.47262780263751
18.240330915198
22.758281428911083
34.048912543861185
26.72778157568505
21.742919790989095
18.17622326290735
18.711648568920992
12.919870891530152
12.822754829487268
42.38379699734782
29.210375444022763
14.266567462443422
39.54326850922649
18.625980239172616
23.92682957478885
24.07430813213585
28.922407844485665
19.10176739766988
46.21760501830617
21.090510784325875
15.799462852233958
21.477394762140356
11.07300776736187
17.024260029289607
21.73507321149375
12.832501272290624
23.40838835161459
27.41021692729138
31.259393823970438
40.58355718100948
35.00714791128974
16.912731323244948
32.474729674913675
35.13729463766748
16.286613660004534
20.06487633746015
7.923650567312588
10.696054031976391
22.152624229224966
17.025272866584835
22.472259455822147
38.795552667191465
26.714398544202762
15.476126041325216
35.5168022668828
19.494995804958876
14.163143145441968
21.825731350236484
20.37990634118084
21.96778278355452
10.852612817030192
21.83613925375687
13.884396349114484
10.038070265486503
33.715543382359265
23.267891889981573
11.386353163604147
21.272152194255565
13.858154683745985
18.387422729778702
17.470758700147453
10.992517030970019
15.757157798841776
31.13167039778555
29.538144693324092
16.79903311008445
26.453963323422474
14.688504680192224
56.49757881073999
35.12940391740075
25.75086882976045
25.49051401226834
30.025196659192545
10.107258056976768
24.696978666165748
29.568717584749916
24.39618638947997
28.754435881081868
18.693790414674552
20.421486969304986
24.772499205716613
24.897424661856174
24.197913660159458
24.813569177025315
24.6583323468769
30.39729620483605
13.869957481526704
10.571658068223817
12.078008289255113
41.302953223981966
25.745261298414484
27.59483147538261
18.45961970987359
29.046811691407182
13.280500785764795
19.350112520688384
30.76779378623835
27.121596826499843
24.23203227274486
34.19835071334408
19.274055444031724
30.89776025515819
17.986383683781852
17.514314729963516
28.35270448238471
28.732746934616898
21.490406887047197
12.81742596612126
18.164458784204548
32.88725808615211
39.06294550023227
19.335377988003142
39.98390571930552
28.32268776082481
21.497167707288227
13.815619428020362
25.19468433149451
31.128392425637035
17.95380310741655
26.312266912855485
35.608491951013136
10.794106952756504
21.364475415659822
22.53971398088319
18.259815558966967
7.111676128665569
19.247177173082918
31.7345895363962
20.301148579736363
26.50291717247234
29.302211701536603
11.685749495934557
17.27187234393123
14.205504484321857
23.109265610574948
19.12765097525135
28.711727705100976
26.195097361835433
16.74255328532088
13.526261480290769
25.613336411973652
14.200334154140146
27.207123959056446
29.328325374643256
21.26666962113666
22.266255152111768
20.928295698441822
10.362909012239276
13.6220057896657
35.55186398009531
14.686942189258728
12.242225078202
20.20487219873366
37.84741913676603
20.622406623586997
30.83445283033615
18.921372067650797
48.250285313709114
37.94013541597428
22.59297765915316
12.250387990957178
18.05375704295617
18.005623022750303
16.899164708059885
50.0203043493762
14.191178253551847
34.8804169377012
13.714939924251373
25.069838248251592
9.242566541870879
11.378166357328192
15.933386971697649
29.066700892486157
9.983339136548528
12.217154266940145
18.055647804043424
17.580293602712
52.5409134501372
28.10871806842324
22.982828054862935
21.172767662325437
24.500512719653734
11.760588930322891
23.152237429304893
44.03201268387129
23.202409392589416
10.485145071193234
40.15963231161352
22.862147039865327
25.182015727522373
17.46912806308324
17.992152244754514
18.230284652522514
19.923656945284836
51.47969473204837
24.020760600719683
11.142817049001257
17.361688314312936
22.27560548566096
14.28253540715172
16.729114149268586
28.672797873112394
18.681573369479043
27.985759246767174
12.572691123621993
14.740311876401766
16.169926834965015
33.803985425315695
24.759348749729394
26.770963776208323
14.590974203108997
18.936019351037036
14.43705542591143
18.81519267042753
15.303078716738874
24.402644620996508
22.818583677622296
16.20109973119523
18.346127183875797
26.40632102727934
30.581561343262425
22.93016438520217
43.76156910070575
33.904815581906256
40.24707836417784
14.772187374659618
7.879101743640894
18.051665460682944
15.985298134656015
14.520166697608108
16.230987125024317
38.83769948431291
12.78507521863096
18.612655493526773
33.225240994057046
14.398316970272864
18.729155535857636
17.21126651361708
25.07589201344188
10.454499626906925
20.006749428997246
20.41262795319288
18.32021352981195
18.07050884157237
16.869026941869432
14.888770015605271
22.31007987080538
21.799943013060727
13.083458049730442
19.44518989216282
25.854852451291965
7.814561179385769
14.673989586409814
26.021848193687898
22.599325160269064
37.57972610812632
23.403611877613585
12.258569481907902
21.77295463852796
26.355431317852705
31.357130725637166
12.500779841046835
19.517453991661938
18.268449883877423
28.08443674169595
17.316460753202204
14.867521213549246
20.49831205020705
39.38802227348447
16.239531202931413
17.205065826408035
23.90668216414939
25.023411525255803
28.070519002922108
18.67709031325654
25.912599635284334
15.912733639264825
15.617794724451034
25.091191074756757
38.097984131875236
18.343757745793937
26.87496288920069
31.038945800409458
17.307401349532874
23.37315222505064
18.295339354305
33.536074346465966
31.79441284341964
17.970119878463574
22.728640805563174
27.287438758207138
8.940910267834818
33.56979518234606
31.404513176883913
15.908954639353242
16.951808664194882
29.106688651684358
39.69239586062033
16.039564156060536
16.943948511887566
32.85853630144778
24.575654435862756
12.342001857270185
15.094712235652919
27.731579076734263
26.660306746665036
29.73440710712918
11.80117667697081
16.877134915639804
17.45815969541959
20.959560104192875
19.2047906133836
32.191127184239775
13.048742841949615
15.362710419896572
19.208408312731283
24.89462889023703
28.34689237494726
50.8433041477645
23.692715980529723
37.089813226993556
23.120578932917876
21.871853112218524
30.230211878122624
41.33935944704978
20.92906434931435
32.861275817623905
13.82004688203854
13.974589545859123
26.379297846693557
18.46264001934965
9.692404300935547
27.745608000932904
24.790632545334358
18.133378371419457
22.522765492075617
21.652085664208677
17.738802913930968
11.95445182980588
23.884879175479504
24.422218427577103
35.05381147465659
23.284833911721122
17.71574257146431
27.791547737063873
30.153350812485975
30.39303702417798
8.367081035021338
24.303838045091045
19.487501543705
21.899984821314376
24.06239504345463
18.44624640844063
24.916345799508584
26.614855212138227
15.149389679193629
17.701278072313762
14.995077378478202
17.761361091045377
24.252504795955236
22.230698750408038
22.973733851263773
24.306222897404563
33.32514848240991
35.291374558700426
22.744690148270426
23.681404379535305
41.29263341873448
26.715090129082242
21.388983895293023
11.554849555847476
31.6597148547375
13.215689711451514
19.24505941688148
33.802270923416025
40.318171743955396
19.48650666068503
22.171757390544936
21.613218866991833
27.804069844509595
17.39742456998999
24.38881051740686
38.55407401846436
13.222033524916698
22.757095289733474
47.94487063520863
17.819762363096252
18.448035151558244
31.481435893567145
5.759655362529938
39.20632713200222
23.534162401537497
15.075441291493835
25.734988520247747
15.329332943028623
19.428051079178545
32.09275296430907
30.389114503265258
23.747797065747957
25.804900805851698
29.583678116124386
13.215511682551433
31.91900612070223
20.19677828752881
39.543504980201305
14.806700159292213
11.544489363699006
15.019206441312175
17.86945816000508
17.70780520789912
16.449158853190948
20.507561843471862
26.09117196703673
34.28730230141388
15.533245351953306
25.42873979572122
23.454009715975353
13.080988931927639
25.49066465074132
17.95668675323175
29.289368146820493
32.8816217875662
32.05141281280948
22.14054897720867
29.29726664687958
21.30798471811159
16.051167002227313
28.96461410073501
22.453047066127198
24.689672989883785
22.184279872402435
24.296287872985516
29.018384989514395
27.940128696353746
15.43693689855242
29.856813286147432
23.33749894594339
8.751595325016224
18.818893318281106
24.20673369948951
19.196368042047954
18.306538102341012
23.30165564409949
37.48547002567833
19.030998492742544
28.5836767215881
23.538757950232068
21.404798142403493
19.413945070786674
25.18867340905494
19.7333851296655
30.593294974348577
19.194044710578762
21.37568483441233
19.003974007587928
18.277455982092665
27.095953404494473
15.849480012362205
18.13082005037895
12.370109238018069
22.81445455054377
24.68684370992025
12.386178328319357
14.947346295483936
23.900779146695406
22.178041101618707
14.961380427465947
30.814557127271808
15.011630567648846
25.51791106562846
32.161272329280145
50.54433124023514
16.21533081919976
27.01493616892876
18.62331619154285
20.56977464769021
18.752224922904354
23.147364652138673
13.6913859459196
22.663319140165296
13.73219702816178
25.095195254398977
16.481482239553355
25.965667262700798
24.67006018235946
24.123170866721022
20.6545164770998
24.071109883123945
37.90491113479535
39.421120117502106
33.47813365506833
22.40876950001565
13.385978226766163
18.199060217636983
12.766682953314712
11.435779144128489
21.985347102354226
17.29437682258176
14.853523767300993
41.065408467245376
20.28193525127375
8.235737239166847
19.553571586175643
20.347330159163253
29.93692470397798
26.550764993399685
13.086200152225707
24.240546970654776
17.881887221949103
30.8425264561256
17.019820603694406
15.067042738410649
13.07231222067724
15.482565159018483
15.773501390438657
16.346214300287436
17.252344163490424
29.786141300068536
11.469517844041425
35.86342144787645
27.758932606087015
31.778027942713504
26.544877700662006
17.04675369366962
12.877490495459112
15.742165602231836
22.30660367750053
11.243020188086032
28.45665081113263
17.695039130193354
20.198476041735763
22.32410603633779
20.11005334315312
15.786423772974645
17.83006456179368
11.414020675111242
29.727191942943488
20.540599891662005
15.255740576858459
20.599225004460006
13.967112411031238
30.87021832008598
32.19444493744168
27.70548523043294
23.549558837563566
21.762592112234056
31.370037652245923
9.338414768803412
22.51335354530306
11.283848164927514
13.325254104654844
28.906390783864495
40.335674029871555
22.86939765757487
16.903927775242565
13.224158934869592
11.160116530875577
17.063909826862687
40.10279349370273
20.253901907598518
38.14574198720892
25.567816466934207
22.633155839886015
32.6945234038897
27.9438405911286
40.18602782625214
17.979607857355397
17.658535028329492
18.923123652114406
19.991049028430872
18.014960496743203
12.539052466440491
15.769220182590898
24.537499720607094
18.503455679421194
11.49493744734925
21.58581070156414
21.539237761450526
15.200471919533124
17.572845626854974
15.966693012155336
25.29614550964718
17.08207315527314
21.23759484323256
24.587930934152677
35.54899463146858
29.281536711227623
21.058983118296908
20.69871083020992
12.901091133294015
24.425552408565206
26.585395364837417
24.78319017535099
20.6090179775976
31.946728744300923
24.960800483587356
34.325819132724384
9.487475946523876
25.241867061795357
38.16484118990381
38.7139585778999
25.763138957966536
16.31527896680605
36.36552663583739
19.540779626802433
22.776293098938492
37.48875093589594
30.610681892218654
26.201245973149227
14.637388088051512
13.57571358514947
38.082813223235966
12.756221224510206
13.200818042983137
29.095057594681016
10.512543769828678
26.195754472206705
39.27019687690549
31.883438115501868
8.937253363123551
14.256957656185069
19.692301211500045
24.779065244922517
12.372411938931283
29.818333465462416
12.561677481865644
18.088665232603024
21.97961358261718
27.88894729375962
18.47553421373798
17.650022517332413
25.497819486361678
30.190062589832728
25.95482412381297
9.32833663041246
15.245200469701384
15.593414021278129
13.975563653089996
36.810638322525826
38.93559346713537
17.215009636586352
11.879852013903282
32.13479553854662
17.310092011609797
25.815071822100556
21.08229051282576
17.498261010355524
16.898671579377748
13.36040002536899
36.66936559578132
31.185719840900845
13.18726860972995
19.133732767714275
10.053442239107676
20.22957744606329
27.874295189549525
14.014090928342265
10.096243496917067
20.251841789085052
12.702304170376891
22.725952042155313
35.23009616639044
22.781466417885234
13.018311106856418
26.42253997919833
30.777441639200852
22.358393797304746
9.745249868083194
19.33108391874913
12.1194918898252
8.58763258653795
15.560704778808148
45.54848335414212
8.571221412175468
22.717068491436386
20.12772617745869
22.898509950293292
22.050707402778325
16.40371001631254
27.969690499086287
22.528228775499908
17.679067091977995
25.292386541101358
20.443214834722127
35.865701277290654
11.97400376652006
16.046012554090535
18.877487689335776
42.4049604566699
19.802533313507134
27.67575337182399
32.552210004703866
15.161528156815693
26.85200399013269
26.019046112856536
40.39166794100115
20.97093365436621
18.882361833508945
23.54108216614197
18.645564136633098
28.49237873875125
10.675771788708836
27.255278953333097
17.724755835557904
35.018454060263416
20.947197992620083
12.909932123141951
24.927907523251804
37.177409521760644
15.013704861396615
20.73349230009139
16.117824406701196
34.04559830803407
26.655444261315836
21.512062300946575
25.336677540120846
22.294514168341863
11.664155701989309
12.293637890863687
14.400207934234999
41.27695362379036
17.278579305569128
20.861938746668095
36.22046054880715
25.70419673074721
17.210508768075435
26.53984924865473
16.195296767246866
17.969652540797977
18.134286968095186
36.196513695810836
61.28184327749443
17.329026230236853
33.77223103475772
36.440779112119344
32.07779778466525
26.902592609692675
11.154673336041764
14.197427959086772
16.62918578120426
10.077682406195468
35.601755707927055
40.02071830076056
10.716526018995777
46.538098014316425
24.642378697670008
20.178914498493906
13.732191365826843
23.355716061589344
33.614943220879795
15.296469568483676
40.80063714833783
18.53139819132077
27.83881109782013
21.62914852404645
33.98372411973298
19.855532328072492
20.452593481223104
15.80440153561367
14.988197079348959
27.042854863491563
29.434254633849218
11.542184137852352
21.445540948892095
15.65653774585813
22.935465688556697
22.892730969627877
19.30993872216935
19.18288474736692
22.250888098678658
42.830888872461784
33.83065264796266
24.95992408365637
35.52245141138595
26.867133433275548
25.476062573902297
23.953168989039455
36.434045513530286
15.674557418355883
22.631617289312526
17.632985786441502
34.349774422021554
32.607276009131844
11.199769937370032
32.501336421304536
29.44427053123844
22.135025420939662
24.04832596311681
24.623348267059512
23.11519913424565
37.72979363690509
24.324740651289154
11.355282740780353
26.788718308624926
33.64165250591413
17.67196879581907
26.680213261496654
9.77561556146381
21.76099960220073
25.896216646216974
20.726236590906577
28.69248504782914
16.00896010049492
23.926468226601134
15.805929677877486
11.217232902040882
43.558394298313
15.735949752783535
8.77570761080462
23.158276824965597
22.457775939864923
8.311071385322416
35.0541535059377
26.014121361871506
34.29464060718612
18.3031641835391
10.109312239524302
25.09686648285309
12.442615587988088
27.171497848167597
33.31261623091743
24.30610746386507
21.846591340444597
27.08305585270493
24.69306310844308
29.17601234073893
28.636103876414214
27.70491950949739
21.02228952324691
13.533158178114688
13.414219856429483
12.180349333441114
27.02911354270729
9.837335947695673
17.842553185620787
14.81431511480609
29.848613794637146
21.920838650392866
22.69380763077511
45.616545144659085
21.443944726034243
19.19604625521424
12.111778150778203
27.372147031492787
36.66611017022999
16.755632501978017
22.746180870016474
7.479603344978384
