65603.17001475822
52900.66743914702
42650.07883784707
32998.11269911967
26359.057364685566
20114.395904839163
15130.563083723311
11762.540226448617
8683.16185624558
6314.337970119424
4739.130821503882
3477.7583996357125
2516.5825514578037
1733.9111085418767
1114.1340909469855
649.1558356020889
459.2934418612512
232.92216004621983
91.8412278260184
33.34535557737411
16.037664828799596
36.78670375339883
70.15050660237462
147.37960752858265
190.6262687923797
266.456282603033
337.3951145012651
392.3639546783867
430.70607736129284
463.86635291175213
515.0994414771427
538.4745175698797
504.13446710599385
517.6166615430097
516.4066825662618
548.4023354606703
493.54761141326486
478.76751326183114
420.4249441759664
403.97737516596123
344.91415424057067
298.8139292196156
276.86183341684904
249.30700729598635
204.44785373300093
195.21346428238763
142.1820693281499
128.23804153290348
84.43142771537562
70.2381821161109
50.80574564994077
38.47825541890386
30.415456313727272
33.628188927663075
17.0926882607281
16.02960997052869
25.194220496128832
6.402250983368944
9.246387455527323
18.102238375106307
17.450536810406636
34.2924636627871
15.407809513149118
19.081768319152065
13.717440644254822
28.625154592500557
46.74045945560912
19.572969646743225
21.03652843967098
35.22917885853705
24.031804942664632
22.72110404102059
21.65766411346595
38.780722580855965
27.63986714364634
14.500025736510311
30.195915994775202
14.049411236587217
18.392385409559985
21.57534040479599
15.953692422098506
27.091236264156265
8.94234936423456
17.86982588154129
11.92301126646495
18.0449171855145
14.600752467936475
14.117933209870486
19.66685451496127
9.750660006676473
12.044467366093448
12.715891343004628
17.92839125866986
16.551768565812903
19.913973574473438
19.61417009672381
14.403845121667597
8.720861073158071
11.72733616180532
11.957438134244759
10.795149174113181
24.072838612434754
30.003162162870844
21.6237556792553
9.616500178249057
15.994007414580544
7.444250381707784
14.448499863524086
20.485512405958715
26.550725490978966
24.151420682242016
21.42339217235363
19.714170537075628
10.70357729629315
17.73652827142394
12.627749323599922
28.717758304707136
13.578130384766046
25.555959471825336
18.03966873933402
14.889569669287026
18.92215540244302
21.146334905941387
12.958024301099352
7.946023070016938
18.8666798789571
13.242597651601013
16.390122326499267
12.07012204624277
12.797788076916468
16.92922024459749
22.65583363691809
17.056136974942017
13.471557048307698
13.021065354393233
28.88043574489927
19.259962681298536
11.780266428192569
19.084671228896514
20.12652427195866
15.730567147307923
22.078518692463007
10.660313701844402
10.034141369145976
14.339896915034393
17.39976889052621
26.500971156404553
9.399703135553313
16.76106168210288
20.952503542801384
24.465142640354948
15.546995612239794
11.612217114400215
9.553961498495449
11.509763299977008
9.858813218266715
18.126201104029814
24.86942841265401
11.772180275145883
12.323377826431434
19.57396505293322
14.397974449870887
13.5905397694525
10.329265355027745
19.70256210370315
18.0838552777264
17.20151190183938
12.601047619739298
13.972375674185
20.551990897974314
15.655776923922657
15.692274624658879
33.332961295700635
15.709763037595334
24.88240103580371
16.765468645054955
10.386315683954571
14.209207537619884
20.706024729452892
25.20596321078688
23.250930001683834
15.34708849546985
21.610514934415225
9.167014763791526
7.825821373881767
13.050298243892183
16.874725438688984
8.437442134865652
10.325420584227416
9.067451991981578
15.247679069421425
15.153094265844016
17.377131475053666
11.800021814371583
8.651418300856394
16.998847233810793
21.2341782772466
21.441624742247107
14.165910077138452
18.62220662230331
20.60401732233885
8.909526278553841
17.788994275268028
16.757545061623663
14.547241316817846
10.2751093068169
17.577912813582707
11.594780412815096
10.004093906751399
10.3534024981332
6.7578689761895
7.27926728515292
9.692244167686157
11.384180824124355
14.285456092935938
17.41560521283186
8.035823724985983
15.821430058621718
6.689614796206646
20.96262875325527
17.704389106511076
15.997606399317807
12.473485937769818
12.551867047068802
7.7151414943239764
16.605117090154696
14.713782889528156
16.841430387047897
14.95138818356548
18.373995959278826
17.212233287380002
7.434963513939301
12.030362221104808
10.314029835296484
23.832615089076327
6.413458870732665
18.450886979582425
21.23258278352316
14.689275205675123
13.196891822694893
17.557015362020653
22.762646278759398
23.68126732861985
12.431744545213267
16.838569105942955
12.902247813745692
14.084064320182845
14.041539373026149
10.8712010420602
19.104464725243314
28.08838297502726
10.969788443878727
10.875434885900784
17.05069228799673
15.355112918788617
6.115270340458356
14.589098396061228
15.63039166843275
12.25919757250959
11.636575623896748
13.87083960860614
10.004072411480553
15.935902046082928
10.809437392636248
8.386967078474154
15.387095622191957
14.170894042021192
24.305921134113184
22.5020961558642
18.830403761262165
19.577231932991925
23.126017908805345
12.579152427871382
16.545762798286095
14.483427470553295
13.704157733466197
9.851179656753887
17.10762210406739
15.725709018632777
19.576201902064984
10.838865807131162
5.729695671655788
10.132208979107135
16.839727245694043
18.1099682693262
18.132078429910177
22.91475194279311
25.7579380166637
12.972743125681873
24.74666845002561
20.315893111735225
18.49124228706906
22.432891082234782
19.71334805779522
9.20100321731862
8.53029600131785
19.989227566002622
17.53822007570932
19.25489306762166
26.390924599436982
15.017633014789489
20.082626606415758
16.082978086187
20.211102812400107
16.807089208973164
9.591178584400312
13.517948833967102
24.705009460805723
17.610423885490114
11.402861262393687
17.24256735470255
15.523315520253671
10.652075510344213
17.082329950131978
19.91327205346749
20.095290176169772
18.826760818778638
13.794039573384712
14.389184858059622
12.618011327514278
16.582049276440188
14.11511178444167
28.20588099224082
14.83025118692344
12.319889297555186
18.04635496108104
17.11155742010232
16.771371431059272
14.142347838211142
16.60654332936453
15.611148148467674
15.830368778637856
14.697396293010684
12.73505656046641
10.928796527386481
11.823372127985614
12.061676415079315
13.634622272619321
14.643609243790944
26.974575875402735
14.141768521951937
16.115485671322734
12.729013478196604
9.243808643435633
13.649917742994433
16.687970922068075
25.203852770470547
22.64268066889125
7.920714903167841
20.237910202206262
18.621810720911213
18.37899511577353
9.069043914156518
12.026016042691074
19.658330065479998
9.25699909359421
21.757100816084428
15.210566279538137
13.100143875428294
11.493995572737404
20.746937787543615
11.811161161001449
16.098446463981038
9.998152178936364
20.901571429799333
27.720724319665834
11.12589050491809
16.242304279049076
24.939765846208513
26.14630256524958
20.87596617135804
9.365439393830767
9.897506225898962
10.858349987768756
8.4037173530145
11.49422520236963
16.08528641000432
14.509425896877437
10.251133882763513
20.990958653863373
11.696080561454544
23.80731480724434
21.378269520891198
11.773138750868519
11.50438310557511
29.564147875236202
23.173031067022855
25.858869586228224
26.607485523854308
15.010235568523672
13.920987631984502
10.410114060184066
16.640242373414512
11.211284505541938
6.4887111700483695
15.237699226878346
18.561116912863476
15.195066691972142
22.396187432919465
15.776875190218636
19.60684086852954
10.578923886429067
11.999403212481834
10.964201326051317
11.79754162585443
24.078402384992877
17.169583575499992
17.33816114615503
14.196728250000469
18.677330823856668
8.994153442662407
26.767477604472333
8.383864890747745
16.997046314024335
11.113594403065266
6.5347020594690965
12.414966910740313
7.93395251458045
9.685478713124965
21.048781516842194
11.882444110432616
23.841014321894217
10.940970595234283
10.4662259901492
9.97960290045011
15.985568128897107
10.809859599100015
26.881052208876767
21.8159144188931
17.149734637554722
12.858397823047337
12.624829643600762
18.774015770049026
13.260789089470796
12.235114623058749
12.152790537059092
19.569721820750065
10.853545155578177
18.26176293307383
21.21284118944155
13.580881570838372
15.936743673038537
9.383460358850517
10.527802504884198
14.380189480354954
11.402998129913481
7.36530772769855
17.061014864492012
16.848221482599175
15.876975114471009
14.030171201941993
12.804849884799188
13.730968509520835
16.125550051260728
20.09121719424616
17.899054018522794
13.895174019928211
19.37121296526178
13.344774014167657
15.055433292547328
10.092200701120076
6.1309482494281875
8.439868267231464
8.08044192977611
15.805997174896646
12.396674006819094
9.305458349064502
13.899786948950046
6.898718280985332
24.400054136390224
5.8150281025407455
18.98871313319435
8.797092531364504
8.983641160390352
19.028611698726927
22.256870396374058
19.121461677912286
29.124380858105898
11.829492872392397
28.502747820186787
20.50028507911167
16.18863091118719
13.030186052330867
16.622406092217705
21.414793883130155
13.833567678599797
24.509341585745645
22.90139519460988
20.10123569063721
12.085714000009308
6.100828691130919
17.92460306447909
22.857616305347435
12.692718292027
18.91376656413022
10.935425957645865
14.533405655151135
18.213321836568394
9.12424201134424
8.184206410388558
5.687246860374738
14.81340375516269
14.499195355191413
10.245805360302436
11.915217529297022
19.57590372043273
10.419347686395522
12.49954408189497
20.832830584760316
13.39201999365686
15.684634812072106
15.739939637630687
18.964367583520207
18.718837855119233
15.146071534337935
19.683587626310505
17.84071709898012
15.269722486666337
14.149831601530117
13.16061374529717
15.300463657816666
13.856194859968241
11.463157138770121
10.63717809368629
19.554232764878
18.016322161748636
7.584673472342724
12.728902753853532
21.454275819652405
15.926836204268527
17.264395804947405
7.828452982771666
14.345986312305383
10.86370266138769
17.100135374885518
21.355666174307263
15.937442342191844
11.284952021089628
7.912714819277689
13.622582303633285
11.807680603146933
11.654874792518156
22.5866655245914
13.822653349381998
22.650347692193016
14.36472310574341
13.740620718144186
10.780520942603966
18.951035813954835
17.01766164712187
16.04243879164788
16.954802832136945
9.573876300643558
8.562733110581327
19.400067709650042
17.245537238951986
11.41866466864113
10.542191811396167
29.06422403011043
14.949434703593353
17.286652535302355
9.815987922221481
16.933137007343614
18.95364313987484
7.973596655197646
16.649765362398124
19.012002012689013
10.445118504497316
27.728810191260443
14.125524466480826
23.686723173634338
21.471425189279742
7.941923702871626
12.807735614862922
23.24771944719949
20.79982456716539
24.10406757681786
25.4421307693163
15.971367542727489
11.040160635763415
19.56398282869066
26.27292191974149
12.076704936868255
16.18490265645583
13.530636010225628
21.26203829408453
14.908189731417043
18.69493469419655
8.933001237260886
8.343790245317548
16.448435576906935
9.398093363445707
11.959093825634163
12.758919882277606
8.66224800422496
26.869019622318095
11.890198970508962
17.39524187425139
14.032697364122788
23.02624249579119
13.114787224521878
11.039789157108808
15.224533251984104
25.259919222730748
12.79357186527053
15.20007098320284
10.678846207753912
20.747570352420333
17.99770388173607
15.552943595614058
18.03503583646178
13.25357442478989
9.626514078251803
20.71876405075322
11.745463691333622
20.973678939888458
12.581911764165396
10.943464669722859
11.031825787107778
22.205437826422582
17.703914032630383
19.898309028609376
19.640569961088154
17.94051169515142
14.074980274862611
24.015769457386405
14.963927770913452
12.266801350379913
17.307292396829105
7.576220379153758
12.18101894289638
17.321014047553728
19.719929051935576
19.767768440514363
16.999025330550342
13.652262609606957
12.520291300227045
11.372740483599886
16.661832405620085
13.757400191584429
25.034843775772437
16.251322194451834
17.230946060171323
6.681721270478034
10.792216356729284
14.490183302046383
15.62947268125843
8.25141703118906
11.947911281290121
17.283442885729478
21.420594814625932
23.0665261397946
14.082642641707135
11.661818467096646
23.976982237344544
8.274367372894092
7.328874678761559
11.41160217705354
14.913481211388897
9.752289374768559
23.31863160512271
8.928297748279821
14.293061163603557
16.242171798917717
13.650984038756608
11.662280876764088
16.59285000689047
5.075778045594344
21.860820590105178
21.01148268209891
11.784158256674381
25.324182410776174
14.865376818900838
20.3715783619486
17.778155481480532
19.2821710203829
21.4498078369815
18.677968630302118
16.775174886366347
25.561623487836698
16.24531282512706
16.263339082708782
12.224097549196989
16.854314893932997
12.776390042134715
12.338784838349715
19.701016933732795
7.885090868167952
16.412617959174813
20.912459887042473
18.530159501651607
17.175018309849143
15.605269616412027
11.979912193821676
17.642416903112164
15.425749998961805
11.65738518299813
19.673490109217518
18.157047861864793
13.629406501418838
4.284404341652685
5.965746535319961
29.366209317885065
22.95059229909205
13.800106390945203
11.995094624407363
12.917056175693482
28.6878149578428
11.395013731254142
24.117863174044185
21.660329278329606
10.549628732625273
12.19084231575093
23.731555029858292
15.989112468359993
14.617491185989815
36.660074826573364
13.712455773815451
13.511653052983682
6.857092828207552
15.532481139414708
22.08161964851075
13.186529411548031
19.772190892562495
18.266659659861347
10.850933357490332
18.881431480215685
12.087026529051242
13.520469255805073
9.78565348646376
14.781111235215905
14.283744808485189
15.345856593047882
20.302572697366994
14.477494993548213
21.693956318495964
12.002583193129434
13.636083687213738
15.460944810509321
12.06882967061866
8.794418661883343
19.193431581541642
8.59522472794639
8.373453448355828
25.379024699843328
11.8789389727764
26.94604141465764
25.7798908532802
9.427343003197405
7.773732992339726
8.639965928382487
16.353602297054326
9.873144035140106
15.667713176569523
15.965759415801529
21.640769176918084
12.034881655902828
22.49682143380275
9.565145862694054
21.100017017322944
13.172621192365455
14.277031234767879
16.183273603347033
9.96364077302498
8.86025154140911
28.197073402768506
8.339864391042608
16.15690260691617
14.834441698066003
7.639610440881726
24.042849188140604
10.643511268344463
10.794457679571785
11.855024886579356
11.73392963439477
17.285199029809377
22.67366606834742
15.15467431275378
9.748078300786158
15.295858852208433
12.268320156837357
20.179863106466208
11.249922227858466
26.447748838896644
17.58310022761746
9.619822686321685
11.484323371605829
16.177798192118306
12.085266407125214
12.61642003773161
17.314311159050515
8.743153659619608
20.548823451274682
11.189587009662961
17.711824389833698
12.52121020926847
14.284565488169958
10.778365927008643
11.586596026340496
14.203074874541938
12.195494514586725
12.12820884884929
22.090373062244556
29.34457873994583
16.876793802783503
26.42859711964644
19.206452583186778
10.391167685183293
16.406998042383673
14.298074291504847
12.875753138718354
24.46631057919245
18.101155616988
11.818925540782237
12.891447204319498
14.165849435466807
11.214654592856776
17.12165645086017
13.643795286969379
13.400787123070515
10.827625877003149
14.005027389469971
14.060925620470377
15.232519596826618
18.87001548332711
6.823895297969321
18.292074943265117
18.829179866084623
19.32456062266571
12.103165366140678
8.211973080332358
23.070647545716923
12.832071980552822
8.786441841873938
21.17011414227814
15.389700348393164
8.192292008379889
18.854486608483256
9.552865509158412
10.682055362276076
10.212659039709619
10.342157062004372
15.784055474446124
14.716353686411288
23.754257479231548
15.942673797943016
11.064171401119564
21.088116911929202
9.657271519004535
16.37554353032577
13.81557720734001
20.399597133737824
17.523538955514496
23.44797130287202
28.357292636882647
20.275704370133223
15.83380632007873
25.881742084735954
11.555541186554258
16.940954703958944
16.06610989137412
18.174190735265654
15.252013970111417
7.692639333937436
10.766521082986332
27.80987356793038
22.480154877895334
7.73541039820634
13.912520187848983
17.822240521316914
9.689533366837932
8.408906453834751
11.599284540476912
13.975865672355663
9.637558107608827
13.960335699958746
22.466326387823173
14.648366907355797
13.533334178467339
16.574795756708006
21.462863845910814
13.537037811879243
26.579764247146002
17.89053354364788
11.397625329393751
8.60291512888656
21.87777439054728
16.249596059454525
15.980006533542323
21.280861575169954
21.089114461799916
22.58879298961626
10.894470691037514
12.96636230170192
20.859835325311952
12.086738186235102
13.791721418103101
7.080682102105218
14.750940998986673
15.12220487034285
20.499316269888773
17.105157689904164
15.123342983437905
12.323512614824244
17.252324128697634
24.045153759415587
11.15561134159536
15.430844858065884
14.314468856044401
22.69550839025347
16.905263566835238
9.428164161317746
12.042440586973177
8.622514277293487
20.541095719471393
17.195251424617673
14.702269206546312
17.382216565039908
16.70357417585038
12.532185393530556
15.24960391117215
13.142633741044937
20.064046350071095
24.281274776675847
11.741054139197011
14.685913549742901
7.045597599331348
17.503290867654993
11.222399120327392
16.637129468943954
22.651911859486475
19.51802604914627
14.729480803811136
20.376659978281094
25.690929907999553
14.299503867961368
13.06296021788247
11.119431346069996
14.79054071066004
14.039072081172321
20.254348125498574
17.396297138891917
12.389042011372263
17.094844862741844
9.029208734192144
13.485814975570767
22.10591312353252
12.985958105579293
20.084001979596326
8.641854483342927
11.988517028291533
9.722588037844003
9.490348612652118
12.631958485545574
17.264917455842735
13.297001627390362
26.218435811790325
13.580950696621608
23.288838288298173
12.545765028706526
23.651552169317892
15.395697660933305
10.399074970930478
8.066760019969012
33.22439014375085
12.1030342979554
15.91025476601659
10.686299229570386
11.340753040385993
17.232624032331508
7.680521337759837
13.391360594038701
9.642852959468247
9.62100537860828
10.646772899467638
18.08873488470068
14.56021287997562
11.324492890732008
13.950853767816621
10.062277068919675
25.20178986760204
26.238009975502198
20.654320685580785
18.40352248727895
20.491603572591714
14.88912381590881
12.285683647675691
8.983402227409757
12.829383955212872
22.260674552762666
25.40509512372057
16.32904348861522
17.759555696529176
16.304379241054765
9.804958784517085
10.907226700288057
18.781517248851948
8.715483616769978
25.73675851483766
9.786569302331042
8.26430385929963
15.879108369769904
12.623719775988098
13.603450179735677
10.842541683911659
9.989582558017354
12.328915183857688
10.194941839892428
11.389022855332644
18.418099630468358
8.875537593643605
19.56251550299989
20.58395702754289
47.61752828708528
32.176200023360565
7.69837700882133
10.210208801620215
9.491351106609825
14.554481566671743
21.721254981109876
10.256427926967413
13.867658442833314
6.4424852419281615
20.956444861648897
19.042037639898787
7.131054969893197
20.148712977242543
15.789958207209615
10.309343203940061
12.651060936767017
13.359145848551496
18.92989034841592
11.40995923970003
12.272101217679996
8.490119959487766
21.967880988928712
11.689607181409016
20.087819118906232
12.128177441793971
23.04370854571041
12.603889465112395
13.977984258154663
22.84897462180201
7.458940130530153
16.85820016548638
18.571867938748646
12.374022714781908
18.56349142993456
9.815729290064166
17.07232715941183
15.509463040244228
12.090508673983628
27.990060302798565
18.749378753628797
24.81501313484091
20.957743352558214
11.7115872163461
12.853740002295996
21.464545555732975
7.009553843440883
12.285260560171281
20.60754359037422
9.59689417586918
23.950169038989266
10.749975087066076
17.39517567331227
16.912365391921426
15.966557392971195
12.287501967190751
12.639541216194111
12.558824557896072
9.961094655241869
27.00044032773034
18.218184091523725
23.9005170138396
20.978487405317654
20.385600293676585
13.193404369655216
16.262365313242046
9.268622802097852
20.900905788062794
8.458698509574573
11.185131452311857
23.300773017865286
19.246804657231365
25.243742138167107
10.386104532829837
19.384748906279057
15.357396868466001
9.460498387184964
15.989801646308551
24.27746401725584
8.459353818193172
10.545798333221756
15.229392780366407
12.739288331259818
13.081803644268552
11.655098334362842
8.58498468701848
12.352889156705086
12.096091816327768
10.244488385833222
12.80497697809595
30.974605003589545
19.588677696288244
12.878722761537464
14.476513482503142
9.442142031646366
19.642115315854767
24.112713071517998
17.322061247159873
10.292212146948007
22.367929733139846
17.587577887823038
9.844667519632397
9.209658651327532
11.858119674890903
10.033847609778434
8.548272627762238
13.236220655857672
9.277164022273931
25.889741812697764
19.08585943691526
17.14042000319104
20.168944017620145
12.062411286747887
8.29151952019895
31.0307849364096
7.6800984194095685
11.063210742090188
11.014130079930046
21.140179372868115
8.124667101930196
13.770962597461192
14.046819514696866
19.4765450848987
24.764059025230832
10.00588351623064
25.405036080972465
16.414511762880956
23.8794010086506
21.560910815820854
17.20598851090117
14.21612116944179
18.161283741371967
15.81274750342723
24.82326443448748
15.112501933198816
17.57741317543503
23.64745843530478
10.139149645899403
9.237217227556888
10.86637791875735
15.946705497146429
20.244912105316264
20.47723333059162
20.092197963210328
14.538991145128596
18.343274398460505
13.958774915039626
11.695080547471106
14.8997579581768
19.418801965157453
16.007281376908132
11.919088939004702
11.988423680459645
24.083415928421594
10.873568192834618
24.675093870670608
7.068083631319018
6.038297254698457
8.530864612408262
9.692827584947258
16.28846640529679
21.933083766183834
25.15875528423539
17.86492348704082
18.903284619330144
18.272585276344603
12.212526777007401
17.6899052397536
16.248836048323454
23.476670565086653
11.273022280505018
17.718084013885598
11.761958171885645
15.625516348507107
15.532158298949389
9.093264908996025
7.2300119496570865
17.573333209256724
11.470720094171998
25.55487468282827
10.529703046957142
20.485948796879754
11.539089448388351
12.097464471812005
18.85936405467181
9.197952420546509
11.1879021891057
13.488973914876162
8.256118135455214
11.995622301058685
8.866410721897186
5.873654213536877
14.860142428841705
13.774882139836764
20.99720738379335
22.550356994013846
27.7640901807353
12.79025672680832
20.131664957336262
13.52822255329148
14.934638957148508
17.91984854135595
14.420186375410434
9.044613178618572
12.993970756963325
15.57750366417463
24.80834138452087
15.823798059142325
15.468568226668584
18.27230550413149
15.882331549919332
24.11725743672007
17.042782390860555
19.22490852004408
16.475537496156978
12.276405323771538
35.583391276592366
15.355598970761925
9.839850562654744
16.540192618086298
17.804046312955
28.833107123902234
13.504251923286063
10.370536075949383
10.511247657935058
18.715172943185244
14.592757074129043
13.198972640242607
11.620359138720444
16.93794608764511
14.647308350307023
8.489663439295004
14.279466271300405
27.948230233417533
17.057010640232566
17.481163103382336
15.374116196264541
14.134088202770693
14.072160994945298
10.216774588850376
7.30159868917163
7.484519519562817
21.84254633785305
12.644180584288838
11.355154557816888
17.378016502545986
11.765183328312498
15.771412243688895
28.686071335116008
17.326418185627322
10.407810686976472
10.282283000091917
16.560949404343457
9.164252487562429
11.200475370993539
8.577303261392967
9.941385542612965
19.46631743858427
14.248939768832194
13.21046547382762
20.283443312325883
17.234685708206328
12.27624716981136
13.21578675065102
24.14461552780812
10.091446842200442
14.948379312989491
9.483948040809867
17.078931608668242
17.030463536549092
16.080628970961282
15.507997713917824
13.56418761126832
13.929600690246518
21.10100718685639
12.798344846725648
17.560717794520464
14.280575862025804
24.506563016242026
10.769189848212383
18.257623484423313
14.642422186963369
9.788750136096697
10.746932602113906
17.38463113128811
12.280471487766095
17.654982068252302
14.318551720082539
15.65110186145207
19.10948298726192
17.955069906762844
30.035922800676307
14.898658543856849
13.78813481159194
17.97325798950346
21.10698763285091
16.69466737601069
12.05751763550071
10.516110162704653
27.886353107213775
21.15552697117326
19.484792654199936
15.356530664792578
12.53673235181195
18.458303561742888
10.885505909397482
14.690858159399264
13.96871577891305
11.552233117821821
11.77619736551923
13.355954646024108
12.68006871935093
11.093393405469634
12.107417734337146
10.744043845599622
13.493249426293886
10.735190917816052
13.131938874566709
25.355821239452524
23.480096268368452
24.98828482498401
14.144704275796837
22.079945725240453
12.16372522446676
21.664250153027805
14.55721351441723
20.554777878147537
13.525821403021594
11.880996489539996
17.725986132275327
19.559507268198626
18.65414314891027
15.257916510750476
15.419128977141886
10.13573984164592
24.853537971559586
8.514082003624027
18.75941742714586
14.673699346817592
18.610274665802987
14.23772957399706
20.53791493129392
10.926860906462633
13.20520105334429
19.297807019204395
11.845874589459328
16.382399925108736
20.05018347895407
16.53276783647957
13.699479702817962
21.878908074348967
8.108002966695176
9.869905258826535
16.115219209159953
11.86760772758427
8.191267441040216
10.895261879185929
14.77786585704058
16.307466389787553
11.979411377626622
17.324411829569097
10.052448126246746
14.676768408081895
23.01161847061629
14.808948815064383
18.823012529898197
7.7992441910314225
16.591603438549846
18.546376371939534
13.687453122082832
19.516840008140317
9.314500377819469
16.769426357326974
18.524496051364185
17.066417801570314
20.287678157248138
16.318498360994006
16.68286996329206
14.896469714006292
15.398434581997286
17.3228381996954
21.41414584692307
18.00402711845565
11.251635085396288
17.420278146966016
22.245710909214104
12.314024754939904
11.470393518546864
10.934142799195984
30.2392921429959
15.48042121602029
15.4734862184226
14.886080890252796
13.336028138976234
11.345107793896405
17.612264991990177
4.782619388355121
11.543691575479786
10.479935536468336
16.61519857940091
15.495427350024274
16.008727448763256
14.214063636506788
14.692832410724582
14.24601979708189
8.014997088101563
20.61920384157582
26.008453932889825
19.082996006219417
13.75627749789582
13.19205207227335
18.31820339418782
6.891329691686983
14.043984608254597
18.304638026524277
17.84541740604211
18.961910752049977
15.444230119006717
8.236555161156758
15.223360980403857
10.80868245062397
17.25432699600583
35.032792158104456
20.62359041665724
11.839959321594486
17.774500061707315
11.833729451739265
9.766513026629415
15.526861588262022
16.744514196498557
11.479689317728615
10.869303093612835
11.968177266706153
19.443504551639865
17.12393833840529
13.777541939376967
14.442753085728494
21.521726366827167
9.793724881038898
11.34541667428558
15.87629274184572
16.865707829650333
16.492488100774263
9.893530332753505
22.36647810220763
18.005338792835328
15.413421600654248
21.145651464624052
23.256643161244458
17.19253852454001
22.24637235798878
15.199025555854389
18.291951385563213
21.91212224421248
13.814317746170367
15.327406483424985
11.62915873897564
10.98000207343981
14.083271087627608
12.275136605238359
25.646951385687988
14.348928062125452
10.673869724484174
10.61262643228263
15.4858466065523
16.63968805514161
21.57956404745486
16.030265928358816
13.897566504089786
14.86534437305588
17.03025846460343
13.906426676469064
20.04054512170081
23.348586748644117
14.490180406715206
11.521752395045299
28.87499525653349
12.483187943606474
13.87969213286801
17.66017742375259
15.476422733839762
16.414408406615205
10.542380998987774
17.588032361493113
17.524539554821274
9.889928699683201
33.27258737763361
16.84770564514712
7.532995058167404
9.833578970787904
16.84699760277944
5.8217020391422505
14.298054194738377
8.434889372275281
12.70058654544728
20.332122299934163
8.175996544615064
30.237181177369592
12.401229903113265
20.19657666418147
11.554272287615936
13.480302095534896
18.13586087791866
13.90449247085536
16.875910886588073
18.90907897309354
12.62851602482527
22.845512583992658
23.504818314267766
10.702825469548927
12.676179199213747
26.508220245818993
20.4668427797784
13.461641457296498
20.851897975142982
14.300235781567562
9.42621886337907
18.26364770397412
14.12545007541376
20.74931852631551
12.088596862411457
17.48612007526136
17.169904579635045
15.129786825321903
12.53140501708388
6.905189436629289
25.81548373024122
9.942835525534358
14.81797664739791
10.961122966196253
13.016277028930345
21.23913090503972
21.356021273739053
11.974142066667632
22.27954856795344
16.763063337079057
16.54081346159596
12.994065061366006
20.98813014339958
12.502049091475428
15.200504795122091
24.424339884928877
18.056139697411925
11.125155511592821
8.615194859773268
11.389104531663937
9.954114870335317
10.26953550492568
9.262564807964441
22.433385729791862
9.418238872562995
13.791344914078973
19.299122224181396
9.595807059811381
13.052517038569125
18.138301434449648
12.400841337412329
20.118770374347157
14.037096165246602
17.821146742305107
16.225230496416266
12.448187862563406
11.5390331161706
22.357753894382565
17.611579682895435
17.15810185136451
14.955864612514965
13.757647239021384
12.38382164234026
9.42849176276528
29.761631674382777
9.714203533718822
15.211793464187362
11.854981090655587
17.82690281629174
22.875790844532105
34.54883806258763
15.515813111574284
17.557605159533214
17.8339807544128
30.659198336766796
20.80288269485056
22.38406185734006
15.966185335770541
14.635523152832533
12.528564321300777
14.395358999038688
13.404275649118539
13.123294529428806
13.13141096326568
10.235793418031763
5.438556856635376
18.99104549343336
7.534348045059298
10.956104205034062
12.218505309171368
31.500993146669487
31.710107896169433
18.2657413039514
6.472924852229991
24.025631194055897
14.392891100741876
19.685838028498505
25.191401715195592
15.837045604139592
13.58444141771408
9.977368059653113
7.351632103602624
14.21694005936372
20.5894726467213
6.653524092695825
13.936126809103389
15.793355997190034
14.619592982028012
10.068900619798258
18.919016059918253
13.095784315557587
14.015501156188082
9.054472199512876
11.79900613901487
12.13634537585732
6.0514540704157955
12.426635048103726
17.751197969106812
13.815808388016757
22.38930707288668
14.503070758321277
21.670639435589983
12.334369179429979
17.37367514113073
14.834848789600533
24.63910465386806
18.90155690232986
8.795516908108294
16.228503263704596
11.889593465608794
16.55701793785495
18.452879940370842
14.598133589957571
22.762471648146928
18.691443895514272
8.69091446266145
6.549796137909662
17.422756771591065
12.375432906944887
5.11494175605514
11.837462461654075
15.746995813905393
27.8263738117236
8.935152837205758
11.226736897352414
12.03611710752222
13.512648291076253
14.524827935588005
25.420690081387505
14.530439167153325
14.661724286947516
28.13253097851715
18.696576010637152
13.626147280265094
10.639843291031587
11.424647626308913
14.902143450756563
21.910527674301512
24.751566832559195
11.19636482508177
14.125883526453386
24.48953380376521
16.004703737139362
4.994209009025348
13.157521926987597
19.537703084870536
12.392787953113485
22.049096750105495
9.75749261287536
12.011996237307168
8.865074057727156
12.717141912075714
18.102022183265927
