4272.42918557045
3667.6635590020674
3691.9488274427285
3630.2406429438006
3758.7594182187813
3342.852217629436
3011.3348302064514
3082.9048230414573
2900.327492592147
2687.1194200718874
2483.808585221624
2355.541386915343
2349.3601692284606
1954.6540049904656
2134.8627270985144
1851.353742771184
1608.6460405928592
1726.2550928564497
1524.0322958959034
1381.285762894621
1153.146137702198
1337.8588977337242
1153.6719955612973
822.7700056335166
795.3330500030233
786.4735367298529
628.8818391688037
678.998697554481
587.728543048247
713.1896140993981
633.7758771468505
546.6056331381388
473.7961162178681
423.1606937601059
375.2224873700334
328.34543372635335
358.22251978505034
320.7200798272238
327.237316187563
262.43538488725
194.55637372607958
224.3264468185398
195.2785006150923
135.75249943683647
154.61949771212298
165.56475273366084
123.08501914987234
179.00367561836973
104.84166919759986
104.55260397950849
117.11161232722564
116.24147123040748
112.82787720581584
75.09479408911787
86.56749030635976
99.50721735676514
80.22747254278791
84.6708983316174
99.82941576134175
73.75592100161028
62.81609661496211
68.44232877673149
67.25749263321555
104.08287108668472
175.6400718022972
68.42932445322374
87.66519554362424
69.7849299875308
131.65304518912987
97.01121354015682
101.23208610440867
56.08046243207618
113.12899540554619
59.519888907392826
134.30231295743022
67.95999462269017
92.055247608009
89.76818855042026
83.8315231966278
61.04365773871099
159.90211214936957
53.27119332147774
75.24849951612845
84.02423357681106
74.79482902341574
66.60928558729219
75.27995185820264
76.80228537363392
103.00215379550292
93.88608843171569
84.1405246747524
54.012701274010176
62.38465985483109
76.44335699343455
108.84271438424446
100.24055221990666
81.35809293902312
150.5828884464286
83.4976778595604
76.86468275292175
73.97271397633165
61.666031989502244
92.45852468232825
69.18669775868642
139.4614164123092
76.95200141671343
102.01177681140479
119.58452302330065
118.13707135496641
112.05643388382529
157.14018046490307
85.38769980537042
107.35640092154392
79.82766192127553
101.0835986407484
94.59977436268463
80.06840629088975
69.90743664898663
50.24465357891065
81.81707054819589
107.07447411062365
112.70542429879218
72.70941764632674
102.80820303306616
89.74669882659799
71.90843063557966
91.83882882860073
109.3532718984656
82.71301075674708
129.69900192487285
130.59637754993466
84.84540628281798
70.04327596684917
125.01141678660017
148.68222904604173
105.06631629801223
104.51545885479445
131.21052488046078
124.70824364067352
101.60188054785544
50.08965538648232
93.50052470772307
82.8270654278403
76.06093210144623
92.48884290500429
72.62931211755165
91.10336874519555
105.66436845288602
124.1806886743196
90.09030381721621
114.71880703395601
69.5256705153069
147.2459190959089
184.56475707475647
104.66686662499394
91.00699069430334
103.91199350178158
105.35376716843325
69.19121024037646
103.70585700831143
111.22700151535025
113.37558576365983
98.4128943042737
133.57234866966004
103.660033958287
91.6207733810514
108.35205263869514
94.96991785790831
118.16490058587692
112.82225841460316
120.17799494225963
67.40068520712661
108.32933383966838
67.04282884940464
107.93409805746373
122.6094174841129
55.17223754379151
118.57794771903161
83.79387231759497
81.42600897240138
92.23237072877914
85.47763777049006
135.27074225386454
81.94649251957041
96.32822810201428
72.54830898127163
79.61020268304793
88.58555595404974
96.81129035549858
130.84314501317613
85.73698425397643
83.54750316440239
107.79693165198638
102.7962000886698
93.73606796501942
80.60595440333181
79.8108440755862
74.82291197890807
85.86929855332527
92.04059604354188
59.98928746779513
92.65139363347056
66.40822117659275
71.36083327643499
131.56807308850057
75.44465586458425
154.86089537170454
93.25419950709036
64.78708027935882
56.32508380793981
63.546099470769
92.29640871831548
98.26173615147808
75.26489455275976
56.35443911463949
121.38936570519985
131.00888564277503
73.00143184032719
134.06180858090687
94.73075279595867
89.32555044422247
91.03812275310278
59.71752011255601
110.19807846998353
76.99494830263056
116.39227065565865
78.14978766780546
87.48290514583444
90.84868398523376
103.47226210655704
101.94049462295958
88.66745648048568
84.90102304378253
124.94035396471257
117.14181967762511
100.3289217539072
123.67277929243731
88.80036625383342
95.03196427073047
100.71369012974698
67.83753427845159
60.490249137409876
131.92845550559517
70.16971443625216
95.45471431998781
172.75942091240708
79.29341984217604
163.40727905327682
65.14987956760449
80.98733687325534
96.09364290908292
127.2611690003508
94.92177821215884
85.64011347648487
119.44663516920248
110.60943520976537
70.21142590731729
122.61702967720663
166.76307928128801
98.72031464327074
63.17589506863662
84.7444313342013
64.78555204781779
74.23823969528146
79.26544148287647
72.53153057277929
99.59561793406301
121.17975671611944
60.0269983214887
82.24870043231417
81.49747878168047
94.78896429131129
93.28225041224253
121.37314402986765
89.12217409993728
84.82842885994441
83.44066215367118
59.15523029507966
60.115653068489685
72.32637881187924
100.4203309549862
286.5471240701472
77.43412579438913
108.60400978268044
64.16031828880173
131.37150232634784
134.35189809851448
75.78880212351093
99.74859313957684
64.51760600816282
102.86847475822796
83.08617599975815
65.57907212003923
74.2758525281382
78.16529210875959
81.59505838516037
114.25845286630005
78.86763417365854
93.86160266131299
63.39947838331267
74.42191614279126
96.94237988524563
82.34178682676384
95.83139186260313
90.9385800124417
73.60513053101047
155.69879789312827
69.01547307870803
160.64266707158708
160.4688442431368
73.30244036142491
88.26588074818982
71.72812324775524
104.4228873238811
62.807152995721694
77.24793031558072
89.64374503407167
73.35500173165562
112.50393806812102
103.50543661485376
87.04653697278162
135.45923269676504
73.63042057329494
78.09457979086879
103.81506022025602
123.37951502549949
74.99350048455821
109.90590645310188
94.87363053378522
77.8308734159441
102.018652618136
85.01948772953601
83.80499869334191
69.88409508685805
136.65556755512637
110.47528240075243
83.8013847132641
67.39291225192865
89.41388755109206
65.48078953315104
58.976868234215
67.49896695134646
52.2965182587948
92.77244727173293
131.8091312455924
64.23574364658369
105.91279960713331
144.6890334178478
111.47554642946042
82.41964354246602
66.8807735837136
120.5256545520905
64.2487823479942
80.33465434693774
86.94199497277178
89.46385285523158
73.46224785972815
96.72065130667409
93.79312990584467
57.014938684784546
127.56619554807666
59.9165075046856
108.49697184280028
138.95171464556006
105.7517831430463
108.3992876547953
107.3694970915373
69.10837987229
81.96470063620521
80.8501935869336
60.36466443461013
80.17857122156465
100.66704566766806
66.96542894115738
112.72529821982906
57.95671709007381
119.80328002704275
115.4304783443586
79.68047444110243
98.18849878310392
86.33296819490455
120.67871146321112
100.06657769085604
140.71487202008484
113.63925644698698
73.76920458738161
85.67919564516102
76.52548294844064
93.91610316577214
70.3417182421232
81.13755839332471
49.394838223075325
86.74105931300372
76.36412423667325
70.56208103387884
137.43948708412552
140.99826048930274
91.8698082427269
173.0651485532149
102.10145796619159
62.621167346656094
78.16838649077563
109.14756778165892
95.37477342896223
62.81817108782246
120.91417827495994
83.55495040982387
71.75297554181998
75.16575621444453
101.91890435055369
84.34977075216106
91.85279142488156
88.34331995700818
102.15391408722311
126.37837295982999
77.61915454375668
61.019082652741965
128.7463744479552
100.19288473401275
70.69065863918178
96.77882449991012
71.69774346590197
99.01242531483342
102.53265746601701
90.9034865398995
109.59766167278168
66.80545319360102
117.38778623183617
46.684144940987174
74.77474727523777
60.34634013903744
124.03089782751444
139.9065393924111
64.12670637808084
58.84968059380946
86.84767952217872
90.92020061785719
109.58894007266504
78.67163580622854
48.25822876858892
82.36557954233349
91.46983527275894
79.60485801253104
114.8200958405164
70.3964910448317
107.55359182347573
81.08668839788352
64.00339713074952
124.82493759124125
104.20390270232096
89.80488826560521
75.11200620834153
77.96043240555288
76.94553508112661
96.91469064025148
75.31348141644439
87.98282326308885
125.50366744340926
60.34703080377118
88.33338329313682
121.71990170065759
105.62795158491949
69.12228702224617
76.0464789820461
126.15598821000162
128.4034546709154
117.57293838889586
158.19463330150205
76.27262418850475
98.98067724339228
97.80006200692297
133.89817884462224
115.76794751456532
125.29017378374017
100.29699976357504
67.95188610757556
119.55861455397299
92.76118558968395
147.46968559392022
99.83238180422026
86.09107777234591
114.42161485157958
79.2703603384264
138.7410040015065
69.07684624771505
78.82118311981462
115.01945619424599
73.74535523684635
112.70268449704402
84.23019284971888
117.32076263216433
70.3547511847064
85.7911943632233
58.557741237727804
98.11491936693004
81.77295468698756
82.25623673542356
84.4705460566206
155.48601578877486
102.90566558631149
83.0520863156623
71.69908844415869
97.00973637067872
107.70502380862308
169.71647490183813
104.02398189155575
107.38007771152023
80.80223015829725
73.79347719255553
107.79168220488853
109.82904246048784
95.70960998349021
135.37546405793103
82.22180744440625
128.0557386885379
101.62561398325862
80.74082891356801
76.60786504027563
93.27859956218761
60.49429374637595
102.98337094046848
118.66911600698977
147.73201773239637
95.0321631939267
114.21804283305575
75.57763621936674
62.053522717701085
100.16369569307312
78.24703343707381
68.52781796585346
63.532162921742355
67.73975314589377
75.79828890760896
128.57859774239486
103.83470500640222
77.74189099934765
101.43628228710901
138.6153291983523
124.00071289418176
73.0194545895214
65.29189550568846
104.11465319555514
81.09614858755873
80.34904637852998
99.31847209505707
117.36012945000152
102.89606309909591
131.59665057952458
56.02419267411401
84.56284831201954
147.07777988899383
88.82500496806762
109.59225819630258
133.84835337617173
100.64462356720625
69.67162659207415
98.35151031039068
73.92441085363511
75.96655107942318
79.38186698901065
155.6962930656875
85.50594840279402
123.51144643942702
64.5249422181661
104.20868624825937
156.34143704263136
104.38015189959648
50.626185143245
72.1519145570815
71.14041317313747
63.1288569450859
88.24822035102628
132.69040937690534
86.55329349071059
83.43665293277364
109.49104686172784
90.544327346665
74.61042126998287
102.7036776909696
72.1358701895072
99.4330245135199
109.48440244213494
88.17270944368458
83.28058134468523
158.89724360680427
103.2486620753061
69.75955289269179
133.72261757146225
76.00249287567875
102.56886974938297
98.4148172690041
65.401220569815
81.49782011014408
158.22202620841185
94.0001459204115
129.71077016479063
64.61521618734207
71.59280151479315
83.08082702278983
45.79292198363094
131.23370991877874
82.74915555910083
69.27321242087082
61.313358777505776
69.80314025740273
86.70458879676292
78.56632493534819
105.06286904236278
85.17951723217355
143.60507899442817
119.1928428511305
74.08259528114193
86.81364905875226
71.43306181856883
115.6874499802056
64.68362561600905
68.15274024047238
128.55896901676815
128.25020194019618
91.89399741713362
70.16806541939856
115.3834916523607
109.84019505676987
51.354314471033504
82.80343880850798
91.97437697835788
129.36993990740945
67.03644623435376
89.3399254806058
73.89398485943191
88.85803542838897
134.2491254376765
59.26304762910936
79.31913243472852
59.09712692896323
90.20997968106464
67.0724269368571
70.54121234644745
111.54750649616274
131.55128394245205
151.07160187051073
118.34327240618808
74.33703452915445
78.88224379700036
67.00093420735887
96.24007892009706
94.93260912108889
105.19450835387528
89.20644189347142
91.0568211569869
97.30293824474144
87.1541270792863
75.56596926952905
123.90488600456723
64.47899693486764
78.41462673328945
147.02394162450406
111.00900784581845
72.17942443403358
68.8221649784655
136.45776766854522
104.788539053355
92.02519649304762
81.59007344221432
129.67733796008832
92.76893866057245
79.82397789574198
88.08446983134736
79.97659185384451
63.6103906312272
103.27744789899293
94.02035159365049
63.28639420273965
109.17102414247435
72.09021620992104
66.65546642248226
44.54829350949564
55.87506975737988
121.59744527391476
91.85114666444197
56.29999011013774
58.456625930038044
118.96060310735928
97.67364296694478
209.8292057284509
111.9412173627683
162.6389365002054
80.8195976664599
117.25253779799635
80.83786771903574
115.06926196727191
92.17542686041706
81.27445555740542
82.96451208625818
68.53551014753427
147.4330958810678
88.760481156795
88.318284889618
95.3200863807781
52.64251525427851
72.99240802651657
177.59094462517794
66.75676930615246
120.58716579415515
78.7124806139448
103.00104443346063
73.49064881802782
95.92506066959704
49.396138798210934
87.54040645585215
96.9349377289038
93.26100569514678
80.64324624359202
200.50226577925855
144.3936743193541
60.095940834384166
63.43548343734553
62.97666063557509
120.07191464445583
71.1886911638016
132.81148295528493
72.50516244094517
58.28573447830432
89.73292415980397
68.68914189657332
66.34058457218724
70.94278022901905
67.7137714220278
153.83410109932495
149.73837111132292
97.00633292689263
69.74955909173534
111.62527114598817
99.16196940008713
85.68123251061556
78.49543884522497
100.31066331152067
67.27445712086458
100.38038651892482
131.9412752069428
94.10810337338702
77.91071264707928
75.28902371701747
77.65792796350702
105.35547264861704
75.2239921381649
114.26716820737957
73.55962979789074
99.42208784143459
140.6068745751754
63.38125607544971
76.71786334737675
72.85414172366741
72.07707963719002
103.25317658828608
130.470336748929
114.59924383206588
136.50200142272902
78.6008321721119
135.34656778453063
59.69901717369576
135.31974926883225
70.6490744456228
68.45820661937513
78.61705962859128
109.54812191071537
54.06600309110811
75.66020857322307
194.25413775116195
145.2114223962055
51.740306126514376
62.08504713353704
82.95513346737097
67.77496197318581
79.31695632093265
144.36905678711943
68.95000820260545
108.44059096347563
79.55989823045167
55.26349239815136
113.39734473556484
75.90206424292529
106.38103261859682
84.80313675715101
71.05550672337831
108.56795272685365
109.6357317187475
102.0991188847903
122.6380877121787
243.63695173718565
74.4970809406175
91.9932583134727
75.75433112482712
170.84796433377284
145.87595774563238
83.95228426389376
112.6788898988255
94.88933625310668
82.69103054582374
113.48379651156952
137.39360107091107
91.0922254964377
131.57444319631384
68.08714144961765
103.1516517086164
66.54671451800034
87.28660610634643
88.16572343165898
111.55584778796239
83.56427531270447
94.77356272200353
79.30744351592097
92.41584635010398
131.5649406599653
94.27395051040017
142.4788564173052
94.30590713494776
104.48425881448445
106.60387094511859
82.03086564145096
74.16651992267502
87.65590590828631
120.24441438704174
60.66194580524081
67.65808588163364
83.6057849386089
77.93928120119877
94.57648987212788
104.323231050463
147.97475400330075
64.0282332219281
64.19688041174733
72.24623391125165
83.39252011138831
98.80268313521643
60.927708781286036
89.87078066264436
60.419849021323714
133.92815406569557
112.03914531643007
57.08495446968704
80.61013083842205
92.01533717044182
95.95088956004933
70.08892098110553
41.3212212819265
148.22420994108145
104.30158325240122
151.20675199075004
108.12149214645413
89.42029547411737
124.00649353505035
98.52341487792295
69.86704355692902
83.15049216982929
103.79403995847933
82.30819686262411
98.65056532589918
114.49097407048106
79.46754414614034
123.95952378097756
56.9943729452175
147.21436449822363
63.23421804737627
106.12108818491315
101.58191886395164
101.73233493379037
93.91680598102418
94.64366182807422
127.38764677270231
60.787434769216766
91.61813184180365
87.30941840552575
90.54444145114296
86.62243088286257
108.08253805158886
95.98567201549822
137.7413992099853
93.87518002084434
78.30826067835905
67.03009394074527
88.06628612781587
103.63801406588719
64.91871929290419
50.55633602394357
73.2524324642129
79.88995397853093
114.90946844432905
122.72882472598683
116.76114395936801
61.49912748477714
89.2814891977919
126.95258612073175
90.12555107330994
107.11294013755371
78.54126821444774
69.33531026778873
68.08627882749711
139.53477166475932
67.836588789064
95.27463150624004
149.0294814293398
72.89767553810024
108.32612378135467
112.76025055701433
73.46501867028066
107.65038120975869
105.75816342657977
89.64496332687
155.39126204322147
96.27029891126465
79.38444306080524
91.48146676564409
78.23999660365787
78.32567087045643
64.6580185690544
113.27223481413826
97.46547078194926
96.67044055358235
98.08087101391563
114.82060287705585
102.34394651181691
81.08351274138535
92.13202679164199
111.52567397735751
91.63998249913392
97.01097807331836
82.1181233335321
67.62280962089055
88.80941435513606
131.24636636194512
78.50241415075355
114.14233460209864
119.68580077987671
89.16835053541091
121.8450603154926
80.85718590440726
74.13187818841222
94.86876771693915
65.04961593411697
86.64751344086828
69.28716504307117
85.50935327954015
88.3792199322093
99.01265572104293
109.66370894092181
167.4807701938584
111.88618855728534
73.04411891479845
79.10138837900492
83.12924345118107
124.25160373357727
100.91777196115024
76.8854585259272
73.20804979061249
73.2441243299474
68.6469790292865
89.38798909461696
86.60454107324654
135.6819596467221
94.54502058364322
67.59727539722947
90.19415923145662
106.18345753605504
142.0500325658147
162.56560619333538
103.42425986284826
83.91156477822352
76.24656430204323
78.91981902499798
63.566994338220304
73.13112452608013
89.57836554020079
60.068515788390584
103.24027967038114
69.12359983884569
99.50187893907831
59.582750110541284
109.91472904431299
84.2087498691029
120.72195238893862
88.76702251786398
80.47558226127889
113.70795424252047
90.83617400756143
96.04090300584765
106.35213778490254
136.61288492124427
103.01681248707976
98.95749516034205
100.98264137432929
62.40369992941325
83.20621578090393
92.00206821958933
147.9302882401853
67.02685750713219
145.90348243693887
89.365730209251
69.35679262330878
84.83573731896749
137.7760677133016
109.71884829963948
109.90638181172552
68.68419147241784
70.8202812128359
82.59963718043531
73.90653639312657
140.52188913057864
79.20872049042976
78.43521338287702
84.17836545231452
67.15444389330692
46.70269861589814
98.10161294670968
116.90986751067653
109.8718987030544
84.54887078390723
68.34151954199828
86.48200273161933
153.33416314592466
46.12053664232852
62.74377925588911
165.05747066668508
111.17461350974547
126.72692402207093
137.57064007037388
76.83566164416402
82.04533979315521
64.67538090716558
115.68162868670562
84.23042282883884
86.44609413029744
147.36015168532043
72.77329241205686
68.69214937567759
82.33862499835621
152.86771661413795
131.58583945111477
67.73224901027596
100.55520144236871
74.04597178184824
64.5756760488006
73.94014123307825
54.760221376368065
68.76427569943226
69.71511735157333
143.21029432076972
133.82123538270764
81.67514574612531
101.53365726609806
80.83599344836902
88.34700088019687
74.70511598239446
79.20786466021904
58.82966779633484
115.96077499538247
70.57794908040925
75.68417507449267
115.72130080663877
131.779573751175
123.73275520178628
118.7903757563896
87.55313215222924
57.73672852732281
108.93414450566503
119.9971386647678
120.58904591198103
75.63630390889547
53.60625474673171
76.47942474514873
115.24853697955413
57.63611948994581
86.11074372914761
80.58749735697207
97.08740613877434
133.87618054085476
65.60298679283684
125.54634768607225
95.26748130505771
87.6399041338551
69.74504029023507
127.89357759202156
99.09668216525283
148.09357797662108
86.67706811593798
134.88348581813653
107.20056489860468
75.59461070430235
94.65329602264295
57.9932713364633
97.0972269121291
99.41042523622673
115.908460726337
65.16422229746264
108.92510763497458
67.70314182437366
78.40230160978673
100.63387981355186
60.30670919619362
65.22496243114506
78.51537851169451
158.2460268419925
90.87042544564873
69.26591876419053
96.91341403344057
88.28100532971172
145.80563718425665
89.98674398730846
76.00803799164902
97.40352045524004
84.89514640678688
79.37355041023874
74.73973880028052
128.83571882415973
79.77130761854974
90.90082383406201
82.10497112272242
66.98163514482987
103.88694061662295
83.09441531873742
50.57114765055902
108.16873506038378
74.78977035692931
60.67422875177879
90.05041265569108
68.27628809148213
75.11740187415444
121.07382232239085
73.11405360882752
73.01315699692245
81.7026281513549
98.87274987874794
116.84443535883273
67.03375089709589
135.3839786585347
62.612608599996776
121.71652971968567
90.8476761107056
146.2026836866873
92.61820484979954
65.14979287410276
128.12170167561814
84.05597466385446
129.70081332126898
99.14055252528857
83.57930811989353
64.62044850790171
65.67559186893686
149.53004993462102
57.77694069208123
116.40744810778725
74.5881018339602
54.5460245968963
85.31685132355923
86.77578057278187
78.4530803819459
78.98101636954577
107.84987039965428
112.52608669197468
182.6351373402299
93.98342257404092
90.41646444978535
117.8176147041565
76.47703948167475
64.74331204520966
71.20260805200867
117.23039881755808
101.59492244080262
92.82450652256479
120.00210935801294
126.05068648678935
109.95170888471073
73.35901289901999
122.73122567180685
107.33633150027622
107.84585953950314
111.24710660179964
95.60178296192436
97.11882129191517
123.63361156093956
83.1257597996997
81.52583720943102
88.95557609494213
112.04617135062608
92.86338009736946
152.99518633607943
59.22334120884811
90.65292149135946
87.01629720639346
97.23974014981859
98.34130852158793
85.57629932594048
152.51701842047626
103.25220269345989
74.52942075238778
72.83522409509916
108.94864421237551
104.33233407393756
63.889391124125275
102.38807499758929
111.07380801243376
67.20637848780916
109.61655632737362
100.40353972213074
84.56984659853877
62.95868046576093
117.76875785174046
61.05217860001642
78.85778372782379
73.83288599851352
76.01591583846951
80.73755589176244
190.16087203936613
66.11034301901867
73.0549387730053
99.69390397853378
91.66513405679876
60.47309661210593
124.5626838063002
74.10338191204751
94.19580126105896
93.08654889279933
105.04597519303202
92.23793370639012
121.57320666980087
149.8976560932501
126.48666432427946
100.01530620886408
88.96937449081501
112.14335836322063
100.8525102228753
113.5447007357972
58.8087206512315
163.39918085647923
118.4336160732559
89.85421714460725
85.15650982644512
86.50251552728764
80.53412107740093
88.17009529587381
68.84877700385675
82.33260089331091
83.44176652217159
79.6345232276367
80.2060334377047
66.4883397988255
146.90326172395132
96.11322982789736
94.11385862579196
97.57399029903539
106.10556611851128
99.97321471910234
97.93048531314913
96.57850190097534
95.88699947297418
58.20975814702869
62.96336287730864
81.55383246305948
154.4789607526038
77.56935863403038
94.3045474908482
73.91099283638506
65.74845679636223
82.35654024578642
87.15825460437657
158.93424166290362
69.45788285472396
81.06640087443422
80.59607079805625
69.9341094742502
148.7649994403658
121.48909428727781
72.09777377085713
117.7496458310145
93.00420621319806
51.131250737775034
99.23016624723009
59.72544542365086
67.48452713323796
94.80761761196148
102.40946630983285
120.56032686139861
106.33707153351841
61.65758130323231
81.16498339312396
87.37219922933375
64.17694223379908
116.71501866143106
84.48186247283489
109.2524798662661
108.73268304452822
77.01551130338486
104.39899956013186
103.6677068322865
109.68825948418764
139.35401022991854
66.28709092001563
100.63812009811019
105.38578144411997
58.5410728708195
91.4485525345229
103.54747219663898
81.69348580681013
80.48659079732904
121.00918805069414
95.2328743807021
66.71943223337708
133.38518204981798
79.95623645669413
93.09177898758618
111.71024781289141
120.74576236203953
119.26647425900867
167.89065342077757
90.28027240389605
80.56105669694487
170.15151039908292
106.30918405045853
108.77470877092132
91.75793572938969
71.28378534093677
61.946607011028355
74.16996168204234
110.21070101196646
58.975979894594076
118.1714661078907
71.72221028373662
69.00513170145081
92.06767751835456
119.33233143740784
124.33070720180528
124.55245201648025
144.60176244262155
94.8869769726283
81.19294526686544
71.15798339495687
103.73967478563178
87.02945605491608
81.25908168970327
88.7663358423668
98.61651658771935
86.35083982519323
103.09226551876564
114.17782877198486
91.7506711381464
114.44768445340488
175.5861518854897
92.81964076169962
76.53941820551063
108.61577567778818
110.74981741030628
81.24432597820642
83.4575315066581
73.97241621789217
71.15875164521269
84.95233165543405
95.47540322903562
136.6945068973309
73.53757660535419
103.94657192157473
88.6421889846059
68.51965528173933
76.52931197439663
90.20143763038052
66.57699494034162
97.69164707335116
137.67787853303562
76.72406286309379
53.097746611431226
125.37257065237097
47.26762489144155
100.41881508177688
94.51228452396909
116.80589770368381
118.41115489443193
57.873683107963714
89.45475711968653
99.35589510632803
71.05248555488261
58.072500458678
65.58975359153696
65.80194445816157
81.34117952401827
117.21001947908434
69.05230436714518
87.8346736215067
88.67200847338168
87.76872066837747
169.1794500260777
75.52319943013138
50.427042371060274
114.93941713040421
79.68187938901066
83.25828483218729
91.68446074472293
86.41272823160021
66.930817660603
81.25321748097333
66.12862346900805
100.42600593451125
97.02023192231191
78.75950080144013
96.37087341923116
96.16375495639782
78.1139906620052
89.98429617752264
64.68857552640335
79.80063104047308
63.65157521841953
77.68227812198755
78.53414304524712
67.02361477270907
60.08076466709349
105.95001746993033
102.68074602099608
63.97010423089785
147.58667199165848
105.29001111789216
75.95072064252835
116.05531286443184
58.25514558537805
104.90780984889882
146.51292801404438
125.20208979747096
77.98325087595299
49.60119289952711
168.8425403838812
53.046195289888686
194.11922722720138
83.60839843496741
72.35224876645557
70.44356995453673
90.12961842507681
85.84530703571237
167.49949606151586
96.61797560667048
80.9346335261601
116.1224084297915
82.88773533308851
104.66094998812163
72.7997027697025
106.0313804515632
69.24506989574661
62.942501784678115
92.18979063876354
108.64698683448128
87.92282116708307
66.87583708409053
128.72175111801732
83.23093410290944
51.72828881120434
89.10613058360808
54.27377897633726
138.63135634146678
140.9462381742718
116.29549199652224
99.74702287883636
59.95082982138271
42.66327060810191
107.30270581615696
105.619052064446
84.30970237875155
76.20537988135327
119.91054861772348
71.75439085320716
108.13431542270422
83.99259076313172
112.06195276598885
83.70854711201022
102.90569771850562
74.92420212555821
108.21006248090472
84.17866168145642
89.83342005713585
140.23405296073562
102.33663206994095
90.80714212225831
111.43408762201265
85.25153361853842
93.95006528531412
130.89846993575165
82.78729514923218
96.41971807835299
69.29061375626006
93.93181256273331
112.53578825537251
51.76129765995982
85.66580736968255
71.85845779281004
64.9636824633823
91.09599784149029
76.35038871203173
107.31904911751447
116.47620624810205
107.74147372600021
107.93973258269484
163.05378376741805
99.38741944013807
58.41045295484977
88.14249478013014
140.83403463643197
82.2849386754697
100.02729014726808
128.56311242565158
144.760374898056
120.793671599779
87.72318339381785
66.38366158524119
87.75004736250379
124.01033909806436
81.66619763801775
88.25974755983071
76.09815908938582
83.12339733792751
74.06804016215563
115.02297094233174
93.67872242567468
77.61202924161772
91.4414831925374
78.06065554238413
114.0782031817754
98.38642321022566
92.83188831925958
65.4218013759126
55.3729808930018
71.87890252748349
68.72076999088634
69.01612454745425
109.47233572137438
100.70709029559582
81.2187861962182
88.39207380354274
89.86452527351797
57.49495001699528
98.33269403903269
163.32406555091046
59.80117615546933
49.851428650629096
102.23390540947044
71.68521958564317
76.48752079834647
60.69047514453254
51.1978936862832
89.45905719231538
106.80314768056105
96.60104893250205
84.2474918088429
132.88552682560726
83.32201999670296
112.87685541632328
83.60784666657818
92.54838784174503
119.48381960943072
94.58377580987826
156.1506685663849
109.27501099052823
81.05496137028709
96.97456909969851
68.26144907415465
72.59990968139792
128.172093549549
123.60851772712995
93.47572854310715
77.76748224514395
153.52476170361646
105.47321534460177
76.33844696974612
82.80080921322725
100.49755526169719
102.24109680617295
84.12675895929782
78.54652192083833
114.02678019161137
60.36218422613571
56.648313802279446
64.21397514965965
51.28360148343049
91.85298537655926
87.09149739476607
45.151870048834624
109.34546447856899
113.05018981971526
59.99951449667276
95.8828652909169
216.1359841928813
75.57331274293514
79.1319736077194
74.98256348645572
91.18020434079733
107.72595702458594
76.84016952313351
91.42081110578003
95.86355910636387
111.49351946277703
85.81460520393438
86.05448124465009
74.15094915481691
115.48502489888459
128.12880211470298
75.78743658060188
114.58482624634199
90.95211512299014
112.40688248106731
110.43741844087498
145.74581210766235
99.15667963595163
83.13634468297091
74.82619372061762
101.59977010319041
78.70717994674061
169.3241778256694
82.20734131979832
82.29731320030047
75.46106300309668
114.71924426430522
123.16291961738818
131.29369223282393
108.29625996194139
78.77600856524846
105.87926620382109
88.21731438977625
112.02494650818402
67.3306897885269
86.54192546928763
122.4360016847588
107.15213173818572
74.89608233876035
74.18663244566504
128.18552626576664
145.4542047884655
77.38142055380042
72.83913338626638
113.49646330191332
112.37720226480153
151.22102281533688
98.73380455312594
102.85615907746066
90.72259015154688
136.53934877416017
105.76080343910756
80.43551275746495
137.6373966709807
92.72200561716171
113.79546179225954
73.65171365699054
77.86602699918195
76.66101068799738
76.68660928582983
90.30440421155947
119.10050635377844
94.75090057749557
72.96401480630261
65.27973793201441
109.17750729714197
93.84879889815254
114.61997593274191
70.71991873073928
86.01232542925685
67.38184981449632
102.42289343892242
92.21664764814295
112.10822504433212
62.777455684724885
80.7225799058321
97.95798042237621
94.45134855086728
97.8549849409261
75.74331325430694
90.23126974332523
82.7352550742826
77.02618179112987
81.77866653249116
84.77370914148459
78.89775010711217
115.53271643044674
102.73334239942926
108.12200189332026
77.5135024286031
81.94560690115541
52.92101448070061
157.20965946161428
118.71022327438523
66.16234846456128
62.35691337741076
86.4777892796031
154.21731403773643
75.96205969114447
77.8347418055271
121.23853847206978
67.79451736595118
79.9513138605804
133.78313275301582
