599.7581290187808
556.1849620402003
512.6685690843022
425.8543976445378
402.109820539793
400.1559677717722
378.62160071503905
356.66425045393646
402.56501084600404
266.3940761086057
295.9045282786166
289.5849202587881
245.48169220525028
312.40310930771557
263.64430417393396
217.9348079406052
269.887632871349
205.94428448489776
267.25357220367573
217.96094643895825
200.56612545795542
206.86899855405798
212.96287807095436
196.47078886231554
166.5996199676675
160.64209789713289
184.0789398760447
171.96800748878798
150.407419563074
155.996416118846
176.7550449935289
162.88783464782415
166.39367669106784
149.14240922762178
109.72816877158115
159.51490902067604
144.8880499840726
102.68040754649768
110.16481420700843
84.59196122208009
129.38957474832085
115.01983501653714
90.64917132056884
107.44461471875128
93.05240276694572
102.63494246040213
103.92464458678357
86.58653488869827
92.45944058847203
105.71077141518592
99.42230298879491
60.340732381623795
72.06969232214733
61.2930325264588
99.0277243458764
88.34342290520172
65.26813406827748
35.6701265587645
47.4032755263559
70.2341083100291
57.19402024028577
37.51582997383247
53.816690261174024
33.42643637514599
54.689335257507935
44.324314013776785
34.23166659178888
25.797752689073988
36.10681165135563
31.964382147449342
41.55488528352541
36.25661857863292
30.01090694803236
44.47968963858528
43.787140536537095
52.891489740551926
39.241950060821715
22.243713386836113
34.97503004367566
32.631886678618265
36.53802541041701
34.32333200837666
22.050806071569916
24.75950027650272
19.438778107952718
27.010176985948654
17.78122490498136
27.558724121144966
21.605955423060326
28.031691016509917
19.39130231121155
24.863447894518632
29.31016733158164
22.137937608742345
17.03051094218201
16.932688729438073
14.080145978003388
14.668357615207409
26.372451598180017
24.48941479936822
24.65613346271365
22.118018529772158
32.27302346606737
15.136040079826902
12.523694286750494
19.31038824764707
24.824672236528606
27.129567146302097
20.464604362845876
17.854031702906372
21.95021521719845
17.471812367594993
16.763278787049636
25.717528994447687
26.098819607934367
21.944155709587083
24.748058969281974
23.058854471833495
23.83719167930242
20.604691710083983
17.5725477490175
27.447271685348568
25.5976119655204
20.56607628196643
23.14760507962216
21.176745680004895
19.74337348672572
30.401394848971936
15.728560469024405
21.958504210165618
27.62595822293623
23.755593841590425
18.02067034843383
20.76466151874535
20.836270929875976
20.827050789115503
27.052951358399174
20.973958743839564
17.4744875322278
23.5820435535123
19.502900143910296
21.198716013314627
17.020119460339913
18.576872488150794
20.836713806226804
13.930087971973853
21.774002370427738
14.038458370566698
16.426266226977678
24.828504682641874
9.994923329167525
12.009986968769907
20.683797340457453
21.009237897163143
13.926998615977727
17.61606828292604
11.77109093152565
20.85748329640417
28.082689192526512
25.956406728749435
19.05728299428452
17.08359791973146
13.815256801813083
21.037131637417765
13.521623310928712
16.747558420370055
18.256508719171944
17.85181651384546
13.484054886987215
13.40751755779894
12.629434965287183
16.17177652020468
13.769924661503888
26.9182967151081
25.259137065284527
20.041687115589344
17.813756334559912
19.10888449481647
18.677745582676806
17.28567083278231
9.947916980743722
12.703839325142855
20.45616971214294
28.403494790852186
21.0734352292169
18.15712685548548
16.577487354725612
20.244864674186136
18.180195487995157
18.12964656042857
17.60000819396275
19.504698570662722
15.475150869845017
18.51834137781469
18.92584918336424
18.937755216367595
12.801068313854799
11.096713391835987
23.872197360900646
30.958963796265365
22.002717836197423
18.80086851508091
14.643160111805646
24.806348851976097
17.570936622236253
15.265754279835486
19.7381428695596
25.34757730518484
19.99181543781615
22.139058239401262
16.34016350111021
17.36625322783541
20.717682939541294
11.908287985356694
14.285269511552452
15.549003775105414
16.636452713598704
14.603546448243613
10.29118698391045
27.618676344965117
16.352943310398842
20.202227980173593
19.40213470755079
22.569354814264315
15.403150773820274
23.907471372396696
15.856258708482665
27.089036771196433
28.057722718162015
18.897327639956337
28.31202768473756
27.687284274910862
18.999756273376672
20.222610218070617
18.00475492813909
11.875511289965393
11.570619978826988
13.735339329805003
14.30994469298594
16.08360193205416
16.91536745426836
21.297558110220773
20.71393918217738
22.90398673291342
16.020513205665623
19.448587577019794
25.87584767012118
19.364937277875867
19.38846155555653
17.743358047396075
17.513119874019768
25.063238707515765
22.641454919405394
18.455875913296314
15.925115776410252
20.757272116360554
11.779799365475014
11.381938747549757
26.172864256403045
21.340031274549073
21.142835333247074
20.2650445330947
13.298902899001346
20.7251089779828
13.612061502102533
23.726303347336707
19.850856216358356
16.369329922804702
26.12235801043526
21.968652340553856
16.384950955739924
28.859501831635036
29.602686862303763
24.872964770078045
15.236717199992805
19.787050826063567
13.190055768962397
12.66247353293275
16.554582640076823
25.812632588898193
18.423098819724355
14.76814048627241
21.232383821609197
11.45466722860416
12.92104358471014
16.26227700607688
18.25995687745937
17.93273580663155
20.95654304800726
17.05200768102512
21.738046373503174
27.00237691174165
16.02447756481858
19.352870539399703
19.244826544076506
17.70645478286387
28.61033221990678
28.703253077101447
19.307250959367707
22.53592244453218
20.10833841562109
12.831977327022543
22.877170914865026
14.572566636370762
12.658163201659805
27.990846462733654
12.604809647463819
21.31971618880707
18.97776759655068
23.310284289974913
15.37192442362341
22.410849297900935
17.622538355270425
21.469036224637968
16.276774939652903
20.82872518088411
25.75652171678649
15.984594933700489
9.886995293497277
18.78757230205422
15.34103221210417
22.091266759251717
16.307833377999724
21.47455933248349
17.118766371817816
17.596733596283574
15.269202168918547
21.33796059155809
18.520397195619456
22.323449495016696
14.386156955629453
13.907358497609506
16.308879029157453
22.167187518266125
11.318091207085782
22.405906960255376
16.598519332553714
15.829830503900746
30.566909053621742
16.595584373554214
14.800620396149306
26.82011227909607
24.743035953618914
21.737996179746357
20.506826949876324
23.085284142098246
21.14879215645582
23.532242156831412
21.115909911732818
19.787243969401924
14.206653813611393
12.633107800270512
21.491606208896773
20.29109443684772
27.539227270401028
19.646476396285415
22.88545222387723
19.930779103108083
19.916878015215943
25.368679874103623
23.159702648556856
25.614838436939262
17.523896529818817
18.482650232510196
22.39529195459594
19.12896854869735
27.48153169182082
14.068263984998792
17.100671888450318
19.328244696988964
20.258546054112802
16.035409862176902
20.194563563585522
16.147796394035872
23.30668959580798
16.31676923243111
15.990033651708938
26.21472202463871
25.557942642170246
25.266657026262962
22.854475696658643
7.861582845278319
25.429796138756434
17.8187234596218
10.816997010708894
16.415209447490625
22.430938611245065
13.998219594836128
17.0556455916196
20.2498720030132
33.2151004940201
15.215681843852554
33.2091835678021
18.6387774626107
15.860813392499232
13.620005054897403
26.288298576038187
22.584941860326662
19.546812373055992
24.531543470039065
28.30947470575471
25.898998278973707
27.150222109930517
22.333966736440818
19.260728620425418
26.442709449139564
22.293809149017015
17.225415630232153
22.967334241373855
18.7929743439215
19.97516401639366
18.739663237325452
17.96226248884872
13.793049476000071
19.622263311627876
14.036781550086227
18.874320968228016
17.91184061727833
18.365939088819296
19.123798924757022
17.931246813824036
18.789415711822972
16.32976798246988
22.304205948411486
20.490905621476475
15.115301958501973
22.162655587513157
18.886719523352223
9.95096819040114
21.492923946340078
17.849577668716808
19.84865462651582
23.256506859426338
20.98537986438223
14.041063170433144
13.52538983720284
15.83537952448249
21.431193353220586
25.768621036847605
22.956802715887655
13.82582184630349
19.31333805247167
19.04808760748205
17.15238924590835
17.545301025422756
19.76676820745491
14.429524519935564
18.136722631533125
17.11026186038701
18.16230827329589
18.446342066177035
23.26061052346192
16.21460277224072
22.93866222032583
23.942509061076624
17.60864104413153
16.28724340797216
11.358442443573763
14.644270453933819
13.871206004579816
28.998388056696044
18.796484582264334
20.13082481297174
35.667789375630235
13.959086624398639
21.27417698016846
9.663321170491148
17.31617268919648
7.703419286575562
22.963538524130943
17.2250491477306
12.289685492295403
18.92972267331901
12.607201339726634
21.19987214134088
29.401218654579097
12.108993408533555
18.97162577350473
15.201825514504833
16.81645685048653
10.204582677229235
14.499049072291331
19.45572966646294
17.349373976455656
23.29661489114183
15.692490375770582
13.620935973478982
16.651474838898945
29.951536214128627
18.735987530358862
24.60574558568655
17.47518102820275
11.648926332485326
17.327469976240135
20.81681731529691
20.09389200733127
15.453200117282165
21.58683844451133
21.018802195050775
14.424679729307119
13.782753841639003
18.485285175451473
20.006560650267456
15.037923551791547
19.819820479796576
17.352304458731936
20.784973471692076
15.68400507044124
18.11460112201577
14.241964905626393
26.97073843757592
18.02832447614455
17.320467645739033
21.315142266364965
14.821225191712163
19.39325344590562
12.534933109486204
24.102060950413538
11.4216995107042
27.19679279787968
18.496622084779666
19.664276792493645
18.108139583040483
10.408669401992405
18.895048059477798
22.243715853398154
14.755822879943246
25.543481912175416
15.911279439910784
26.437630295423116
21.64598034646652
17.1582689252803
16.051456408727102
15.710307550308366
21.057568771314966
22.9368654339947
22.99915939679995
23.805310344056448
20.125593735952222
16.102211329281523
19.30656205472961
18.4197475555872
14.452648301944002
27.02163698955665
15.923798265452897
18.47756979999617
22.764852611777673
17.64575733586774
22.20233042923938
18.82420485012334
12.994545103203647
16.193700946650225
18.504316939212803
18.582238557942933
21.940146766036236
27.763616217580882
13.46344037863984
19.927203346362152
18.180588384726207
17.847934933051647
20.808052614924527
13.81955707353153
22.792012236427325
16.865639865415126
23.842143847533965
21.495433875673616
14.857870325900002
19.719836596224432
27.31909110601498
13.647313053183009
15.954104909821417
23.278044448284792
18.064346136910086
19.61178486817597
22.57382978175416
20.43697052075216
12.69443757382158
18.929573994705812
14.400165948070038
22.435313761228358
12.54050652535493
20.26950811951094
18.034893340755104
14.039186371062442
16.794297231819847
18.172887297439257
17.521810377677348
20.23067047451404
18.550260577557413
12.867462551161784
23.30641827511656
18.448712448246546
22.55344056160884
14.129074663661939
18.10666458973381
17.158128635285212
16.92887478508533
28.273785792945272
18.45080345132689
13.4905819310656
19.760195910111662
17.954651249809647
15.405811473350756
15.660095096307163
10.690457963108335
25.207974769965684
21.589279112055223
22.79750198221346
15.103462132549941
19.538937695093836
26.701270945847387
14.393464449856769
16.07449322161989
22.99871506953626
23.380803035105615
16.57747092598296
11.654162551851583
23.039790068903194
27.01133706782487
22.07070373715096
25.268654061188904
20.780402828524302
21.19735317319107
17.691814249295557
15.024066565688901
18.347684405967364
14.879249338190908
23.61113498150795
14.746859221816683
23.39378857270405
17.125940090994153
21.954758589432153
18.29834090276259
18.580701595593236
20.781833603706406
23.600499236974883
17.481571417493967
14.71010348451585
15.072396759294952
19.919648204157408
22.87552899797792
23.83054419013599
20.291927697945294
16.96837807590014
13.48569800917584
20.909716071622515
22.164873351874526
15.347274790896009
16.190393479371952
25.78889004813854
18.260694909831695
14.255308861926459
18.955843484973624
22.485855309750104
19.982052248950723
11.696822720632733
23.641242568683555
22.794207347244903
13.875709976607014
19.160701298511356
12.844660589311236
15.623396487122305
17.471893876475846
16.235861553223845
14.015854409296708
18.93716839434777
15.739478181887739
18.78973614181523
17.418011756136263
8.936374705647767
13.683508657128044
11.729133363255581
16.67205734335574
28.636179081816092
24.069531472316818
24.540692942004096
14.35767368181715
15.283873057613059
18.275191317027694
12.824436026251107
17.788823829965825
23.13709539569873
19.36481182528849
18.16398096143996
20.466693368943922
23.689012301619446
20.450907643848577
21.65465418536436
16.90215294362762
31.556336101820776
18.86996475823589
24.53967715716233
22.72079992665637
22.52389945904931
20.828834320166695
23.197079135365957
16.594470157284402
19.82766170390031
18.192860298215063
17.412044406522693
15.730757254149058
26.554730053155918
21.085631570080064
15.557890212639238
14.729948099691443
17.99602933893781
19.60983326158595
21.43767284968351
21.105811727440578
21.508499728556785
22.22840831226609
12.849285344267733
15.603324445520558
21.58503847080476
24.36254769430885
25.118553759853707
19.10669818468925
16.45667080004641
15.151785473865264
30.555726392109715
14.587179111619974
20.59928813826229
17.5253453975743
17.220802434370615
14.35256178750372
25.956795503828484
19.04251158508075
15.679858394406995
24.623907124541986
17.569839103688675
16.950873385921938
18.524800638789294
14.219490926809398
24.427529268324538
19.962259670326194
11.28608051809741
15.356526166161144
17.365643584182898
21.49549490276498
13.616878910902596
16.461667686601768
23.877432066279585
20.91404388993004
25.585432582821728
17.700209169033553
16.759716817046417
14.828547967882717
14.128759240222255
19.384328565871435
13.610555588249234
20.53925526860341
23.45717089807952
18.37610305630532
14.663836289919749
24.01506415565965
15.913557657029234
23.97665800996041
16.09584488399146
18.560321730750847
17.288864133272696
19.16161582371385
21.73919940670908
26.39083487561701
14.607889148334992
28.759796694633277
15.593840708745036
23.68189563858656
22.847644565214086
17.310806131024425
20.742296931008262
14.494993845514262
27.278611921879094
26.724894559601776
24.677815084068662
23.609453424385453
19.405802393143894
25.68023966814787
25.757986906018367
15.279660052016848
24.87369985401918
17.80875737614653
14.904796705615173
17.041544180301656
25.063621460117847
22.364416206845306
11.823219786344247
25.066757818383977
14.766889864833724
19.301024767138582
18.13775338158813
16.249844278649917
19.989050886425343
15.185052390712423
19.03785111051115
22.57018868082283
16.30781149764037
10.82821529254133
20.58204722999488
28.614901271983566
14.329680376099846
14.971238795516392
9.323455290088082
21.27395160518957
19.733022728424938
23.771518536245363
16.724340001289754
23.51479794022833
22.519346710453117
22.36077129538532
18.020684235146515
29.12427742851135
16.462732974159223
15.418249239381975
27.920146250946697
11.202892511012962
19.400435857250862
17.095548070617504
22.17613476147405
18.83870876492208
19.43070528027485
14.827585224136635
22.1213315818437
14.199568583156003
19.59239239737743
28.835399660975913
20.6737276788793
17.99011419953336
18.551454643125673
20.873883636903944
14.240919343856657
19.98771374824936
25.945663218321652
8.588032810063133
19.625145713844706
22.330404368369084
21.778188036480053
20.947127950504143
12.363315844431943
22.972559540145536
23.91614163533005
16.319430415050014
22.071983789686875
19.255669619971385
19.144145099559285
15.380436983103852
20.97975879533413
13.72521357329036
16.627778137401798
22.3079670781208
18.73958994828456
18.650252415897256
14.165158133729694
20.756479936579293
24.35590529587006
28.600275486533167
14.712410797103685
17.9514625175904
18.60519171632197
15.95635945573036
15.8898542802901
22.774646044555546
18.906586999520076
19.519171050002505
37.93950125759161
16.399137200699165
17.346751355459737
19.67529625062301
23.180380388277435
14.074861581181278
21.426211728089136
15.906661248417567
25.29518487658614
17.88023017622721
20.847069111976165
14.557849605156111
21.987039362013405
11.54132691879716
27.398623640490516
21.116676283333486
15.886961733135669
26.627093391725936
17.370157305317488
14.711891900645698
17.560766359833362
20.482490100126014
19.241287697671435
16.12880089278004
19.633364319764173
20.432093926311747
18.353161899580513
15.752155523365246
18.324556877519
12.021936434258942
20.83566747285567
26.255179833913335
16.143688045350594
18.57663539562515
22.450234205677898
18.371970540321197
26.054149756907368
19.901785692854098
16.563874620981252
22.57617157893495
17.49691377713288
18.775526193237333
11.930155053938881
17.863841715976452
20.66763987839284
17.922584182614777
19.344304362642177
23.26107351464668
16.972543957970192
18.182419119675146
22.183541818168198
18.862900688328065
31.54825722192233
18.251045416028404
26.72637756593054
16.737253213699546
17.739383277658167
18.02457450028024
21.77440561168376
16.225885287169657
16.133376575091656
18.63038625717902
20.35832400361831
15.816934250463182
17.060828875399757
21.749322041266268
16.944655008720776
18.916030511979358
13.379166747387055
15.535035079231177
9.695321856589546
21.46322698876542
21.476206068515356
18.436467891176413
17.737167789029392
24.887786658131507
20.70918110998243
25.199732263326897
25.48885563920424
13.688601677867535
18.784595032334707
17.40191481404376
16.759526306431344
18.982550128830155
13.81637973137923
18.304351693900824
15.16292415289144
17.902682214597355
14.443646594698889
13.037666068701611
19.86821483344751
17.343832166130003
13.893557646362332
20.906708319653568
31.127628959474507
20.39413750218864
13.644257804946895
20.014709389372403
18.722637275531156
30.338737027203415
16.70984538037696
18.135982365619434
16.859638894168903
17.844328769048072
17.567496083263695
15.135014694616821
27.500480483222432
17.10845537380116
22.893844895321077
26.243398107885703
15.1247781273463
17.44911484407767
20.054646096148417
26.103577437760272
17.652564005211143
18.813069452515375
14.724240377559045
24.967966244513754
16.65250258459118
27.586934441117204
13.207652169285922
17.936957355625612
26.522668502052436
20.453974289478335
12.011350085577103
14.339222289434723
16.88548305155447
20.105929331513746
24.177888693195797
16.879911813147462
15.865455633975262
17.91032975668159
15.491387676530058
26.338004681834988
18.406137793769734
25.651656655222382
19.403288591676453
20.797009006811674
20.692712043835257
26.873058236110808
14.517684826698613
21.640842134715005
16.052075672944515
22.03116409130318
15.360692361360027
16.234078579188196
15.4190081003928
24.521260350477913
18.814031732787573
22.82368251628877
14.841168642084968
13.823980424589166
24.030131408490675
19.047130804898035
22.41858171428247
12.933344741439335
15.917943067271946
18.035787325846243
27.53059936098458
21.10047946108212
23.958839586385313
24.168921802866137
23.375690399180048
14.449511551700331
12.371606506258201
27.66282626247452
18.278271480015196
21.98524540489767
13.648695405037921
15.647134187466236
20.931774446295723
28.708644595823568
18.497975907695658
17.222668561488607
17.14268724870436
15.1720725942036
16.812344363856724
22.9902259902844
21.368065012860864
15.589950720825657
16.070680650918803
19.463321829795436
19.480968063059827
21.046330854625033
26.780770497514716
27.969330444469705
20.786593731119225
21.63132044586804
13.249925639849206
17.74770124828433
21.17036131789106
25.278061725285944
24.02017918379966
21.95540260111119
16.69077293698242
16.341165652734713
17.877375066685826
17.882336902021954
20.353293955377413
13.66902826316165
27.707301236805094
16.90189467251573
24.496137569211296
23.596906034140126
14.759219840174756
21.73603510631971
12.978980217299524
14.533639215391636
20.605463771847436
20.420209294895784
13.601050618569449
26.7918580819561
12.912821772385442
19.68334083201494
18.629719569372167
19.115403675987103
20.97828800897402
24.166725711021403
23.367722672729247
11.457057671227917
25.126932217399712
12.56983249667475
15.249134975485394
12.321031118907387
22.265073787617247
20.357528774267887
21.3616290870789
19.67242223950216
17.025993999150067
18.624558394661932
17.197588857530693
18.060561336966423
15.23012074304707
15.381439884082916
18.413151810184957
12.827753821711092
22.70149370607236
16.567902564352796
17.909321792801038
16.21477014443235
15.330312035226648
22.74883908463419
15.02904416893642
14.804260013184683
23.52673640917806
19.805859444391906
16.778843701823078
17.492540527305078
20.254615642347346
15.848198172658298
29.247822472458658
24.236185721468335
19.3976561891755
14.667164153325418
14.189136289262114
14.833085882850932
26.366078060338676
13.056855600612174
20.531752027554777
16.190654265408906
22.58411760421681
18.42941479964462
18.04853973288991
24.652987827888087
22.034991445669387
19.309559052367305
16.68550396634746
18.583185646429733
17.110114594553323
16.258723153710953
14.978885788612159
16.591814827358057
19.637025828499365
29.330981874914976
19.002006979427552
16.969558856855432
21.604443366194566
28.925567270979684
17.015833483964308
20.734956663626328
16.92342081698372
26.37146113255719
14.470026631210533
15.951469717276257
12.367442436782941
26.63870688863939
24.168026101319995
16.33101026256638
16.2709403267235
19.778764742432838
21.673337596190777
16.003307649164743
26.840172613178876
20.55922006130512
19.847542871348917
13.149146132508758
17.461434061087218
15.92119742790748
24.914627949526228
10.892440686894515
16.46046470512965
17.8611443985976
14.99925631366614
21.239223807212333
17.645516577078972
14.163487207041461
20.987421366881968
21.228810261596692
20.73129182729612
23.330874275898328
18.512201151075086
16.34481048412866
20.78156787919892
18.54819839276399
11.323654848241993
23.503794855782605
13.729384905791145
21.486820380239205
16.61366433229306
24.059099431896634
14.271820037213551
17.058800738735787
17.5352660181604
16.530976058465352
22.17693257253076
23.818645573559802
12.962769024655959
17.745905226114274
31.810784564837814
15.751709313085838
19.089413066414362
17.293662139520745
17.879426611344574
15.303479048187443
13.478349324508596
15.02638032918108
15.930758354938973
15.337866613663543
23.616536495520275
10.165898913736958
16.98416382366508
28.526983520082496
20.828941983479528
12.856227665528202
22.10473064821962
15.042980114753659
14.79174468329477
24.273685489820195
18.15173724739048
32.18478227507476
17.66405738414023
25.5885923055581
20.514129985534158
21.66252819742704
19.545168828005423
16.443912847336932
12.400544026479668
24.35392724895811
20.089848761799637
11.336042967845374
15.257302829002029
17.134697207938707
19.307735607026817
28.191511569618143
17.895758590885595
19.110998716372727
16.887629767636124
19.859964100004227
19.07974646616879
24.096518222128836
18.47061270456735
18.015039707984894
20.688258506513332
24.44752544945939
30.92707488972563
19.011459314485457
21.58274164281337
12.434065060118217
14.190336819205305
16.572687914163858
21.50960555646437
16.885398275161666
16.41875738474053
22.798386074634504
17.108287798071263
19.16006263556001
17.43559146320464
19.79676816409238
15.722121492617555
11.99374397413678
19.22671303143523
16.353798821997685
24.354416991893352
24.99327576110396
21.45899973264213
24.160989950395116
21.03006980526157
21.183188928750692
19.69751286316976
14.372846389712684
29.617347831120068
19.985305400560378
14.597123431166814
10.782025775126515
17.706600385130372
19.002438513705595
17.75630881773324
17.439376061457025
19.578332251528387
30.872053280312862
16.606733241289415
22.427019154486196
17.32314791046815
16.627881139672777
19.303194497948688
18.036556594327163
10.352268937514813
14.941499736713467
13.70322231005269
16.73569477008127
11.642379511852978
17.653609545820874
27.803355732703366
16.125492201718515
22.755144384766073
24.074198410324772
16.527190468376745
15.109647636676968
21.21634718931503
21.19886869092084
15.686343687887685
21.360285627131177
19.266952247140466
31.15625892941909
15.309615060513625
20.12439186580049
15.246776242990217
13.665044092882242
22.88570380683068
18.835136305093634
14.623513282304895
19.40369780180782
25.468528194166133
18.76261338749207
28.381516783774323
22.569686030994507
21.860949740935336
20.12458183411743
20.64536069176804
12.231376709205382
17.53547553579353
20.31739968802529
19.899965093461603
21.025969277874903
20.9099432441279
20.158154989362885
22.610960752521947
13.82555249791578
19.31265872838418
29.617810081404745
14.732954865850187
18.71002499285006
17.503543963340157
20.81127686270967
19.75273498984459
16.46828468791822
17.48130169425588
17.193476399509972
12.48619930432503
22.96851958828702
19.21569564669637
19.387597760570433
17.572217478100058
16.08366418204506
28.68424377742478
21.588824222742346
21.254495142317445
18.594496928915007
9.50438897787993
14.323237756226462
19.266351813425523
17.65895222452017
19.142986368195835
14.228011666039311
24.98704149515282
14.671212552880867
25.365757339850497
21.810098925496494
20.019512761636683
21.798971451950912
20.042015613342404
21.679492465516965
24.91897279361324
23.49738193156794
15.151977427578178
26.335637340645334
19.333507294641876
19.360180240895957
28.48684309513441
24.086658699917834
23.331506460821334
15.739680982887572
16.603213103319085
25.514952758834287
15.503384906941989
21.094728879725093
25.064548494337913
25.57020583270878
19.68308454511245
16.80673287037786
19.975104496540133
19.340652913921012
23.490656177365075
11.664452712194766
23.564419176833734
10.8506632057745
20.478923672180656
14.221155065464334
24.26539449556367
16.52075629170732
15.315047182013458
11.792456742391758
21.610579694816348
17.60958245220801
13.731258745348846
21.844859835110057
19.25919942280124
25.613202030135813
23.02609270938926
22.080223424040415
14.255730165162342
14.12294842634827
12.482636203281192
16.67701756011823
21.424385609094024
13.191501804675104
19.605391201597108
20.55244154875874
26.490519556338583
23.797306348002646
19.471061442086683
20.553654189872226
18.42527471665072
14.269690382276327
22.15370130228829
22.787309045473574
12.473949172088728
23.63736763539922
16.966952922546753
22.547993314525407
16.487954259471767
24.53549781196771
12.508062639925313
19.23486904221865
23.604655209199215
13.536281639445027
25.408044177181633
15.978181436675202
13.548011967151034
16.96713777251362
26.009223114991965
21.015277907897353
11.987930415095684
18.905559369901752
16.669808053121216
16.114694506695656
22.880730980633167
21.215401471274724
18.69627172146885
18.703367314419133
12.92454978215551
13.735560370674897
13.723134653565438
22.933202366901085
18.4864408917398
23.611893370342653
25.213920723772908
25.011300654594777
22.73735684600721
22.51162084275231
22.592768510106744
13.606823568652759
22.875725281809164
26.4852813452029
13.787772942689646
22.408670512519333
14.079279506119763
23.082238356235624
18.68063743473413
19.32382197102052
11.982375162387763
23.850050810070517
11.830665225664701
16.758142597873622
18.215110083281242
25.96205323860193
19.04459264686254
16.278430454879185
19.601710982442885
14.750491023744736
19.45549515910121
21.94334687549385
19.636795415272708
31.04763294415574
16.689615938610874
18.715658786651606
19.17458981660613
16.80735664168137
19.66653636404958
24.73140714283853
20.297045662443807
17.432609037206873
20.971860656223413
12.908872269669086
16.2125608157827
20.258546795152363
13.404545121971964
17.432109672417763
21.76949230206874
22.938613299595463
17.950292883491343
9.569652022324169
19.997869972938183
10.34914871858406
19.244278099162752
10.477134328627532
22.734091018214695
28.299433901807518
10.412098448552722
22.770087134239034
20.783179261021772
18.099348227988536
21.332183668154116
13.668754427462732
24.436822203782967
30.01114393637796
27.437377152356735
15.8393315159535
19.598786839404774
12.99438003244448
26.361020639750382
29.30477655524083
19.266661221969432
20.798186731935058
26.674162027230008
17.977648877857565
20.139670330571313
21.408779485546027
21.655063621574485
20.577191517737504
21.543093959321897
21.816262051265177
15.72051870897998
23.213217984677527
17.856397974337007
16.142875917323675
20.166766204924162
26.597628768555804
23.866773761240367
12.288417789613892
22.01198646190924
17.12116080733202
19.740399896232667
28.783519749316945
21.254695045946313
18.021315201169397
19.540201476699167
34.73874027934286
15.70029494557081
22.73450616942615
25.06359222719816
21.25070660610341
23.69543270763587
13.564723430108053
19.194359351429423
12.89739199266772
19.874507808214474
21.817555227755296
25.66569497167818
25.465653268983573
14.424949667405015
13.766703089066187
27.2009109751797
12.723088184888592
20.34029426573776
13.01260580407813
18.452721941282118
18.947368220714566
17.69150983884958
22.68641544625242
18.512136693688554
14.81514308122655
16.010384606245786
21.100310371615166
18.04061259345268
17.36878253471956
24.348798898003608
19.228230471665572
15.69808194029422
28.29365219378649
21.797688330589963
21.61631525788356
19.458539047924443
21.096244298450813
19.542225766187663
15.486974293431372
13.482781134943208
7.2826447352611705
15.96763738687269
22.749233548613656
12.54108942806277
24.161228830740875
26.40159786997399
21.415204058006214
18.83269446129996
13.69137743759585
21.576813325323478
16.937107516393684
20.742895334023245
11.835933449812204
21.37204337308532
21.336605486218936
14.497895448222037
20.835849407609718
18.770116715582905
17.297420294505436
14.99801740041945
27.98763202406388
23.746516670239863
17.329235895992014
24.3827225956273
18.864020693437965
18.98213452538602
13.044294567672662
14.484427645777199
20.185885325702316
12.630395245633652
11.239098837218805
23.031272392564006
23.661641106662344
13.950711893583136
20.962072685936086
17.276277374655095
20.692326927108695
18.970135256605072
17.313316094506778
23.852934326418776
26.308861835333353
16.24111944511978
18.932044506253078
11.080355223042542
21.842030508734485
17.4076296800105
15.71266230459933
32.723988750705615
23.469653144183727
16.5061321154421
14.518071352474685
30.809641522426034
17.882641450266874
12.368974573887376
20.899336188447084
21.749645850201514
22.54686456268677
18.938891855707947
16.535210606786144
19.664999142703905
12.290918432812212
20.22106820253939
15.128312772172539
20.72281793542047
15.560307957251343
19.347909950995547
26.751960742411818
24.256048176913087
16.864265291241935
9.431762669611315
11.813908077337913
20.20037598099413
12.579701262788308
17.041901275625538
17.373023796889967
24.112900648473982
19.597520950405816
12.762391080787284
15.197012071316266
17.271307240492526
24.07311789992741
12.054538648725043
17.14434971071544
22.09829083525568
19.907493161809377
16.569637972379706
16.946908309912086
29.197193782141063
13.864158085368178
12.069180267477044
16.899229340097698
21.486404100146924
19.735280484828994
20.82800623510766
13.348221196119775
15.568477343577309
15.93751028123463
11.605217927624963
24.763104062250115
24.35343362031464
24.361660966341724
16.611946095573476
20.660950263547154
16.569125452562787
13.331039059064272
22.592060999318566
9.30264071750589
18.626677053479646
30.09761455149321
18.038695249897547
19.422632786946952
14.154390770481553
10.884575763325694
18.231932029264915
24.13016260321463
20.679071406675614
17.76029841337017
21.405676364117234
21.455316774699142
21.430585278166884
19.209329455777187
37.0945239800352
