325.6983032602693
315.9056290855448
291.5324159454411
290.2131974366679
268.96614642784226
245.91711029455413
244.94009749994365
224.49687433871182
221.41111491001277
204.72305752056909
182.770987989108
187.22758390466285
195.3122580537538
184.44711403837246
143.27807688136912
160.78848159193504
105.23969514553568
139.9763892362365
125.59582232959505
99.96476436638689
85.13605221241008
74.40509952292715
74.58945543395234
74.72277525758047
45.64661439608529
45.50396415930352
91.09643114364766
20.41230945909658
63.099995613851966
29.22878226140871
40.450076123520326
30.490356906382754
21.6111187404741
34.77966004020385
21.637782363719907
33.19070295576945
26.06313648375675
14.193129169661336
20.449546050355423
19.823397874347048
26.28284468044543
17.059886162318865
22.481005162967385
18.83146150689431
18.83242798315222
24.05115977214344
15.981360014964332
20.01256302406158
24.832830943968492
28.408424283831362
17.353418346612152
15.75830704466592
17.15659772104322
19.542375489193837
27.376542082476522
28.376514527561792
19.012429632023185
29.75081584347533
26.26716950307414
17.17135865782303
25.694154336506248
14.521664910321611
20.362120631294005
37.220255547559425
15.961369477948981
20.11852758630072
21.65022971237339
18.221387503236567
14.04115719576057
14.175531718386686
10.257891552190568
11.925079816474971
20.17383738590968
13.117107887900175
11.721159544306271
25.143059851864923
26.53542290097085
26.053772903765378
25.478894492912662
26.763876452102647
28.078228668816724
15.626361038858935
17.422977308572978
25.901820848344396
19.321605428364364
14.91077339339525
24.732154833483637
30.54769637667063
27.180212589307708
20.94108566351972
22.58382400039882
14.515925086834699
15.375372403551927
9.26532748975395
13.06789216200898
14.636325806965015
18.253018900988575
20.6032158529223
14.929435749851658
15.31260028495423
21.172592198640487
23.011442225888747
15.513793397619146
18.416390806593288
22.661820295884276
22.860141224656168
14.380143498040226
17.411091346605335
8.344115855539211
18.82692383352729
17.910260326276536
10.649146621615184
14.04745840153812
10.756591620377009
17.453188096336035
10.464546106284304
14.602338122037217
12.755818903715147
15.865709657834328
13.591927300240606
15.320672698056844
13.735281145356042
13.784150949650256
9.253858783813554
10.124023986966883
7.892109675942649
17.584546840222227
18.592872881828264
16.160401872492365
15.097548254815377
12.419063382909608
16.022898236258243
13.317437338635843
23.021036968244633
9.404147049516538
17.372538013922643
18.657332200682582
27.62781960509677
19.07170367199782
16.14490165478222
16.412525688088593
13.428160673097993
16.27577645741934
13.753849897835863
17.03546969713133
17.512669576253177
12.468715119832643
13.994215023612059
19.35977801251346
15.434387156174884
13.956802240632918
18.590934061361004
20.454756403887917
15.966489088870835
10.41889027455776
10.094466956983274
14.649477239292555
9.323782984337052
14.59432596292791
15.75964420074985
13.581487849619059
17.862250044861828
14.377106540885325
21.271339604643448
18.36952675185857
10.490182342911291
15.451736219619875
15.429101860272807
14.588637193971948
14.052703773087844
14.423694121660963
11.960211391778113
15.316609084549004
17.758688429245378
11.938097511060706
14.872273532354763
13.771022728219883
18.9420314804743
18.717524286067245
12.2618612009627
17.573371622324093
13.569307309389183
15.171903472559684
10.810707585764465
14.41784468726523
9.406345041936175
10.792283595597759
14.792751787419526
16.741265257225024
11.730251816130087
13.046128816838742
10.82981137993478
10.902925390638172
12.153900948883017
11.3842829788064
19.98550128453601
13.875499460246848
6.5558176909439245
12.996593424475675
21.348478391706937
19.896345127285507
13.496920105255134
14.551734385572368
15.867482052268493
9.282103229536604
11.017191007071013
11.946390543311576
17.921847195995465
8.582787227208774
5.830921570403647
10.725715234984186
21.210381342270082
15.196721221875173
11.742256921071
11.801435084147009
11.170118270604979
18.425342251047784
12.281803557411001
20.55476357461717
12.034069872484075
12.236981635299315
16.001471901866406
13.85962593632696
11.08534028492346
10.239482276353337
22.44548070328958
11.699708800980831
10.06938463402254
12.768407402576592
10.706323373267127
9.464348763585166
15.464404574511189
23.336647014835815
11.593423589566285
11.749502492605753
14.806773693485898
12.105901355297988
15.754101955242442
11.022119721742
13.911451166727492
17.000659354823775
13.500119487125467
5.656820829814632
13.315370084431846
10.091723803027207
10.235464153045463
17.02809096312279
15.266715146626932
13.09142860741597
21.152134789978337
13.474892246707523
9.012142954928713
13.792962025044577
15.856703097729868
12.311679829492512
12.717782385605531
12.303275159787601
15.826728294062411
18.0820001834034
7.71831051033665
9.469945363630153
9.814756910701995
11.832356246346594
14.501032498888087
15.838159123007065
11.258275455199438
15.274833393351855
13.522636135238436
15.085648318994958
16.713746676558
11.280611811769303
10.073428541073609
16.858217989622077
24.31503926328067
10.485724806850353
11.488216183596165
14.74262688131189
13.80468587639
17.965214972126077
12.327576398684004
14.316264821665186
11.707746638095946
12.440176011921544
9.428493481478267
15.999617288636085
11.62264514916248
13.288640117889603
14.349646170694616
13.767073945504391
11.281787646902261
12.89965875206393
9.726270315502719
11.99548100097519
17.53193451108048
11.241160257459727
6.838091477799084
11.691185658113252
12.322289699371737
9.37148896845112
12.424976398083004
11.866123384913314
12.895113130888031
15.708775676376465
19.273301978256928
12.962174770394363
8.422848688209566
7.485380245645697
9.191526858720698
15.008160158314727
10.56847174466481
14.646584964729042
7.536479060203846
9.98284554654178
14.90541481179745
12.564933702218358
10.45806654832059
14.248024392915855
15.069237403080757
18.035545716082797
13.62842668458093
11.466955626821342
12.157089429583504
15.429978299287797
9.883037441334418
10.281300914953466
11.467507251539375
14.60776952454548
14.123240484926287
15.25491884028633
11.536840652831243
11.337686148118085
14.227089584389157
10.316495832672949
11.700683144728268
16.474674675523502
16.321478098183558
11.387916244426952
8.10740418512759
16.12722336063361
14.071533008786382
13.565237868505065
6.697881548751495
13.760201884628035
14.511552853514923
17.357813093452624
9.350741449247415
15.008236938094562
16.523693057572263
14.919225939403086
14.137359890776482
10.262490266042985
11.99934249100967
7.8244281817016414
12.84556303193124
13.549174137368732
15.015707073057147
12.873477338725026
11.607345409360935
12.383197032332918
10.917751313035748
9.509606543231614
12.61070215619432
9.37481290370341
12.824515831919767
15.17154368762277
13.070953039719994
8.487819467737776
8.294350336964275
11.900641247625106
12.051407240274873
9.980792692043423
15.274470353017982
14.632169856990975
14.477899834659292
12.754854633163273
13.008491994719451
13.791658646616145
6.7098496578874
8.212935663481675
13.950313609794012
10.083525378377345
14.044795179340996
24.74063434591208
12.949308846750482
7.793459303022448
11.753214169000074
11.620656830540764
6.066776519191377
11.575728290935796
14.399345375158951
14.02055721889054
7.848006001868988
10.00507141925636
15.326118801664784
9.95740972422447
12.258323773907891
18.952482013599017
10.839630194761254
7.815122050514421
12.815837662380039
18.55195838592775
12.368646630214728
10.795370271241534
10.431007227519498
20.46177514617964
13.698871501635562
8.64583828698628
15.357556366888812
14.479846141903362
18.49762217001854
15.40363560339553
7.471681079987659
7.622468122041654
10.074406202755034
15.858491405012764
16.573735808914982
11.498804848237274
12.855635755646134
16.33741265492639
11.714161465351966
13.988568616444697
13.552455704965613
11.007215226246167
18.87840334030953
16.956983774919518
8.933538267637468
13.225708021681237
7.452510605832422
11.021857634678643
13.181713644796975
8.280706538534746
13.950001557348909
8.646691545170823
12.974307475324451
10.342261265152459
14.296207905326398
13.783070507585446
16.185179653101006
7.741642204530839
12.294806718411962
8.727487948355234
9.751842480903628
15.345977939263165
18.1093508291148
13.237574916752878
13.791692312503656
12.324758278550364
13.650370091441152
18.264343240732554
6.795727748244359
10.093850644573246
19.06361693699996
8.778166311131029
8.743680746071668
14.275214855899193
12.377245094614914
10.440877015092557
13.836619182855362
16.55753121685375
12.09615867812648
10.987181362841465
13.378142018925503
12.522473247945221
17.297278155528613
18.281383395888597
10.226705174584678
16.856682881878623
14.844005424885712
10.653285582942228
11.372468402044355
10.469766401835368
10.795291803948405
13.072339567452515
9.361833116040701
11.908286313604519
14.04087650205626
7.622858118153972
9.596275521827918
16.959439131273744
12.702884208638011
18.98343537793299
9.974854840800326
13.835793281056311
14.196312337098124
16.352354556428626
5.991196421206321
11.429065322661604
8.178001335487735
14.43050584040938
14.306515395889964
10.936522297169816
14.51933186643102
7.800654368381932
13.478076593601285
14.017325178436582
14.13628393307866
19.42707339768984
17.432516940453564
13.82541508379661
8.374018582391473
9.691356457690057
18.576823229882248
17.621985846450748
15.000655635093024
15.049907456574472
13.105306214042642
8.335472334532595
12.195164225808687
10.007900031447232
13.258645299242977
13.25728967483743
14.701542034304566
10.724917169535734
19.08942524797501
11.648773077719106
9.849413668800794
18.591404752372174
19.78323626806519
10.010001006661842
18.809338339913506
10.843165515974382
11.84578480359901
11.457612196503812
11.402503497588976
11.505007015401024
16.44846963497526
14.231520744216263
10.222653252703106
17.440816364859774
12.572321655987103
12.34834153849591
10.727084535529091
12.798211746695703
10.351308021759445
9.829580707708367
13.374048825565533
13.721451194100037
13.626740989542316
8.4245550044898
12.589654543746818
13.838906208724852
12.73399923102615
8.61305984429261
11.366143132016001
5.390415015183582
11.892174206185844
16.280639285279808
23.004219391450107
8.920094424115616
16.347254047723624
14.676254840054174
12.794061160766306
8.800034850833597
12.497919122814107
14.561967525334426
11.182073687595837
11.886179870333317
12.377194837869054
12.174084593725173
13.312898583965726
12.3601450308722
15.071299347856748
9.021510356287973
20.08687504076469
13.859403626177114
11.330956440505886
13.662053586158757
12.191927710350196
13.812232468753283
7.347569241776973
15.962090428673642
7.824716671326453
9.696716582109872
10.752927294479866
16.09797520974145
9.293027383147916
14.602714180705423
8.131290287866404
13.085186052573693
17.159877256026054
8.820362386932214
13.577519056123391
16.353436144845983
9.42727766063921
14.50130661009013
15.253963405509365
12.32113743649204
9.706412273286007
12.825069187971124
13.84595458147116
14.774166649693482
13.287703106972248
14.943361242050646
9.124946354902614
8.383219403541052
9.592994076622196
14.816098533421815
6.849057040416552
9.170059119542497
8.766142862914272
8.332189730423893
9.924967236623523
11.704242441092818
13.799103987683162
11.158680579125061
11.758337295790236
11.709051233836703
11.871192730562303
11.309822766866109
9.728542578329474
16.00663286522388
11.868779736316206
12.917977544396864
11.494572503271359
9.090177879718524
14.526359964556931
17.07262621005444
13.594207850667276
12.666404594039799
14.137011506967173
9.356391832939405
9.97887303788243
15.675630770985109
10.38010389121923
18.176850482717516
10.341167814157066
10.962220474352288
10.954087209684786
9.947414149000835
13.176781370995194
10.056310533051514
8.540093259089868
9.923810222560272
11.243410226375
12.52688973105479
14.001838674892866
13.132966861687073
13.412407665935874
9.062780580695826
12.814238927237358
14.758992658199391
13.94281751738193
13.026547606468423
10.293016568604372
12.989734568552134
12.968394776175387
11.282608290773169
8.854550671645416
9.26254139709325
8.143164169220507
11.249055844448142
11.199778428772902
18.960776144059814
12.851424917068
15.718530047510662
16.75758977012971
11.270853232053856
9.541134500642302
9.571397902836932
12.744141228055062
11.74494813757357
11.073916354427954
13.980286542092779
11.525462946045236
13.473740479320481
11.289210935748121
9.09364516506824
12.203158708340741
7.372697002817503
15.163964120291837
14.914145322110151
13.101126682698332
7.392915759936818
10.42289450654976
8.788396776140042
8.878469187376268
12.36072529074568
13.323467405235778
8.838215762543612
20.67687656384111
13.861977302436182
13.588952830042464
9.907449682361703
8.92622768316918
9.289285622258717
14.25822053468749
13.158897647095994
17.68191878315967
11.496541550114275
10.399349313165212
14.295115997793124
11.221489346560244
13.875759948346028
11.483617522293368
9.547705207393337
11.682359635736987
18.482947534797407
13.081348979153596
14.683004699431839
9.824796145868516
13.969333514107902
10.041659733988464
13.086392283009015
14.57786893268887
10.476389038726342
16.461730207666943
12.431025098730121
10.530404383848293
9.782556810720527
16.521066789933535
15.114017468989053
14.780729418290523
8.517370945814683
16.299581233752548
15.152740874480253
6.28306973642628
12.115415198473341
10.14271036284315
9.984721847657228
9.7742349148116
18.477251763461425
8.296103316847146
8.7784985345118
11.27171527368797
11.988726257670134
10.205381689175331
15.863415194780195
11.098104453185487
14.712185936682005
10.163038221333805
8.49638894791498
15.562266146663012
13.274133480290212
8.887133259072419
12.00130794000455
12.054040189321286
10.46146907715919
14.066539730202294
13.93468603673825
9.598462440100667
12.675997483615879
9.97723438673125
9.977988141847268
12.05438564857168
8.573317303766407
13.093853655652413
10.671209887792479
9.471391757067998
10.657793716575775
12.031026901345736
10.893653571996396
12.741639978261036
10.227463811662322
11.146182706948899
16.030323976022014
7.406776780009093
14.468445973257671
11.908980900296752
21.925336776667997
11.60030371892299
15.539933372580613
6.584883277653137
15.740271013994677
11.2965930684911
14.768248130266143
17.555737203006355
11.025535123282886
11.18791636063556
11.187564992248895
10.768000178569508
13.416394134127142
18.19489525215059
6.686622720068547
9.092531829253657
8.28988949662099
8.278298061874793
11.286682710150146
12.103205575894615
13.259799106674771
10.779073293823142
8.69188942531025
12.747248240542394
8.44527931295064
10.222071351506482
5.000101440343438
11.61829859706743
12.001389651770273
11.910463457109238
17.362444839395067
12.84626068349915
13.614400164854102
11.669611211194907
15.137814555368728
10.218540356773953
8.792040090116089
17.77900992358917
9.897673586664647
15.335784910879907
11.712915063177318
12.35602133562725
14.676477130899936
7.927026403986992
6.209430281308325
7.41021559972983
14.820565749235545
17.51541089333866
9.38444987520824
13.943402094047785
14.243558811645121
9.211095493595028
9.169021946942845
10.299069715788793
8.176113550915742
10.383650170524069
10.307248069711198
14.515806514936722
11.22572478149863
9.642953395755924
10.668811444359097
14.2458765994464
12.418476054893794
15.717015296342836
7.895469721762838
11.976466852306501
10.07106895242644
11.907175244036686
13.06406045425415
13.338293421905057
10.900342630990338
17.72261166846417
18.335634037786676
12.76711723605643
13.996123780374562
17.050002458553244
13.741845863559144
10.133523065466413
7.2628138277266565
13.7145020961564
11.472286171216357
16.687530467608344
14.48078086228675
7.544902823497401
19.30979797000955
20.208313179832814
12.52843109332591
12.173618565818394
10.29960484624581
8.743104128171703
15.747861087580986
6.3090391912821575
12.034605382378876
14.347156092631103
9.756585387335305
12.025900074598836
9.075693678342544
13.501665338235819
10.728075468695042
14.967636796147676
16.638234211463747
10.894152704711171
8.560147442753111
13.059788380051998
11.419767174751748
13.421191699199431
13.797849761735407
5.416680383952787
6.258563717706505
10.001151066555048
13.266071787329064
14.54244472716351
16.71635239849334
13.41254732708019
13.775347778627895
11.005441855536967
18.85137663861979
15.311056833820253
11.675118472751558
12.698139867705935
11.889926009952136
14.899392187787413
15.844934128892255
8.236046544114437
15.358227887341044
11.330330985947333
11.699770499849073
13.463941219930971
18.47207351003771
8.163779271790682
8.320149367171792
7.792251011210406
10.694764063074619
14.438361855070948
8.602983953286405
15.24301374312599
15.102341037469785
16.513041093568063
13.374948003758908
13.563852688967886
9.958949932420747
10.045834901721417
10.684613447990724
12.4742209595421
8.78581585136425
8.524337433828123
9.11829019988845
7.593183147565457
12.226706587458272
11.87554597574785
10.82267170598465
10.625451603995453
10.093681148387862
14.541230152202392
14.71237369376612
14.91551146074882
15.347537972463835
15.175630313167584
11.58927382256404
11.559255721111859
13.619237418805438
9.122539567133863
13.977496659861293
6.864784026070988
10.230506450249784
14.972105749577894
8.540633106318129
11.893426775062158
10.742451351764654
12.886628148253202
11.253796672868734
10.004225898497591
9.176083670647186
15.976048725293468
9.753039290701903
16.74043878391415
14.55673504317263
8.19693272556222
8.394086607265065
10.479734350131569
11.320909921018817
14.962720619875435
5.033956867080203
9.315925085370385
9.75168756245283
9.384237548624503
14.1770369678315
10.709315444256708
18.75591004428973
10.646752876922823
15.1972647017421
14.474159548875784
9.923125989558207
13.438693073484867
9.581595874292749
11.737063390267313
10.419184774656753
19.996835048731633
13.901894976748725
15.84746731202922
9.252045512689197
9.27809857005841
14.543251576007288
9.147532347808848
10.939316187756539
8.500348479279774
8.737399376038498
13.315831530061939
13.48032591248729
11.743237362752817
13.76043832570273
11.447492025403172
10.889368765069245
10.555774181763844
7.1499699883832495
11.554495770596974
9.181718531429643
9.15095864852646
14.66166792153451
12.989272774510038
13.496223370891908
10.12898266432918
15.891829711026965
12.614626877803243
11.244946233832323
14.796478358738732
11.062325496141373
9.612714384986152
12.578711767233152
9.04389335387337
9.917475465609245
12.49466009476619
9.173402431722588
13.31270891861328
14.237124971895357
11.625967125487307
15.799782853897046
7.697608523721041
9.741684038394546
5.807230179719335
12.978013467746646
12.007840437402539
10.438297292366094
13.427253986324365
10.99079223262513
12.562836485467882
9.498683721036556
13.12419429429473
11.985053354864574
10.773173104683725
7.104167534978314
10.850993484521092
8.039085076122483
13.014353813893218
8.338696532434332
10.974502948434752
12.764287515619927
9.675998265857398
11.061103575784822
11.828239703064986
7.402128504568135
12.031622637576175
11.245776882556543
14.004627148801555
8.769847390823829
9.88332503538972
6.441560559662266
9.333434682932552
9.757095321213395
10.891473418501805
9.832581761226326
11.292351834446514
12.63405739096213
11.54720341246975
7.225542780736674
14.411241167664086
15.891251323692721
14.292443947682223
12.998728096880441
14.727770236028483
10.165357234304327
8.29811892867694
14.779244981407707
7.746236488418696
8.404051498898895
9.004051474300605
8.455975534452055
12.187080390147031
14.345960866085916
9.662100933147883
11.92144382256777
10.24981769842434
13.015635765994688
14.30433604419894
16.492129883977576
12.168093549467555
11.79940494397902
5.201737226592475
13.374791321836058
8.121443231482456
15.593662841732497
11.400425653440186
9.854826137352024
9.958083008372693
11.2922849788005
13.084963576727853
11.007071459221516
8.866225779595723
11.4957310765845
13.799544299606092
11.576948468818273
9.41133564638186
10.5320922463011
14.87395598538056
8.442832383885216
9.487902405375184
9.785776319290179
14.570777829419407
14.08775169123919
11.9280202837059
12.821026464126732
16.47490056137876
12.789387729391946
11.970801426690464
10.407554056176624
10.70037929268554
16.44239685315548
10.578903222020426
7.212821048564311
8.136596158486622
7.411988105024295
10.342489385607847
8.593785713813118
9.503505214311964
11.50008283738129
13.755500333999763
6.610483708256294
13.71801749733603
9.383822037353957
11.664332548269648
10.389760487552927
13.618516966455077
11.996735599619429
9.807237484638534
12.135450154627133
7.885338433604076
11.239597923616568
12.509751247552735
9.266914906545171
15.55047684497485
9.906135515164667
10.872014562543022
7.274125082371718
10.397150678155326
7.509261311974573
10.642616036287302
10.531685874943157
8.196408018384593
9.77783480578789
8.973479190970176
13.066062386126292
14.677639684210622
10.929558661747524
8.766535691929967
5.767991614070178
12.406109821160332
8.713574350360757
11.917795487187666
14.338096805504582
12.663824581025453
7.059243058179804
11.92191635283959
8.928441794296134
16.062667525288234
9.68171643663873
18.325653716387873
15.02177739371471
9.945096003362409
19.010833888004953
10.447270816115454
10.068404165974913
6.380720918219199
11.424680728814806
8.272717482429435
6.029603272636358
13.32967449054012
21.000317525242323
8.682665898410477
10.749807364858398
13.372188799567708
14.177747686041167
10.239073864316826
9.573875615319205
9.300754762406102
11.832853609655906
11.65473650178208
17.703424944801576
8.898023558609994
13.057758957223678
6.732168617399219
13.508557183128806
10.457926948669922
7.739393433778487
9.880579374704501
5.8839911071538795
13.56735189250195
9.28333883645451
10.328124820704648
11.37921335378962
12.024597331016064
8.353234234124104
9.534349868532315
17.869633266241237
8.531807915516707
11.339848817215737
8.037063617516683
6.428551378682915
11.175615575808898
5.140822268456509
11.912538311931769
13.832049279531692
9.853927589124737
11.855117051726468
16.392593126596015
9.62325792400539
15.906890904984294
11.255523076903797
7.774848856528944
11.931734543168963
7.903854288310494
8.45085779217917
9.94911150118429
9.033125952877231
11.22843254143519
9.953067122862926
9.412110078430807
9.975052960482882
11.122918455350527
15.508313677720572
9.226469106156502
9.466988697742133
8.236296273470513
7.813034972571778
12.627052868361243
8.246489408772616
10.146009373908225
8.805995997726097
11.862105059737727
8.170315282395222
11.679954225243904
9.636201694917187
12.086281724616146
10.070684606021539
7.884329713014863
10.670194769002103
8.597965087363319
12.289779362417674
13.574709240772856
12.103848770031519
10.241867437197078
8.740149180615283
16.263511038531107
11.637324122665978
7.760932034320771
8.2028558758445
9.380202413149764
10.153629677526503
13.545033009668972
10.348383559183718
13.6846082145122
9.29402998416663
7.145746829506308
12.275901761606708
13.07763109751853
6.027707405704253
14.672073903200534
8.863836402771513
13.994848931804741
11.547346532447577
11.159308676418151
9.415267840715506
10.455806970636818
13.118137544373692
7.391035495181236
15.06827525012359
10.097239841037117
15.74470946413887
12.972386563416569
9.03409930203416
9.427622550152119
12.735890763353789
8.958267999594788
7.079953192669869
10.015944847051989
8.68635475894725
19.36540683396753
12.354697457189701
12.68834636192395
8.40633696661714
10.895547633355283
11.632546301496006
9.708261527034344
13.018969248995315
15.613971603118012
7.903727865919715
9.040045044628755
8.143921746648935
8.676050829075479
6.665501725760882
9.993862390409678
12.283913481447057
10.207131579053073
10.757518403096167
10.247912871817626
6.012859922986963
11.643065118633197
16.962573366622273
13.715339201242221
8.842140013791061
13.78269966312832
15.17981646418696
17.24486499574886
5.9907148494443385
13.026843283562531
6.273856778402067
12.102639359949094
9.09683780609458
9.700998015886496
8.409034035308602
16.239748779181596
16.494954665994413
8.279941712938294
12.430395895507074
11.279525760160539
10.388498170733138
16.06989821972482
8.593976290298738
6.982399957294934
9.025470722826489
12.502264176457187
9.618659247545489
11.54533388101445
8.080222009135197
10.299479809229572
10.896165523514343
12.144220424346065
9.935053670806546
11.07178562446281
7.8417743020426744
14.971155333805756
7.366291048257732
11.444347881707369
9.032615666063517
11.894430870240203
10.710369785277107
13.030995716256061
6.858386800147878
9.031208054074613
10.530786532812284
12.576487319855318
10.279953283094194
8.92065357252143
7.1687191138266115
12.660175272665885
8.981820816876319
10.339938587452624
12.49333819890213
9.80756447242737
9.690590637586343
10.673126169799566
11.72510388789647
11.608261135795233
12.800249929854454
15.658817265675035
15.296333082527672
15.62069119782491
5.592151096350742
8.560262031439896
5.655914722018383
10.466245935130306
6.720358440160108
10.538632922829164
15.453280871328356
10.107291394627813
11.014519909513412
11.424862369506169
9.575436382321806
14.17081019878707
7.649047148169699
10.87857646787816
8.951482300354611
6.326048703908647
10.600472339417843
8.583571543475925
8.712827798788304
11.111201994402661
9.144625124611142
10.665803436499449
8.368279345250855
11.434809338171073
6.564967646949303
8.808712874263879
10.459572546699627
13.877954609715756
11.368519365813073
9.135372261477604
11.84728929994477
9.527631050860757
8.288718852692586
11.063809752525767
9.567424536165925
12.624736857954455
13.162457394081766
10.307306969021191
7.127652414287337
9.098413863351878
13.25561364790802
9.762456386246583
6.952722566898217
13.300223329269581
11.119302136041728
9.41520882491221
7.750101753439859
11.154436646963774
13.460839328919333
5.902321123594394
13.3384092396341
11.952267165104553
11.276593226148986
7.4609540714209945
6.4723740873289515
10.317190316433033
10.09587827967586
10.660576416899232
15.014800849752916
7.479442182488384
9.61559100765282
12.016930725053697
6.949886513784474
8.89011924080179
10.637108680353604
8.611408841389926
8.541891548112517
8.060987408014082
9.238333004588068
10.021953311685152
11.971938494902554
10.71041345264777
6.631761217544178
12.017760262723936
8.977352094877771
13.118237798058244
9.533566356610363
8.229076546181625
12.574123884022626
10.070899761014404
14.416014495201356
8.467894288443983
9.979255464166528
7.681054544213405
11.513905827688772
9.524462421712704
8.715946569723492
9.663513538136224
13.187227889441008
11.886378386800073
10.335508032745654
16.86330728589261
7.9102106741666605
11.91969533753817
7.496142586533453
8.736870801911016
9.778618644436323
9.202444807930133
8.122975864248577
9.740077218706473
9.042043708187485
11.97402584232322
13.578961712694367
8.055574623499663
8.378771430503985
12.6708977440174
7.303214745789437
12.669551584101256
9.300133608227446
14.382128016073542
12.392530737559891
11.206686640260411
4.717063791228205
7.584687023182591
8.460016120623276
11.041355600857676
11.614662792496672
11.663290804736933
9.369330202871778
8.340313288223353
11.457909035960492
7.952741549465246
8.775040920231984
13.188965619673573
8.20288821891593
7.829529038680473
15.21181299092327
8.915475034498199
8.426835099935591
7.910339588713747
9.843590874268841
10.825030855562662
11.966164372741286
6.5002015460064735
10.394911829193369
10.205125142050859
7.363473771052815
10.335383600839448
7.890796305405136
6.507821147884882
6.4049396625425885
17.25859992087248
10.139655623543812
9.16987715235499
11.230348530582008
10.402921675775959
7.221376661446108
12.739720438522037
12.553380118227771
8.31257312153834
6.621919281961356
9.559748380319707
8.83610393925887
5.537047789479122
7.663016865511639
10.856162164684115
18.354390707318938
6.260598089426245
10.918214256185358
7.637202564418384
6.92569472891473
9.156818017596958
6.057103891676826
7.786156867986403
13.252314524874627
13.478634406176027
6.263047217907442
12.330859721005806
9.657186814822245
9.43661448086973
17.53727100216376
7.206737916247122
10.37998023352445
11.188068091875628
8.139954001002204
8.777884309570865
13.026151788633547
7.520782508963421
13.340669227674526
12.01184298513582
7.490550108160643
8.960411308570922
6.272043674646387
11.483482199819022
9.99578454499047
11.875266115149568
6.700601518107266
7.97616010201124
11.127685703802427
8.908202857512473
8.921771824155694
8.957575072507403
14.888562221226076
10.971814024119752
7.053822704991429
9.40019876808838
9.247596096035675
8.341985629444979
10.279950057317336
6.601899505975598
11.820961649165932
7.120391508697371
14.491590560299064
9.864548091470597
10.959572025955493
11.411756566892354
6.1948632163826955
9.366079650483183
12.138334959977177
12.181737420492201
8.701238700197333
7.005168855616437
9.153324310263006
7.593068360248704
9.682090742747741
7.433601765674366
10.69880816699694
11.492207641084649
16.152008753495828
9.296510601671201
7.609897488782082
6.786634363467553
5.941964592989829
8.428434391130054
9.745484523963615
11.389493144482515
10.261300671073728
11.45431858698038
11.639449950165815
7.258262351253242
10.198637252053677
8.942913298083228
8.406655867716797
15.751633883873668
9.471344080926292
11.716195992404852
10.569397800904348
7.137295940774033
8.49368269363527
9.363182992880628
12.706149001062212
8.283839399985595
7.1691871649371715
9.020116313444232
9.393228388836281
8.86519335317825
12.785724837633547
6.993716576728175
6.561727686855599
9.728732372150342
9.603481958264249
8.979706378505671
12.769494306010515
11.556867176593567
10.969864112950946
9.663520651143907
9.898609478455613
9.468939397025855
8.168388071019326
6.501151555734756
10.526806367798947
14.105355449171231
9.285369926686203
8.491194061428487
10.446129648932224
7.262277733730992
9.47119531988758
6.617867481267725
7.085629715273842
7.669382055787197
12.45594034133473
15.753775871162409
13.321540832079728
15.093652661757947
10.318782673106954
12.08263248446613
6.813108739218404
8.518956802049987
14.951192208913513
9.045201300036661
12.49377674970308
7.025791934706708
8.318032054489297
10.71516952991573
9.281600523095346
9.138860968479927
7.126265693728357
3.9011468665865086
14.752775293386799
11.758233153423683
9.435614774492974
7.185076857205335
7.192784852996412
11.946000227601566
10.590807677460855
12.967907378789556
14.665260635868297
9.005133421171923
12.321975424991146
12.8515160227103
12.538833568030682
11.597950748666124
8.632440356350726
14.169846100268254
8.752270334940789
4.188925119168107
11.541364298850926
9.442865090070333
8.650300163631353
9.451395510089874
11.22742814610615
6.044394516542309
12.349962890544203
8.314782185281004
15.115038471532458
12.704873822450699
7.292444807484355
7.1944513911071555
13.832997675317404
9.527140001408956
6.7236668682562435
9.2669160559317
10.171638422878388
11.24901035151051
10.043656152569557
9.522967934860787
11.941112546812107
7.129560493771406
13.798872845474666
6.545745507366581
7.5573004705844244
8.626061232334441
8.416612281507007
12.70958703879758
7.953656107775829
11.502656613639527
8.993069811010475
7.597116580591015
11.97711154661835
11.398142089477755
11.816734805095374
12.703293741544119
8.718640408524532
9.578502172210193
13.256031657502781
16.784413954170027
8.654977465823874
6.923728652566079
7.7405348929269095
10.134797046498747
9.106606248641356
10.497127083943173
14.299223494280946
17.467844889123853
13.183168544771263
4.077946941054794
11.424433579637123
8.400646306332114
6.225940864309459
9.42836315789153
14.768293542114714
10.354411216759571
16.484617699361788
11.696803361430295
10.900948992125912
7.9481839869816175
8.443666174836636
11.201011877873745
12.866142469812871
7.584507031760065
9.364136028249286
11.112418453292536
9.964109511600697
10.774124975796543
7.058724410458146
9.876744476278883
7.807025986677112
9.593663655892705
10.584334527009426
8.677648942871103
10.113789610366466
8.847084471409683
11.413998769105758
8.890492838367303
8.503183351303804
10.676068463946168
10.560170538146128
11.493340637980113
7.187657057318836
8.513201692696972
9.046489466661903
6.450056040063433
8.852467140193973
7.641337412862772
7.146506417472893
6.686153282088443
8.987101392991892
9.635377821741494
6.946142119475721
9.112941807277746
10.809033325234083
8.969551869446915
11.201245214303444
10.705938751651264
15.744211928686319
10.806316313627544
12.899169261419708
13.255757045393871
4.386566110703861
10.08397670019506
9.603894243771297
8.482521745865851
8.683960839153489
10.352162030471227
10.572570943535888
10.46243017379715
7.01678491388852
8.723039047284411
8.28861081555143
11.352845085781418
7.231057321909826
10.537146433621263
8.127825201291438
9.071099798057627
8.680487260811327
11.43721640303642
8.760588674643756
11.83710885699095
8.305600234525283
6.467416551033449
9.263728238861132
13.271101474726413
10.970206183038849
12.081824782207747
10.59196549650513
11.573748571064431
8.198240948965047
9.318850290293005
6.550690806142045
9.813370351858964
9.249808524245928
12.58092783083562
12.140215916768394
7.384072523303536
13.412583439872556
7.751072823719762
9.763082403041656
6.636395953947277
8.471047054658909
7.274457013984896
6.931655685843265
9.104321314968766
12.66239679279112
14.235942583632177
8.683010625325851
10.485989213238078
9.260235235627743
8.027892641895484
9.346238293709181
8.779913454816864
15.838000112556875
10.755277461005415
7.400262914768928
11.64712450820733
10.766735769527056
13.714227208312696
6.5031931581467095
7.779968628648361
6.287447576147589
5.936145394271534
12.505775879369068
10.034785741852488
5.884122957986945
9.315494527784008
9.27448148803422
10.989511795816805
9.66181911089203
12.498539609905652
10.006746796827912
13.797309122619339
6.452978558290234
12.152410682968549
8.175618260534623
8.498539770529021
9.08564152146635
5.7793910312694745
9.736998646061114
9.80825170278939
9.527942382160425
8.484626483241223
8.709091553712806
7.417159718106407
14.42380771537394
6.192262568168696
6.52455710475621
8.80730040457853
15.256902772899581
12.307569507330538
7.136739206178111
7.77592701128135
7.919029570728024
9.10650963979359
11.021647852553745
6.132131805963159
8.634929902006087
16.29348910839427
8.604592261588028
8.038560587000187
8.583505066094324
8.877771022965584
8.714452253612238
10.524101731831388
8.170594391215888
6.982945704688004
7.054488952084953
10.559619028578695
10.706495404393179
7.684922275474474
7.387949877073437
12.02955178667817
10.471014059711264
7.586146717269686
12.594925025875469
23.2441650639565
5.995273586128422
9.878993137170621
6.858242813078519
6.835101296593041
9.872676290792834
8.982448147703192
12.24720650929829
10.073657181068626
6.835717213371819
9.100930881816003
11.669352729896918
9.555331746984862
12.360106247930874
7.989059021487953
9.408103693443227
9.66255410079686
8.812825641358062
8.289994265111906
8.325942136649003
8.648604209106606
12.112133098607506
7.501768985150169
10.124980711790004
8.060410476343483
6.885305348037603
9.839618238750154
12.74225730299385
9.752008515433609
7.819466482872606
5.220415096446724
10.642392547843052
13.116787839061711
7.510222780411501
10.708661636015774
8.571401267015332
9.687628908272762
13.06722521403015
10.659095382242624
8.060606714911376
8.317062531641552
14.342783089735741
11.913384607248965
11.615517339307566
6.401700832423192
9.10182771656154
8.31604077978811
5.982952678044031
13.184707260283254
10.653123654964364
12.417389364318886
11.06928721440195
10.743005440198825
11.00282600196674
11.552562930558265
9.164748003342735
9.885818274517046
11.098940952559317
8.960593683290723
9.731629098923781
8.788483828963711
15.840358649565426
9.278996207248289
8.190959561798715
7.951491834790088
7.013915328902868
6.965593087306113
8.435967573276102
9.028343123257596
5.935337291963665
6.104726624105747
10.987907468253018
5.5027632930345005
13.14142117334726
12.174683411889337
7.106839457416861
11.040837457213792
5.870349815069216
8.724647289822707
11.063531434615426
8.852110060649785
6.9775222730097894
8.219263204164777
12.415740053623079
11.310155102113004
14.953035003560025
6.342737720277397
9.243553343151028
12.610309064998255
10.454957195031698
12.548772146486384
7.431070725631499
7.8650263533711895
10.409327292673387
9.383832658178493
10.705191821923176
11.5879281186821
7.584590780461002
14.589180475445843
10.205404927884574
8.426219456394552
13.936265943819548
8.236413983001855
5.829486742736724
10.208416971434277
9.652149974347289
6.302560496233102
11.063362889694544
12.964437406097563
9.306329786461628
8.06299573416787
10.099717329717528
9.42657750722951
11.25236652706788
13.000688697755342
13.89982564864174
3.5616190799528282
10.274292376345523
14.786261213246195
12.363552395807407
6.112065191866191
8.30573983923609
8.994817222324873
9.94078284061417
8.592914119489754
6.642399860726498
5.525192377207062
5.7166322661213105
9.805952591129012
10.976266059872664
9.494301441785904
8.088899416413206
9.291585590409076
11.244181666254049
10.642622880615816
8.676289758879614
12.60302125779397
11.060193564747982
5.829071253465349
7.0850521444398336
10.370522638434768
12.493118340449968
12.540015540472101
9.69210023798201
10.462405666762452
9.572262762375445
10.176280369447012
8.78716601782344
9.170748586174353
6.3035977661227705
5.678850602388313
13.576256877108314
10.166894726035926
9.404338952485984
5.761674487454063
13.261925088247967
14.586798329051327
6.897853951659859
8.515416023002585
6.978013315966057
6.723535476068903
12.012536690094592
8.8387453831787
8.48189322004639
8.904491047619397
9.726743623948138
12.772923116631285
8.924215704882798
14.074256154043319
5.728595631729989
8.436486794503239
13.599368884229621
10.6617655365753
7.684934607342098
7.79848655965847
13.701495394250196
11.24641452657536
11.70775589191681
10.015308829427418
6.972976632150742
16.259901031467226
10.725647479532695
6.8710661256832966
5.189450291261479
12.53940441429985
8.353806788736778
9.84062665902094
4.617536031498477
11.518940007607297
7.1976208821733545
8.722599191360635
13.10511930752889
8.664017392741483
10.640171476862829
7.875570713126383
6.60695934549641
14.964183836519892
5.758888772172694
7.959528190313309
11.166135893848192
8.108327444161239
9.553615536892353
10.614676863702817
8.190861430688745
8.93642931050936
8.922015813456035
9.536941097215006
10.161233745139556
12.254097339384519
8.930174819102703
6.752829046320592
10.108114503090723
10.31756800195664
9.867418196446824
11.349290759159608
7.340615467206699
7.390835705351957
5.738907040507327
3.999973244437647
10.086693850865627
7.561987771778879
10.9704362151308
8.40298576139033
11.148502269132774
7.763312488298089
11.391688333540058
9.400449012585424
12.372262070035879
10.051135977105407
12.981315127019483
8.571939886504442
11.18056221083341
10.655093494462792
8.913164857499062
7.5227552191781495
7.432477038696436
12.315298107211877
14.445050838988834
8.814755424375338
9.288762318167732
12.799719842785908
6.702467102937932
18.065793845400428
12.468155610092397
9.934646607283176
11.988412356931532
6.257633017814889
6.744357012098419
7.9681572637855425
7.001723901919776
9.018916434413615
11.217382553393511
8.608551472234165
11.305304540690308
9.195484457225502
10.87613930321306
9.496312532158719
10.667201280955837
12.656224742053809
12.032797684115563
7.86638550207695
9.486755204444256
8.35784020926034
6.092772301158205
9.250639793270642
11.173420214906447
6.95995661293057
9.005871912549267
10.98226867409342
8.250724243578928
13.007195868820427
11.112859712949486
11.418450820418528
7.199394787319687
7.286821007651849
11.528792714963
11.71346816075238
9.908789062412438
9.184990388368728
7.63426294303761
13.645369272620103
8.10834566799022
11.514386786705197
9.864467918222914
9.023164920554123
8.638269098811838
11.13742528234843
10.486738083435862
8.565033080610728
9.680152517078614
13.215443208549205
7.972265083531544
14.217961375596394
14.872364245092621
8.796355583522024
14.457452159822509
7.43121100286668
12.927560189197344
12.061079939408273
8.836353542023346
5.684965868247907
5.935226504299473
14.183695185344666
9.335278632151319
8.355287942162576
10.527067811601803
12.140760899392951
8.372664804840882
6.361784013133533
10.777364704023466
8.284687464715812
14.770663960605903
8.471892475183445
8.531785907714589
9.442601560047756
12.085464204161504
8.310018337575642
6.144807619332191
11.900156677615312
7.893992323669091
7.211527873063218
4.839747812565317
7.498349880001235
7.869588709685872
10.503960904865078
8.766363336798788
8.171886371967213
10.748325154044092
9.057982493762456
10.944680203088222
10.568892435149342
7.77811955148244
7.2852428388090695
9.973857261549247
7.732562164423561
9.470914236279409
8.793858944078469
7.172452272069324
11.144857366677426
11.746109334062291
5.687825640967633
10.689846327507482
9.075983689121424
6.550489641249594
12.802865471283226
11.030031958445816
9.912679080634051
13.50050713893933
8.02766637273398
8.475364708063605
6.43576204314398
9.207722940088878
7.753686705036173
8.578919213465126
6.392695790674459
11.111436081738095
9.377082451446537
10.580966425551253
9.932325965856709
7.682483897569613
11.051278772221835
8.416787075492172
8.824384132164708
7.547441067015817
4.427367361724912
12.229540038617479
7.633831655312609
8.177285859116557
8.532486606057065
7.522366654618831
9.057029367588237
11.384331797419945
11.144049130605135
7.471434259642781
7.963128509983883
13.65330764834915
5.8722779770266875
8.537787507146916
8.71900212039261
9.737604758159382
8.662329132545745
9.434971220811084
10.296387930530376
9.25642885842765
7.125193023487205
9.360952060975857
15.121378155069474
15.902650291539969
10.480874685093314
13.35205220568547
8.677992838188745
9.921309696159852
12.487027970534943
9.98702350594333
4.216959555085912
8.69087855386454
9.266066599324594
6.891065813485933
8.044363248304172
7.624738871554664
10.094390490890587
7.4992714815976855
7.4972488219206195
6.377044825772349
4.078981041391081
7.072018508183306
8.721800724633306
7.189589301805542
14.306700922909998
12.445458591911772
8.899501210774476
11.134080050361053
9.844608103445132
7.25059959802863
7.953754163873379
7.572598053319648
13.613017808179054
9.122004125167324
10.298341503689437
12.711778083320663
7.213786374584188
8.67095501194143
10.740412577649797
10.361482941364423
10.762090068451649
10.009029546228339
9.40677777201368
16.761682987826457
7.226377087012876
7.615174811518949
10.881251851367882
11.736945971375636
8.79853231459062
5.548215167589671
10.442407245670045
8.492725324157407
11.498761830235395
8.234531402970207
6.051876704415429
9.929343273325216
5.963595044305333
8.0417112434765
9.713853343276933
11.425608365628644
14.628311768108867
10.833770725666833
9.233116312631255
8.367798909170181
11.199987346500144
7.259329771187244
9.187720841752617
13.097543760196425
6.618542938504975
9.473090729686549
7.549863674378542
14.124405389372715
8.929999185694053
9.163159693745794
9.912600256352658
10.078698869023803
10.0423005815613
10.950970516379954
11.98240259236702
9.367483006851582
7.180169733072364
7.085566267034419
13.026461579966053
13.330405822875264
6.44761853872807
13.351179136618835
8.969943629474388
10.776419352178044
6.837455386929814
12.493018650588434
6.718807885346228
8.566934612428174
8.009970736278449
10.342794517430477
9.71363414030979
6.235780869898354
7.462731403407585
12.150823019535089
14.615770163291772
7.747165789112426
10.329024346892218
12.920372551440954
9.314786378416171
6.766993754936943
7.728538845095886
13.986061803990099
9.940469478246552
4.744973961295598
7.827417970817711
6.747925487300344
8.817844872429854
9.211898217381398
9.324852431818918
7.805906247142815
8.047664447941386
9.514463571737378
10.328413190167483
8.237504452919145
9.16863792270873
11.062645847055904
8.873656060996199
10.056683278244803
11.321918092405145
13.05342136758708
12.645051618735458
11.829919443761568
9.570044972498028
6.2001219719839
9.086097939218059
9.680156061462531
6.013962191569129
10.491558987853784
5.8934383199181495
12.683746074121139
13.372846717628248
7.604362178543986
9.039000574924563
9.96187738879486
9.90955430118888
10.713052882319959
4.723551029568406
8.258640248621449
9.457674857837258
7.188098559571866
14.402913847814155
13.699448396103818
14.457278155326344
8.942809617361743
7.9602001934167586
9.776654702921977
12.402580874016609
7.415131987470517
10.868278013674267
8.850585939090573
7.725533280462373
8.065842568023738
13.975769166262758
9.541990993895714
9.108257138793814
14.18810739161695
6.277417029260163
9.803982061958951
6.0759459803391005
7.688137524888584
10.357953304318878
10.671077855365183
6.661723806605481
10.207815510939207
15.612141011263839
10.655958893744167
7.074640582822511
9.645934103852095
9.278649885756117
7.257001600071776
9.024054097537007
9.334644350384233
8.091730381221291
6.872284267666365
10.866935983288975
13.402981766326278
7.8624676669719005
8.26058094117058
7.377900383541493
7.6348415417269475
11.748217768626208
8.889451085274588
11.266161710886664
7.752926023252586
9.66527617138682
8.765067584193877
8.95269024052551
9.04213394089115
7.992019842000317
7.605182329307442
10.503310636497435
12.742279411325837
5.277614880580912
10.207341586668582
10.69416438424267
12.068423353281924
7.2465466288405205
12.13509090579897
6.560310180957525
13.521775414259066
7.127669359693144
7.376422299233851
9.894436348371281
11.824251009564152
7.781327236168667
9.378579975073325
7.938789863879221
6.409070343450043
10.778748063447635
7.173749203975861
11.826080236814066
7.962625556619905
11.221259870778578
11.692216423851672
11.232810473193549
9.047057691275187
11.160857692397729
12.402776276820273
8.410275642887648
12.875850657699193
7.954029080774802
8.35097031650342
6.585957381936744
9.254531302105482
8.539736755406942
8.299714383056038
7.2426408499774695
6.677652241976046
10.242713355582255
12.858785725679722
10.253761489412001
7.902752723965315
8.241548437027415
9.767281570864803
6.861273026611597
12.154356612068542
10.696896747346136
8.888577947304151
9.977913976678161
6.935940126189391
11.319901561810346
10.250438445570413
11.180446616915143
22.334538491387043
5.282265648209739
12.200115854196868
13.222736505177998
6.939637838539865
6.659843058274724
11.012411948851756
8.227827535169967
11.744378757627352
8.675951297634288
11.318427299389679
13.923773106822033
6.9645609493361516
7.993823881425499
14.936788283955286
5.570436995378584
7.772623729548692
6.966869367898792
16.187407924662374
8.401257453130732
10.707486467470568
6.705608726736104
7.480287640381726
12.671993974768684
11.60162319138889
10.769132122549973
12.635717612242109
9.407157522932605
8.633802259852825
10.244668853185997
12.790153124663778
6.747511538393525
7.9544937165652545
8.518021692530779
8.18120135808936
15.174011494564136
10.212659549340378
13.403957320799648
7.995748912226778
5.998113799669267
4.057678114692831
10.290342222797321
6.536820657242129
7.353958248638372
11.872463551157479
9.402017296256435
6.04271868531674
5.8261018181852915
8.200726835488654
19.70265362022597
5.540313634337341
10.567448376797142
7.222590417613672
9.828997854582461
8.999321779825918
13.019814029596791
11.743266092879615
9.907938718222747
6.804444081589933
10.00602670107158
8.089061337872728
11.366747896339662
9.316325913438343
8.568832837869063
12.509851246386038
9.889953475313913
10.468751301876381
14.179320555705727
7.217729031320083
9.424779107120868
9.046745118219174
7.821003445286082
8.490117882453028
7.7494492100773735
11.02717350491023
10.176583466759368
12.318597552852879
10.469101756271824
13.384590478435857
12.234107613395894
9.036252044794857
12.261135524563306
8.49810809483003
9.442623643235311
13.23372236872953
13.792587795160264
8.16028175696958
8.91119339197705
10.843224292599118
9.377267327471362
15.759911053163112
9.670940888614446
8.733232234647163
10.314119811985266
9.129435433367554
6.770611429040817
10.909326676490814
8.997566404271751
5.887815347709929
8.327658384721051
12.915523270323922
13.050041269339216
12.718791063347625
11.141813074872502
14.714198301602138
9.02154681755556
11.056091879258105
12.595249445642231
8.132821932459088
10.166651141966067
10.927904526819631
9.356524349276302
13.268433993485381
12.468334452773068
9.576939420696066
13.639430292026752
8.324121063800495
12.093391671236068
16.488744318392776
8.746624208677936
10.69862060508712
11.712993727817521
5.877155172455647
6.277180036685137
8.365250968147787
4.884348297016908
11.349991827725276
4.961629042466069
9.86187957775444
10.925793564730794
8.479456227517607
11.795893248281693
12.195328293269442
8.636409176652938
8.55622773912793
7.419070080963484
6.5299135641027375
11.44323209153151
8.620900299904124
9.1354235654428
6.180402062781254
13.700874989567277
8.292265324951892
8.293341945322288
13.835354517080434
8.210494642146735
9.945520926371815
14.761824045380342
10.388543425366459
8.815442481752019
7.2781700696446965
15.171030341748715
8.485956979349673
10.674193743097643
11.486356395273848
10.29992015762974
9.360640044856085
13.104592961956229
9.43941771611405
9.628057678539498
8.520751134128972
8.327208309239346
9.519941073025151
9.190917331830255
12.424554477307874
10.12175376606682
8.174909195005684
8.816909202541034
6.839231267042839
10.09657453201796
9.390185369269332
8.865373360860785
11.887130145738624
6.369057059498546
12.013756942481601
8.05105544358489
6.432542134201115
11.59769175708852
8.312747800937414
8.223953827749943
8.074123574141353
11.346841539650653
9.127893147278069
16.696575844413015
10.593544144557681
9.715594199708102
12.029710301159723
6.517739784617098
9.372365378825505
10.69011147197448
16.844804686043076
7.009337944014369
7.7767289305755
7.787526956320109
7.495460106225179
10.3595811175813
7.687147519652891
8.078677646748
11.588679961355048
12.815972183916568
8.831210631623163
5.8611626336740965
10.366782073109151
11.94647083902912
7.238509306317993
7.802343495218969
7.575410230644554
11.832964861400718
5.449624358509772
6.870813139701139
11.85739261939165
10.555635571065002
6.8506295269837105
13.257715462520462
10.186441114435109
5.630755915117533
9.551659083221125
6.95023550807463
8.614602121279374
6.952464130349196
11.484306605835119
16.765503784396863
8.536609286841765
8.367527795997727
8.91904203172836
12.250612915496339
10.682526368346556
11.453717547895577
5.577513753745129
8.92012973655155
10.992777327055524
9.509374629458609
15.554569195954974
9.874406916326782
8.589327026328041
5.736022890572675
11.750931670886457
8.982598418962743
10.096221967698781
7.730902412306377
10.480825280490961
11.074880798191753
8.173106144180075
11.896335740114484
10.31715990467816
10.387802047085811
7.122994074625543
8.537133597277487
8.448747059120304
6.605525870295291
6.865944076413623
6.867510440194442
8.371982268495703
9.265089695567484
11.072184835732838
7.158211496530684
7.941889510634509
12.201675671179917
6.850855479989098
5.304575837493276
11.108842819846904
10.985013499765442
8.566084406732159
10.39057956409232
9.546098570533701
10.118142828479703
10.672493726060992
14.751248044996348
10.291343323488286
7.46021930424869
12.652369309124106
9.793734808621155
8.065783938713343
10.057533549648289
13.131758699249477
9.358703685467132
9.370015957112338
7.632469423603124
10.229684262760639
13.524277820984732
7.3028164774793884
9.521555026472148
11.922925294455537
11.90189450342515
6.348436340156984
12.674492791322836
9.300058096226946
12.27596954646659
12.801055552302273
7.833757897982125
14.779866494799531
10.216955169966308
8.187868618513445
12.70912091177395
11.151447197981755
12.87009304673116
7.853611930105277
6.171798375197262
14.533058554704754
15.482707375674304
13.500389401393162
9.027227168214951
8.998895711357257
9.01068564338211
8.214805182789908
9.649595552868785
11.704748000172309
7.455012411362158
12.03847269680777
9.773394855694406
7.798420698539592
9.503544015768483
15.279932164042096
9.897973467012049
13.644958396336875
4.566538243835797
8.683962755315754
9.904473596468485
13.22868988490853
9.198432256073463
10.928012678779213
10.248543475207917
10.862274257725067
11.610948742842105
8.875746361917667
8.162012097643816
8.598910289598976
5.5644468327892955
10.726876436605764
11.112058909127871
8.584889512528303
6.967122334410799
11.07337091985957
6.63449477630257
8.91311669359727
7.065454563455903
6.429786149956993
13.590366005951681
7.610676962611905
7.758425690956278
8.962660320464831
8.810210035673874
9.757285705451398
8.509202972797372
5.490494122363191
8.157401013061882
12.68594799887258
7.953233442753673
9.313565099106368
5.224470262631989
7.54427973687966
10.16110768920641
17.59479425317021
12.844222961081508
10.21942448720222
6.920261208643821
13.382192192056857
10.306668055661897
11.740560143747524
8.106814426217618
14.16275746749128
10.637727507182
13.434960469333301
6.5257451531873265
7.1228531773856405
8.227076295444832
8.1844894677122
11.42910879033264
13.079675688705661
9.427829755538994
9.952543919361403
10.343794694000533
6.85168746499773
8.421230041182898
8.30308726661443
13.027440803948314
12.3183321055656
12.221209579773278
10.147623484604747
7.411022166866633
8.922017115087385
7.719694919267169
10.952890800163557
9.366465256210617
5.600926333968806
8.80051281582066
9.488219131550341
12.644081916410203
9.73117495407996
12.982961288074971
5.900535722961404
10.774952781294884
6.010674012631435
11.887140747019572
11.3203262098706
10.290319831875374
13.136616076186158
7.193867526353774
8.460387700306457
6.774135900387111
7.021234936777707
10.14975831368031
15.625065074608049
8.172847649554079
6.986995669346021
4.690081714619479
8.864785470850821
8.481658535372949
13.887330866988368
16.366409398641135
10.198400911640604
11.645401719360716
7.819472573333932
8.062118461520415
10.651352587992356
7.527835809004996
14.32620512962646
8.377828644083236
9.43308986216557
6.578107394285923
12.431660099377707
9.413900830831027
11.094522676205923
9.653039116775386
12.942950350688434
7.87386033465516
10.93385598424911
8.673299282008525
8.961659278455286
12.238124491175638
6.971319078980834
12.584569739521415
10.099502385753228
8.32583403979385
9.608246971739801
10.056463583754269
8.545225793831484
5.1474601020135475
9.018579529170802
10.56234997718373
9.210405799347802
8.40307862993429
8.01333006643202
17.596690885769483
7.661486326325171
13.007828123720955
8.605282524821458
9.184566926930419
9.463318820828269
8.661621720283605
11.265379891249177
7.340032269384224
9.768711379557281
10.03738167418819
7.734032223027004
8.74628070136457
9.204254927963202
8.942068343465328
9.158168916986192
15.431179428559563
9.242903965056717
6.306781538916958
5.3824743133627475
16.870032370833137
3.2584633911976977
5.327286148647371
5.96265554195303
11.67929397895326
10.760504464284463
9.357812783549049
10.174181465274513
5.979013319449419
11.549381002068504
11.44074602385558
6.739093391402771
7.712242370993529
6.1850263947267
10.551434089893675
12.185220864700746
7.833493968290278
8.15517536283343
10.52447121783203
6.515151023484431
9.451827807791542
8.306758832166565
20.88189555884452
11.876195020339008
7.8873768820977075
12.964847783415612
9.096853250024875
9.118935892216392
13.181715253618453
9.278595787591916
15.221755850382978
5.468540537896875
5.28745851097374
7.429716476840524
11.093755660224785
7.620698756983417
9.472654621808282
10.741627966322948
7.985508233717789
11.739957633077276
14.734876158334655
13.691642748758193
7.3143814892971974
8.420295828051321
17.069995454863346
12.727438101300198
11.129374372186184
11.12173511737991
9.580051459655937
6.296428200310107
14.732223635756176
10.44432528566048
7.293057563448929
9.440382216619131
9.215668032365985
7.395454445107583
9.135716547340571
7.1707366215697625
11.159740075994177
8.034520910417605
6.483565947228223
11.391740268424225
13.367275927768334
15.06822239469518
14.968818481169102
10.741499715374069
8.106775050381753
6.81149825367492
4.935439540139836
8.096150066974344
9.115909530028729
11.591444256979301
7.877488412714653
11.150362512008975
6.744308102137363
7.481768451020536
9.217840944291506
8.365713524334243
14.02313955829137
8.05055394515467
9.813406136185455
7.540233352536055
9.40317111994647
15.53155409380521
13.92294925782181
6.808281298505217
10.08751166805147
9.009708777072573
13.285610379712068
7.154708800533134
14.478562877734621
9.293960153810481
9.801455302667742
10.969392317434416
11.600659164058252
7.915332680458673
9.393519349951003
10.220419152459648
6.9824020851153845
7.255132943811317
9.76557506565701
6.92870038874929
8.65401510925279
7.652508735159702
9.956861843669252
10.16308970076929
7.892151065984796
9.949462438489403
14.777124681903883
8.350202507927031
10.480117584520057
9.98022851993523
7.349452458607142
6.777337624780166
11.7246459252724
11.344781796215715
8.431979457253068
7.779963775667034
8.992847379174249
11.450210271695365
15.794980876638737
8.898614315663801
13.814381102945115
8.662559902552262
11.66747129521665
19.35877052349428
11.150544500819246
9.204501218225937
6.795284848012402
13.024666626244585
12.418014212534398
10.410922953383531
14.774157494199203
6.594093509725011
6.808476947676474
7.4270574917412
6.743999445641159
15.292064234362822
7.9317306340739595
9.491313701219335
10.53026870854949
7.1940409577084505
7.910223663596248
7.738030689603842
8.740302342527213
10.760318842465859
6.732818710744666
13.175651679208428
8.96110316760051
6.773978492389916
11.516612455464562
