939.597441737633
882.9190196731723
793.0705618764136
684.7669777813575
762.655739223645
619.0461693109505
547.1787690303162
522.3044084014992
506.3008582713885
546.4448187812308
407.46718612781416
397.21298099575125
345.3722504007996
403.38975578002464
312.36532705548024
270.2197386631484
256.79626238798454
287.4807112242803
254.16509562018098
248.78632878977504
216.51130070978422
196.7472323659115
210.751814574034
147.75670220350113
194.90477317966534
193.70275248117218
160.12339443777256
127.22014940426196
112.55759639591693
155.33828247293192
128.7969231943881
101.08437795274207
153.33238238478236
107.71401785943362
130.43582721365016
108.84475896770755
112.1492301458966
83.914442115634
69.79942368177362
94.73343000378269
75.39704249991352
72.18742515527596
58.30477207054597
68.35417589744385
51.97535326919505
30.0159282833786
40.99245623581342
57.33677324653576
36.584921488587234
47.214560412240175
54.37127712773104
37.958598603093904
48.60156661350485
26.57627810004254
43.73657494742253
42.00369317929608
31.802150357930547
45.1501274932135
40.09600869692483
32.1281287866071
35.52508126059328
46.25999818956573
33.65746305326713
38.91762693353283
33.68490340168833
35.660042631937586
40.3315597520539
28.3306257531449
26.67958295753397
35.08925820763083
33.48633502523161
24.300961008774895
18.34645453335823
28.37364523073672
33.70074488380804
37.119607762811086
35.9939906761968
30.88744390827588
29.680585844135475
28.352554060480884
30.85950697918615
31.57612799774171
40.98940762450428
19.83527625175449
21.608722412826808
45.431130377119516
29.171647435528627
32.78187203976362
21.790537356125824
25.836409731020936
39.34209586529306
27.51553287903136
27.12170232236786
35.12779957065841
23.656215521712955
31.65935694725383
26.768290297850662
27.844963779977505
29.016550875887148
24.342334108081474
21.062949109821727
23.55145374365058
22.928821502959394
33.33347848086448
31.232275570762592
26.8615312899988
30.69825151723174
26.103525137289974
26.473770167039568
23.877591942535588
29.47822008228591
33.42557308875382
25.320911279224273
28.961374609627512
39.324398665388514
41.10063591781639
33.80237063269706
36.43861153144621
28.057954746305008
23.71471158683932
32.1420590807044
24.2916520164261
28.596219390309756
38.43719656561875
37.935698295570184
41.66298287931556
34.969269118970345
25.689889194734207
23.647789961127298
37.86018509236784
32.75054242630479
28.3838885209772
31.034191867516185
35.145142714276304
21.928941549547616
16.56487203259127
32.88488714808554
33.70176244073434
25.793677063917553
31.905591171358722
20.98836991737157
32.593573590729655
18.369459279135672
41.913678405821855
30.051652144961714
23.270428230458233
36.08055623333294
14.673304026132271
20.793973770916274
32.553809772076484
32.249473439509664
19.018171667839635
27.227486475434155
29.64222371689131
27.764763714428835
28.38721903204171
30.145473147131298
35.45823706413563
26.85792282288157
29.876682474992716
32.68811626446993
39.72383774907395
37.20567000421624
24.88168410568009
26.859942617472544
27.65902207866323
33.747058363386465
29.962582458862958
19.91200668148536
23.034313208762836
23.87591460048736
24.013005729921506
26.496962770771184
31.406444898108116
29.71061942235656
32.189106723265745
16.620795213170137
25.309479601362472
39.35099926206252
32.399386364094745
22.214119825582586
29.9748714055391
22.684792128728514
25.522686607225864
20.984803672290404
20.602989321510197
22.788242005003724
18.663804841592118
23.70833317199356
28.246256016264482
33.642164007912996
23.848453641496235
23.711725532702726
25.365529531345484
35.06143569912116
46.66151453230774
28.871114653843133
30.866643049637503
36.80568633725373
27.557441644479002
22.50021952236356
26.55094384740756
27.933783432492575
40.86838506880206
22.049452703105484
26.941474656867133
26.031155407030326
25.888658168603023
21.90918469602491
33.8688551724781
30.73521538894864
33.387780641498196
27.565643179105958
27.84650220014085
33.90082314309566
41.6173522520201
39.56778250862711
16.822166882846382
30.96876833317826
21.67488548452362
31.530123955314533
25.71449017820927
24.356004714402783
23.66558821868501
41.33456078909182
31.256517041072968
24.86780028258762
21.12448297946747
28.5011129816925
21.899843445106534
23.312483582083967
29.221689814610453
29.025498752929934
21.51931394922985
31.86100277257576
41.496509079123925
32.0124301986923
32.62150087787028
21.64805821152706
26.496093670001258
25.56173741246454
34.56097769834997
26.456143282489464
35.06643991729151
38.08431235518021
33.910614471965616
29.295510347172126
27.54553420371424
18.513254381978676
28.25228176432244
18.839818535806916
27.267105471518622
32.69665428450973
22.021227148142497
38.39517978407624
23.161526509137083
37.4240226962365
35.27950344233404
41.78760516409361
20.27869613965767
31.26422367570141
27.668850200106377
29.880116045189265
42.340383116982615
22.716190899345452
32.505993315154484
23.72958172011287
17.0727161454982
20.17914742800505
38.6354296696662
28.116710035860727
37.528237206526136
21.557632530776747
25.18815185042581
35.464601984211434
34.56615468840038
24.97386651726373
24.05466025553187
35.3491836721325
17.045762413716073
23.457903399443225
37.59578209824513
30.574781146099973
25.61655003406078
26.545303051235287
30.05680379930525
27.790409890381913
25.932579838246774
28.733537450756085
28.674263625656703
28.301960312912616
25.234903306470862
28.05541902222148
36.12021310417574
30.009788735263843
34.804914054546856
27.458580399113746
28.901972263767444
35.996979886742224
17.39288904881233
29.720450779665814
29.706294628259172
27.022919340570294
23.819468939437808
35.261169726615144
22.304104595319803
36.852790681911316
20.27766718685745
22.614381332246523
21.394901985233055
18.61804312846436
37.26163421760655
19.19281443496724
32.90410309928889
35.17032119169408
26.089524980709978
29.7459505249584
27.079798773918906
36.15455287438314
24.889699421542996
25.41639420280467
25.101974407710948
22.0845641831456
34.97328054100278
19.68892987988224
33.24351191387601
28.39502916038286
32.3861587989008
25.05553434964771
28.53372266029365
27.75556704917223
32.66313178482622
19.834492314195973
23.500148131228592
33.20853858089922
29.357940218555754
28.026122756106787
35.28885590813777
18.746257522667662
22.086852944563017
21.594061053435414
15.443292092689772
24.74915235316093
31.179099470221317
41.93537170387938
33.23743989467985
32.49588458484507
25.402839151295787
25.74492615986646
23.467465646452286
36.87497284003512
17.18660519366525
27.971423860769946
25.891507579876983
36.58384858178814
44.44770869516712
28.255215908741725
35.161221877090334
31.05593391220389
31.71156229066113
29.58438080169472
21.999484242408467
22.486494771352717
26.432991305347887
26.735048029493065
39.04782509467571
17.395088495167652
21.035454231908925
24.13368863694901
24.150640101586756
24.240475148176362
30.476482523784625
26.672921856438762
27.604234922394618
33.554145874471054
24.674925054850384
31.8169367775138
30.45157788304898
21.031699874260372
22.957168006849766
20.54054884397833
22.34776822712106
39.549741008703506
32.09597079005495
35.059123911621974
42.630940394667974
17.160708490443017
27.26881714260453
24.689705897202234
26.951928143316366
37.79932038925197
30.208660045258085
23.664283108189363
24.97936055455185
32.29539121704285
22.587636978537844
27.751029404507655
30.772943971515836
21.687253293147055
23.60129362118699
20.39104280931891
34.73858451479335
30.403607665277494
28.346727553456702
35.76696875605387
32.083516351077314
25.40009885431503
25.209556685057805
18.912410555842303
26.959055660737768
27.402076982103146
28.64600423281982
38.547901634257386
28.673672884430808
27.657687147577263
34.1705746509173
27.56875924335803
42.2210240822714
25.800885881882014
47.304816335198794
30.60665490241537
36.720475120600675
24.47936458542169
23.910889483679657
24.35723947626939
21.546765518349137
33.01720085232381
25.683876333124534
22.35695428146453
26.171908986048305
26.142956255298937
23.494792172566857
19.77998973865553
23.263005435579274
37.80099847664113
22.15347661676733
56.811451450237385
24.637390067843654
24.945962735567388
33.74877329424824
31.778992298795234
28.54575666747976
31.127953399876056
25.993405156793592
33.09678106298886
33.43971687958949
36.09079033309274
31.645775260811813
25.671521330841014
41.085333023691234
44.119180799777865
37.91001566463836
27.324902024365088
19.157642185708585
34.97435514792064
29.8115372475609
27.643471285844363
18.42788340608909
21.451869595968454
30.379408791577976
39.36751460641531
34.959017156286684
19.386045922628902
25.410546821287124
18.273973646970063
25.63648348612766
19.773343449180228
33.591291777347266
33.75098149965747
28.911020363019475
33.21133542562299
25.510760983584195
28.039605513764986
22.918228380709508
24.237826090758325
19.390960014083173
24.544389677362755
30.982703844617536
19.980045662205384
23.408871298681948
31.614196325097282
21.525922815218895
25.024226756972762
29.23677490939161
31.042451373540775
28.805992342799758
30.35484207310454
23.55558941406645
32.82534068054545
26.072341544714345
26.436141235653377
31.519848924553372
39.54274661160635
37.401214373916424
41.526244000580306
30.844583455319125
25.741423304703993
32.20660122416321
23.854694799293956
32.94041481030058
31.97772526986314
27.64263710315556
23.821071721114446
24.927458031525628
25.93155840624307
28.826946588105155
30.059944340494653
28.86839018322315
22.0958509060149
33.347948230590454
28.499073941266428
32.486118531474496
39.48356199034407
23.619524859503745
39.19911644597051
40.390209643302484
26.544467632397424
16.183739507463105
15.475003815501104
22.485923704050588
23.93869110896019
28.41563008827846
36.39051222963718
35.86460865075532
31.910063841211638
41.339636759221946
34.13057643084653
32.76582554488143
19.469371022434473
22.104073111546814
29.87511511468951
36.44351155487924
27.00290874103578
31.60201866834636
26.825703978041343
27.537556137247865
23.59684058150367
27.973546519892245
24.63203091189788
26.95253138387992
23.771760330875676
19.88743034680898
34.40404193168906
31.529437413060517
26.643894872986017
25.261473651603783
35.97776691451525
25.842489481526226
30.049730112577805
25.97430560069857
33.00348608098063
26.469102464308662
24.212797721447135
32.28899570320846
22.036022595167633
27.14312355373242
33.77904127253365
27.160610351942548
32.020828270711164
20.41721166046021
33.53249107824025
22.39541351650401
25.330079057519573
32.578481806428506
44.1373862991572
25.299259193939648
27.377305044917584
32.25721552593027
35.85424240146434
42.66535612439007
32.239833056881935
21.151738382026725
24.525918206432955
26.832087560912093
22.632086154044252
26.16887568566804
29.90787134803566
25.537567924934653
20.720992734881204
35.326919122642096
27.24845061204605
23.404807415499622
34.27879007296892
20.581857420241445
27.138060170912247
17.86946318516768
31.324684179640155
25.03344959994512
22.853837174683694
18.052120398101103
22.34761715769827
19.092664811764475
27.998741332745414
25.514918920403673
31.397271241707216
24.390003304884004
30.835042654659752
22.45900752095484
28.37990471993301
33.03224408238801
19.12051405902129
27.372571001769426
26.093280617847007
30.17096073705841
25.548095181564097
26.824753727314672
35.24783575556232
27.98448026133907
32.364583657617985
45.37123638734296
24.49074099563255
19.492029855541553
42.021136975022195
32.93968756540666
30.05911278881388
29.50626717674002
31.55366634868392
27.637147971159777
38.12088095770915
29.324581975187947
30.265312612680408
29.98315570245905
22.407193399682757
35.53606799319605
26.429812472088855
33.50201233051025
31.755582338035527
18.022704511947754
20.923949152948037
19.332430131230478
26.28843664699845
23.799887392519555
37.9692941851099
25.886077839916034
30.34202806511475
28.16857311906748
23.981684198341345
25.266751697780528
29.714599641709828
30.982386939898955
34.933972251511
29.957125854491068
28.402733646361533
29.99985795642114
34.58197140690359
31.716130364966936
27.608121628010263
24.10586019314407
38.316581900939056
22.519889745551172
24.257017384484875
33.5801079026649
28.063381034292185
31.11393301316019
34.907688182466714
26.128971435327347
27.143502975756036
26.98550843265234
30.68295720556296
27.97338636326953
31.762656947191203
26.77696409355812
31.324213655540696
42.37917584259203
28.252669874960144
29.556350353739997
31.086922547800633
22.366545382657975
25.79070223341938
26.68354362090798
37.11375974813157
25.82509215019688
26.97879602652594
36.72754344379238
26.08695934453203
20.85189063769928
14.489161139313422
31.217173467929044
32.41244087366592
31.261297991512905
27.678163701054213
31.693276376050395
30.08558468960481
27.58137501464113
21.442528496163487
18.757776345940634
26.530390249748248
28.406083763134514
24.432988826892117
28.765482894160588
29.65784799267442
48.31299772129155
51.08115340492715
28.947490310266744
32.17619008048179
23.97362108633587
48.95618832642606
21.35243203292802
26.742908981996035
20.996317974874128
35.803498034471524
24.740799247571637
32.36329623549422
32.60268548499035
24.236494276596105
27.082039140837928
32.12716761502279
28.30897281331205
33.67865743920142
26.493597097366823
29.271217161230368
24.184607093356732
17.26191760650308
35.595153941995584
29.8812658173152
31.693691289108354
31.47801867636527
26.532136351541048
24.645854619645995
30.032186796628007
20.920095900266656
27.654304195558698
21.450063424104453
36.868185958249796
31.803047536272505
19.006458271418268
26.18839276414538
26.09128982964955
27.90185228621652
18.715337892250254
36.72164958694562
29.11046222896842
37.27640828511471
26.03446583423087
29.06273932570983
35.043340353206546
26.502911655480204
43.43950734124131
28.284615742855507
29.0471264617875
34.50642431558749
28.28406716662203
40.434304875672275
25.961648252844586
26.93469626194164
32.721814313822534
27.89180996777408
29.709419825018262
18.18397798988038
30.829344868133962
32.36530967234462
30.300632915198594
29.865180514142203
22.319701866879527
26.10803075965884
21.823954302369433
26.16508736687118
33.19141282138122
27.12970636971453
31.306147387515786
24.866960984349067
40.778458186337055
29.493406508386784
26.145229074166167
35.552899686828816
27.0358138265924
19.001473925629252
37.66548982728335
41.78661021199094
23.16666030506766
40.46346660545646
31.969178204700317
21.845026577201445
34.375019131272374
27.207320065112402
32.37549304811585
28.135320030532608
28.16914118763026
33.98171424226869
21.382843275173542
29.75769728128081
26.32714984383734
28.135812356208827
24.697877572200106
26.618335298880886
20.55906781503107
36.666514567526384
30.389347375848892
23.995553447198457
32.19263317035503
22.464114409051984
18.402500647512934
25.83978598688077
29.765384782965686
25.834039197520177
37.60331598398543
23.997893641549588
22.147227473976873
21.682648877502096
27.44977905048281
43.06497139201929
23.220765150191326
35.26597072326612
35.789021018899355
29.146615937460503
29.525136012616837
28.74371711756616
33.50744364148452
23.2097689400628
25.0280282980476
18.20632032162979
20.33439359640573
24.03727886194952
18.822328521288643
15.749712493867477
25.775106671457017
32.55748457683643
26.09602641521887
22.813080568078945
34.28326523547326
20.06316797392607
24.578112537162376
23.647948906394024
21.792872964334315
15.78642557355891
38.91316629155718
37.542345730201866
26.58498231699583
20.519893300847855
26.58326654132443
16.10351078380006
25.596244807677
38.50798544220994
24.88649199203497
14.987349412018085
29.253509873330884
21.87365194261912
35.51780565815248
26.045380094288717
28.581201905830294
18.875842266622307
43.48890768798356
26.634175648484902
42.06286759808566
25.69592753716164
29.45563042231536
22.885834243646595
32.720499241608415
31.92796827586859
25.258581026415527
13.748556986041432
30.365441108840326
19.806607987838337
23.45124955907613
31.92432299139204
21.876241161288164
30.336913432998152
27.569626810664467
22.919195751183747
28.560701853365927
17.49499742798939
43.4183739468036
31.236691745739016
28.775721379908624
27.049050756461014
32.88796192986315
38.14893917837377
26.51547270101312
31.98147896442731
36.28898099500379
28.379276035727536
26.549768323278418
33.900640130776864
19.035426947715127
24.64696353076279
34.680598457349795
25.811963118857218
25.20842858529708
22.487382937886576
25.984597772097885
24.27713451974462
36.13822789880548
23.651394582424583
32.72224587661801
27.797835066283234
19.64442136407994
24.89734677444457
23.956315219036018
41.93223501120332
19.583661399573547
26.46112703316621
17.540961384398056
16.888733950162138
26.127260825247024
25.450641259218816
28.72782644592497
35.622064110793765
26.295664953408647
38.279232625922916
26.624694895013924
34.15902561285823
30.187285970769086
26.227725237888095
31.82623832829287
21.767235327161146
32.468571715012736
32.9523393158372
23.619884126473618
30.52311176780602
36.322457473808164
35.02372840702415
36.86785858790118
40.4571436040938
30.747545706944766
18.51780510302498
15.066119993833759
31.70889851310394
22.086943825434897
25.245841820228698
36.38450361881747
33.13194131977272
29.93141050751533
31.203878300069366
23.247192835808793
26.736510188934787
24.082855348122585
27.1857947270588
28.212243275264875
20.26209296359511
30.052157680882992
28.258686790018483
24.57192305685514
32.16238679432345
33.20264987214136
18.50316293322354
20.20568736579525
22.906577136449734
25.81755202350349
17.270895291690426
36.836718735401135
33.506643518128634
28.00164277069335
26.03327701505771
19.966088556378832
35.81447217610415
26.44131437923235
10.941576930166812
38.33148541493361
33.4774703425197
19.65130204763812
23.170359080728193
20.015793309524305
37.23894647344794
32.305473319742966
29.305135189707055
25.89876686988158
38.28851351361994
28.453651907111716
27.754486739295075
31.162758516669697
33.700027654062175
20.88552790614129
40.77860965109261
38.99724971012725
32.669413778372146
29.130047621355747
40.007048062351366
26.576582722641977
31.82982321253825
35.652143129043296
32.665027454164616
42.50000262873023
35.63534674615274
24.078078471141453
30.06915096404589
34.41329794457828
33.126045801453365
33.578505049612126
37.5977666495953
28.584045816743913
30.099213738996166
19.073963116207292
37.635433597326426
22.870358663027943
25.019648106210013
28.298749720088257
34.40425912269732
23.554644111268725
28.049476659279897
27.469667382811686
34.69032811741994
31.141066866196855
27.588940399896224
27.80775138494332
29.655430327885917
27.071055428051082
15.487452268510832
21.81052086928145
20.86447612235068
22.833381217470304
30.268732377991846
23.980021416727453
28.605770735638348
37.832477991489675
31.23954353850348
28.59958733628567
26.85815139028386
34.71682015579678
25.24810137029875
22.617542723965585
20.89025136982529
17.279034727118407
25.553038176991823
25.74980774587659
38.23913259484525
21.457871195157406
33.764969061763225
23.078836171345696
46.744141692739916
29.918893617581755
25.96190556574813
26.88112013273
27.80631376632664
31.4194265067682
30.333952561484285
15.489404147728242
23.08950824176125
15.948793112999546
25.622405571314527
36.84039700657905
24.831533848311135
38.18713985828149
28.468764828683874
21.764608200609302
39.54369902795211
34.69198586707199
31.07679125892974
23.558756378565533
28.748342357536693
34.133936440738275
26.066649841144972
33.484249282898695
25.299183913664347
31.845349176165445
28.863290668070547
23.335515054884482
39.437136320661274
24.186479955996514
30.21694164251747
30.113822978138526
33.60816769417182
31.95199050753359
35.90240965814828
20.12412483166975
23.448663651714323
27.85431368675203
24.821131276602944
14.86439306849799
29.220954881311823
23.940357958927226
29.636738956216085
27.26445704118097
21.22753902560508
17.70416421381003
23.228965960304222
16.114657620357388
23.432125751045493
31.748208145130043
22.372701617019843
37.41653369485804
27.211602828305537
31.51850503897523
39.23755633524594
35.445676521200845
27.010274968655025
20.42808052646498
28.584069882893655
33.43271313997408
32.31930992757333
35.096872342169135
43.197908864532444
22.013660598696656
23.69989136759442
34.76445969380252
27.629285805031458
31.13765038559232
28.17803546533093
32.62209921737506
30.688317534530015
31.162664282814745
22.625368335185414
34.833886466425504
23.418860135706712
31.311330607080677
31.188202452991774
35.79525404213356
26.1863096964918
29.913472900293076
36.05962398475911
20.566539542402072
23.037731599832455
38.589316314304185
28.27131376538985
18.476741588871732
32.876158527131935
35.19983758596001
21.809094589010645
30.029636919589226
34.51661906548992
22.371652050997938
38.832009413077536
32.419944441859585
30.579137854486994
22.957371584249906
31.052397481918586
42.52616604153751
30.011938092570855
28.350732887889567
16.080042961310724
23.805606234103944
26.45535485284329
25.09162202272563
20.59091645222945
26.471920417858936
38.203568761556056
31.34503530334819
27.715372974478576
27.76178981040216
15.823504333538565
36.66785275200593
20.383239110150768
29.012929797916843
25.51288269645851
22.953810086979022
30.25568119063397
31.65026300476282
23.456371097042737
16.447926519908957
22.01041945052863
28.594893267165915
25.861543717825402
26.292682901437246
30.269540007280714
22.36401438733003
26.961499744673915
26.952568501992978
26.158030628310623
20.593920961372824
25.37384356861635
17.47557734095673
29.83099708375357
27.91638299728331
37.96355805629604
29.222255734362186
23.206015752172966
17.04437165885135
31.491758743498306
22.951249105842678
24.957716280938374
30.9097480205338
18.899619035901452
22.92159014720447
23.250039541706606
33.272443424454536
12.637974644818007
25.198288325141217
33.33922031582993
27.04417241442324
33.143376594967386
23.360754764403072
25.686514337589085
27.080694480151685
20.80328617167739
32.13855376648706
26.673601545242516
31.01240863760473
31.2132759827164
27.739583955751755
30.873033707136454
27.190302382753273
23.12790435060365
24.53227892935952
18.154491753141517
24.215727891599027
44.54492194385106
27.184962414741285
34.02227536364219
24.891298943158915
36.43665968534879
30.660528893456007
34.48223803030266
24.460639341799084
15.113986563671503
26.987536126421354
29.587432726685513
25.98984870989286
21.994024214895212
31.127641125917204
33.24149661255336
35.63152047908212
30.258034571387704
22.761480461248105
30.212867165144637
40.35955138813694
17.42981145416033
36.27118965703005
25.183478230627816
34.08477994715346
36.367496839581946
29.802535877051422
27.602273372218583
26.91769897073202
31.69506793881503
24.576515233602482
25.415511952430457
40.86576294469136
30.507126313903342
29.765643985990792
22.629614473691596
25.89601730990513
26.1602041239884
35.33900638116256
49.59688316410929
29.38449551712956
27.977796313218388
47.141456316276695
24.119946165992626
24.64615395114485
30.16880836246275
39.72097573052648
23.659391965072153
26.232958262972588
27.334959280489546
22.0468421233986
22.503764777226344
29.50244803533347
36.37955531016967
23.910434117242595
35.17453567301288
35.29387817675784
50.7581472357393
37.99168484821154
31.371793178372354
24.55491805380705
41.96845526115523
28.987216868937303
26.57208115755524
29.36489596330196
25.839142837823527
44.75766982241573
29.455433116685057
33.72442753423302
25.229474810429377
30.291337438337152
23.38373938829708
32.65473747665526
28.307457296434073
27.02633214816376
32.57791650671528
19.013142275575294
29.468908347929297
41.12268396517669
30.592190535140638
31.60621354082639
35.37815124135353
24.0788532244421
22.675994885470775
28.302746517595306
34.965573250546974
33.0791250427721
26.257768862566234
19.839097092124387
29.501496185153304
39.79378767033642
16.625623582876614
25.42085037947877
14.064194580480875
16.86894168910113
33.22358420517465
28.80710916721011
32.74128885815237
24.000611857865923
29.119243708494235
33.39188272232725
24.38776718666812
23.471399060248572
31.382763824565878
39.856748666591585
17.252884975216915
34.36579886818642
31.101906347247972
19.14629262940861
28.43994567673237
17.5587940843115
33.000674515028116
22.692640228791372
32.90983590109016
28.4247034189763
20.303163483185894
38.392970025750806
28.045769027624456
26.302347881578886
22.741913734970968
25.359068227527075
27.385721876530074
39.586609538576525
18.267443120451315
24.45875209750033
29.85481552128378
23.172429701578697
26.1782908182366
29.105366922893943
24.19581670418337
24.298689562971774
42.14227703001542
21.180417000124645
27.428210049266973
15.332917326475554
36.27325314472801
28.928445413973296
33.07561196308376
30.016436631755482
23.70140415927913
31.551557284330773
24.632534713966674
37.65883370712398
23.844538665743002
32.23826428677031
25.778298768897777
37.47995030315948
27.89859759331762
22.124935714787465
39.58413234757719
27.98441236210399
31.519401058007386
16.766433090846984
30.824268338820133
22.403118276392277
25.649784583531275
22.750381693039824
21.831808495098606
24.385766445255737
47.16078286020197
17.03765806765924
24.383518656917623
29.824820119531292
24.61095008959704
30.255629596674673
29.69202049199435
32.856907903732846
38.41662630584036
21.172949457720435
28.71986167501387
23.33802773013224
24.13586637435084
34.34061146868133
21.282084114986244
24.608079969664402
37.4682046729866
40.16955412915582
30.873475252790882
32.35724977024939
30.462111450522045
34.65342427405555
24.73843276681987
20.285760606524597
26.49881087558463
32.61247436804765
29.672706113481734
23.435130802443595
28.28503834442374
28.262299644754336
29.55937259885943
27.208402261819426
32.24194212888474
27.097821477803357
20.00061913656562
30.156710684820432
33.2349924039955
44.305024690109576
29.50821508819481
29.158793059356892
35.688009999087356
16.06668219988422
25.382977787532983
38.25674367275353
22.132261739295586
36.79067992984309
20.51810026937754
13.081598157502041
18.56570313386894
18.72324032582931
38.86991680711645
30.39363848143796
32.31725218117292
34.17756696216514
21.539174248051022
28.045350430400724
28.29651337263138
40.054295782229296
27.418170878655246
44.212865397682094
28.618302039990944
44.5770110283428
25.33044566635122
35.647335349957444
26.545323934766348
33.27158736462867
29.698395842303754
43.90111671216699
17.2390802088016
32.84462349387381
34.5606415699234
25.9934884166103
15.267270142922515
42.72068149288417
19.41751058370044
32.00840205955423
26.140379666953027
26.31073485494188
16.4430514527975
33.43378751745928
20.696225013210846
32.51075112955623
33.140530577359826
29.37070494259318
31.196688564555192
29.283839122285464
28.182517574036105
30.00834661838142
33.568814817779945
31.093351591882858
21.621978874885052
31.631619388534837
29.1009713433095
39.30440761349337
35.45034658352242
28.10479909830893
30.712187001432294
21.92951658498652
17.61449120022383
28.40025881320205
24.566885781336953
18.39789040609382
23.879579319608784
21.85525207238959
35.70857550204213
24.7645806571034
20.71736824273673
30.163873462347908
28.0993402921748
23.338863405232267
28.085973250496654
38.479259451966314
14.375452172444012
26.59310765954593
26.01467592839669
21.811891118924855
42.47156532444665
20.729460250118567
31.99725576112992
29.258311770263752
37.974925030261836
32.25423352314574
30.422638618114746
24.74850537038456
28.123506444497266
30.035828340402514
18.700721561558414
31.224372277593144
25.455611793775724
37.15313627572076
26.52056223514266
22.844698577788368
25.101883909652695
19.951169451075103
28.857760546996815
26.548859700646197
25.471062511882746
26.30848847530931
26.24472430375397
46.33444227855057
27.805582352590786
40.237702232798675
28.457271311539365
28.453096938565302
23.962405580203868
24.016297850784113
36.79046821717083
23.81021252327789
27.189381005029833
30.648080834364855
34.63172902484048
23.689809911085316
33.979064817781136
22.186029279739593
29.880502879499744
33.021401840627504
20.575108839666516
32.77664132352383
24.543736506892362
31.320364848729376
25.66206066737739
33.54070400108081
28.96896595612737
22.528034298244574
28.575272102673217
16.289755636632524
29.980445752687206
26.908346794996856
23.359836189295073
30.164750766780816
30.98463606216722
33.19940491241626
39.86835766225071
37.56418732828025
30.663170948184277
16.29122797802552
31.236178033980817
45.458765560577426
26.468218161933656
30.02002266181993
28.60641797053608
26.114856465885193
20.92352724996701
20.161361555539347
20.92231876583873
29.167441744438865
24.76632645256025
34.233414544831085
38.2498219807408
23.17498713588513
25.20268615302483
22.495100281112705
20.159819352057585
45.69094485796045
24.229109901751425
29.524581457296918
31.559193462021785
20.265850199945458
31.297693569829033
28.68840693704311
24.184838012812246
28.81743329460183
25.52243438977955
23.46772838193
36.26247687464109
35.89830450969574
32.16327047524924
32.80638702647457
28.518898947254616
28.983728532853466
28.26584891326324
40.88297171054003
33.675587973396645
33.45484155775194
27.98753010600523
22.738892267155165
23.601133292084743
31.001504489665795
34.2642796748176
36.05025503340335
30.99412410664452
27.66662922525358
18.45914458333951
24.220162666802892
28.676668225061142
28.445672265150673
27.59691351666985
24.622699503986794
44.38986902649096
35.42873628302055
22.025805581470294
27.702094820699475
20.227923342901104
25.661095201785304
29.60677815854066
25.88891696279379
23.856373203204374
22.918662689305037
22.874162309607023
33.207263382283884
28.228044184250322
27.485957219045197
22.71981743927553
25.244533623604447
24.582575302268996
30.87315684649754
49.456087094028625
28.56417721402165
19.260806742768008
32.64711561871954
29.824120431521795
28.36381621276658
32.189962826662146
25.90512698968382
23.014695341712905
33.70242231110879
32.94816342042457
39.02986929714866
32.461894252812655
32.2956411889601
37.36936304939689
25.82506439764246
24.984126848005157
22.289933144836283
24.815354007057934
16.53288461619319
27.51005437445293
62.62399192321998
28.80457663335816
22.080589065758613
29.89157962450707
24.36800559190563
29.707529898657448
20.735771051298464
33.5369104368198
28.825934806323634
16.104327220280947
23.867277008660366
27.33770950552999
22.603423101154643
40.77830140409232
32.171972633053805
36.8267684631437
33.150783699777385
32.24611122330042
29.732624112589374
21.495121180929505
36.221089853682095
26.696983878521014
26.22751547245506
28.435112185147194
20.111709681362118
18.733430196353172
35.42487867968157
33.7833113956914
20.30612581822819
16.88675877119745
26.759182187718476
32.038617546481504
23.47509561951555
45.942565810063144
23.865802962193637
20.314713083714537
27.363498464680386
30.25905001225968
30.426052206780994
35.67479944456779
25.91015817020445
32.41332632462415
38.70186109682516
28.08383047854675
24.464832305741314
24.521069839792574
18.541061951228365
14.282565040240373
34.36183612807592
24.083319769740168
24.20773263240043
20.555562267223756
33.524917556538945
30.710094880579486
24.8031530850622
29.414465436862546
28.701839786491174
34.39115709663308
33.00385183399119
32.789769385304595
24.303256613317302
42.17421511178392
40.55129173117288
30.93311732693576
20.846067998238695
29.200880149520565
32.228210577938896
22.812649744584956
24.73417568959391
31.493299573381687
28.976072004646973
30.452452509163113
28.41557033899351
27.06109271393596
28.74000966097645
30.19088185245677
39.25790687184244
16.293057630524984
33.36700662430626
28.61002480453032
28.366012422326992
27.627685109753497
22.968949470552822
