121.5242049973001
72.42011791850716
56.92299506960207
49.84409254210209
73.92686406762601
49.0480981621155
45.09928668670475
17.20606251759734
30.66756393168038
31.847590335815763
29.98726461376247
29.27360974460893
19.556100237707
33.08240384030095
25.160464165409874
31.173426467000986
38.06905546553618
27.034578295462282
27.75233363576936
21.132330841352527
25.447115995972037
36.13597193179057
33.5477555314941
24.955771409311126
22.543158411945974
25.850960549234987
28.141747951873867
20.989261489932613
34.707874091792654
20.99041383296878
27.83605259152949
22.98920046576319
22.84252384321504
33.889928374345764
35.12255650848647
19.720011830855615
29.3919348370309
28.58268286057053
32.080315695155285
24.56918303883192
32.719143517213716
21.80134019907183
25.165824222958566
20.247682914358293
25.014188998848947
32.05407574464917
25.086855829929505
20.951724242832
30.23234720144574
24.64255580364195
22.109962931859627
25.938569693355696
21.65768188043775
24.197873669655724
31.03698623888959
19.15763278247352
30.2824266900643
21.726136708969655
28.678566593671988
16.014231792652254
20.141954236794568
19.33317326899468
19.444250809294147
20.664256695350165
23.867282596309508
19.067819119420673
15.702395074874802
31.3437218335253
36.06472925221864
25.10215431650745
21.340114246842546
27.011453446931416
15.732614570319264
25.754531116284046
18.279280637429448
21.618341459695607
20.960842018527714
18.278028517070762
18.236604039093372
19.899180165408996
14.369260228486198
24.19562753854619
31.46276265293972
28.71279959339149
23.24203645333752
17.311552959553637
23.12894260446176
24.04657682882813
24.38353241624411
25.89776287053121
17.383273584668895
24.737548129401265
21.123498880163943
24.519071012901637
16.11599019276251
19.72090046638815
18.376833782470555
15.993333033321044
17.93758991403112
21.50861725500961
17.209655291228337
18.754185321365647
22.21068835021005
20.52337801981226
20.49500194131824
16.785124186162246
13.596588330843524
21.64221135204928
12.239523972744982
26.175351674859463
13.84898488577646
16.868539135799253
12.107379007101496
13.22610246123253
10.965889715732153
22.534934215196177
27.774694778241578
14.24417805170064
20.615733979792097
11.621640790391105
15.907448856957728
17.949968871057408
10.54319533051173
11.862499900704973
14.843996930845321
20.25958496956012
20.90562191844139
15.335537749353284
7.772237758935867
15.500362909748628
14.135175793733485
16.57161826452952
14.57873103943669
19.040075282002586
22.78764342663666
20.219106567697366
15.521596754092142
10.527078026274857
14.161105254570696
20.249465054959337
18.089918680411547
16.18343158791971
15.280034761339198
18.518728123454416
16.413111797674667
15.5995688264717
11.957783697268228
11.198471523133028
13.623141659530141
13.920285906637156
14.627753545140745
17.199373561631816
12.250733925009305
14.50673612812247
14.909358434147604
12.816337356894698
17.612602071700202
11.943051824599586
13.004047179455497
18.25103875347307
12.811861189540293
16.782449547742868
23.567254850147325
11.389434537485798
10.669147874496781
19.662552886623992
17.77969156912123
22.93819437306007
12.890084900470388
14.303309656426258
9.23118609617816
12.995044952574645
15.063942857513007
9.526650264619963
20.038459549372785
21.640694627079395
16.716340081281526
18.905637637356875
12.524953011883083
14.695790043013773
12.72121948038957
17.88378969642354
13.722026141913688
25.968391626228325
9.720156523828287
16.489550155959726
10.680272179433548
13.311974281272876
11.404220195500145
21.58067418128921
8.128766653276989
13.963561023197272
9.16994277406461
14.930661186905164
17.686567138740873
12.250170528426517
13.333881565673739
16.055158435489638
13.798520621456431
10.643458527888972
11.199716625568607
15.466361849772406
12.282627234999714
11.274564583976996
12.948330902500265
11.287546430408673
6.536503878049748
16.186221892469995
16.578548050907255
17.844055532044305
12.159735880874566
21.721225942876668
20.800106608968576
11.23061264262847
16.823038198322447
17.958566938306156
14.414382528391359
13.89702753650471
5.473543175239936
14.245588874952277
10.405597528010073
15.334845489001726
18.012842130453514
13.828907171783984
14.063361754531591
17.2309493322826
17.08368942060707
14.993385177354805
11.626008831309301
9.670822150427846
16.55453971383157
21.36899323178607
12.989852185565281
14.166194060731966
15.470219723980975
17.85835695685161
17.058093259822122
15.316552859167256
14.76726331720212
22.543892611860667
18.3208772133389
13.971591066071381
10.573866540974068
17.089472828720485
15.064203054701771
19.82678815922797
16.368085133684563
9.885069464977448
12.440662473550823
16.063549813347073
13.052892467409889
9.466489983747067
17.90080266234263
13.810510909394761
16.97232560536038
18.33701439346099
16.27519126912605
12.743829665480325
12.044690855860654
15.27461491333946
10.128524711657864
15.353264523452678
16.9026680439492
17.011020742738708
18.880756821733307
21.03152710689021
8.858723435103883
14.862332346966417
11.553422922054603
11.72824060409928
15.009715313394583
14.532754068598333
18.89016992393233
17.41755309216923
20.68659932312061
11.64478330970215
16.83440725575462
17.09085041310625
13.194470376449008
12.077397248867987
13.988467656351814
24.238964745475542
17.84526623624234
10.62113230745116
17.72019823717705
12.780278002149343
16.881632681398948
11.278718796031466
10.443996371039654
18.912780203229122
16.16098287425178
9.750764171858515
15.50127911510514
23.515090770542354
16.86235435057536
19.105158974574195
17.358369208085687
15.157733735603474
16.819811273452395
15.576724100115126
11.535594438319473
13.106785230601078
17.465105969275786
11.564380405427631
16.18991549452189
12.883275945110329
17.734861779260086
10.46597710536423
10.466957412460232
20.099615018176983
16.904420125780497
13.252667721260636
11.96603772905746
7.343862861847844
17.717317477517376
18.981745421612775
9.852163769847069
9.329305279382014
21.88731523390787
15.015892253242999
15.457546370719093
10.220451642273334
13.235936559897175
19.38379774848836
10.859397164480646
9.975015890581032
11.709417196772447
13.433969022105854
8.492897639794462
15.136821470312828
17.16172096862084
13.08720659795926
12.826797546244117
13.56252858879311
15.962615738402533
14.8980696688452
15.738632278916157
9.122293291346375
11.812782021531808
12.073581521901371
15.049722591237158
18.126753639940503
11.495619508339368
7.822722883234282
16.299616735240107
14.513283299541996
16.100556693878744
9.220882096151815
15.085495234359172
12.535808174789642
17.189826516590735
10.995257170564631
10.43860531496476
19.154771355406343
13.050422769424157
13.256357918505776
12.249246715756804
17.0054614541217
14.01856321306606
15.022370781708517
19.06497254005347
14.445977646255455
12.418565404611618
18.154895020162318
10.53583563317781
8.736432183305851
14.797765234596838
11.127165638866899
16.34171118399183
14.648472955323466
13.471698320448805
13.06862860709427
13.966018353534485
17.716838885340593
14.28610740030815
12.790845497058084
12.53469652929706
22.981523727038063
11.739825651874341
17.243235605464285
11.775850703405624
11.504379464162877
12.540465020288924
12.484533408303665
14.773422797155531
14.068729748025518
12.243867777019005
9.197774275129802
14.117978996031407
19.89957880028598
20.99297224562785
10.891369587850651
14.526792551413708
11.49034429989038
15.733812819247433
17.279825947170018
12.938286004105432
17.7641555259644
18.92238084473901
11.562799898519357
13.427151579885866
16.105147801661175
15.623766005305677
13.54416837558747
9.455202645157847
14.923557922915801
19.441692038678763
17.825629952699234
16.016701156834838
14.236929833710215
11.338220853206682
13.60229537015854
12.911868146593248
20.214725277419614
15.121930162030706
11.310014424785491
16.15503605004016
15.356227977526975
26.948443947448276
12.563916836214856
11.338774428132803
13.330262527470078
16.57392143696002
15.723429035534764
15.136557255600657
13.393681031424453
15.167816354529059
17.8660409569524
17.584795011087866
19.74016614843507
13.3924756660592
8.108150410072856
7.916882230683833
12.422639770292989
23.285584596666496
15.714582397560278
12.698371335626435
9.803359752221086
14.411140701491549
13.237085760511636
22.14071509911541
17.28929784305414
11.956199199298952
16.338959281792025
13.614032224645307
10.001876769609325
19.066949950977918
14.604188969532823
19.20253238046708
14.314153006524934
14.424094136172938
14.739712146225518
7.073672072911371
12.128261808799651
13.607773503298679
7.02560801433742
19.624143113178285
11.436738878348535
13.120650661800928
7.646987296365886
17.234195383130125
11.072239398747877
15.941127802458494
20.55285393446042
12.612389135808058
14.982108550528709
13.753447831130138
11.441066640269918
20.0649235178226
14.620635833106178
13.216156653067273
12.067933356640964
11.114761654463235
18.365925162631232
16.535002401692577
13.98651588178711
10.305813866900348
17.39749541814692
12.544698832995607
12.049204534600538
12.887793583862928
10.717465896482766
12.026864264880965
12.668592877505795
20.14578668030288
11.738925465937037
11.69013876140349
16.275260452997106
14.745435331165474
11.16894960293833
14.663503724245782
12.27767850475581
17.844837291469638
10.382750588533636
14.968182468725214
21.5640169374428
19.025711418332623
12.366885572244005
12.367018392599178
9.779939995509999
11.558024274082142
14.523139829581735
19.089839903072882
10.493613733992822
14.864764053686875
14.310631574301649
11.13076057141961
14.716380275773222
15.137510405940194
13.036973248400777
23.910388279688707
8.074551010098666
21.62754262851676
13.589432608938779
18.40644781108922
15.20462080817879
8.285191125419379
12.378398895280311
19.958977798333816
11.372736887711518
11.314755951553954
13.727309943637833
20.859321042713358
10.612909101214829
12.275832238640913
14.114886528772425
15.852838109295837
21.649848234431694
11.537154333373087
17.469938517664303
12.758949842376621
16.547190156391984
19.480699319064698
7.787437444872915
12.591636945024051
10.747448498269453
16.760110684719226
10.467707901704802
15.02043478221657
13.563992463947894
13.345389941856418
12.580541785890375
13.377320051277882
10.42690077758275
15.34400236691242
15.18014637228274
9.250662498782432
13.353454317259342
14.190623636106508
16.87530555155143
20.4172784284642
12.62426159596784
8.56526150795845
7.892806785859678
20.510583967715537
13.045938948656518
13.082431486924639
17.53595522902513
18.28733469912971
20.477568792666258
13.087509893491267
12.87770993324924
12.692970133172613
4.068973209694704
9.322260901047649
13.583029356002232
18.551993640090483
14.004740432147978
13.98963365043325
13.459232789147102
15.52085352438987
13.16227209161846
16.883062474765264
12.639081628435141
11.988997417783189
8.214689893579031
12.171341074340258
17.57707602809825
17.337817006025194
10.93435126714383
11.088484916342404
14.490104376048937
11.801739006012333
10.204361893147462
8.687807755927267
13.007783683026112
7.520565948870388
11.585902197356404
17.383150460290654
13.354275186368609
22.554027881142435
16.548235956345074
11.16714835873637
23.505228997951377
21.419012072404126
10.809663214208678
12.693297748944204
11.57664612191257
17.11776159505332
9.845655946304847
16.469935586660238
13.988241908587698
13.242760539490156
14.384926399799575
11.770802344116426
18.768414912289355
8.311671761768235
12.230320593478835
12.68565894451356
17.327228887999254
17.561040648399228
15.572475340685225
15.208554704336358
16.192466405300003
15.60316696998253
9.368674099529393
16.86953567491682
17.351221917113456
16.07225283327226
8.465882831635636
10.757326807768926
11.776471697232168
12.553851174633618
20.86151484112449
20.121911260763568
10.020579164703108
11.33715242034728
13.415829972495077
13.82712837149159
11.697710694830894
17.727409048101954
10.900499602102428
21.47551213881573
17.74330517310898
18.653325828453998
19.63650871075385
18.575867809857623
11.724206803430565
16.609210852611117
11.016768406274167
13.932747859005898
11.645383428987262
17.735896769914838
9.24997886174565
15.842539647155215
11.78179100789443
14.560245480642317
10.091497459829704
18.436375110492946
18.330559025652075
17.22218850318211
13.759044208326603
13.958257947232742
15.02127360100757
12.796692495106726
12.731512689293309
13.408896264392153
12.334196324884106
12.756890960940787
12.33585582809575
14.095296609934326
23.315599648048885
16.37417152105499
13.492664874192304
10.76988077422691
15.212805645467903
12.272754311315397
12.202552163367292
7.835122493886981
9.937194928595376
15.112254519838414
14.703922968119182
12.433111871639907
12.12985315256168
14.286900822362703
9.258884634185332
9.827916098071512
10.032166953324582
14.59127903159159
12.422047084999683
12.516336072504842
11.172138092581964
18.24294097402337
15.962504308830683
12.85678143579636
15.445348087573867
16.844350549450393
9.872560237406221
13.159302564391934
11.91206749240333
11.378155291912675
9.795299611336498
9.952436586792405
8.681977610038944
15.2873771707182
15.393008830023124
11.790272362413395
13.508051722598985
17.832341357000516
21.391996234019885
17.059208120050034
14.85327373011378
13.1106499042462
14.185832532142467
11.759467130758939
10.736691601797874
20.81358774180196
13.328222190258995
10.531794147599653
8.648298965233543
13.461703572392658
11.071814294555276
12.931859767479917
14.399077810235816
11.708061343508225
15.75490527446167
14.340642173065236
9.608747145574323
11.601868043488066
16.925544675913073
10.502201229337649
17.421987908862516
7.6072003758412405
9.35298762056723
10.69423463213153
13.66175077815089
12.206100966686174
13.310822127746667
10.932696139011664
14.040124796586124
13.177892332828153
7.489494538616658
9.445411460118711
14.233812524284781
16.510060600863003
12.64606525967765
9.427769146454565
10.8881737076559
10.148210099983713
7.880834082988921
6.780275946306867
11.617713994129355
14.383098597852143
10.956382172507162
14.580818623972643
8.625296529229853
7.139119626346177
13.183788806102267
12.441737057441642
14.499581943579651
11.98609400849458
19.20857611122728
12.743682563767747
17.877887301769874
12.58704121135186
15.59416166248148
11.025272455155552
11.83436014524773
17.145105499449937
9.244885074705103
13.516059426084242
9.462604398480563
17.309576488965913
23.237955740510003
11.453765030250704
10.837427869242616
12.590991607653738
14.970294043485618
13.57112317130128
13.965682736028764
13.620049566363049
18.673336464470925
15.103818755554551
6.202052005499288
7.710082934668437
12.060586500970352
15.695153685653379
11.033118179890097
10.740419958435846
9.102948343934687
19.919834713662524
15.279971362036598
15.377345607525086
7.032205823205806
9.810433632714345
11.334776943656706
13.931111084224396
9.51995657020567
11.756380113541223
14.50223170821299
14.647435101372833
17.027843629521094
9.593888412870575
9.821737107381722
12.545818360101752
14.443403634500617
9.91551884980815
14.560919764227897
10.277249616250998
14.252469769492897
14.626088466032424
13.138677148584172
9.550293925680558
16.28627236434509
14.97906504787075
7.011064077014412
13.542769836769203
11.42229776328008
15.485090021607927
16.635905069371596
22.960118501704308
13.865938236448002
13.350823166758378
10.64805957127139
10.13561151825668
10.227895703775054
8.445894030202004
15.349765169816582
11.84059068871722
14.46234163090439
14.330139168115066
8.415163758876934
19.877681792640185
11.210351757478449
11.312814264266827
11.331625723357602
11.717622596447368
13.319809905385743
11.846980157273295
12.70154201724758
15.098825346889392
17.46494228746417
16.825925036009558
12.11765594210687
12.811589142847495
9.286584881187412
15.32122584892126
9.884985583017942
16.53706475415314
19.83610339939631
13.190090921890615
18.158073180464434
12.567431918829541
12.987751254974345
10.250780173482687
17.64753132789742
15.156248493459657
10.19327899068278
10.029270592480682
7.600934895248204
6.257893185016955
16.325732150836124
15.567944899458762
11.55547539861412
13.935051323118003
12.137693716251732
12.452799894971253
13.639983349097445
17.112950060068222
20.24516566469051
20.351909713955962
11.589962748171226
12.955240237527452
24.24147433532568
17.2201075836613
10.285528666566773
13.66022656011759
8.498317434031872
16.270628015994625
9.677482755966398
12.107800053958849
10.212481246824003
19.299663379759053
15.66404862913334
9.593895724279639
13.597353561040414
14.407514915541297
8.873098947650785
12.143607448002516
13.428943689705742
11.592278953385184
14.369993557311894
14.970406929130966
9.76570910984075
12.222390228625253
11.24254959418641
12.726978543214887
9.701368685754662
10.852051307448438
16.589047988311698
17.825151913109305
14.015089831081776
17.09775268917576
13.111215828061951
8.057992025338724
10.966186027899102
14.242713078318307
18.271477608183766
11.700771754922735
16.689651995716613
12.302103059496277
8.676550556794927
8.562727494673112
15.038588677851255
13.900444325577318
12.700002779579089
13.752942075331193
13.70570053367006
11.700196577787978
13.051424202136408
20.519232490538574
14.828420905854347
11.36123293114371
11.286653794118257
12.851020785680758
11.958298029958847
10.533106579665901
14.072543939837503
17.64230154121554
9.755738711619754
16.50653263768376
12.440983870169553
21.30945246537024
10.174417386727415
12.304204132762395
13.98691620670036
12.98961716806914
14.59161437504483
17.495125531225696
10.778557106318768
10.387367809476466
16.605062897680767
8.508561901350634
12.226168580428604
19.64906665621985
17.04356828866101
10.127073281868707
20.608701848974896
18.383204269918547
7.224937268229226
18.221953203777677
19.09895867418439
5.135431648017706
14.127782634290515
13.298333423498331
17.463038615834268
16.00420105684165
12.11156664751127
13.164729581270388
13.547782003972241
13.265793784990274
6.877057763285481
13.144618051008997
9.811572105515626
11.262408339059728
13.077205047916033
10.899770887359159
12.025701429896438
8.416364425678049
13.904733231807493
9.692658665541996
7.672742121699811
6.824999606420381
18.70030836244272
9.76531525365248
9.102591150033504
15.962687837537251
9.86012841293919
15.305362612515017
10.576321419464554
18.092416922456398
13.799777305107606
13.363961815409533
9.615021451809808
14.425727312573963
14.476153694261344
12.516871609005856
8.538125875185738
7.013297118933144
11.406869910976294
15.843001556223399
12.527179040297968
11.449894194444225
15.681056157513446
17.781242849594495
10.648844564011098
12.494206815832118
13.909727504266044
6.665955834533068
15.211738089641017
10.02549354337897
9.598033429756692
13.686214786737336
16.356687225117856
12.642721033891293
9.374364511132212
13.371618234202357
11.717341668245632
4.853181887102663
10.463603351535793
10.365930129773297
19.45902129506307
13.62933987029295
15.743689272646519
14.935176044328463
13.500631380092635
10.42289464841021
16.56693217859272
19.888457362654464
20.025760206893082
19.54940721675136
17.6883939417312
8.35842222163301
12.880908629638318
11.194539564493153
9.526191133596623
12.990084474808144
12.296087626966312
11.669921886004165
13.93524823717498
13.182726119875953
10.884755341064475
9.558317031293779
14.85791300978451
10.875256635578614
11.269495992791665
8.00609133128646
8.690004807533192
14.895148361991803
13.022180473856412
12.97430282728784
15.953865571343828
11.111899438199
9.245420898489028
12.56814395372719
11.792243692214454
7.274636368353791
13.797508188412197
17.377875242170536
17.441963388820444
19.262986833995726
12.162187206512238
9.875563680308932
9.527404243120314
11.89622518976146
7.92384736389341
10.172886466829704
18.507079012664484
17.129634032417307
20.63826284137629
15.51415324853652
13.202988008179343
10.948246548527628
9.948064001135586
9.693236591774584
17.547299342557626
14.77555632634076
13.042882251985247
9.737619115636106
10.874003056563652
15.239552534950537
10.11334021010099
14.475792582908872
13.46264418871047
9.94004040136406
13.364988544517557
11.30610922973137
10.297764515937926
10.244457875068907
11.943991162554823
9.911122683324125
11.382929820840003
14.180214767789504
11.852297633152526
14.845446266227254
12.419028325136185
24.95099355492009
18.682399473300386
13.594829414096052
12.3819097458781
13.654855282213605
11.900305130668388
12.353867026511505
12.082010289924455
8.605597225696478
15.617276619329196
15.958749471874304
13.876979689372321
16.21468549820401
9.300664047181215
9.988285063043659
21.202661438341064
9.46461596220328
9.611674047756038
8.782014619448614
16.164738758732224
10.33907625746245
13.11354373267325
10.593659237447154
18.60441637913162
12.130449545881806
10.012754728797065
10.851167654496503
8.317396452262319
10.519490630726166
19.746428232076166
20.580046944416644
9.582625827890096
15.152603945502971
13.655975919859708
8.165149062684435
10.109787938952762
11.084918544238546
17.903726595422945
21.707695976159734
16.11699476797627
17.085332732280644
13.296185699848978
15.203999315416173
14.85674479819243
9.191360804471255
15.425891846701994
13.697758087376114
18.592045645202447
14.224468140870625
16.91909832943677
11.889286990441958
13.495131977544775
11.225069794927622
11.14625430694846
13.505281886805548
16.95665314648796
7.837100061169186
15.48333204140311
18.941285832255794
7.9702552901719885
11.237581422397202
12.553574430837951
15.86688432133839
17.0089935149598
11.282000326989735
11.340164702719818
15.158216261387652
13.155924908219854
18.942215787956897
19.268943296328192
15.476842562045093
10.228348804421676
7.548702864808815
5.669971077578757
18.479875339174416
16.575569460321862
12.966472126295377
10.317440408957479
17.526793946831326
9.278192704134137
18.490619385800503
14.600468554107959
13.495293770129077
9.14453162996691
22.393343284067317
17.376467004983223
11.957167917786332
10.55576390096557
13.449750071242583
6.788147163753708
12.550015777149849
10.899133652997794
12.316528951327637
12.263699256285623
18.98594661160232
16.43238496741181
10.517842972541034
13.254782164604805
7.643221990105609
13.748703507906557
18.599320324991382
14.586119093535968
12.572082791263897
12.910859920001649
13.969044086779125
18.201310328102668
8.372726571612445
13.782517672922035
17.267871508503198
10.570711407235544
10.917061518691593
16.954897354757865
9.181672788676694
13.650308023749433
9.218957766812682
14.831753671546274
8.370578718903646
12.044357752243071
13.430455978384895
9.185262030153739
11.101871580865998
9.084256753267914
12.130045780153393
9.321319618798805
17.88351172586288
13.574023029978932
12.509818428193482
16.02507691817513
11.999194131138937
15.643393564050859
15.805589821998076
9.955742975218408
13.007192272482548
12.785344995000422
12.936861062084724
14.836541630055978
12.05949727007857
11.262345351460993
15.007786344396143
13.721893365214639
16.482807415022663
18.466018670584734
9.875218499201385
8.136271627178939
8.941130972634562
15.590194166805263
12.981259382053267
13.663150677280594
8.905958634231538
15.250583462229278
15.577904132218487
11.5807466593737
10.554033384651362
12.96989778088585
18.033592002877743
7.397876354410993
7.426981339009828
6.921781877724776
9.9462775361329
14.03222804168322
15.978232923497476
7.560407184151165
18.30936119382149
17.885461965541257
11.576923326420086
10.785340168178788
21.88559642319275
19.18875544768469
18.04034444618039
11.726820652693032
14.459385184783738
13.590381563251269
25.233845438510112
14.869997881498229
11.940796937101275
11.039036318834592
10.812562821180991
11.051863846877675
9.75437195862711
12.032613777745585
13.838474408567622
16.070122294003
11.359799244766904
18.276605824769096
12.333858391695992
7.785775327071163
8.804820958713428
15.012451035827745
19.40368174263215
15.053000622457024
12.400300617148268
14.389740333840493
15.671945282525698
13.286394135126228
21.92918781916052
8.734233517845748
13.27275823828854
9.007495601887253
16.927409861230423
18.387114330814207
10.270044080977936
16.73017226120108
14.443873206944428
9.221984620477444
12.924700265994446
8.952814001689708
11.47302610674487
9.020097673449852
11.506432707092799
8.736700485249965
20.354307990439505
10.507416658893975
12.127002327703531
10.805390013455932
9.73759807584927
15.032650552829935
5.407467185428328
11.130306953857803
16.0989933897664
13.075004906253229
14.658884439105108
14.886333338088937
16.412447868007693
8.982596099017618
18.271352251956976
18.717429047513555
18.497311672901922
6.4105290563703425
10.669854462495639
8.610351575528062
8.936289186197873
12.182824389059412
13.651846429488126
9.910103234422916
8.818727470022166
12.481855259909226
16.791797593476822
18.738624611368714
9.971585012475291
13.363862986700894
10.186251058760314
14.631802474602218
18.11885132109314
11.872499773101056
18.269560972281834
10.139139525158626
14.267655885401552
8.39416669948342
13.763379116672525
12.674097194544368
9.075568368235038
11.798136504475435
11.407674164253457
13.480063009458277
10.931850052809862
13.188786736016384
10.028358025963081
20.72893042547801
11.542072707468177
12.840912330425766
11.764328723221302
11.276981570055835
15.064929550021814
12.061722905185851
9.01008666849188
10.99765549355567
13.763589260923803
9.900165952247097
10.962185235186613
9.504935111253722
13.103298100109345
13.28654976431578
14.665019483870335
18.10500214873793
10.416163519066608
10.147815000143952
15.866681221587031
19.0724003624881
12.205762711149902
13.322717323521058
12.529847504454189
17.920022249092472
14.66631598871382
14.988825902202993
10.750804769804255
13.399261494545629
9.646864945823545
14.524268280759825
10.892679530265474
13.786486469015486
17.228800209266655
9.487457207370307
10.15033861023857
16.257305961876728
15.562274350851485
14.579877174385594
10.150107345019627
12.18494181449792
10.841664481128618
18.804577026923287
13.437792170315365
12.36617131066393
11.995164503121211
11.591000275760836
15.512005264170647
11.904017235603517
11.59662796358354
6.967795481491038
11.680093405637768
16.782205956000958
13.326512600989318
11.839409526885248
9.405119261470563
10.372144633417491
13.754664203441278
10.773676276471422
9.646718417184779
12.67534418585394
11.548107888297796
13.716039012847883
17.76389176520109
11.213548672597275
10.05871432039555
13.852703084969683
13.493437620576012
7.423622604090123
10.884292040735081
18.26721696784275
13.612785001869312
12.905248127216188
12.953072991130101
11.94313426656435
12.188963969682867
6.110454900087328
13.656233567057347
15.576345038793725
15.55682012431419
14.920586256510715
5.9854700052759275
22.645005970334598
10.181584406756738
13.339649804225981
10.681650776036586
16.60390965290839
11.965584872295645
15.561672320273455
12.353817553027774
9.222962501947986
10.010224360131673
16.171000990037303
11.174318224362745
10.08727447312
16.35991007992525
12.619998398197529
10.661296246454711
13.081817929740863
7.783452216288871
8.49183917819198
11.02461465212326
12.253137510552033
15.447425995644195
9.541048620499401
14.137714232482757
18.801186878584247
7.979328492162321
11.345818625068372
13.86001965267404
10.01875798639046
8.336785625722614
8.651873941233095
12.495814949771628
8.476029573542984
11.9916283792105
13.416175528791316
13.137275296883708
20.417631940052917
17.872436913127537
14.434504862590774
15.674859452785448
11.50553374046174
11.950579838931876
10.63349628374822
14.491288560901117
11.056543200926711
15.277893585570956
20.677446992331177
17.726894555663154
15.63955739631539
14.997341962519986
14.105243510307341
11.905316401654895
9.02600863717858
13.716281438540207
10.116629711557103
10.97175126737712
13.551231252679413
12.086754654667883
12.55411656410855
13.408603623076212
11.926725751104437
13.54231076688343
7.454062362283899
10.877903773984519
21.631671739008183
12.541065524337963
11.75701517443231
15.450269803563021
12.41869132471987
15.988021513692715
17.8176395205521
14.333140671752185
12.562895600763483
12.110755290025606
14.825043408020813
13.457430080370253
14.3570018226011
12.920873090529996
17.156283342283892
12.584844927022983
22.508948013796648
14.466952879110357
9.169583373562972
12.946677708102284
15.818304867835039
13.498585536639057
8.101542305683363
14.252398389891027
13.428953228301474
13.412123511605609
8.801600303498798
13.646468407005708
10.265734873565915
10.15890835551
17.594096825585872
12.109551923645416
17.191285734275045
9.972007799446683
14.236918995258108
9.264245020503308
16.990458784787048
13.755414458580278
9.808974580648835
14.531963496704453
9.41187840184042
14.042477352953963
7.8386348795097245
19.48835894625098
14.48350725445875
19.298861423583507
16.16984458215999
9.969269591539023
9.188849883331969
15.858903352843706
14.123988040160013
10.192747125061524
10.577808576525177
13.153802381031207
5.025546707434268
18.121449657010686
18.879144491719803
13.075282237087766
9.75572008159381
15.215641925306564
15.700204469329393
12.890253661352247
7.75886512134144
7.053292806295372
27.41428250164682
11.704081104819823
9.648734599969982
8.840794900155261
16.8372036751957
10.009830453878216
12.960692162541168
6.897199225860976
10.730116675067283
15.658188871875925
10.774763595820358
9.75756492005097
10.255625104441997
10.945654094279481
12.806413258032975
13.719475207995327
16.80805005427429
13.10905764360966
12.94065649911099
10.493154281148044
9.06415385924823
16.54900994922389
15.612309638431892
7.865782032419341
15.652667775306266
14.28285307318779
11.100729192545211
10.299993074654019
8.515997986227095
7.375963856840459
25.117319535016286
9.542042907445648
20.56215734508705
9.000080367456803
11.01043346438964
10.655807902205638
8.123109975545189
9.135177579684166
13.113501242283135
10.908508291165479
9.641768337731852
10.798810092349953
10.162581407437248
15.006682838324604
9.011995911746947
10.146601698666641
18.391996086418757
16.496388901628386
10.887625445806666
7.779390052372803
8.61496310155557
15.504587661111744
10.949654668812482
17.041506378431105
13.916628736204977
10.076281551300633
12.06598792920915
11.02663958920089
14.398543564537603
12.165192882921856
13.987545931865577
10.22554273145564
7.103463168845468
12.626989967914886
30.629077056888278
13.594408930467292
13.793229963894593
13.179557975096845
7.431476968617101
16.03599987567776
16.8422081618598
18.27631367015696
10.192602753120259
12.64782956431571
16.552561319570906
13.099151732890432
18.447416494843782
11.964647804591918
6.939990463514356
10.804703172693074
11.768522103696492
12.885835862082537
9.006892058702212
9.046193998050416
8.450098601949984
10.354069367593569
12.208871707069228
8.694205793480121
12.044957880838773
7.994780839776652
17.601727257282732
15.104577933925448
11.248960277242501
11.203353771121048
13.876714346513975
11.857206747866446
14.88703282045184
12.207386279091125
22.57326652236328
13.86141602174562
12.693486659075182
13.03290807857585
12.214442316325952
7.823264032916495
13.749479427274347
10.301673892051221
13.748555194052065
12.53975444580302
14.290541528205269
15.255471780998917
12.534571162380193
10.209607229191565
6.027566510243097
12.929784631628403
12.828601216100838
14.212961493499895
10.522133941882373
7.52089276141336
15.88072639729756
10.363384063067112
9.01246234939063
10.689936855799811
18.328326511980837
12.903344850116136
18.597238788118034
11.729491826731373
12.97252840681457
13.471764224562044
17.70801954612821
11.525430332204177
8.636296314267636
12.916701774789225
11.262447572246009
15.730871165176755
13.011947480285277
7.030279439695619
19.155592086820487
14.894019937564993
13.991958613734493
18.410408391322026
13.228877690172505
12.257925368856666
9.058528672106362
11.902509172895687
12.364529115702902
12.402253298843723
14.986541783051463
20.648403924604157
7.80151063258334
25.10914272498827
8.088430160348423
9.304686846360443
10.841722421467248
8.415024727082104
10.039818176320939
12.373196679064982
14.339853792499238
14.474662981968667
8.127373396554598
16.83829906287656
11.091066064016292
11.621473727590805
7.332296277069182
12.179106967045838
11.379341950254819
17.930410174666765
13.915685625978119
16.921367630058377
15.33012835913619
8.222349906216769
16.758156495740565
12.63736219056259
20.01775177656067
15.898046919145392
18.97631490384307
10.74200062661386
15.584317685841818
11.321354992163652
7.2010996787903085
12.078213300159673
12.657154795728776
9.215337110657622
12.753275857080752
10.134218516801173
15.09067290308455
14.818650681224144
15.564734513879669
13.770767952530372
15.291814879612687
18.480070821068487
10.653060892203472
10.076862089606307
9.378312432544437
9.577160085792844
10.386718527162563
11.721379381554826
12.363662663860149
20.643635469362486
13.088948587208135
13.365897776482761
10.237458803324513
7.375930734191079
10.277495830624417
13.411532677356863
10.837885962009993
15.578443330586694
9.930806102555223
17.441198134305917
16.920130512195698
17.209507054458413
11.735610110089963
12.825224625761978
15.673870366964247
9.89680235312253
8.365612241949908
17.80415545683396
14.359311117087087
5.768737061677546
11.793771142570668
9.548124933629696
9.617022670052119
8.223035734025464
11.768751817242524
15.41857034858365
9.134870768342825
8.196428535125474
7.938755953113426
7.432208044020378
19.333638442906995
12.687391571123321
13.140588896623775
8.2982121318343
8.020658124626202
16.811298173650762
10.990387788717069
7.4166143062257595
13.783784938509752
14.689948489721258
10.414234323377306
9.595114856079714
6.63497803128505
8.37958584157628
7.47926635668451
10.16037091006354
13.451865675878668
18.04237886621142
9.964498644573595
10.384206128521377
11.941013207825325
13.185689206134127
12.415266073826576
15.596438199452155
17.07818089383583
10.608802557542898
11.338607647965603
12.399846050533958
12.682184967914962
8.995714296874748
9.54402144249287
9.415373696582835
23.012189310295504
8.371940155635988
15.750400864490965
9.22661676268636
12.21173657828344
9.84529507932013
16.4872897731372
12.959234450481722
12.244830627800303
10.625157974551824
14.15286492681319
7.69178864257958
12.321012380021875
12.418682431736192
11.53925914897998
13.50125712443929
15.88419401141107
6.398256102098361
15.477152629347923
14.84760904803061
22.194658938844007
9.991469324448676
14.318304938663315
14.574787245693308
15.202214756851273
7.528812209184338
15.683375713645978
18.339674763243032
11.24961296833855
12.448856321679568
20.619035634501486
14.52073567901883
12.627105453389628
15.39890299614017
16.65933693494279
10.21928794441983
11.88694597718252
14.634944767268241
8.556646365488806
12.251737459783978
9.982878119755169
14.181032548293196
20.711719032941037
14.055278638045268
7.540556111253471
11.305719477028843
13.391670220884494
14.148968317912223
11.901482884294174
11.36131604781344
13.645658739144018
10.555733412703916
12.7351311956545
20.88910677159457
10.706991185273564
12.36137969470221
8.841826318810373
18.422382334160787
14.08733256950048
16.714006268112467
19.72852453748019
17.99928543621177
9.5331525560964
20.417742305224937
13.587596524933565
8.118117959229428
14.245735074018503
10.933049415789089
8.064951786994499
14.174270349915336
7.716869598989852
15.19900318845189
14.673962209829883
12.482404552294053
14.770741443827925
14.297647839027954
13.570035008488926
11.527322168315512
12.094525183057298
11.61784930521329
10.472087529925076
13.57780757904529
13.923389847852949
14.63235487333068
10.715665127374137
10.785571075450347
11.518641033465283
12.866123668443134
10.16688346777832
10.042730772933954
14.05375334249563
12.586420165689436
16.892547352303026
13.883616367317428
10.323181831312956
14.07283340678138
10.08682650334258
15.527412727091614
11.845628379884664
14.261472587702192
15.5044473314777
10.1095624340346
9.784095915388678
6.902435461334975
11.187967086928674
14.547462633473037
11.03771925795597
12.707075052530218
12.333636837891493
14.559534087387116
16.087178659603403
12.53264694103661
14.01818100974546
11.144623616107522
9.779259390683666
13.04529687512603
7.525535902116699
13.539477574609332
19.818932344310195
10.346583417615811
13.675965987674681
8.089670287031888
8.708348217383303
13.006921740954047
12.631028439209945
15.266979578155773
18.680142435791826
8.71383101860489
16.36981149287986
17.939450910859513
10.890872852907105
7.692375902726711
6.691069919577787
19.658464489819202
12.646792009045408
17.644243083497553
14.586246121001198
15.602640337677851
11.010505450104983
13.059495442675894
11.537464075169494
18.336585284992353
11.100617055859496
11.73276432928683
19.69916896678146
10.178918847240405
13.48099053354499
11.148440252941656
17.508771511502704
10.960591016342883
8.778834440869696
13.081611067520239
11.089882505365644
14.559233641843402
10.913182813210348
12.224168989952872
17.225395406552312
12.215629283075245
9.027160293298161
14.382203546611553
11.727051133633948
10.072528996931544
15.449887899067715
12.130263533691716
9.737947519843377
14.545104120567217
19.427993989746746
9.49265103881457
22.367738047886295
15.33377710353491
11.953173735570886
15.843178341048919
10.936460782288627
16.208149783958405
11.620685558138753
14.120454078935369
18.480343493205716
17.867658448701466
16.587887567881417
9.66413071612123
10.500462698512319
12.303521130130179
14.85067810719607
16.014813700799607
17.08422637035278
6.517732760987868
10.706056405377694
12.529208077758112
16.381076813862112
13.832383857118424
11.121315086842753
11.733206311016268
14.794321508384146
14.025135522683163
11.730765240861828
17.059567687040623
15.771081204842094
8.425341175406961
11.193062954629792
15.255829231695198
17.01805558646767
22.37821967591759
11.185753396414848
7.209641537408318
16.36817123320851
11.896783550294924
8.79599543785746
8.914735388275655
7.942577855401316
12.045613735689354
13.718925931887396
15.616516552878688
8.803130191849744
10.441306191602418
17.76979640485465
8.773681601370857
7.61631122474902
14.820464907411324
10.923246321333458
7.851491464593151
17.818315270691333
11.598749784404095
27.450007410058824
11.87406204469044
20.05302837309328
11.245452931600083
14.948220595740617
8.915807800195008
25.365799689883485
14.956537465481787
10.555788449820875
14.464104388236482
9.166022311700981
15.504097428016895
11.99522611144218
12.566426526893554
11.469161143851943
9.465277742670033
8.713012546035769
10.277067768868397
15.97602015639277
11.519382157606792
14.01632294485837
11.141242856078962
8.053663799280047
9.284315614286067
16.08373549727362
20.34591507462851
14.550884139999715
11.914998630552649
16.544677234310747
14.447039605186731
11.79534098039394
11.158341988206102
14.682248034452899
12.812211834011755
10.410528287417115
11.08896089294155
11.462526223819687
12.51398780947189
9.347766391523669
12.321690061732735
14.794411138531851
14.52477836411945
12.214933048686847
13.127054440106534
11.059915008406218
6.457026672171917
15.071757425669091
8.951429826182512
12.074549339424399
16.167456946404428
8.47777513283051
13.271112559820963
13.24210186179508
11.148269400469816
12.814079020336361
12.050668683677845
7.51691372603977
10.47635618601865
7.193483671472249
21.416065778087308
15.687923571458185
9.878424817777542
14.487653504245191
10.84459123256729
14.043678737742585
17.167893548619475
15.16408922938273
10.61939215571703
11.025952738628874
13.1042795193814
8.75939036752007
9.793198934575067
20.97442924490714
14.158741891343759
14.97822692824837
9.039932883863724
11.31005958807854
12.971154768636042
9.246445295310718
8.059590680782733
10.771442473934204
13.232119510519627
9.166970229373698
14.482144129091843
12.353402723424377
13.238432048436161
9.265121006748085
16.69449689708864
10.137657636086955
9.908361538929308
14.442609622439944
10.911726442264861
17.32696519541224
14.016912077358128
9.911598395727093
14.136498185078489
13.327978391235334
13.036718205967656
8.6686977656709
11.462738252034818
7.366187721151513
12.732761428219758
4.540019475506204
18.74433436444512
11.401622668763917
11.044167199047706
17.27309262189961
10.911278206478485
12.5065601032719
16.724266519563937
10.641127643630677
9.93441206111591
12.065036357277762
15.958246852233637
16.864739031302967
13.614344984733693
12.45439336193476
13.944224506311228
13.770561566980662
13.654332774491799
14.632075933958541
11.581893431662406
10.738348138236798
12.943724502883883
17.672867860846832
11.93371172827419
8.563967627853254
10.217757982133856
9.225269942047138
11.596473010010607
18.58843809575222
11.237568341773502
9.336200284128111
10.322113567908874
11.652313520466269
10.265419746970792
17.765557346220387
13.274974666643466
9.308220286909195
17.279441081971676
9.46251458824018
16.244022925125375
18.303739562775455
12.168176665435794
11.056558037851758
7.138849794280376
9.277231672500076
12.237910779147345
13.380850161045036
13.506967483227225
13.401909663596856
10.311420261016234
15.736273857344097
11.768582465403709
11.475209694145175
11.374245058336081
13.645463490814397
10.415025044769791
7.275293200745718
9.006615537101476
9.481571730926053
13.762941176317764
11.962118331920408
14.444434605000541
9.380192931092193
10.162844729715871
10.35041583127853
13.085015611824094
17.291215757793754
12.019800325846456
18.144242540523393
12.959695713527724
15.824175658137978
12.898816499708202
21.38877998091132
8.815466436571219
10.631006502869443
6.672812605156482
14.075127974786113
11.040064829754792
8.653496548584203
13.917858756128718
18.90378665008479
10.311373753254765
14.758610526419227
13.967094633748237
13.479486246223171
16.641028775572856
13.525076245558648
16.9264943940054
14.808317401723869
16.23043345804103
12.89392355403696
10.098961787814629
16.176379016917735
13.21671791189451
10.633352624774536
15.609774845519519
13.878716199673214
10.113529557332022
5.733424235675344
13.731340106359607
11.361028712504675
10.704406956815959
13.778585043471397
15.574111941667113
14.958709097527176
12.96555630060505
13.070454489521113
14.713384592788465
11.383418978408315
19.522702177110013
14.700728671749625
15.341014918636878
11.866006222243199
13.039844349309181
11.134441197226105
12.546271450555398
13.661171473762703
16.06124816838119
15.52115408661468
17.256798725514233
13.25312301431612
17.441588359147183
15.131120075654348
15.112451915164812
10.185337035724796
16.710772661264546
12.26164475725654
15.385291956876499
4.592550734654548
26.476550756370727
13.39607755537086
8.00884033413798
16.117073634354476
12.021747474860227
5.805227175417602
10.413162312714956
10.460894331584983
16.116969435669866
14.53423892821716
16.02914341994162
11.769439054604575
13.57413679358167
9.886897028526812
17.955430611164598
11.083378202470476
8.1207117634778
12.578133654832325
9.518190081535177
5.853364102098527
21.114229893493658
17.26780019997086
8.36225679312385
10.477164310263385
12.030002387585467
11.746832167553448
8.613668259607223
12.431046917838868
14.680690144038996
11.43921868086337
10.180802976330252
10.573055139017772
8.627752755996529
9.06910038063611
6.99803976830805
14.248469242035815
13.942926077033068
12.58985491362134
15.58826363365015
13.819026253975641
9.422759506247171
13.220031405495092
12.664199691756629
10.083412106716853
12.73055999948009
12.18171047905344
13.588489404662443
10.0226933168848
14.164571545979463
11.68744195893824
8.693901368555002
16.8510257770182
10.810054236009817
15.849367119730834
13.676547768913123
7.991241219202881
8.850655038501403
9.117064970418784
8.872153685652638
13.484322653659886
10.721599582295152
10.147905942056113
16.213297938169248
18.439455533914217
9.531088975449348
12.98948505596466
9.36211838159355
19.03395234506885
9.304561706500953
11.10839928643564
10.312480929341122
17.61210444323637
16.37176258886967
9.508947650234392
16.18258740010081
8.111348924814703
11.693555048964955
19.508648412550976
16.837861888783824
17.068414453521466
21.60670566696969
11.368866487444691
10.33874787233901
10.508294862368741
9.687850335501913
12.011689646449558
14.378704323051746
10.697338173928982
15.610138382269554
13.740688357827102
11.828211158858995
10.11553460088146
11.878766781812606
6.614349118747629
5.974495428503534
14.452422933978495
11.87830530178029
19.483039347535016
16.45665811424829
12.151275979155999
18.653378012967174
10.513024408329441
14.257339191606297
13.258368145205623
16.9376710058441
15.793673785997377
15.534095564727778
10.665114032587528
16.424796327643747
17.19044090752559
14.812400254278757
12.562393676050783
16.671125290974242
9.42062879333439
13.18018848733987
8.052163587028415
9.330958851463834
12.09395924807191
21.664766632494974
8.99600199603641
8.517550071104903
11.46033148355422
9.0247131031401
14.575130409443195
12.875091767918523
11.333046650160414
14.077944740308599
15.304153992820083
15.321705410299858
11.848508693766632
9.057663217776524
13.307429638770408
8.868133422872791
16.516673918095055
10.398127930224993
15.617380254373126
10.458070543564764
10.155241720690327
14.09915786836044
7.9412160641291525
13.043887918745927
8.889564728151086
9.66310195525789
12.95240440683432
10.73770249083064
17.685598768425084
20.243629252475785
13.194260170046476
13.359289835752335
16.15930812800562
16.122415714268122
10.34873567902187
12.362573283234465
14.529039885822092
8.508194534438342
7.906482911587702
8.94007887639331
17.82831394569079
21.76903284274348
10.662197491290097
10.974588894287804
15.501646395978439
11.45109591922928
11.432685614907301
9.807478987550137
15.852753872370906
15.609436162264101
11.991095589558451
12.427958742128526
13.607047311259887
8.49936012917221
9.508881594733435
12.043417441487316
11.358993844857869
16.517615000154105
6.377353075517337
12.196889351454772
16.155359736269016
12.73889600346179
17.082971201269714
14.093041647479469
9.098736976330771
20.51130298633232
18.731884595941295
14.28563511202731
14.071493316270308
16.53034825998215
16.72233865773579
15.635534856304249
13.87536047167591
19.590656379750506
22.92909982218584
14.073013650148997
14.808965793902923
17.76418858719005
12.235003509809367
14.759778948154151
12.528614763680409
17.80231975939546
15.905713375056981
12.231344117834077
16.18915402171664
7.80095931504582
12.994289109855975
15.589757389482509
16.23163564429195
10.622869795362991
13.434732704922586
8.699158881223196
12.6194343799673
11.978339104555333
8.45236650945745
6.752516828693793
9.879821250343918
11.695734470717108
16.879767389067656
19.062977301588262
10.571585284957008
15.87634935785471
7.581499927538592
15.581089406087372
14.684395586590378
14.945681735791027
14.002226958443037
12.181518338557341
15.966370492667595
12.143928198992283
16.665367038886934
13.905846515616687
23.36964259427105
10.452572649735556
13.039541200807664
15.032151489647925
7.864342554982804
12.111664747703426
13.397916038733712
14.845482281874636
14.276472607840402
16.548083659016296
16.909732591723714
10.954476821670333
7.966279130584357
15.251060683888532
27.501781909544377
9.10058585569256
9.492276869139776
11.7805179161872
13.498976435570158
14.552109025094829
17.361418764668837
4.738411128862516
9.405236924589934
10.849396270003272
12.137483158016021
9.810305238658996
13.840497095281009
13.147583497625526
11.409805054848388
9.205883109208674
11.578715644197468
13.304229245832799
12.099283233314875
15.903174055517812
10.23326619325741
17.848369045490866
10.831856178793776
7.5812526546136
10.563883347613904
10.331729621245639
17.04361784276489
12.556322715673337
16.378409398203374
10.55584145251841
15.794042313243995
12.542672751469583
13.823563865785458
10.722994540204239
14.471513526855432
15.63946674193192
11.537974827791096
15.994791080500894
11.800979911775384
14.782501728933454
9.28502910835418
14.252910510761762
13.023508780077492
9.99692902173472
11.939948140004331
12.34643328868567
8.688474605439204
15.618750066989218
13.400361509250342
11.913410765098229
14.304139365715274
9.791513707610187
17.013358255300094
12.360523300960706
12.24869896588925
8.63415095160361
15.905249189909245
12.321135723691597
9.841933274547097
19.233462315977544
6.993038524897717
11.510283827845521
7.71634679333072
11.818891686377953
17.614650889149008
11.058299033961772
15.164701154641817
14.509162778147633
8.123527684894457
10.45698589245106
15.614861058719725
14.678036408914332
6.806346404580332
11.05148589449027
13.354193899661201
17.760621252110457
10.858111917468895
13.480635876865325
13.061623776358436
11.656996751498738
16.977894651639797
12.951384306056907
13.604017477556102
20.213278101919926
12.63886903248484
12.928597841344159
11.41218503338219
11.882718322102418
14.585768011899644
11.576046675697
16.919949438827757
9.23108114130271
15.104201193990551
8.987952984897358
15.796631849276135
12.083792873024354
19.39087158518004
16.740412912865512
6.053693740160901
15.975973775950042
11.451378804501411
9.173351478294354
8.845546326900394
12.338674797392413
16.810237652057694
12.698974497374346
12.08281562412136
15.40884961566337
9.218730298518011
11.083981977871723
9.437139155685891
16.09664383486735
16.691926055954003
23.0227864100192
12.725193152547511
7.955056289220202
11.884793755339967
10.877394721349722
17.741246812288924
17.409139859972246
19.84399038161636
14.001324489513674
13.734943477834696
18.904939374394992
10.629044555540041
12.274524626017056
13.094143895085072
6.515062996083071
13.158635711875169
12.015381178768122
10.057304674822543
14.470506578672623
12.283484855576413
7.698204343935227
7.803258793576447
12.177558177956792
8.038436799203756
14.017819760683059
9.453940555286945
12.816414557988661
11.191050761737289
11.053543413224768
19.86442079564234
11.722393640867839
9.902723536025457
8.981183662764298
13.087105491607707
10.952658166041381
8.18967464732295
12.288705375789975
12.520469986579386
10.782861879494071
6.85484711367115
17.033065720572626
11.288613120519853
16.18375489271175
9.315080584300539
10.734311703137033
10.303865521826584
7.3768037781269875
8.682221289367657
14.836686011775639
10.465767229801115
17.068354181069246
10.74113946871459
15.233541577680887
14.519938851685923
15.681217311534857
8.828391410302446
8.495622573133506
20.54797566292848
16.329065281592747
7.784501085864873
12.150603806455857
8.229560991924636
12.779467769053712
14.1734525913815
11.378089187655435
16.245289318782476
5.8588771939537025
19.27291031919992
8.660490435443279
14.058634480080206
17.63946623472706
15.114375469357924
14.466008012169704
14.14129100253165
15.431892062841479
13.071545481115107
22.671177953617345
11.123338023609264
18.722363295132173
17.09880755870465
12.954773957197094
15.53071045039636
13.063862430991863
13.828921307877929
11.60830802919723
6.178219046594556
14.466000318670059
10.342878495076516
15.16537247077793
14.453840552678871
18.18566969128936
10.347112504539082
13.96609947608127
11.445422413812361
6.391868362202496
14.70945496154422
10.75914549161736
7.20846753015654
5.39287542615994
13.292834972775303
10.082236388073987
6.691525686336293
11.615154927429478
12.094895466668255
13.516169366530848
7.604528799125629
15.26393959377117
10.809234439335368
6.452680426310763
13.341011409507916
11.939554945563664
11.847661324856903
7.783669792949121
10.515410557424461
10.894918527150027
11.16617977175108
15.75043089302824
9.457505461392408
17.816352078055765
8.045127242491635
14.448196866049534
11.936625981242804
13.321230905057288
10.952260934513633
21.78638483317538
9.248892169053732
11.40901511368266
9.329189220224967
15.938940960339284
7.464113992939205
11.857589834656974
9.64384414257614
14.908421307684877
10.53048721085039
10.15135091595552
8.633812409371949
17.69637327731353
6.921400849204444
9.685385419370297
9.544916023022575
10.576929732610967
8.521258475978028
17.90986857178166
14.74133728807745
12.950408296353197
15.696735720653281
12.096939900801196
17.543221462038456
15.774689600056757
8.787320575125023
10.681597063470576
12.916692128815288
9.655140406222962
22.724340655404013
8.187144927738288
8.112290316996136
15.672030029087702
13.928206842332088
16.510269522801487
10.662645357115224
13.09224326002674
15.774410590097057
16.542096931562433
16.53907121735704
12.438473426949018
8.040195669965495
10.179531185161752
7.94829343278019
9.1704934599075
12.355851535154665
16.462184390161873
15.316530810394974
10.505345237796993
10.994169762477739
14.07545219784373
11.14929424256835
10.726849540809273
19.27385918136756
13.068864204567262
15.593460167295403
14.259261952102886
10.57293334344948
15.666413309999836
11.56329659374783
17.135781134195565
8.990343146004978
14.762345061924155
7.15844114487167
26.540754182735565
9.871304673392853
15.106490865328531
9.572107478152455
10.107565115059808
15.021951072650097
15.653442368772751
11.091443679421875
17.3970998650986
18.808778777122374
14.285416625557353
14.353549052872939
14.531403721247797
13.205369568778552
18.00433331517939
6.566468042106531
14.47450979076409
16.826323882183107
15.58607033618897
6.888768984789455
7.202609594311466
6.95084068663818
17.6085298715048
8.081594592774271
18.140336887880572
11.261373343901262
16.220045617314607
10.771327641109789
15.524731401754737
24.80275770587517
16.94421791408533
17.42829480989938
19.04350804642529
10.012856361549014
10.86462148250259
9.39657453152154
13.554623861907814
12.335563343444239
12.226080699501427
7.732948433424826
14.413450630755213
7.277337335887915
9.811910979102466
13.62611669484478
13.064807704414608
13.843885109626406
12.259583756764417
9.577557900535021
8.887659743279466
13.214506178191435
13.255421369751502
11.700428685309602
14.09465556352352
12.786480559460973
7.996549779165483
16.03265295214565
15.29377453977878
10.38587474220845
13.133116798395545
13.681498080068394
11.205530637114624
11.153854330599708
10.564829696315995
11.887543005919456
17.4040845504668
9.896472551085786
8.016115036822267
14.636751146228555
14.887041113010804
12.709249907097583
8.864319804924975
19.920305175811105
22.163326917550062
11.333174733157378
13.95076582673356
16.13264041474645
13.63057045166066
11.489116449994427
14.797529388425787
9.274213711196603
18.491777081791728
9.518116287668313
16.03262226259746
15.084337309804782
17.86344868853356
10.756108618334736
16.703195365220544
10.464595355357574
7.089893472026388
16.761144296919124
13.59727552916449
10.357037805860951
18.077939234366717
8.590179166730017
16.32439950788608
11.480159517069172
8.272434977631193
17.068759399929444
15.176745406295336
9.751057354105344
13.76378823616959
12.683676671452446
10.283867102042924
13.02981997666264
11.720584650518393
12.958901964746294
8.336312136841446
12.700119380598855
13.054379619537155
9.827925843587666
14.432119614105924
13.1419574069233
11.133154114481298
8.265011382368455
10.575769993369812
16.781969791189724
8.933323338631256
14.84342785194258
14.839274352972048
15.83673178527841
13.221972408284419
19.361480322564486
10.31225449892002
16.521887105421023
14.895151054971326
10.720030638626826
14.420546139357263
17.767492492606674
15.10901759000117
8.585890719064126
11.466948280578675
21.84217451923887
17.346623686741307
11.409635443469808
11.155759368442137
16.668742209437166
15.807819702718273
12.97045315289999
6.869962086225597
7.8378888955596056
20.357460190847615
10.838595728199998
10.24774034651766
15.146334792089261
12.2890389791961
11.68010784996423
13.437381296291989
9.33940138630102
12.605180073566816
18.93092567577936
12.986058943225357
14.728739689615999
10.396550151971931
15.859111621146846
16.454963973792854
13.698794053185907
15.41589738955789
10.065498190782824
15.898176545870635
18.588848163234374
8.489315619265515
12.030511568045172
11.47878363091205
14.622532248075359
10.048462686725376
17.137641367682082
13.02459858521604
5.15660407859624
16.473720254210786
11.473844058023946
12.490519978288713
12.006464616474481
12.100910861225707
9.404849617992515
12.735770942660679
11.750839869239748
7.303769024296468
16.877323380347722
16.25081775342955
15.367176139689292
12.94313593659121
7.498772801335683
9.650824699368439
17.757553909339364
14.836846643083588
10.317034998962164
15.37779096224286
15.031631986193345
8.52722828043951
14.840238784839007
15.9438472296308
11.20176030628186
13.335585216635446
13.564594751468487
11.087702734340478
14.083268417458667
11.466080412054524
15.640587892679683
12.291960356136686
9.403760620719858
9.266754890329626
14.17072831765966
10.287899717865468
11.226327907053614
13.70781869000599
12.3118373111124
11.437039378970278
11.798165274544704
15.330979709627544
16.062825800209453
10.532100686150011
11.081984006899063
13.218153507242667
13.638073190777373
15.041895733810517
12.785728078079895
16.744384015597475
8.477584270531928
10.775296915834405
10.357500210522225
20.69315652465344
12.597725635251678
8.254749052550855
14.209531087450053
9.387684011547188
11.475720128302186
4.981475782395614
16.56269353263231
14.39842520323574
9.673816401167654
8.12470422756282
10.956593820852165
10.415433660565446
12.153250379029453
12.46538248800279
12.045856895765267
13.936683506750395
12.829481445340834
14.553826225020217
16.261791822858015
12.069132870857805
10.828965475525177
14.289300972554548
6.931359800783876
14.529292390777233
8.57268001614707
18.324694500302314
13.056588077982479
10.913155989684856
10.34644871738381
10.971003304073603
11.514128923166197
12.315547862154158
16.343664176832352
12.857493444152016
13.412164184887141
12.531542252104092
15.74698996117786
11.023139076385798
15.213687517888157
13.008557402578885
9.715965948059221
15.188388441644394
16.50372697230258
12.229815835610987
9.157039266359249
11.846469165097375
8.332102251042018
12.774632312167963
7.601552517814138
13.628130794315856
8.19532782306704
7.782775003526203
6.392692025133444
10.51718680101408
13.45206277311179
13.464643884247035
11.305533406058169
14.603909352087053
13.573586123539844
7.7955669075410805
10.075658098370038
21.463378733800592
12.712726259568575
9.874061736433044
8.828122239903845
13.544443119404603
11.133644926515618
20.52001375324056
15.444505544474321
14.866346206254539
14.98242581889059
8.49776205814063
16.06499494697336
9.524838848591745
10.613721537009683
14.487420071899004
12.201657717139412
10.354027960582656
16.27681308930289
8.521212199196917
17.005494938388555
7.9720700777068405
8.44253578512962
10.71778189743072
23.644578598922884
12.622958508386295
18.61282567965898
15.138236957210685
8.396833506791825
10.485082591195662
9.867645464740454
10.77188500664119
12.781278207589361
16.80282387988795
5.391864782080862
12.95533685740822
8.667772892416773
8.613101475971234
9.95910128723714
13.093186172568755
18.423838698641244
13.271353495267832
19.05782256650409
14.924673332574262
12.461486723994009
10.66252197323824
15.815517454809303
16.15487476610419
13.967857284663413
9.795524486941547
9.83661365600097
9.618308326359875
13.205256640619508
10.93017532052267
12.296073062094012
15.574144234827614
12.126385440077016
7.6568745918875925
13.362708969895543
12.389705012224733
16.10296734576391
7.8620591826209925
14.341098727239865
10.326621045029661
11.799871689418275
14.28852358144041
9.499625665950402
18.64536164922477
16.517250770859924
16.89811792113286
13.712030503319713
5.754038024402067
19.65712218956336
16.392791728101983
11.968163289485407
10.520672536482639
7.151497176274077
6.620510127012411
12.04755761417088
14.899169349389155
19.071068351221097
15.142219435071635
9.955972278929103
10.064161450836668
9.297555628989405
14.822280043249158
10.204340538247592
15.273237033967787
7.113742557113854
16.287792363426895
13.402241379173907
18.681868911227205
13.140412806870131
13.58741705902215
13.246736595662775
12.006855361375376
17.661950357263457
11.796513339564022
10.927958254569281
9.931228682727644
9.934190315052176
11.632673220683628
10.557563090958597
9.98895063567234
10.30845648365018
7.052527085332717
14.393719889154227
14.59241299340215
7.708697295244598
18.039422853546657
14.304599687074537
11.96008094784301
11.390921442849079
13.245203378199935
11.029656829267886
12.389638505582088
16.930781240694497
11.113220231486629
10.512741369668497
10.492661547956118
19.252173926721095
12.643036281909687
19.77964117199187
17.93729724834357
15.800753654351643
9.506774027248053
13.133008976906282
12.055878322295346
9.834113410717
12.632335375140755
10.957467620034384
12.31599352380062
20.312052277521005
17.271762221683055
12.242730235448144
9.151850721422711
17.19466089171904
16.115957701566877
12.333926306930307
15.114458850207127
14.753502813291899
7.343009202002131
13.098413335381604
14.569021240099172
14.331090591474943
13.321387388837044
6.8417441442516855
6.784069425402432
13.826819723640806
12.589755767848187
20.051399609784983
13.943396257687368
10.309302437092368
6.600794162744121
13.28708922142857
18.868322726091808
17.616985370092884
16.44054801805603
10.460746793987944
14.741594421951673
12.735582088375489
9.517112786816554
15.500335201409957
10.3289043532585
7.136918617612337
17.995898618147955
8.824577893274482
13.401490438341899
12.927926505210511
8.976551323023575
11.409546077719618
8.860804725857694
9.322872056532615
9.283074593787227
8.892373289540735
14.026400312559767
8.29756778044703
12.678922473586782
17.82113155995583
13.927575038813847
10.705051712041065
10.571862747836809
5.848102486444649
14.052978571427394
7.812070040224812
12.609348210658133
19.50205324385752
13.036820019112334
15.75659292243321
8.805605397632258
10.155914625671898
11.078146127844418
10.900410364454231
12.814848736818005
12.201594725135763
12.847036457868994
16.999332247487704
9.493002086709351
7.36788299437225
12.486039492530386
7.933986695128083
13.029220313954331
14.965731146005648
15.833634704009118
15.916783257528214
20.728965363067513
13.614677038318824
5.712063976217503
16.369043207569746
13.345660967630865
17.11512379901234
10.278870264913083
10.746084271329217
15.576690978151875
12.459884973192793
11.238365425369253
11.4123938335207
20.36082572523628
9.672775343960222
7.94986572534815
14.200481226164593
10.557789529463111
22.111296805499425
12.504019147921793
17.263030779975214
18.2125729778122
10.411837019121293
16.567174243401627
10.89413772405588
10.554191450827902
16.74804576061108
14.67182378169349
17.07755187830098
18.08531631754438
15.116998422188715
10.91060840499179
15.06340884540468
12.350210108699534
14.860423056732467
14.799234680425382
14.16582375960253
16.7028002848225
15.647866123463174
12.558732438623766
17.005063229801145
11.884915045783611
10.472584287360451
8.707446084981257
19.52453816922836
15.13667121242151
12.895595663587727
9.46975220538653
16.049915188737653
9.712082764233951
13.427499546167077
12.018754272310574
8.431353360050919
7.759613640706053
13.287523258337327
10.58105209816187
9.079520087955506
10.746538006443755
11.03300445650938
13.79510749097424
16.150579623440787
5.855308503879512
11.627471347198771
14.440678380498875
13.230921858317766
11.354662150744762
15.372908595158899
11.584548773159902
15.859500224654562
15.17947241387163
8.966633587900601
11.46685692844443
8.066037311396018
7.388365743636609
16.764168054747817
13.669593935462002
11.090014029530773
18.451935575773817
10.462741075510584
16.378775288058286
12.533168715083033
10.301118565929754
8.048850023030765
20.130043798323637
14.766157204923239
15.826161836024763
9.481209737537561
16.719079491590144
16.99373618013601
16.356799313972715
13.32929565987693
17.094428189767925
11.781062583181933
8.27054644263666
24.75512351799653
15.907103786432913
11.371040637973142
14.983908776194005
9.474454273743294
11.460881998099676
12.978050555266687
9.05131155622586
14.497216832619156
7.77963919935007
15.948926600229218
14.281869585742504
9.596511204957137
10.072990215002994
17.36447019834431
13.608215786626666
12.648110429571982
10.379724579351016
22.652913476389276
11.017049131698059
14.754960400769173
9.745411098512559
14.711799872487093
11.020698437589441
7.152386482087445
12.33175713537102
17.144655763315946
18.039102995606505
13.897154632326295
9.314066441039714
10.27528522490469
9.214497553737628
13.279569374083728
14.394368583979764
11.211684054484103
7.503599990713903
21.09085300510405
13.074726571173484
13.550003134347946
15.088405943167912
25.675258846251666
17.145606283228034
12.258048079518716
12.908183115924787
12.914461599965584
14.456250899141596
10.837745827836617
13.268897513589256
14.669943695874041
10.523678218340814
10.301532919028766
8.452938768373473
12.447765400508372
10.431064168082727
10.39262571416443
23.710633046400268
12.191296608735362
10.549136962673446
11.957417465332295
16.451641129962134
11.352025431892079
17.655537705902923
12.6249998493172
12.99008723260977
13.488724752683497
10.039159555437605
18.655677760324426
7.920962198273922
12.836675539355397
15.627367569230053
10.414033158424754
8.487019466942845
9.910697484313362
14.00178600140381
14.177582511642031
10.510047300901022
8.501145115034053
9.400815416944708
12.460666048034923
13.361534054435728
13.358219213027885
12.635644968798962
15.92844161175138
14.512658565599237
17.209658314579002
11.836731824238665
10.117139490195399
11.507698349220446
11.519494140547424
12.601912549022318
16.23579379215397
11.636429504879954
11.610392089357733
12.359913826955776
11.704682153985793
12.346350655891513
15.917644968918765
10.470329662600216
9.211603356628986
8.075373687635661
16.370510542074165
12.372127113377665
9.940071813781817
14.716463991408354
11.01204540097139
12.848676386977692
10.764987812583662
16.362302303328192
11.332977284074987
11.717875811646792
9.525644949392058
7.771224731879467
14.576986884788425
14.043756210128505
14.119336931463227
7.891702264360164
9.404277567067707
9.862401930739248
21.260363979182255
9.934769963589
8.418451273807085
15.838442089685865
11.656287439540153
11.194347293566038
12.532670688645847
14.59450101175605
14.678687507256294
8.181865829104861
11.412934964913884
10.680696213111773
15.328183731407519
12.86334390125915
17.04413833855808
12.506683670409489
8.269872106560475
10.531283300134007
10.371387247322623
17.95742736794005
15.929610159499152
16.462338752966453
14.051337598490571
16.110695886466775
17.15619323944988
17.053363215723778
12.948900270536814
20.316777999554812
15.756241264979742
10.335254841498262
15.514305186581298
7.801555452708514
8.79527683613953
12.349727805169023
12.360078692169461
9.872589218917478
9.967211869993813
13.556771409849908
10.161260887625152
10.333440182407157
14.52936067176554
11.543468579974016
19.251700418172536
13.19965019326976
13.261437483871111
14.983382088944305
12.09167160891307
13.381421961933013
11.850748867922544
11.429485003466628
18.436487687257515
11.456168462994526
11.056794304199157
14.0059036959951
8.190668752620988
13.833575773545936
13.565379828113313
10.668762938535892
9.402155886137967
9.181050039420107
14.7532352547956
12.077822050703563
18.54906700318808
13.99900637160213
6.081476155983187
15.764566376171905
12.216522491188485
14.277826915984026
12.261584870509084
11.243434589166657
12.056724474818969
11.285003021389846
16.060381922441284
10.75245811511615
15.090181086395905
10.852476512439033
7.425682102214787
11.14271815473232
7.73436656630969
15.951287599687811
16.615822484462093
18.178892097040315
16.324996952286106
15.69182548634243
14.632442752471386
10.86801324594055
7.754511155423866
12.205979381817476
8.724646067697888
16.544559187635514
13.534930008236309
4.425380551600649
10.594990565023302
11.218563497530699
15.166585873570332
9.178660896648159
9.827572903171443
15.775572076602607
12.62940395540426
9.979241945086967
7.872731095514665
6.86609916809268
10.89242507226892
16.542308776029543
12.059646033835255
15.303256660316158
8.935075779931827
19.11713536449539
13.71378273933274
8.005356145194204
10.195031403710637
8.968326529144779
6.770598916359449
17.03675618790642
10.26206715425581
13.099879966935
14.675841740697553
11.460813813387444
11.560638732031794
11.720818104819287
12.258112973752782
14.232225332182988
9.439590671402648
11.44705906223296
13.861388996892776
5.8202482654214664
14.06422469356442
16.641847754862386
16.072652850686232
14.198968122021904
13.542586005142837
16.24575879997608
11.873571555204258
14.608868618794018
9.796121577696708
9.627389430371643
13.950033135341869
10.181798907593413
17.15556409072299
18.119668876377972
15.93865532594858
9.788934118606008
18.405734865906442
18.73760215317341
14.14184711818615
11.366243384204122
14.534951073853255
19.43827578253665
12.475943710882673
13.517120086278192
18.93750278592561
8.471996190410785
23.991015347713876
12.773691702293789
9.438388124267057
8.225840248964406
11.643402287559994
11.323439255279908
14.618446311697697
18.065274933806112
17.139754625132568
12.4727328107686
9.14371260671138
12.853267225625608
12.468882597687193
7.906421328989981
12.152349186944528
16.713707094609255
7.0567229060436665
15.03261264320269
12.807533095026514
13.806997798429702
9.42872915405692
11.725820471063393
13.891797125053209
10.388993394283474
8.33364267951307
13.406213410351958
9.768173434978626
12.1810817538794
13.829342232906297
16.52967036723463
14.111053823095283
8.2341702796984
17.442724674356846
12.980440565283825
13.221655088597903
9.709616740425329
10.213877529017463
11.968570233098932
12.625312502961867
16.837326333995335
10.330969931492492
8.694971848356225
19.410663505083832
12.638369988540035
20.009805437713123
19.04943471914225
12.353289725700932
13.986315996858965
21.231822730967902
11.364675430229466
15.598637102592026
16.22746254860868
9.832684675544959
16.53493114039669
18.05467506728303
9.231199052809442
9.116935468869128
11.142649064719931
12.703940152652283
11.71198725217264
13.564397308985157
10.224878346996928
19.10310917015268
15.642194762131856
16.021810708499387
10.671371619622349
12.812823632946943
14.516894918466683
8.819467224566464
8.694174089282134
14.553288029297603
13.17035441672077
6.593050756775526
13.734788764708256
10.095753257418655
10.095638265645466
16.826406123090237
15.509971797141686
11.625093465874972
8.938076463620751
13.082262415571632
9.07051166118861
10.396623899297015
16.35186237812514
12.479199221128328
11.042515869691488
9.914535270150726
9.872756864240865
15.5587868813998
10.062010905572986
11.278202904349783
18.03144509469773
11.769201033945505
11.150529536813808
13.196397682552096
16.914278494659058
9.829697588499787
9.908593808613311
7.856800390450175
11.598826238122037
12.881120346841316
15.535841227819372
15.6696269728897
12.504320056512553
15.584336234316766
8.677999440023655
11.908987503375739
14.687656003905648
11.306846526835319
9.087548497085569
14.39662801952076
15.066038780062147
11.98913367128096
14.227529031383558
25.13545183329726
17.338621002766537
8.643203276656434
14.774693840840541
10.048296769774474
12.86584438753328
8.217921692160042
17.061336820758417
17.774520416010876
14.40545855954439
10.868886849951686
17.05411968821442
9.835261826589026
15.848279843160466
12.2296685047336
15.686622202043912
15.806406837977367
10.780336654148494
7.688276592463532
9.312433728431149
20.417104667880697
14.920989465486509
11.792130913215757
21.445001895781974
12.048657755146685
16.3522483190037
13.811528384918825
14.613399272301969
14.187248751735698
16.58628610711277
11.4137989992866
14.865064123601712
9.246725198835257
15.2326266586939
9.514081222016692
15.85597018398117
16.909554421018033
17.020599841053645
8.393487802513537
10.147099710879198
7.487425310557446
6.129029422639115
11.265945747752557
12.689385108998088
9.603030003025841
12.428811231866845
12.895666576838607
13.751396764769247
12.930137699278463
13.347903014885432
15.381357185029868
14.426182526305386
11.789013574822395
18.420655876467922
18.77236782972869
14.171563324124877
11.997490790127253
15.055971570683106
12.048274047292686
17.2354026097104
10.976393005543933
10.626232320915413
21.346049469429648
14.911022071977229
12.967414315477713
10.280950066815004
15.922940109034931
12.48616914572244
15.732009351017396
11.580410966587726
14.597978082474677
16.208494317883858
11.891712441721582
12.914847925384091
16.299009476972014
14.306538953964257
9.45996953547946
19.83828034335635
21.49181689343189
17.202036596993704
11.136091970392373
8.909071677850825
10.325676316225522
12.344829922622633
14.02199072118111
12.012640391799383
10.702612699105234
5.88782395031366
16.557179721016066
8.144930527603654
16.943243412079823
9.652669899871407
10.855464837479639
16.81725232743574
14.578908564235423
13.923290478221704
14.585266270290075
13.758011709701046
12.311494363923103
9.526011445241211
9.75936963503727
10.164714505910771
21.59541891975213
11.382887915550887
17.64345053124506
9.095106380838555
6.302402367984763
13.25091277413127
10.126664206877038
12.336067803827136
9.950916853030757
10.889545476336856
19.837131395655685
11.297034264641514
8.901995596660393
12.139457191106054
14.737909402123627
21.811823518745516
13.960593431182822
11.313369403485714
9.875422013264398
15.42573454312492
10.08986268168377
15.965558463960159
14.136719977438334
16.532850122915317
18.72018860481032
16.27408953173627
7.260226268387955
14.073858387930688
16.320788952429663
11.749570767942599
18.752578184639404
15.919948549995405
12.130528685976135
16.887499975659786
28.509995012752533
16.332677474594323
9.137883719597225
11.096989264077951
8.502413145211325
9.795514609729047
23.15170753141699
14.582916702585901
9.038958122074716
12.341884561986442
18.010138842513896
9.446707084197358
14.022842818737022
10.482978773532624
8.997072622764058
13.159743477918646
8.075879822960164
18.638999354157658
12.643475759029743
5.8535663419648785
17.811025093184245
10.692719688302398
15.228992504058725
10.795967471358516
10.436124281346263
13.561422931658216
10.557455103985909
15.138575657566673
15.237445024347279
13.409258757129605
11.924061848904822
11.01029873149264
9.04590797835469
9.689101149162267
15.357567144961193
14.370040046400154
9.006334461433582
11.576105301508111
17.76584053904279
12.154275978767078
12.810934225554549
9.382436954002717
10.720329938109025
12.149481543554016
16.862196313445356
12.501092221089626
8.083351116969475
20.77466938991701
17.412138231048992
