294942.8596203866
263232.88240510673
233796.9150811598
209093.76122135555
186860.82613472347
166796.49110182162
147979.02629807932
132360.21481655524
117994.90916984028
107527.08603643198
96197.71311218575
86593.54711635782
77869.32163415874
71641.55811466803
64936.591298434905
58772.222987303874
53614.504714162584
48529.07789283918
43074.520464372545
39367.477188178156
35702.35115820408
32773.60982214825
30237.62444264164
26828.695018717826
23581.749798296838
22133.403886390428
19713.066135947578
17597.592901688775
15677.165943121148
13865.027249820472
12297.293508518569
10747.345765484984
9743.471984820635
8540.16033143001
7412.128937366955
6704.423698545989
5871.531405077909
5004.298616258706
4256.519413897626
3760.12442907022
3211.8897930605763
2633.9742827948653
2155.723576565767
1886.1692416508895
1606.387504375525
1256.879375786925
1091.685853213993
829.2238210417917
621.4705995570677
571.0282978573534
521.5572743828152
374.69531891282503
302.3191277720332
212.66222827198646
148.2221847713453
107.59734520823197
58.76712317955931
64.79874234245803
25.3726395759035
20.04125350625069
20.13306424285967
21.561001695842677
18.710944794363026
21.756075200542885
25.66973593063836
28.120971457386705
26.728990919253587
58.20227155620088
49.17738960410438
61.371150647964576
70.79345955476498
82.91038608506511
51.646944724528176
75.18490131081091
100.20397930198249
80.38331796982462
109.88730471841018
73.76986570526071
79.21069098767107
80.10595811501011
65.20560426996515
57.907912082493276
87.20599905509215
60.32701773240346
65.82902088651781
54.24973426316638
54.32957249455321
50.92711031860786
38.71866653814676
52.99164420134527
38.7294119668696
47.88069871316942
47.17799797793165
28.32021763910481
37.161454584917
31.817416181295073
44.50205874459886
23.505224114026056
25.12563743447785
33.49288626659991
19.945527421536067
22.88908071959911
20.019782014047223
15.433346550410887
16.5114447917073
23.677781977131993
46.111931359471164
28.074157504988133
19.481863076383167
14.202826803498933
19.780709695510783
14.146919408292788
22.483649777527756
34.73654897125621
25.83134889089805
28.726439943944026
22.604596625470734
18.09037395437463
12.562702316597992
31.68999246107059
29.714581604987504
15.812199727865615
22.521020209944048
21.951264291059445
34.220433889924756
23.964042855785593
11.931592308448257
15.064904427218934
18.456874127661425
9.86956959931759
37.19966038078584
25.296163677581784
22.96051669512331
13.617786554776453
28.18291777518191
14.658217731535375
28.2059359455891
24.31429980323232
19.69347185023884
11.062545144108622
32.05831648099935
30.72104675538504
16.021106299189423
24.009966955818363
15.365640073172369
34.71350285028766
19.582956434452463
31.795126226060834
16.896388078669506
26.83097995474345
14.001778362849768
29.52947843636859
35.41323457245693
22.138424830683984
32.109463553229205
29.626346235699323
31.72732691011259
27.37729211442414
13.237395781459627
16.500942601612422
10.266537686546606
19.682944233322967
19.219418253819974
13.961591927225955
26.046896964559007
8.670790948751325
21.31325111082061
26.517221491441045
14.010367429894035
14.79517421233818
19.69652287818332
36.8133769497493
14.69753391649456
19.793051303138693
16.224668451328604
16.062984788984018
14.166467184756854
24.56368240135352
17.728148479563792
30.09414147655895
38.589389996636285
18.306717658201727
19.109497714885336
21.07283826133198
17.553513308599722
13.874185554770346
20.58988077011733
22.091909121673343
17.346354093224875
30.259067906589593
26.01447280738744
10.486805207764101
13.6447591320828
10.228383018152892
18.796133079658407
44.12529625793769
22.970256417174337
18.114159428199684
18.903412371071155
11.662165699735407
19.994593576968793
18.23068960998385
11.956518700044473
10.726499767503755
13.277606952856225
14.278639092322548
25.03576554037958
29.47431371162062
21.51663470078876
23.244743477336613
9.345904448424188
20.26511268870503
18.14406438094697
26.42840906423401
11.848060809958032
22.178500903219813
27.194340485939495
23.733850607390078
10.485091217028032
22.592982266935454
38.083628147031675
27.825928451118653
19.790504871741867
20.81020377290973
27.155325200497828
12.12286820565586
17.05012978736114
15.715274397939483
25.01465617486225
14.666945125453276
14.567158156407
29.007218974581505
27.027665204229056
34.29022008952447
18.312477998623102
23.285149073206153
22.097737127314534
14.05022257580913
15.114137262230928
20.012565618771873
14.702001729120715
19.069732405269203
14.307365023104163
14.382466414717268
24.583559612213794
19.107489537105575
29.45971256743966
34.858890173454945
10.269563340598584
12.438845776756555
34.50708130322372
44.315619570139816
32.731196910899136
33.05030770260232
20.942042369415816
22.609719433070545
16.555909723177656
19.70264889819165
17.312242855410375
19.930749254043832
18.707274330770275
18.75562510813403
18.88380804439788
39.950830271650474
15.462090514685334
17.497522570001692
18.03301706705259
25.884580983675328
16.150989490404697
14.200155518664006
23.58689478303955
38.30658054823874
38.57757906294336
18.613719577074725
9.687000278281849
17.9380809775459
32.173601780951124
13.03134340158834
18.109409330342245
31.074700463757633
16.139254678645813
7.526365958708663
35.83603927000441
15.950450331393881
27.91193294249345
14.652990822541017
15.414839842629846
16.224592226641704
24.63826169948654
14.894241912927313
22.681339021982676
12.566014212506463
11.853100820846349
20.561286746803383
23.116163070087815
19.295102691494446
24.250674551345814
13.019541711739352
28.942754681596
14.898604862090728
23.964951190068646
47.41200383878875
10.771644822395764
10.301136326143881
24.839087685261006
28.528897563368975
15.669819169850182
10.842374696390698
12.583540673869006
9.914311040745313
11.647907903275552
25.427126632954288
13.729674600492373
21.677864015488264
24.630535084102267
16.485039089111098
19.947068510969256
14.128885326101933
25.75756879221396
24.717873433290098
23.065493728087525
20.394530881399017
27.731246613370736
15.61366620003432
24.043025188424288
31.316842902065527
16.618864273956635
26.301515304402777
28.733006259693894
27.042338314092323
18.37099539326361
16.969257375668256
15.64428546201393
17.390314605310586
50.07335587374542
26.218596883859867
13.029193881654578
12.112572374644081
10.474327204212734
25.98084901311998
12.290769547813124
54.50672642183988
42.661099604565955
32.51391682025746
41.17986357096707
35.6725637878034
35.940446849666394
16.97316052922178
28.522567122648606
17.204369533513876
14.179320183207206
14.551151036714094
21.83331754556909
32.71395275634417
15.40325135465258
9.80817056236843
10.73966273199468
35.08494518056813
22.44741146991897
28.72044854607151
20.882602371178933
16.283061927847996
25.055693986181627
14.430345090081403
37.567683492364296
23.843344012976605
24.452271722337215
13.77738032102465
25.082347632605938
23.037325027789713
18.27697262233727
17.497821398795587
12.86718331187306
13.222737153890037
12.95971341052934
27.063779626386676
14.841036773949224
22.249753190955563
25.07682409101351
39.80564778553431
35.96482303250203
18.999369254580035
23.70929871212074
13.271321846518614
14.203830345277643
16.986451387565925
24.566257193189177
36.75014852989197
16.68326756789831
17.81808057461651
7.631948684589859
19.59828881972078
21.559936355615246
10.16930015966464
10.466232639793427
16.40866347622986
18.12524755547825
13.151248208284994
17.173086826069976
10.931743592454353
15.854105493374288
26.66414128675221
22.713260512788544
14.4542085871209
26.70429490829414
8.719550027677956
22.732441858132972
21.166181238443464
15.749233323449847
9.846797760143634
39.66940690881132
22.425486172731933
47.627394886186416
34.47196321806161
19.995112133837573
19.92445855090193
15.871036064110728
24.071286512688737
21.88053862758631
40.645751524830615
26.25162606101116
14.265405546125345
23.215512069238127
25.074710946508617
34.97914159194085
7.795133600834786
26.70325631195719
28.14720836783525
16.997175132472712
22.987378746596903
22.37078705481088
14.517117284587322
19.31641323668869
21.705310930897532
6.022277138826617
8.11256523178567
14.206356674887724
31.77931359040094
23.66546295748357
27.133568518523187
26.56811022759728
15.806204058561264
26.51035130272244
9.71569471522506
14.184574941737385
8.461813008857035
24.69398200108828
19.289332745076106
24.861942022959948
22.445693160427822
16.521143994687186
29.680653941555395
15.385616708710945
28.023075509522634
28.431411569438307
31.988740319133253
25.551334176311062
20.362617842503763
22.738852290941335
14.271125747762312
20.254620077041352
34.39017896694479
19.304543609226464
13.814359280318717
27.485843913947157
41.83079568513414
13.335095991668657
25.659526828388053
10.017156263317725
19.530498623709992
29.56949159027148
21.9138454945075
20.747279636883455
13.554201071150516
24.780672345247293
28.81726054886003
19.48877301327066
31.634732581500614
12.125030492891137
33.46710075923692
20.70219973215878
24.61781471845698
23.491300513371066
23.667003375010292
15.069274730064816
40.31433373068913
23.297236347714723
17.50731869737481
20.29457821230329
15.875276485124084
22.296393604484816
19.00132907780548
17.961824982155743
31.576370961853645
13.882614037965507
16.98066926352446
11.37026790543862
35.2632056088944
25.9076422229745
18.596461781787216
23.529001875705976
12.400948209850071
17.66190622844716
27.975293362690078
22.127929495973454
15.661915546455857
9.963862139467624
33.03964637872217
19.10606295175433
15.08042307703902
24.11695933589885
14.873678444623318
22.616095435848056
29.576449033693446
21.983629029000294
19.99880201537405
31.800874708304427
25.78673501704086
26.338783846823162
49.30316048378243
10.203974965448095
14.093437904329845
41.0670009962741
23.315307641977974
31.916440735383393
22.2632210122697
20.764691909109338
22.59206103273693
14.318134140695266
13.575189521372403
21.09556759399382
15.942822361401237
16.656715362411262
34.403889282086716
33.79603159875235
25.619616980925514
17.036876816957452
10.39228372316848
16.722790971603608
28.62336254217833
20.14919263673475
23.113574794922236
20.768912649104482
19.168440382623135
16.494170866384845
13.057880236283987
18.227616681700685
20.869345898755103
23.536364663134222
18.788041200148587
16.531500720088456
16.03047996288026
7.489883777318829
28.724160198619746
28.191746255904594
28.480298929513598
27.608497935842184
23.059467228113217
13.34570761691901
26.084366731349252
17.800408990439514
25.150313986706575
23.57782015494242
57.15449085925749
13.504242443149408
20.78219344943547
36.23130722087247
17.960661920817167
29.838106301655188
18.964630631048323
20.551814392774833
14.826455969273116
21.455974917325417
21.172851263273913
18.535316254756008
21.619336986198505
19.035170507012435
10.471209293652334
9.252056129067537
11.681679197055773
9.679969551989956
10.706458715648473
23.831844800458946
34.08941590550941
22.68067834487859
25.1947938982901
32.09861297911099
25.466898152112723
23.807154006761515
18.71570714602824
24.735547105348765
37.79154923853591
11.988378010457545
34.19813801542205
35.01405477402553
27.052012194565634
44.06394164533075
21.809214872278094
19.934536198938456
13.959782216920152
15.262407326924432
32.59152419368777
30.352338373439096
25.305083294138026
22.872623870425063
22.930332226027712
7.387944251219471
32.33167656109087
14.870850596793092
12.136188502244211
19.933460442601415
18.725914486992714
24.489239421115137
12.283721475700725
38.38927566712608
37.30403564090217
14.059970682638182
24.911822354282865
13.235214996370503
11.387221004121
29.10377936636854
35.92470858338546
21.507195940804596
11.498070703266352
14.198425350161289
15.842641004942791
32.454187110959715
23.209027277877826
15.292723090325227
22.460249851049554
27.647744759629063
23.366198951042392
20.600561822271874
10.812844459004735
25.557517686776155
28.13294215977199
16.37266434645179
17.28714960341378
30.835334330532856
36.65779719909808
20.761994111262045
12.288326535717756
34.11651935492447
12.67235277561528
17.521686768962073
14.682184648371432
20.607467338468805
15.987511022101009
25.38786323031383
37.94187762589077
15.053025915539841
7.724650086082595
10.177052902293164
32.57650509781089
14.75642083367096
12.11158707478127
37.04889684355507
23.654783194126576
12.930783434475506
33.852824403959616
22.14749820011849
27.7378809527028
18.98191435539233
26.567669503540547
32.477938768542046
15.018486953444784
17.25942848885225
28.401009834356174
24.07849447104806
18.519778824903785
19.35703641817284
13.189728477247215
30.81355829493618
30.036917287885927
22.07817374645882
13.94725136828322
18.117582268416964
10.03750467714495
32.99668185730887
15.627775333222383
14.580215627044558
18.10327670737182
15.967597833227428
21.15265446755281
16.17304350329357
20.512977218897202
30.162678135665498
12.499377039678237
14.88859661781676
28.02417121860112
32.11644306143911
13.20778647821802
19.20841121985168
32.66980614992079
15.795956396853402
9.441101727060861
18.57112227652317
19.710252879291705
25.821596835212183
23.07777205620926
42.25508676189122
15.122182878641265
22.87572070934467
22.81156928225184
16.410248564511157
17.950284590697756
13.718319740186114
21.46718006412561
48.18121663303341
32.68359321095238
17.807399002301345
23.589157365682283
13.332388201664468
26.337237399215624
26.6220826267274
21.35146079713187
23.16638967526972
38.08483136732647
17.525788315414516
20.886003391085257
20.137072449301783
23.73534861441662
21.459915587907815
16.697228012448587
15.01744821513472
16.3908166645689
23.12360651600474
40.055676651107525
16.44546755367717
25.505580884117844
20.834957943695954
19.359628144164844
24.019910689329027
20.700140153568846
12.50771870454532
25.713378745361855
15.613992727518946
31.609209392583676
9.376798832977807
17.159257702948956
12.70652954450554
34.27688835388576
25.03389000741707
13.756148976404958
13.560002684017006
19.96616713071151
29.46428470673413
10.160649222606798
10.090036566137403
42.59610707836743
16.918130254217633
22.959795466023923
11.612528704636533
35.14030920376264
13.540093069278536
19.590787407755386
21.94478387599875
10.50941052155142
23.795327408152396
6.984067060330195
21.108025744061326
18.538176524874654
15.638392816953909
30.64785991742748
34.408765423581166
14.170341253216625
21.337741081302973
28.89286906693434
12.588092470720863
16.992675770144245
7.474757575176866
18.981993317657988
24.482876917643797
14.681242807608538
16.3263434221888
19.391105276151507
10.511901462805183
15.095707513903383
28.136882155319682
10.616437155150022
16.984230047121518
18.769260008950464
22.302120465699662
14.19729718038708
14.17710640347089
27.853961346402457
15.08862884912648
42.25329054520888
27.05373063868438
21.927850100757055
32.445482691990485
24.31680767707598
31.36215255967813
52.6274117234009
20.751125249080204
33.84200397513986
23.86306453801427
9.056128497366386
7.754274229742562
26.537084020938984
26.024885235402778
16.55976847199335
13.1807493203153
24.420695509944224
23.963794687862944
25.1571286646464
9.451505856519955
9.68961680336672
25.0072510873656
36.75715849601795
27.506220574571564
22.585847140261624
28.630171016229987
27.50821734542304
21.711173451348497
20.899884091407923
11.336653313805416
12.241546805275402
46.15302930573338
30.440435353927718
20.398853213112833
10.53251055936289
10.304291711780166
7.1530092659226385
28.685714399956474
19.43486748372709
25.18779352513138
17.626769577399916
32.169313608329716
22.070414400293586
26.28250905644198
27.682376993616785
17.506912799420597
41.79205039351431
14.22960210400862
27.46315281226883
15.085337236944063
32.86980038434697
16.06278068679997
26.41417634474393
16.146073024684014
13.03116611047262
19.295471671030406
23.370818061408695
42.413549686094136
34.09711241268302
33.60548160138455
18.244280016502334
18.670177965893973
26.3896888125702
19.90334834232468
38.90579313059916
19.178629056447832
27.47546651525295
28.852229582393562
27.425189941775507
31.003471128895725
12.73501967615212
25.28516142899879
27.454233457138276
18.346027586483483
21.108025921935656
10.70759857496665
28.630703491280396
32.20657226682249
14.125884101874744
19.958050176654346
22.38000740236037
18.750987785918692
21.453147972698982
8.229516523015834
21.664450070194547
20.608341157329637
35.291241684392936
13.512131376649005
17.986177666466467
17.580759993667932
16.434269066247158
16.477913303020035
24.1037844870838
8.269688835209752
29.862085055752974
32.75293834161819
12.373964750721852
37.1230235986489
40.18589681345735
24.16072772833117
16.779390274717656
14.9791158497047
20.868646832173344
7.04168656576098
25.515239974618826
19.879022155580643
16.518879605497204
23.047884878745357
11.524092373229255
17.908225871884085
19.243943956192382
21.08765344065913
18.00868965892172
13.137516356851256
29.725379856320757
19.738653178058076
33.3669821875177
22.00747761432505
28.437488326117734
17.76148638442416
44.35838455290922
16.262388788599
9.791925711166106
22.125883033563795
20.753636250550535
16.791091851196256
22.92652235111319
15.961109010354887
22.36990019768898
22.61015497939562
15.496276363016273
34.21402271336129
15.580875103779498
19.589344860692005
25.394942522936283
10.095422155107258
20.54051696630855
19.33052743701868
25.415956090651182
10.093775716010288
27.886333456160493
18.536627678576185
16.342821142580274
9.46419686592904
11.202049953757898
23.61813664589446
24.0622602811608
9.649453643339543
34.14820629276055
17.980358484178893
25.659450517707043
10.329174753456737
23.63219403383321
8.014739163826544
24.50812517284643
32.3601737765285
14.070117432446686
16.947958072339826
21.022575919392263
18.120027455832734
16.98775408872617
17.282258409049568
29.571964808279073
19.61345621114289
9.863252234421173
44.61770940683571
15.796568771070255
23.095501178829227
23.899825441405515
17.131662714607405
26.25435574527178
33.061242673432325
12.497458788563147
37.808438335056415
21.054938400044936
19.255398494636424
14.581383153447128
19.6237280807615
41.47005442239994
7.119643519937633
24.594204912440055
16.89058482927703
30.723663313436994
18.69323773844542
29.947127691249914
21.214628734528237
18.89526832680954
16.099188430197717
35.43161845864504
29.992900881671503
21.905066997866054
26.288360555032313
28.312518719248835
15.64620586934301
18.381064214997654
21.138323426744567
40.4902236761915
15.816162579557439
19.828564153360677
17.97919038187338
15.077886631537595
41.88298558825511
18.590510614836013
20.38869592289987
18.820457482857005
10.407382274656433
16.889404041707913
29.859590193952556
37.61840320989586
15.14795105229213
40.0389285995867
25.11678176502064
36.3076153347589
30.28922036339167
19.748100056583468
22.107465708258818
11.46750876817685
28.785403712134045
23.705076766063787
19.11648361320906
40.49676443422792
20.62043769098295
14.021775646328944
23.327315044115988
18.50377692128225
16.27587467402833
34.044892623796926
12.083907430656105
32.005709014839276
25.71101422800241
24.678944663548823
35.90968868965527
17.235090145416272
8.194495953684324
43.23273583080915
14.48485276615764
17.5783848093829
39.23541314746908
15.321470843195787
19.59815183023772
10.79435278796556
18.06964764369948
13.606431132318486
16.376865629536624
20.512166834232033
21.18987619237055
23.932312934903198
12.08068166014151
23.48039793825805
10.44256787004816
21.396830345522446
50.93681799822613
8.33541845249162
33.510644473872865
26.469195119096444
21.73118047090475
13.596781160706334
12.419401118557111
31.773330904035934
24.711349520684863
16.990916587713198
17.76527041424011
15.450872505306862
22.875934339182702
29.441519650770342
11.25265822748963
29.034605053984297
31.963544028068082
11.84369488157753
20.936091989889846
28.88150503847704
12.64955217875996
13.106242574727798
20.42199523847763
18.99399586582178
19.611450238816225
37.34363732743823
19.218503479266886
17.266725470216535
22.724665660006156
16.810580715560754
12.119275765026885
19.984621551072244
16.306906073362377
25.77623735275297
17.534163062603014
18.38573230609767
33.10678449992262
21.63771298254391
6.683297751126823
26.0101293202828
23.39181474195649
13.893164230161961
20.15378938749181
19.581816765388734
21.477249180584828
11.378619567134834
17.206644367114436
29.5227785924925
24.437011000203274
28.010575229356938
13.936591356855196
21.904113999446302
18.734897244286962
18.67235158722929
31.63902415655984
41.20845766330476
11.062859549118421
20.45415205456047
21.9526044602396
15.4732330577307
22.176735840345696
33.89217800277358
7.748792168096988
9.887396029476072
17.562964770306746
15.182910785549621
22.569600398601498
33.359998181083775
25.155442821133832
24.327758228972005
12.95613531371664
14.661549798918564
27.268778366633455
19.537310517506906
41.088026185125045
24.202674397313885
25.170584515848738
31.42004764619185
26.961557340822008
18.866574962220756
32.25665557580166
11.778933997898063
27.11835689746451
23.804057543911345
15.45375511566667
30.05757154424971
10.948398190073064
21.796363666958698
16.749644553832926
29.30704625059181
38.70007894954493
10.86179659491692
28.809458739639084
11.002112665640436
20.513038355444106
24.678503078703486
20.23122749086076
26.0199071659201
25.863484080089
18.43234822007439
12.690705325150414
18.871697365625526
18.33929583977965
7.796027098230194
8.867893520404996
13.676584577293255
33.15724573154647
17.00125307497846
11.423592704976212
26.83147690301216
15.027153465882053
19.67124274677145
18.809281292200524
12.261746443611704
11.234089411098186
15.874963173849805
41.73670051464407
38.294964049501644
15.939314540721327
31.591372845357895
27.488175646631564
12.665842782116377
31.60616482668326
14.029507277950056
22.629162706811666
12.144769213241016
17.553264012458712
23.532936866983455
20.482088555447532
18.270613926230922
14.894133541594456
26.935673186365655
19.553857941154558
17.88095284019611
22.26193545137561
39.829441446805944
13.414077237142822
22.46108487515145
30.310449387990474
8.34642450622806
24.58377953077546
15.193794681544931
15.25775293803055
22.311876934862514
15.300470737554395
11.166730362127176
14.834411753689864
40.05859400714785
19.75085063485273
24.225625641548536
39.00887338115603
20.393526800770243
21.43142065218548
9.534397466842966
22.76678633455863
28.036414309521536
15.886291190761762
14.553330145359125
9.62396090417726
12.839747052713976
7.170364003221152
17.644948105073865
22.505661038387572
26.011202612291484
35.97240622286863
11.737733458029574
39.76565484508065
15.138001447944832
16.30851016151191
23.779303151996352
34.72378255660933
28.02439222198641
15.488875905396055
26.98943715060715
29.723153080404547
16.47114712945322
25.326623600879124
28.195666860855273
13.146003899508631
29.8260377902724
18.652105626237976
28.541321308045887
22.60831126633872
17.677028438653284
25.541726334054697
14.606466010198549
30.49399554284066
19.69530936879046
18.080671022940003
10.216102464057206
17.176441336752575
12.823839509421205
34.35329905541894
14.982388617822656
14.61235471220401
20.784502920720595
16.066490556891935
18.695866841620713
20.740682290358695
14.328452656119396
9.71422479886188
36.9988768716459
21.780229614737607
17.60828566233795
26.615378901435623
18.384219699788098
21.12039514051723
30.846902184682513
13.667258406965606
19.609359733938717
27.314779705351967
19.34793586924307
22.56415401091867
28.976936733930618
39.57009532822083
12.104001710009515
18.1958986986754
13.041617998716617
20.357127483616246
33.89341393901517
23.101392990104646
15.38498377793138
24.922380273122055
25.96798033460816
17.620336083061662
21.657978919958165
28.307772591568735
15.061318696094622
23.2208808386168
21.396739089074856
17.280501975857867
30.862356882232454
13.01536445964951
28.94177447586944
24.87546365553217
22.125362848359025
27.707348500078442
16.89776275219011
9.666914958377472
15.607657265082352
37.1581586721906
11.96666878196561
33.1431295830645
28.06386665593219
15.78012206407211
25.993941069708715
20.05722138529382
39.42775582947522
38.75194050185871
37.412745352525526
33.74445128102178
24.72828459903092
31.82534614198612
15.280328442982615
22.473812599572845
24.260294335085856
13.749814441856653
15.59412875436308
11.973927940169771
20.233323635973047
35.55075212620976
13.842804896327543
18.500124111289516
12.978770220410093
14.300385978980065
29.98215293706721
17.17053013259955
43.35704057565163
15.231251799483115
21.86105618240879
35.01265395152211
10.942783925574336
17.910051097315733
15.054057649125241
20.61428055290322
20.775485005217053
12.160742243527519
26.39282312429458
16.20261059863107
15.00194922251831
21.003821524878607
31.008205221410478
20.235036222806094
14.377385638639877
31.332067988365196
10.976177145060054
18.545501040603856
25.936134237544277
18.660837904658095
20.60674501760433
23.367249105249048
36.30959901489238
10.727682281166278
23.552816350233588
27.273931943008307
12.966345977284966
20.57785219199648
18.209058109156175
51.78808489194486
26.44785345155044
22.140573895573194
14.760064444021861
13.794196376186758
30.300677221767252
40.54005721229071
28.652007206583484
41.03485071774319
21.541193313850098
14.593254821390056
17.968803652666715
18.790257716151142
34.023990207923056
33.73242305553187
15.396678338808806
26.35582991592822
14.23415907031614
25.218748177985418
24.66992890987763
13.360499738653676
23.6139393978089
15.733719898111584
33.70357256001724
20.36415927574227
12.250370036668203
20.313456021864045
10.26070062722974
27.295229545698067
20.58912645340954
24.99811194030451
10.48923753777202
9.465525365522346
12.892205433681836
33.45122015814842
13.73278065400797
12.652791378691909
12.671000281464403
29.204113052533387
26.986435519620848
16.988767146849064
35.57720505226654
34.94383831095376
26.540666119456617
10.795379097438568
15.924309540068723
23.221103026235753
8.592460540585394
27.622312454401026
27.255340482652052
24.072159127398372
16.106844350974576
26.618125603800706
17.574304594694333
40.269526698009486
36.34166318093365
21.8984475366483
29.465736486353894
23.113979508666528
20.706501667253793
12.588259985133496
20.82340432904362
25.916417934843267
19.015372094522057
12.040613212968246
20.71167768417515
23.949930379847586
19.03591481309938
10.95348858618864
21.981567855489157
38.05308292610499
29.55395369724777
12.094867677853692
37.18919027528883
29.862419702670856
29.582878778223996
20.598068402782268
21.46110366704457
28.38560522618187
23.66442008662288
22.618394767454202
16.939586961076657
18.94479010265201
20.38630669835823
21.487572863664393
19.205585962962854
16.558482264915707
19.198327082528554
18.477368811933367
10.739556722993537
30.975357985914275
57.472292947622726
22.006675288764686
21.351525350077257
14.951341593489845
17.91894137792132
30.44223619093549
21.084076225902578
18.847027560622585
9.64375837092516
17.906838536157288
33.11359880039974
32.526463428464034
11.907926168946204
47.32737644670489
18.099768137358694
22.12362143892371
30.996819032644318
18.005695595451122
25.659290548291008
18.60215136268441
55.871243661790935
31.451378326403646
18.202442486248597
21.86001496669356
26.147378901652708
15.816049154998183
14.97844030251276
15.64287755751293
17.20326600300693
19.066188641047503
23.10718125278738
10.906916693833287
28.17602177159736
26.0498431250214
36.29135893767847
27.267113343041622
5.805381630592669
19.4987034781013
16.826242717928842
25.11219459086401
16.147406840887008
11.856308154042054
19.003967309625796
11.765583421423683
23.2491393560815
25.203813359401845
11.399131019606372
14.082908210457775
23.06362025227349
17.02607086576379
32.025101394248296
16.883647728531194
18.605568771122613
37.622895439019985
24.411067345216015
35.36009312842203
34.908402895020444
13.275303059393506
27.16897749033564
12.862066842644849
36.26714799632236
18.326068211711146
31.52912228039007
7.028921014132317
37.628494283687566
18.436816641610427
17.696969799533864
25.79175755895494
22.69586136434056
13.872503478570353
10.539578958794413
29.09402015650535
28.757372051191254
20.894066186945295
13.594781876686781
27.274609906354264
23.0087714358034
36.494209575183554
14.974595904640712
32.544475816943205
30.079816748656956
9.901221467915484
29.558269376605367
9.587252931803505
5.542551588482304
14.211996190220603
13.981333327845766
35.20878616977392
30.834211859623217
27.446496047471896
20.744489486226218
12.096387734431397
18.998337641305323
12.58781262005448
27.951040128321125
12.334727729604149
39.62738169927027
22.520913610816994
26.840798227823953
21.564323654702992
12.360138030943007
17.694350390873858
21.113325327262515
21.62418443942044
32.95641119818351
34.46403470981001
9.675133574131047
30.59953761556422
12.337973326231811
22.042730216757704
23.58618927665888
20.84567292696669
20.403894091436598
8.420969066328002
16.809217301117187
36.33325903284231
27.691544301483507
26.020306372568065
8.134678901665122
14.02916529728229
20.397248598321315
12.605558160707004
20.44878825952172
17.027589956228304
31.97766294944298
12.38231038938725
24.495477232165385
29.942884145855007
13.651579920494553
13.95973095283424
23.74749660883824
19.421569522549355
13.450231033392326
23.200388705370493
22.995551359847436
20.961208464306512
22.008483280432543
30.735058910411833
28.622267732125113
41.82363922513726
17.644436869330004
28.153732759284157
29.656734136369057
21.162992900332526
9.08564557857259
21.727365250836204
16.079148497904967
28.490182852829744
12.384638679552642
18.765085952840874
16.460803789997485
12.769228149196113
15.08896749555455
35.96230901647464
25.041766037222235
16.358609638025904
14.710281242359455
20.818226038726138
48.76471711438714
23.691806312363504
30.67756363375019
22.31726795676891
21.613931857389844
18.64898335881231
21.18611576424042
18.901822326587904
14.700492706961887
12.256552895238402
40.76965040386886
28.782774045944432
30.870696099847027
12.8320424638841
14.241587049916635
28.86045109218162
36.813350929168074
17.931925491277948
26.695284644537416
31.975361958820365
20.578680680112228
10.132864179660917
11.04126177585248
21.734347773683623
32.82743555910886
26.089957126533026
19.26100738874111
24.809127334965094
24.83320876902751
19.87693006807185
21.304392609018553
15.069961190927947
57.0665338339698
25.068006430481077
19.32400525938886
23.315187990935126
11.384993093082759
20.387523561451204
14.973044094955181
18.710719529688504
17.001769952368942
43.84154893938248
17.806912921838673
20.058508423349945
25.39820827480596
26.383638425305005
17.927212662449527
9.327229984722711
28.963845345647936
22.620303438923024
27.54923972658811
19.767548059330515
11.422110662426102
20.101400577719843
21.3002470885987
11.631033564772327
25.190912146157867
27.2229271125488
20.963689084595615
16.35824121935246
14.052184887024277
9.211144482901243
28.541957145774038
15.996434475506064
24.47777494161963
21.119569725945738
17.76396854433719
25.364973756180405
20.48414527636311
13.894109265264753
29.314093099153332
15.420727078735572
15.872197456957776
8.705688264074297
16.412606516971657
13.488716298936938
38.86871881817468
13.382360071175547
19.899321590223135
18.499339070807086
12.899401969905291
10.21946343174804
11.519451485486732
23.158943624026605
18.527873593040997
30.898002127193436
21.293157574627735
17.523106036669684
14.98969668224626
31.742194550230256
15.034420916251895
30.22141855961123
20.323536803937582
27.42951156026591
22.738095318295677
25.70487538471882
19.612709046171332
15.606289627617503
20.568784778794242
10.652387408033395
12.119610992571133
10.332172928070033
21.56005136228247
13.698683635813236
14.459701073803302
39.36443715937839
77.1516197300824
