319.06867545299093
286.8685402667691
297.96147866303096
247.74330519294088
236.9760205485573
243.21896077304092
202.03048767836344
181.67763372793965
186.9115650223365
171.3113844680755
119.12073607426481
155.9066896285607
125.60979755248754
112.87141787586417
92.17734260241834
87.52481367639746
76.42832913233502
94.22376858993672
80.20614904357012
49.39373991652871
63.76076814278681
59.431919407035814
47.80449473363303
41.005155385616796
29.189520820054383
40.856398428262565
39.37583245508538
31.254506922198843
26.254740764012567
38.17109548642351
23.638478629102174
29.341271079118908
27.24807745603756
22.35112074904572
13.612739128238765
10.580787094646713
34.02670442645831
16.173260265228294
16.363795784832107
13.446278067892091
15.614587761177475
11.955856743249308
18.18436590487372
18.05413265094901
15.349318724401304
12.468426848554119
9.891629361278426
17.7094599277281
24.219508677139
19.40984596940439
13.809554869586721
20.585990730379756
17.817646708558698
12.096798630725024
14.380837583750687
22.60140791327728
17.47268053064845
16.048057787318257
20.40133432229555
18.70206723437791
12.860533768147638
17.638031210819232
13.83348871200748
22.905169182104434
13.420969831509552
21.16187104672176
14.807424921006659
19.35839644059179
14.798242542511671
17.391855260597172
13.855326962140735
10.986675462070538
13.947187116379704
23.493982162301183
15.300889047407368
12.517601397411509
11.975322777255757
17.96128759813909
13.394734861669308
17.143268251895044
12.538340730488414
17.10089878356791
10.095955628111366
16.823202455712487
12.745369662792259
14.354105979202417
13.157670226377622
17.071070667821914
17.642880310441125
10.32353181934254
20.069945948302014
13.282298490937627
15.409414440283669
13.710803591050588
12.161553989539351
19.374256668646513
15.20112879340195
19.448207476600185
21.123558055213177
13.793305354092588
14.571117682297166
13.147116414533336
11.213375465640693
23.302002518896018
15.899250763341943
19.335655540136802
18.270643695529063
20.08798355155725
13.28345830239433
11.566221461695282
14.031666643646847
18.224833735826948
15.889089148887686
12.448026175088058
16.161852118827706
13.882988939963786
16.37684048569865
16.218535718235355
10.942402649120115
16.82950439418976
10.998803481495012
16.323350742155
14.61882722253205
21.78805807383102
16.382863940281396
16.474665781156233
9.956146717666305
13.984482201351408
14.55953693955766
19.39387046489465
13.94953726262882
16.374096670191864
13.395213338447526
14.844140843420096
12.482969807141064
15.363573472957762
16.233928783454893
20.388767996928816
14.398962988145502
15.167284449487717
14.235581901945704
24.401146055048812
11.977968236989561
17.16650964723875
8.568869176183512
13.980815804356094
16.300604963059996
17.301966251854175
20.208722662821543
20.80646155916699
26.70892631023653
15.362407044231336
12.914124877449398
17.35425964335305
20.702738295722696
18.88585176544381
18.262799196811507
15.842036088342407
14.7740737796106
13.273874895710136
14.458706377376348
15.190020237928936
10.379442096645922
11.51073265890476
13.793548956784774
20.694142878613007
18.72489259425103
16.925318805026926
14.005590603274385
16.015220458115785
17.171308132261405
10.896345256695513
15.011768699841523
17.093044331884606
17.339932051118353
20.88759671541264
21.724169353767454
11.719815638054177
12.934732192825619
13.725508530454276
19.080363062795886
18.96966528887784
11.628725461416076
12.57625011723106
15.927868868280514
12.530335323372753
21.207429067055834
19.20430139220586
11.287619173159591
15.671092358180443
17.46605601193658
12.174271612677561
15.665796869255649
16.281240438664558
19.682419047428674
13.863182178641456
13.516935790903304
20.361881632578932
16.79093717977473
14.359291764552765
16.32118286608514
18.915120130898213
14.74686821859979
12.941399555695787
15.845175452219557
16.245973770315057
12.095940159310304
19.650621604281994
14.67480371957522
21.201356416081488
15.611027891521829
12.203753086608573
8.984965867985089
9.032248816961072
24.21355122654513
15.391585841577204
15.207259149864496
19.72176454821798
30.31046552841715
11.515146945405439
13.657923324653561
19.753921499987197
17.596426981647824
12.043218438835158
16.094390778412677
18.14047150127042
20.35533198899799
11.282535096295847
15.08717968006319
21.30687267271851
9.18975757011994
24.051146021732148
9.920867432105563
19.76785954132626
17.599037149610282
14.757593106179186
12.49271776525173
14.943355949517892
14.51472807082976
17.37067012863587
21.3192703646987
9.864639861258278
13.41713728367702
14.526857175040808
13.331604296114671
14.111987621539829
16.269438850646615
26.61584544649894
15.007031081232972
16.838514493727217
14.807546041947012
11.808913158478978
17.250524178553682
15.00798145601166
11.115300277377976
17.853907201319842
10.646500545333385
14.818987210030613
13.43285872900978
24.222609633891228
20.19172632304916
18.062940650964027
15.21052869286178
17.096940889914826
19.576624374808766
20.488474958193486
18.671211720830186
22.31182427896693
20.11060489542123
12.136806692779965
16.525559556705808
16.386955288562188
12.761679318490687
16.33384634066146
10.067478223635463
7.745833655626131
25.474402488461017
24.671448749704027
12.624108266970502
16.739588399594158
12.121183005999873
16.263795437140203
20.310125042780964
17.051111734795025
17.49476055455949
16.138452307387695
27.762585317634457
16.098038816669664
13.44151410545219
16.574000764039738
9.758262703772658
11.800993229425485
19.836844286999966
21.98452188870285
16.6251691220242
17.051324419187463
15.4571993751981
10.6972679697276
11.975390549272786
22.12975968497823
21.77202023234343
15.524420695583407
11.31952785855143
18.97695415919056
17.32676791115078
17.803996606239174
15.030573574339082
18.512358247448756
12.083826664373989
14.908194034160333
15.166409272734182
20.339821422684096
7.90211872975259
11.229069878147731
20.9497534760713
19.34854670134528
13.191452758896943
19.70408899176597
13.832933043317846
19.003721165450184
14.169294897424331
18.701440251485604
18.959177850508855
13.52406933625401
17.113982531391503
15.669620598886135
11.322990371660945
21.314782984905747
11.002329867680334
12.809311187270906
18.72399833401171
13.82984153182488
23.132012444469563
17.2979598206916
17.296408868522562
19.387527744865665
19.227406567127467
18.640130016573057
9.354058827612715
18.253873926440832
20.30874804590164
14.385545129621672
14.15728159214226
16.946472610272583
11.80659081303991
18.562484303150004
15.400320229581837
13.540441708078333
9.726785176571088
24.43615340261351
16.918049282081316
10.5199348552789
16.585886114104316
15.236962496093073
15.420500773512616
16.90881256384312
12.947244793925346
24.25436113974139
15.227132574669177
11.335269716524923
15.811670621727703
17.17091239986379
25.70857812230411
16.487135641992428
19.348709129089404
16.64000539535302
15.562764107256797
16.2367318335102
19.23575088415354
16.492501834352456
16.631430937400843
14.25610350833028
14.59837941688828
11.511368746984264
18.23501677753067
10.909717350527574
17.51805276064924
15.539833756099314
15.864553263165273
15.275437669394687
16.016203451386847
16.876000830275405
18.264684702627275
14.144397401420594
14.340416757121346
13.586374988625268
14.260044225994994
12.910962532535875
13.172500622014658
13.954584409365637
14.696444764941797
9.446058195751275
12.4802312227454
16.793243105481267
16.9880492501156
17.066019900509932
13.899369388299673
17.901647378015802
16.13450026942886
15.20750518490743
17.931302961761002
15.746091706477655
15.681786503659001
10.946982511816012
10.483653668080212
14.917927884596224
21.12098734959222
15.020268552342944
11.205529074823396
13.385941869283746
9.714641369004452
19.606243228842466
15.838922233357627
15.242392969600752
11.96660173776833
13.958672338075825
15.770021624663958
10.576616506324036
17.898022186587216
14.47243343819476
17.459432265320586
19.416150035646933
16.156016462890875
13.739346009503691
9.736368277153835
12.321174493154267
13.62866912708942
11.78090371999481
19.79043290672977
13.201974125550883
11.415456671043122
13.0758622348534
18.19192356860922
18.505247227480858
15.880072767816111
15.412065795598446
20.11052417917649
17.820521641172796
18.449896946642713
14.99987605049046
14.259030983302301
16.582476383006995
17.475799899651626
20.8263569293751
14.327714247251624
12.31600337313609
18.688634274858885
15.548368601705329
8.811341387957734
18.671913887927044
16.489728002164846
13.168653066803957
13.178353767148208
14.975252914046699
15.57659686474441
17.28889850812577
28.738672517080605
21.19043314694067
14.153261334586084
12.675764520398685
20.729280574578382
13.485190054130861
12.298455225082401
14.151066146136484
19.763506169606103
12.84623015472904
23.037571189554903
15.499329577505044
15.668113234903473
15.920710655331918
27.615908677593414
12.604344433267528
13.725381931611452
15.93966805599705
19.99928442247221
17.24927085697103
12.79433513022821
13.389524495209255
14.153488115817298
12.600062506010385
16.694293807880257
15.913198415454966
15.5584316845612
21.520526242295873
18.589037377565607
19.247933756025688
9.295772752217987
14.853782497267007
16.149729155018438
15.196936775162131
14.115575157313383
21.379648064577378
18.301972203456927
14.127178014133277
11.540233124826075
15.6133305140267
11.69557104307576
25.203680372787897
16.339119678444526
16.56986392941574
12.23093627046782
14.217559438918626
20.01326744758921
18.81547727205896
17.94343613300582
18.739349525156772
20.844354425246408
20.951835457132454
9.362458429786932
20.63485723054829
20.467938113108882
14.307504802799375
12.385172093793189
19.361996098467046
16.652039857177694
25.584357312169324
16.22074869450745
19.595352804185953
15.945980368353203
15.42511932912077
18.515054116551568
16.644418639763252
14.571086366024803
13.317924694359332
19.864455647894953
19.48501293964743
19.019395221692797
21.185221157197713
15.181021642398415
17.502644215187413
16.380058176033184
25.87891752887147
11.662191699697066
15.434114041558994
20.64570994634531
8.229028068680961
15.893846840263965
20.597454356260307
17.403102371411528
26.26951641303736
17.168518727990023
11.38305844905571
15.972449153651306
15.106939108673032
14.182221440301705
16.645221115596932
16.151126711523954
11.3989948919881
20.708134230979983
14.379932711320853
14.839419508275453
10.907635726280796
11.53485688731725
17.697145410737757
11.834941749635206
20.51737706452493
16.56011126708105
14.032964601807866
16.50985600898975
14.117609453949909
19.660804062079134
14.782294894461542
9.048035345203157
13.579878811822473
12.610096473738267
12.546196277499632
12.12445266076264
11.67638916877461
11.376349101807255
17.24059967395858
10.379305050493542
20.678328542820946
17.552108476189908
12.5849715547664
11.405068615797793
17.9310066025323
21.845646901769097
20.904560839865667
9.571392195421792
12.476231457039665
11.293141020876869
17.14954962242529
18.74823814994713
11.820188867697476
18.24864800948652
24.610147746173688
22.4381897200879
18.134412261770116
21.850399200892596
8.28555992143237
15.221243811529595
13.557952160943037
16.54464274884887
19.10804072232728
19.829011092518556
20.72193076449317
16.376309992122202
16.316136802669828
18.027557229739628
15.73025246826992
22.93914498459068
13.355646221504147
13.422230597959455
14.340681009424513
14.108567115152654
17.050349154725524
13.570926428481975
21.946610489542795
14.381508855949384
15.852605423735309
18.312604794527484
13.79441308126065
25.56839695126561
12.524831803978753
13.753333615098514
17.81845277427669
17.218761597272774
21.970277062367863
14.113605984638628
16.31994168528206
17.16170903064211
16.696177989795313
9.701747501287375
20.70179385818303
10.67196880125745
23.174798954858453
13.631724216484994
18.10736112916917
16.01630029415072
12.771783344258639
11.30648969322602
17.995147656389484
14.136163670457572
17.524792781133016
20.011793303963945
12.260638139287709
20.06639066223468
18.30204958168257
24.076752080975293
12.806987018976725
19.26801799050176
20.303976843971096
11.360347796382456
13.851055918943889
14.033510567514096
9.806227230542577
15.15101101023413
16.282793848467133
12.426540155956916
16.845029039427388
18.954878692191436
11.256944695186254
25.396149581291493
17.901521527632774
15.033671739503335
18.12617251400531
18.680680185866937
13.620133840729437
13.842644996903767
20.342447388156703
17.00047831717629
14.207169433207016
12.249758244147078
14.131312661779177
21.57105277750355
11.06582349937339
22.630303593952235
36.329727154421185
16.066081495025173
10.834998875720505
15.66134274013113
17.688688136408345
23.825868233665233
13.687607244082253
16.005875262791548
11.468123151132989
14.639153723969823
14.714473768428068
12.417135935042392
13.359452425774327
16.627205365944448
15.410901641677574
14.134987359295733
15.664251135317672
14.958775801731376
16.70111431138351
17.87294803941729
11.419713524598121
19.82640166080641
11.687843309687898
10.818707258144364
16.877439027621165
11.208933734969612
10.393031020399187
20.5480861457037
13.85644395951688
17.31956224765207
19.44211838929038
12.601280724008369
18.839804259309663
12.101581423301525
13.291067748554372
16.80526261595733
20.046673139786375
22.45266352912292
15.977511753608583
11.718979026500396
20.52451717213571
22.1590093386171
20.29477550959315
15.34195386454229
12.32004315812429
14.571957720471934
12.754325076248382
12.806460378117517
21.605066287679957
14.492381682013042
16.043659099177788
14.772260966616166
16.70013371987832
10.130562875373714
20.31463929073764
15.86562508972182
10.634583129089037
12.881826399993617
20.200796168356113
13.192544164053906
15.777318769661363
18.556742199111877
13.602072340965185
20.241078758411778
11.570552756688162
15.761941593008618
11.67550780414656
16.223818009054973
19.984331728955198
19.204936937873203
22.492377621469135
8.430172882016594
18.053179501874663
15.858687396377183
14.438507447760196
20.74393036568143
22.399918520446956
10.697869785013529
20.772866846047354
17.342955699554352
19.014997970223206
12.227436822569482
23.12654824281782
12.140632683833434
17.47830435957562
11.878116499379649
17.299104064543627
16.61518558680724
13.223614479287354
15.419405771759994
14.753419947754068
17.204299428767094
19.918625468753245
18.24794149429759
14.769724725461797
21.45454784734566
23.621616687884934
16.647556838804594
15.401809514099687
22.686358167932255
14.343987227414711
18.36217109259406
20.785994391192663
18.301799948055773
17.78725725496548
23.67436165636918
15.005534496355184
14.9094819620287
19.67826243634696
13.146310639945726
13.220903797411534
20.19362328392737
23.527526430792484
18.67581197597057
14.883478020373312
16.48046355069363
20.032471771466913
14.838481501340283
17.119114700578955
12.993817885962653
16.856483480803114
15.518968423347049
11.186651020433075
7.8966700799843315
23.190741406329394
16.080368757280915
18.004768243033723
17.130557505967133
15.463434880716267
17.193457679597685
14.563925726017624
11.899274456751332
15.801550298128289
15.78215640080008
11.301247771074427
21.998143467531225
12.037336940744508
15.655481802318445
18.393083051625812
12.861791889024005
16.20968838553094
11.064865236470013
17.58547020904795
11.666974972468793
15.787307960616372
19.700742560113287
14.264335373333173
14.264740304584489
10.864061079423019
15.146468877838295
16.25744617717794
14.580758517198406
11.267234379504961
13.66078586625953
17.819838526880787
26.20554109179035
11.460174892598832
18.752284278946718
13.559474681609002
10.614252983310928
20.538613114541654
18.319238723250812
15.84600226928309
12.553698788406479
29.57532678427679
19.577687129336038
11.576832788090538
10.354332428389288
11.591887934169431
12.720536849311362
15.935263768452245
12.767703220798305
16.173022524112195
12.124058043874546
9.451676685664264
11.898264528305633
12.941715146654541
14.528205857716639
11.148083576153633
19.063243020397913
21.571857015013915
12.19838041136275
16.64437850533452
13.64590600566618
16.040830104280378
21.673643405849703
10.528551590120546
14.348996021369883
13.396859464538968
15.865705163318431
17.3686523161346
17.45446480501177
12.02414753833743
16.72805631566909
8.516840342079348
13.610484070843052
9.145283120049786
10.57203110817722
12.867475776144898
7.965016801125661
22.32513213824793
13.41482681312657
16.960999297749982
17.957843238888263
15.066578639972303
11.792032218791528
11.998596018391169
14.157298928355209
19.67218799275177
15.607362162403932
11.684113056263344
18.86769147678612
21.17665533155137
18.994528651352834
14.794289115945986
15.770578773867374
23.50504571916961
18.028460577568204
14.323909595809434
20.115885475899677
17.647859507206455
15.314680590550667
18.4161918049674
16.444307347199764
15.078417824100226
14.696693006769365
28.676309997682576
19.47705475578244
13.230237996834637
10.331902107353152
16.09563652419946
14.339219419790991
18.62990807759385
20.627679085282345
12.068699360233651
21.828043487515092
22.873114713099348
8.976580825101275
15.399772136833356
18.088076547376048
20.39265431135183
12.455497413280685
17.573777536919955
19.826490014883497
16.77010667418729
20.303272186444843
16.34239899685585
16.37590933712955
15.372414119855382
18.314902203561623
19.44232931894703
9.276779474394866
19.292126119342644
16.69711928191274
20.59772773855568
11.550001840111298
16.107082248842485
13.723976107413351
16.430326498007574
27.81666108332832
14.619263851375313
19.880936294266686
24.863358820193206
17.99571860384911
12.73127371525688
15.919242771677556
9.731021147901107
15.943761494643919
12.087742526222614
13.742800726790739
8.98458603558682
9.9790157657414
23.05377168890329
18.92498281475544
23.386057980236497
11.651281829444024
17.739630124076555
22.241913434518292
15.752970976154257
14.582774183664037
15.758412988537525
13.379450496251625
13.966880253627046
26.842502793070995
21.184596001747526
13.694806802121809
20.36996642005306
22.99954872016416
13.833015169909954
17.496483138928397
23.393466614614944
11.171189163642545
13.120784462968047
16.896029133916983
19.04440268591932
12.212461548333007
21.676976166728075
19.34537296504709
26.573206372506032
24.148494861626794
17.35972737895218
16.23867674230947
16.689293517122774
10.897706384150736
12.813304710273037
17.810042451379154
19.311762401013084
21.79042986508052
16.499960102844305
15.73491593741817
12.23180992862963
11.187777344701718
10.775528613653202
19.513629958678568
19.328709725547853
18.18126899308707
15.212829718301846
17.688383321524785
16.20088447389705
18.207691630981728
18.544334830887394
12.366990695816607
12.088214459614074
18.81054762489868
19.227448077895865
18.060928324770035
12.27018038866557
13.889711936623113
18.552514051952723
17.767752560397238
10.597761333271247
17.827994870303094
10.595702981631797
10.513044981389973
17.934705160912216
14.647801932666669
21.077539552949247
14.372382976168502
14.711014226857866
12.441463322588922
14.693725580072957
21.453446299802945
15.519701483148602
10.910169948705454
14.338786475228172
21.84998836813544
18.248364654743426
12.771803857591962
23.90041958095236
10.381799057563704
16.868502057604708
11.204730916131775
15.291125845874198
14.874031152423026
16.283844742593658
9.464561049002786
15.820577908629446
10.948978451342278
13.62929112975115
19.40837006752336
20.40713617365447
16.78750806789582
13.922910624612832
14.762579040878016
17.922957634292658
18.02013995813698
20.59519788603918
11.960295537194183
10.295118218947836
14.792135087630207
25.13410403789563
14.220108772018976
12.743316704996795
19.15757833935245
19.67733044505805
24.045077635615737
15.332649779151215
12.884597111079676
14.953962663682235
17.594565967060085
16.5249766996208
15.135106903551652
21.94995646818494
8.520754195342235
12.506383661434809
13.843641411276126
20.154552026322037
21.73876672709462
15.137370572597565
13.876592690817846
10.11859811263363
17.578836046193043
14.680166459208538
15.261185994936923
15.044216979447707
14.894963446748779
13.795637480671697
10.70994798848344
25.588691641368445
10.258911339038299
15.142847649281396
13.684072137432205
13.907614599388218
11.330443212838901
13.646919304854723
12.00920646106206
15.186558954459347
16.81203494569537
22.773668179541115
21.21687240207195
11.52829381235304
10.959543509677397
17.906327394855683
14.145570527444667
9.064462295181919
9.88570116472092
17.69888413702085
14.818129858733839
18.852925108833045
20.78391843409282
18.238352062534975
16.08417170709679
16.781393498115634
19.900013758351054
19.662491553348822
20.851359899577478
15.878018931195573
11.418752486387342
11.283326212999587
14.749004983020479
11.49021099666619
15.600551319780493
17.69818187404859
14.616876800147157
17.01185345199535
17.48845375475191
14.260001609852957
19.204450358790552
16.414309312690524
18.024453141624516
21.527248973106435
12.484675671120483
14.82196480710473
23.951567529793653
13.87130560951694
11.843458854383451
10.975231063156105
19.488631961439733
19.440738029988253
14.41378552803157
12.23629115813692
13.312411348375061
11.560496408263948
12.64838307469271
16.06066580488713
23.272539589748263
13.153554233138076
10.933076573818385
12.266641911737214
20.962315209637385
8.655471689509424
14.212447752504206
19.93534332412339
14.17461108704752
22.25507868911352
16.03731796695318
18.410808511490202
17.684293166954475
12.021675508987308
19.880938312721575
16.924722583361415
9.443399947529619
14.441549439261752
13.152985543720053
17.259213520542513
12.245978996793976
17.480235864402527
17.65406149715249
22.36693306078369
12.5488000274549
27.934826487407076
15.918155290952264
8.450057219327595
19.601747935100814
20.062495017408807
13.38990943319221
9.798124850569812
10.26088051735283
11.277209607177365
15.546905255197508
16.36544311204216
9.67154961665478
14.943206795994197
23.98862583362055
22.07589527865275
15.49140628814091
12.680020156913837
11.747326332341324
10.663170200111756
12.123338946105516
23.526739556594084
15.750664291391569
14.78620422369569
14.456312778944246
9.54337301120438
16.107728511622867
17.891904184632544
14.277107332935485
21.209045549202816
18.649975896106486
12.264995207905176
21.427382748734843
22.013850581121602
19.605061777245826
19.27211776132708
18.797799816538017
14.671593425609977
14.359274052862359
23.84427483476902
21.683796376004537
9.695321530072203
19.869670525254875
18.19499674808113
18.972167579363557
12.321956778457517
18.797165143955077
13.593606190431462
15.46832879821968
13.69161348823239
26.885444139813398
13.368613979247487
10.806293271522728
18.383311258668684
14.538025696381624
25.181079953412716
11.378609957134223
28.286836057508243
14.251168314840367
15.626349337848053
11.845860969948998
13.589087465319722
11.723267704025819
11.572077880512714
17.660278542170644
9.046082360717017
11.947744063210267
13.30501051832839
16.965212064283406
11.288374250949825
11.354023567095558
18.824866325998535
17.02754258429433
21.520756242253803
16.887040054410654
18.337800806144536
15.089444555063421
13.032383578612784
14.275511789759083
16.115415970882747
15.82900698075697
12.763724254099385
17.65595136931957
20.9373129075358
11.234597551797396
13.484036512171857
25.319246589644333
15.481477192562739
11.4949948902486
12.821939380158536
13.537167558041723
16.65743835055726
17.869536602410797
16.04027980706861
11.194171873785264
18.355538267586326
20.341889765692926
13.995427293490014
19.621666838160785
17.948501546268012
13.228247573018614
10.759268777084305
18.70049913415449
12.737370718265087
21.012783945853545
11.515801729595054
10.659436785520091
19.051820984496775
15.9032943143151
17.53186388749582
15.211123758613699
15.77220992978231
10.746358048027629
18.206870843398228
18.281449635682616
10.774702561947425
15.851760001186646
15.37883385822042
21.578054855385627
21.919100152026683
21.886993040661757
10.270062256483257
11.393140953676145
17.330032973361988
12.976237937936089
18.736622312019843
15.52310222729876
16.672081036857282
13.450386383013829
19.924882220686275
23.46878717569685
14.31449292472948
30.877959845561044
10.316412091909207
16.328488173602253
12.22057064624931
9.296414828595008
11.188916095950395
13.791596797896302
14.34267837436428
16.55696351659851
22.54271620582795
17.37020546575571
20.046585973535404
16.28941617631111
20.68902972782854
10.241198022974402
21.204529261632825
13.513733690402912
19.69871855736393
16.67919618570449
18.64910161445818
12.293696551020181
23.89905991299464
20.644297543099828
15.759915319508808
18.77927777445488
18.610913440411007
17.627948862703942
10.090493942605573
25.53470766755874
17.733150087347386
9.462310413434405
12.20045223259748
19.640867720930842
17.668859284028272
17.871653606540946
21.07858232964741
21.79444678175699
17.465888886535588
23.667107084170073
20.2188749719956
19.79072777725361
20.849940952623633
12.654254127105723
13.936718515461493
13.406021337583073
17.190709411614144
16.97499795086826
15.529373696681029
16.900972461070765
10.301003071922759
12.141298663949375
15.429052250635241
16.8168270582122
22.077368394408396
18.561788757651712
17.970563445834962
12.753986292143074
10.679934559357465
16.961992518093798
13.500214873314306
15.293444152253366
15.827929048339312
12.72768359729069
17.06219859594759
12.218833874917994
11.146061265221432
15.999596357184906
19.418999518798408
23.24702715644528
15.093237847689503
22.14543434571962
16.03193178142641
14.741223516933747
16.710981401797532
13.310478484017102
17.188295119799275
13.248015133673698
24.719738748321802
17.85461838116926
12.241048230313282
12.45982570585438
11.313695886591207
23.288798722775805
15.223962033704769
16.147171847499518
16.937896814660228
13.35406024716275
11.671458172919461
24.424798623033364
12.277089003935806
13.868229776233859
14.637202740051865
20.171519743834455
19.12197834777168
16.01510035568272
22.011715098757524
10.176541399484202
11.35063376392156
17.794098229006426
15.094056365306999
15.362967939148046
17.253666684941066
15.326530444269745
9.918207052900113
20.266615566625916
22.26493630877843
12.871801571529708
16.668991068467186
15.78742136140894
15.74345820126554
16.821179340616276
11.757449425555926
17.06855622114779
23.46030591924353
12.805535367835303
17.797335749791625
11.975219188867252
19.356390480898195
11.689682462983383
16.912235804401153
13.454677257546338
10.189348948672242
11.360932193955488
15.091190803624047
18.6247579312427
16.601909059102915
10.149259832295146
9.446143995793676
17.761283037159608
20.01556318556448
14.690999997708238
6.219973207952542
15.82281297109153
15.288438635210595
16.4449786197175
20.3890666066113
15.374236780550895
25.464889030007626
22.89897958965335
25.60362735386618
9.3641570098985
24.901674438740383
13.568236230106665
16.461975882372332
13.929981066962569
16.937036546371136
14.435970190345204
23.5208826314313
13.417079577731897
18.286451458022178
13.363996736722857
16.335237052230354
21.11077725015445
12.759809781979763
15.520067637893847
10.674322158416595
11.08243984164898
12.044635029241002
16.009378244426873
16.357253153509042
14.213388352023204
11.010393179601236
19.229734716919893
16.662696834812564
11.756957259701345
17.75842565409066
13.699195989740383
21.23451917085714
21.1296617747886
11.398106203593155
14.619924993509118
14.351088128187373
15.178770594827698
20.590898934319775
17.23595522951284
24.08202186234498
19.227479825605513
11.623570927804062
14.42526988750259
20.740481376498053
26.09869798712151
17.306201014791487
16.855614732948826
14.939788941854893
20.25116031957719
10.660653403762142
13.72691285140976
16.6705566626297
19.515436107479466
17.381764912262852
10.94170806851376
24.067547597362392
17.87265886196181
13.040292676585914
15.79919577091992
12.992641358938762
11.988827429212702
18.75371554544651
13.162181402157552
15.197667671191672
26.774972109731323
20.964531628012473
18.413940845846426
11.13084286048321
16.11192200800207
13.880252227798174
14.498294677690865
12.795781284878633
15.533212965128845
9.970807884564712
16.37047684761076
16.11930554689337
12.666978134299658
17.874606189524624
15.618312626020133
11.866173930846564
14.381858861989146
16.07499110557913
24.493811895372552
12.825407317196792
16.42228778626564
12.435677764906238
19.479130626240533
13.878178338989214
13.170667441560683
12.558039905270507
12.97042708883333
17.71187501021082
21.083789358766605
17.42853580779512
16.756166510020417
23.927382629937785
18.33973433453398
23.75506554089462
9.560881461095235
15.438109858676683
11.765345491074028
26.211399626960336
10.636554196390792
9.607637669214617
19.505032747750274
14.809853196401953
14.276471814320098
13.163565439798964
13.557545634040109
17.860101231760126
16.384909765716944
12.356818068355393
14.24569443207698
13.987693332814647
12.277949216111846
25.596110505586893
14.036015723984265
23.655776838963284
20.19399923890536
18.483292343519512
13.987287531775172
18.618923527840163
11.8661069162786
14.587217850800672
22.745193547612786
17.19899123989964
20.464544053530144
12.702707571240634
22.415960065296485
17.959706334017493
17.790689689746493
9.795498547334311
16.108310703213263
19.720795013708443
18.32275729593789
12.811271843795712
19.755538174963153
13.421132489361037
12.63392460754795
16.096563592996148
18.16909801052013
15.822344262222888
15.134358144365889
10.779604642830867
22.903247673571414
9.913721341518473
18.384027388936943
17.047152406101997
13.9661994384821
12.446777688752322
14.992690972358178
18.141879231699985
15.358208601975482
17.75501365633501
8.060270503601476
16.952480605815754
15.579406595330154
15.034280927446563
15.360631671519737
15.547091321698453
15.442986205217766
14.258039952908039
21.107370155665773
22.64048513327208
16.893263405929787
20.6451324039445
10.812099370505987
11.685777478382535
21.391479392565945
19.837316162591534
13.565819969287135
16.975793618871336
12.056440438909883
15.131961327626595
13.128073681963
18.28283221781551
13.084315994667525
19.200820931531787
12.452781606804965
15.783312371278665
16.7970916535118
19.257034770233965
16.989917972668078
15.021571207504492
11.574315020423583
14.385849716806073
16.933921116558864
11.610181551541302
14.5732758779574
20.252791470273728
18.259520906616935
24.133299767788444
20.8105340274997
11.79714992829938
18.12347195350002
17.35918143988667
20.325449944893727
15.698010661298758
12.650388925428881
9.870782976914718
13.266172859535633
15.867624098764763
10.080905159994007
18.161542691581804
15.37994319018835
21.707822193396638
20.38834761273408
16.273814208882122
14.343525758511591
11.633317717665228
15.279653110648079
17.216797327963857
12.145320179496325
16.120854584411305
8.587203082079839
13.27082448328982
18.221652057830802
27.12786872150807
20.99040915006107
10.504095388518184
16.12258356413385
15.726649830110928
18.73907360256094
10.51010810717746
17.788466021615726
17.73729336163034
11.715769428801455
14.55269906334432
16.956825556168113
16.120287646034935
21.42868138253632
20.4581691563609
16.208748298330438
17.415879406501677
15.490613189481955
19.474728454271776
12.14015730317463
18.88519476299065
15.086974278068489
13.495166236555958
23.356343717256802
14.67183856634701
25.746245666927013
13.66709212355574
14.239675692171499
11.92183457664672
12.758947318320132
12.804846191348277
16.321781481193643
18.178761597316615
27.829731744467562
12.443571704011813
13.853293068521017
12.757752351870932
11.137474505137266
10.529366181749156
15.493942256036263
13.470817578582924
8.725159877727599
21.54093939898808
20.539800711784558
12.125241352389095
10.935660930167506
20.72009085658087
19.79804968498932
13.382318897648526
16.969272943966164
12.957517151868547
14.315139220546522
19.066194227648204
13.761760709827039
22.285534581793392
12.36094663720638
9.325778140537466
16.685984721270312
14.395626271010203
20.31809737928438
17.01096015012718
