595512.324736675
547332.7985377406
503821.88521796616
458286.4803484135
419900.80983014824
388744.98933598265
354632.86714508786
321238.24179168866
298300.53460266313
269041.7283867148
244566.38093354172
222629.10897201236
202495.78135737564
183937.57873882324
166630.54273950818
151159.21175309448
136335.6302717593
122826.12545129628
110098.26632367625
100694.77551337583
90462.78314524282
79838.95052918719
71856.8952519213
62739.743345011244
55610.393094998064
50996.210630299414
44056.461465588145
38602.88405459342
33482.10705440806
29108.50971597843
25098.29913596719
21981.135539817926
18328.52737702706
15515.098778658761
14112.106394004997
10927.802560870612
9575.647488573719
7540.124582634415
6183.103569465784
5051.393270280336
4119.222353785055
3284.708011848037
2373.7653814454293
1782.5893213352251
1192.965496886463
991.0442831566437
682.4688070402929
544.8282664860435
256.9167724119984
154.6389414650999
63.10568137418757
26.834410938682257
81.37745401843092
40.49820480696905
56.68302535347796
116.0538833484845
133.7780712767745
172.774668376657
230.64209972193447
279.114166339655
307.3549082098946
314.85126128066116
392.21665693875013
397.70062044694515
446.7107131738233
452.1911016502126
391.5448274422017
415.1629501790809
439.31079213258056
438.11770316078037
376.1635186249594
299.9472652185225
341.90366489640036
404.68771675460096
386.26630484927574
335.0638904429984
296.0569314128584
271.38919931483787
237.1476947146263
225.54950745372912
179.76039803472582
185.44124550727668
165.7446578658453
144.99578092004995
132.4846576256109
132.46009229065436
104.62096262607339
93.9200070690074
73.42009412446303
81.4305552449049
110.21971393548344
79.26274710340905
74.86439027969722
80.15418450339567
54.797308515397894
69.05198418166783
44.75098883834139
46.72753000383768
45.89370072310652
21.36822092314218
65.79367484748268
50.08478886775015
41.28760244154595
28.566411037456866
50.64109379363787
19.036347898503895
32.26950326338399
46.43092165172145
61.60042079728758
29.8075148399144
45.07941702473373
49.85476108223782
45.07526691912761
47.53851515186638
51.16273527435218
46.323700194623015
47.59972367225917
50.893864252459906
63.23283743978701
19.075939791311697
53.49010492210019
20.238713169197656
39.758895893366955
44.5579472990148
53.629875080587695
12.630224825243467
49.82689278776902
98.56624407851736
55.13218558651971
37.34840985707608
73.80125881346315
28.053429591782276
21.289740389347596
103.30259998738873
56.42186778047551
62.504570644382696
24.6411999041877
35.35521635551648
26.938574757494354
39.38306211733715
53.87315193747503
62.33895908071888
75.96592312865728
23.83331057619867
53.54804404632411
71.96927364559161
118.87136805007408
38.257448710578664
42.63971870292231
66.47312689460094
48.229345351769155
68.17275530212548
63.40950395855267
15.845501606450402
47.8131769560026
45.51209355636253
71.41928911480986
24.505075387542902
40.21051635742603
39.87751585042325
29.275691941903276
34.478013402468555
99.52683568668867
39.93720382815486
55.95117179251062
22.135166072635915
58.10900279338319
57.256663983882525
54.889888742057536
46.89711481968803
34.49024996538793
39.67379850803314
49.319017500163866
60.25899459529441
90.11543860960003
21.193793368133477
62.249148750944826
46.79761017901873
74.01645767506984
48.40517919162424
45.7208560204713
54.57296911862228
16.633940612033875
39.18461458510157
47.93848724701805
64.14165230719952
21.953943328395543
40.28997380840051
32.410753070183794
46.129539380385765
79.75415212785332
35.416566177234934
65.69434506370855
49.2365043975394
48.67059989314909
68.37005955477211
22.9835464458176
74.27788947691072
84.12484402637705
25.32477826990475
35.90177303445092
50.91284373980932
33.920742680297025
28.48437711200877
38.833428280742154
20.081446702703424
70.26759759563798
61.319333358944206
75.77660023984404
39.625154564984065
35.01208782502331
88.54885085172586
38.70283007087137
35.44679716133756
94.35381504624019
57.779282831490505
29.90090744124848
27.925738501366226
18.618639416726303
35.11826477640357
30.65680032281727
61.022245497859
47.52728879714495
37.27375469737724
54.3595309504132
84.92337587394225
115.71182782772216
28.491295765317
61.22291502031118
53.400823568039144
92.4244578381476
51.90000128537364
115.35113216760963
37.02868211745295
47.76434844172568
22.23171892519129
38.28849835795735
23.388816659508
30.1456877943436
65.79341905387949
20.096347480256405
25.716171910130285
48.33207120474854
35.507405480094604
31.019524220863232
47.653762417909945
18.631367012663908
37.61553620581548
59.58492510956815
21.332825851558347
71.8902517754405
77.63154610180892
42.473673732803064
46.970636680349145
46.40851285500761
27.87958547230458
23.814993315540146
19.620472967697406
23.1314454542359
22.849597127268762
17.40283500749505
76.19649957345531
34.391678487868404
35.512054740426244
54.325029598351136
18.50976793355363
36.187054143810606
55.06977035266244
119.4218301027445
40.178322066640305
67.93475988682484
72.28006229470786
36.849149385558924
30.824406008737036
69.81927082838043
39.310846565355625
15.795711808415438
23.73364516063756
65.68582588706448
33.044948876841616
42.338821847993
24.92829280902521
21.149683213389963
44.92719070079939
80.04004728167146
37.616109900629034
27.903176443115296
60.113131244580906
79.06206017044681
76.69141388215728
32.72828252641137
26.710308705329837
53.53187465892805
28.178894745272174
43.53406439916824
21.51827084716404
43.25653645744148
26.616836193432064
47.74420724896072
58.96571805586473
45.931753794456185
32.28971172856201
103.170818312737
64.90426956100741
46.748933602280836
43.229006871412004
43.77077964523476
36.957637692806
43.98410012296514
51.667978903333335
23.12054453506188
15.890371929788568
50.052692938890154
33.93585239980303
59.279106319511776
46.44245329680477
52.197465234401974
65.96358493641019
27.299914245889866
46.62031764138298
68.73973645768068
36.89273681163891
62.2273027843242
35.212506363993114
68.65051034709894
59.56053071822234
53.16269925444834
70.70963582670767
41.78136667589631
61.41756522676253
36.954110965252404
41.820032947322176
53.003300649105064
38.29620925958932
76.02717539958232
23.79220545732921
38.00379060372479
16.504018886593467
39.34256623497105
36.677474822608794
32.4063275363337
36.96443316437489
61.67162595411577
93.30561904674778
20.793340430939665
29.865027110882934
34.63913781747128
57.30029048988482
44.0841983235109
19.64536786498566
75.16809410419985
39.1175619488278
65.6774214767553
19.13542292018536
62.18293188094257
72.32860052583494
90.55459379795764
72.65641325056193
26.6838599887559
33.09334356238771
54.03675640053629
40.60223358097142
21.391761754589346
38.054101172866964
22.47067621915134
27.671983772185545
68.33985371263522
66.78686291852352
34.92858937359868
29.987742687479212
12.972390425823196
79.96642532798384
66.3083330682735
54.18188726002241
46.62330004777816
42.954950205847894
91.3034387977519
37.03407696384591
22.926592473142417
80.69384790777805
24.950589376240508
54.92001202028509
42.13326890234201
54.17052756084777
48.98806193673497
47.687068204958685
63.67425530715632
79.48447882585381
29.931624216712443
18.34893567960973
52.60617860165898
23.438323221644257
40.59332341196508
21.43840354430576
50.32825937582596
63.34713410212714
37.05437953119819
40.74681793788941
76.37748807458973
95.00440298414667
47.7936491746814
52.41276651839715
59.031436552232975
42.71640043891574
33.43880140133975
53.933688449326866
84.60371963945899
37.48249634306903
48.60542286985496
58.80228948444722
32.53800639921212
93.06802945101727
131.8444159687729
30.70330383194888
20.070944638921812
29.827677373285187
46.2930457058958
38.04091293838298
74.84709517457657
49.50345832603125
59.38780442802444
39.46517172118021
52.68003304816795
17.506381245826972
66.09116515019163
71.95017042030109
28.399169281841324
16.254246370370268
18.728922317294963
72.87840327401763
36.97694289427149
58.91126514263194
23.010806573727493
10.141505113017917
64.5398548879686
39.401141477115736
47.74509616097966
24.744976307797202
46.85669591971188
23.8599920563085
36.078850026014926
26.203239629536256
46.89017148115407
28.57311416863145
46.348928362019926
23.533358644181483
21.417085181210275
77.55393513024566
36.701173082640935
44.31444470254655
29.340052484881163
25.33250523508273
40.72875067112352
79.74082199810341
32.827225521109405
51.677190260920526
19.65151228514609
20.806779215420647
59.64135754824191
95.83995855774465
62.43557505914394
36.22225093826253
24.812431563495817
38.83280861490909
20.344891975559452
45.76602733558752
14.449971251314707
31.428700205087523
39.6874838573432
43.301074004918796
83.57833780275402
49.714080526033456
52.72745525635705
48.36813368927993
28.81372458607543
25.418054906205356
61.99820967365898
67.86818716749247
75.2250546717666
67.80512030791579
77.75046793262439
65.65307096716862
32.590623107356905
46.459690929988604
38.084031424910805
49.75981549362597
38.002271307260884
26.202158321545436
56.818038873343944
20.250048818587153
44.61609345700686
64.9255388265709
95.79539500304772
40.787097328927636
34.96838241144162
53.37656944639894
52.26367465054388
37.814035674955875
62.96501970326257
56.48415586637559
41.52435161324128
25.420636504024557
71.45652404090322
27.21945536949601
33.54113331328302
33.233895650505744
60.328179171559185
39.72494003685173
43.492131743748565
93.73339603761495
53.36587000736479
69.05006620802725
34.00729305194278
32.507821117137865
53.08248165035753
27.820878685547136
53.47645805942444
60.26340064600549
39.53341458642194
27.63694429565283
81.22161622052772
30.064257027066144
39.25195917678003
93.49623527969612
18.231394454533913
30.08528911165909
51.077723137949285
48.5797233696213
52.31255386818658
26.660016034611672
41.503601487823715
47.328572149287005
79.9540505681747
79.6524214174248
21.699008412757557
68.72509971890914
60.62312602200996
51.378842828612804
57.376368361523525
38.12604989988379
67.10204958998001
57.61865809893651
41.52977784042699
45.76961450183436
27.65354212035014
19.74749723086975
22.96596125719991
31.542045639587137
39.882761159923206
32.85360221916483
25.34236942641423
33.83707676838815
39.99318976393766
32.81333543488481
61.796913311416
88.9265516025749
59.83628837137987
49.25865356090983
37.73439718382798
20.75066656967501
59.88650323244449
31.748915953337864
16.93872119443724
43.055752003356204
49.49563068658673
69.58156358174956
39.46698852670273
49.6591639241381
61.982583967710404
25.459878675778214
36.6053504695378
45.428170569509014
42.946153065502884
56.60609827915424
46.50236040321917
42.337908227306805
54.01863488782925
38.972465950315126
47.19440920074412
56.36948397119266
46.758167864228746
122.26876838048224
54.67450479806977
47.14192381845539
55.83072347689559
55.13516950143671
27.776446827492162
37.75002728719786
45.18149527161011
30.096988842028388
27.750750721554695
22.12064786002314
37.39034429397151
55.78064145306375
42.26984420639634
21.6638550601121
27.435460919253597
32.52934991831566
73.87347235111075
40.96432425777179
43.94881801541034
58.898644720731866
65.61862342972623
15.942393000482172
44.286869043601214
40.15388161842889
43.42365645043587
62.26092611471993
76.34699783025445
42.63170319063321
34.9210111944118
32.12125509357777
34.963202393606224
75.54815833234446
33.430719670715504
29.506426093575662
44.266805316763374
86.07435601333732
37.08364126454245
35.736610932906096
23.58434219367598
47.103639096733204
72.97093908239795
30.233701471670017
55.41762480008829
49.99391021414512
30.412567032474087
44.494023210377335
58.31497908955693
72.30318250216247
66.1417754574486
14.808398593109832
27.40913436196796
51.564625855039004
66.52081318020976
78.45641518170852
40.90510670190105
42.90256696273587
23.572512266244253
63.52268525151056
33.55207234768931
35.69554618450027
19.886016826397892
40.791671622400116
29.187910871067235
51.75668220480322
30.547683977906516
32.7548899645752
39.48530426804122
46.48039540097923
71.6131846510742
30.66275984787795
40.90458045738562
35.21417183377011
37.41366267688715
21.789928927477074
73.6963444126815
78.20445012777505
51.6367815202192
13.608015876473445
26.57674322837526
88.93812442068234
38.74290078566844
41.60166096347014
91.73986333048867
86.92594804012818
75.54942216717613
30.568178909444455
51.5183031817629
36.02152932895034
59.96065347217696
24.74772313977544
54.385099931445005
24.168708260721036
65.95158680755921
52.05875339843033
59.33171578674774
44.963261084476024
34.936359079065554
47.36687818571474
46.04157722428205
24.94175936037806
62.98804203034841
50.56931778746073
32.48610552329763
48.13016789498205
69.57490613813974
32.41933693606818
39.83069507551675
25.50124366104192
43.90962844956076
90.86096134892155
40.29081835221074
28.135964006255815
26.30680525657121
19.28302014210236
47.29835681715476
17.926472849440415
49.640551644582914
64.77259193208837
23.257569858044178
83.04644893930964
40.96867908150756
64.99524668174396
40.54153534826381
64.73354423986522
58.42462453889473
62.73179574390757
39.29301066698788
52.922625559909164
66.64615210397528
51.231640248498955
55.905402100075484
25.914440933654635
15.743847301736752
41.21259486658855
49.04472370648115
55.859502682539066
44.344560850266134
77.27479563870425
35.46045714871848
68.57184848880203
31.77984536715361
17.777104351246578
69.12109404466253
47.559020295670955
47.82407156494524
80.15802008082349
46.74447077673749
47.57195613401395
53.56458197391684
36.914584566242794
47.64744818516661
34.033770417387665
44.766353216341805
26.296597621329248
15.53796690056062
40.4160972795105
67.84809062440199
38.51217415897839
44.133172128959956
16.880760290580042
34.42122694399043
34.577399056718846
27.135651111672342
77.39302521223156
30.356187798173888
49.4873409262808
36.53195844808236
23.856628333132964
77.0203675111933
70.62214313944979
40.98316751183144
25.88671941595791
23.31747081956203
62.28492611881481
60.531499251735795
70.95331356152556
28.651119628813866
38.312816618612295
38.884003669950566
81.23170908853912
76.901183548463
53.57564891786751
51.88265550956095
43.21682510477544
66.63495457762072
20.720629126945564
34.98150340495674
39.93443289119449
57.12524449203159
26.835172700426195
67.0170600456626
42.139957891256365
48.913549871313
41.7841169848747
64.81153446997222
76.38450424281675
72.98308300291603
41.00211381417607
18.71612706105831
69.31944004953444
28.11016833933494
65.25870714641482
42.583759246818126
48.52139835228232
42.311147083320286
35.41869810581813
31.850084501764275
33.93801778200602
82.84167784212778
20.293104061531615
52.08534457992396
25.385403831064018
74.19833493391138
18.552019201614137
18.281288842377602
23.111317383866982
58.90207644729513
24.03810032756687
19.449311804544564
45.60069274906262
28.535474136716083
40.17427984410566
60.19791409967048
43.72218795563489
15.582212215202368
27.1539862037249
52.379321771703005
96.80852002554475
57.212588584763694
24.852109929511876
15.603741830947731
20.526479374087227
75.63419587134109
26.688182595253362
22.14785674615505
65.76737648054352
47.55976275059013
33.70309844987916
28.71845079325885
74.29380760220727
50.35648596075516
50.8689485512615
19.011901871699035
74.73788182635033
32.702424624502804
22.056314866526684
87.31613981860019
80.85640549306974
36.10632092206622
37.532732492702614
58.949460674922186
39.66809312650434
50.21649733571565
29.753366620390093
55.737538249069104
75.31741002089338
38.32456583232432
33.550681388484826
69.34299650087621
79.85686493527567
59.37691939827966
55.69576813908124
129.5688821638533
34.772858333835806
39.349767125592344
33.0731403006503
20.658963082603734
39.71669299577704
35.80701641021493
34.75175188067395
75.57945481191368
17.7020038762469
39.62475857884959
70.40905588098457
90.09552030729327
31.335069437732503
25.483040063848023
51.91910939757759
66.02080807281413
51.92412859577866
84.37190514740084
109.9253441030956
55.710093851458645
12.615479197560608
29.678896163304145
93.5062137479267
17.841907814194652
28.804088097576642
99.58107843264817
48.417721908213494
39.676558532962346
47.9901355731177
21.03928127082154
43.04851960344888
27.96363414112315
46.7786693844654
33.053999719024546
43.33895752342722
46.073298855958825
50.48109545854721
46.410476374353856
20.772258736597276
75.56035414678799
37.6127085755714
47.40334638280371
44.63749862139765
33.79118523679101
64.90258787053209
88.00164762481539
87.6222707948572
49.78064150188677
78.93159610360027
57.975653646651296
24.568979366812535
56.14067518150372
38.51620119443247
28.437004961829764
32.493000929481084
35.090862414437055
53.93915898459727
63.96012317182391
39.23993905107745
77.22864237547385
38.391817329683846
17.853348958647427
70.55509769272929
48.02795431943791
86.05523951386152
35.56887350820547
60.93815005665144
68.35131706355111
20.24510664744598
28.760032338366432
25.895169276912135
20.66854136886025
71.95293996545858
66.63626214464811
37.75334668396182
85.84773521098002
60.245915596366615
47.62484343353607
19.638398336125505
80.24593789051268
59.43194463726934
49.17484828184458
49.87580622112315
59.986303631231245
30.733826064247133
39.40765870374293
82.20834136575304
52.74267011390161
24.96645631869782
40.191326940605585
37.31274634497256
36.316458826377044
48.74885758570039
24.480872124026448
30.560057916894152
31.07274619905513
38.21972011168386
74.29895297616518
22.434826961300516
58.43176102955282
20.90867717658141
11.916181776888418
15.009513791402332
53.61962954216497
18.96777361181924
22.533134785663247
35.12862104675103
52.578671495075
114.30424351314991
68.73706909204881
31.7122789744955
43.19528555293717
40.161134250770864
109.09034527004053
30.917022133674855
41.562055006842996
35.11216873070218
25.711875797067947
32.797571681189964
40.005233717112375
45.63574474455233
73.49421978298541
25.091590849100324
60.38542502933607
43.384130052746606
69.89752441731642
58.497813439326684
41.15573773607877
44.11788237829927
34.56343063446791
29.331083622500753
54.59279822122889
92.33991162663088
18.947308934267642
29.030520925480253
33.14730090009964
23.9279475076862
25.791427609923755
71.0933792161549
49.08239499524852
45.15878902407789
41.55545854922522
21.491184386141626
44.34379968533
40.94380069399158
103.33518977116705
73.92096697959929
55.54688140481143
16.672744293507172
38.27590569054985
35.177540181862476
65.7613089218245
25.50120699454735
61.80961856839296
68.53551503732346
26.961009851255408
66.1962434258303
22.49306288101143
63.19925350182216
71.13118547091837
49.456940048067786
29.942153627612573
39.54992560483862
28.033208728062952
33.175155360158726
93.24309026462623
62.96191282022312
42.3787105075123
101.31410549660977
66.69733921812094
34.86424673351136
42.72015271737698
27.748921888447114
51.77784445049933
60.639841651863556
24.88287430626908
22.87610413294393
51.49475319846623
56.65828752055966
84.16712409775239
30.920104595978138
67.67330565435044
41.606874750089666
31.29581172293773
118.93183293796945
37.01596739898202
34.117293498700654
49.480930413496935
39.41988035449117
38.96334359772595
38.17700059963971
82.5746378045996
37.909326871375775
42.610561659532934
52.097890865226226
17.766144027888576
99.97560502247764
82.76373504111177
54.28168463563491
37.154319935520554
80.96266951766775
50.4577338237671
43.57444510884891
28.110325711955948
28.507325900080122
21.35700854379662
30.45094563482772
36.55467550847532
33.404744167581605
22.714804889732076
22.09560145759779
70.14300692452505
62.279866480728764
51.155310826912235
78.7598215061394
45.195745407299995
53.264758767285095
35.12415982213909
35.0059162917743
54.5727393989606
21.528898970688527
40.27162427032622
78.50141492411312
65.26123707910199
27.77095338120076
35.03560457155184
65.93962741516721
46.67323874698097
51.006748781695244
41.63401631541402
112.35423927653115
65.20152045335843
92.6589413596976
36.63827707829299
23.54212698536134
54.361087070976545
30.590679159799585
71.53600186268172
41.85267406717796
27.08900533164379
106.33810406348529
77.3991688476937
16.75290422574921
29.42520837469654
62.594909664752485
46.84074393212172
31.63795586001533
17.809012685291634
15.330356570234983
45.89130240052011
48.66755464555137
9.847634801900657
49.563686878926625
34.901639190652844
30.39137864226717
48.40663774889378
54.47713077481426
31.56190221328862
86.76018351466819
52.08518168571179
21.650510181261872
48.442947675398386
35.471813877909725
33.37194268600434
19.441686649468554
26.386758111337826
18.352626538268588
44.47215515470958
37.77813637520444
22.632274365379402
38.15444915780969
37.461341455421206
15.675193065681295
81.81388091824131
65.50599319067885
38.229521651606746
35.11847821985646
55.98387154536104
23.4695353998985
17.72079579295628
39.607570622445365
47.96450825635132
75.85777386652988
89.5294762613456
53.842434705164656
27.301083587808755
46.855396958549846
34.268997960658716
34.0155718753331
40.22200460730865
43.28099330962995
38.714238856769086
104.11688165802269
20.42735716077041
65.60515717524879
63.66063535042761
50.32564304024433
56.51488430889391
31.86666818689689
39.71692784878185
61.57355095250991
113.9426001494392
31.363142324510747
15.94165093450917
37.985084579405786
23.349921965095636
27.47989633592488
35.08315716099203
94.98394921236498
37.09975191805609
32.307032084660804
57.080053046434095
56.02565475926695
65.28279023464391
31.173455543251976
34.775191804252934
58.08382897609439
16.57987718568682
65.6926822711388
80.21835120569644
29.299265059076678
79.81935879963218
84.73751959824828
50.91256930766834
19.699876565040256
89.28262430947849
39.4746639734028
55.21797085829409
13.339228361432234
45.44673555028189
63.808479022204004
12.065552874909576
14.846368996637072
43.313239598604305
46.67135751841275
87.76066905009903
40.41837389373962
72.00264617888473
71.77013838850262
17.645603976306965
73.34199700693368
72.61454418026774
40.237719062798185
70.00041978911938
51.141836804011845
57.340394402697235
56.12291906431992
64.44696221533904
70.29495951592062
26.914876626220003
56.09481458767945
49.24559371121
30.731788218514637
18.68200763509635
24.291479990270055
35.13479933970331
41.25997109921064
28.314603758560008
33.56849129290981
39.23160000331667
60.61543782940011
44.74522792445134
69.62729069159391
17.20047609828099
29.577601977076068
96.71900526624195
59.65813912919956
126.5813707047893
49.5851948297729
48.16488563220639
37.31831710154483
73.0865969924462
44.54219385519577
48.888225778439434
75.0801883093553
93.1639911088051
22.54820383212086
29.189706447342296
36.19217433532545
38.645968446408254
59.00867577009441
61.91628160386304
42.54225677204244
140.57183449076058
24.377972548403072
38.83967262914947
33.43693091735715
28.377496737683362
75.0558611279431
67.41393480798635
91.93900385704966
39.23196944554684
57.31084566971403
51.831058508270566
55.87081684976841
66.10840906176051
19.125205317778633
27.358849786086793
69.4210630094563
65.63682195262521
19.75400403943898
48.75288030475301
29.690175337879758
23.295338830539343
66.38738277524631
62.921849246184536
41.486045142777954
41.986017994523046
49.16124653246721
52.01285646217787
38.88224379806633
59.28551147954163
20.662285574305326
55.60632698108932
40.63296852392615
20.664698537279865
62.12192388912329
46.17615042287886
73.94639268879585
48.74400290042273
27.559775530041424
55.82466287647293
41.18919965571138
18.425113522107377
10.075750177006952
76.07559798092835
62.787234400207524
24.988539722209595
43.73654234953153
61.849688603242434
46.97400177844653
76.4270267220012
49.20296884797291
70.54604757250891
60.003399920065604
46.20161051551321
80.83370153520607
26.29273653517662
26.039616668068057
23.841127784847906
49.14313440378182
19.814597527189402
30.504657387792218
34.26010806137915
32.36546853145788
33.41148352269895
34.21416193297076
100.56674643988433
20.06895413218309
62.02242933322293
13.85981133808582
32.129479652141605
19.748529404249098
39.467622698699174
22.052615618968336
47.8668628099068
85.84458545883756
41.860917297774286
50.91087630104162
23.117872415294347
80.11423123044004
54.23104701746312
40.587190182759706
20.856540859765673
42.711251501475445
36.571564626744
28.98999630808918
39.008176330951954
26.776201473001105
25.974397205983195
53.533440463287164
26.14296381184439
46.57637158873608
60.46059165547577
19.668880535579174
52.65860718869274
23.24952527679853
17.218616500664393
48.533639488839235
58.78198118998418
55.55399683751601
21.487292162426243
23.30783843748369
15.757171535878173
47.188813539605604
36.823916357004286
57.51337219565828
43.36987900914274
90.77423944099388
47.431762760017016
34.76480695037495
56.79114735179106
35.62680641202149
44.569426243206934
83.45616595418157
31.990953057052796
45.44586964226146
31.091771014259344
22.54959373654608
48.399416361041304
18.501292339400017
32.696359131676246
20.55372666317953
20.100040151361988
54.75114222891661
53.933407295239064
33.108474901376944
24.837678276521334
15.4060701365996
82.62056621334837
31.608463398520946
20.91604678487101
25.488663889519223
106.46284393715398
37.90186088988066
42.01643676275206
35.18984550298806
23.867958414237116
57.84921802214525
57.016357902123296
36.52740019266014
45.884055231661556
49.82803928060087
43.4426174439213
79.65528135011927
46.10399408162067
40.15259862467955
72.78286420674503
45.59126633636061
24.890121728836903
48.76002596106914
36.839753639082254
54.00554733409321
38.658889161023254
40.43389223369346
42.69856999901579
36.21637296991881
101.35862860004232
87.15914330727892
73.01212132623299
40.88587890277482
44.36674342652071
80.12326649546084
38.349481681547815
46.387605894001034
80.91402570941891
80.88915743146472
47.579526148817614
46.45450758957561
29.49769727824998
26.37817461842682
44.06506964375561
13.689581968829009
55.72058537635027
24.76989609984775
24.38529794903443
55.34527310904773
42.39818401618341
21.900267347255905
52.67116125826162
50.7607787509039
57.473930044670055
13.833193308006573
24.904048184041887
30.32907737056489
41.38993584923246
72.19951853653545
18.313497534885332
62.220485889320656
92.51308309661106
26.397892456240058
18.10291278841561
63.76700994535479
45.26531079850614
44.750285538783984
79.71256013662803
104.46711770747501
34.129370484167794
86.43322182780476
32.595165968130516
22.80693246455983
44.88310028142942
49.57113645170097
58.07883824846882
65.70651201288774
30.380110470567473
35.022865748667485
18.039516557365776
98.2737200596227
18.072115831521245
42.987613891824196
44.651191425708056
58.91924592518095
20.12830499780498
104.25985377059585
51.23754099025925
40.91251592343192
26.2172054094279
66.48644512271518
99.13203886011233
50.40627395865219
34.9507628329993
40.009977336320866
32.61723064877099
39.56309753009779
45.722866838367885
30.893689319441076
28.957081345764458
51.74182889421011
53.28767598711308
84.7945374502578
44.44135671550114
21.915229593463103
38.36133361395915
56.14426586309168
70.1267380841019
25.65510328049654
24.64783185936305
28.770107335479487
45.70596914716224
51.77836657954049
53.273227542043124
40.707577859159265
62.06755129770638
53.066985751193684
36.763687251152554
17.164487435283842
63.69682076978728
70.25208196936448
53.850288014318494
34.620629995115806
85.56849148919586
35.65783430748824
30.004201600755177
16.90403680190264
37.444963911387205
67.12786618401319
23.475846384156213
60.65134180223234
34.070799764801066
43.76053507362196
22.035579887611252
33.32385849369599
96.0448608532465
23.41569410964513
26.45569775484735
45.30865065190097
92.42157244168196
68.29993192939858
24.8240310665245
33.901201571630956
41.207863137556046
36.45923497546118
22.660271183638194
35.40981958214052
59.67931636272142
17.13113609017511
51.55662597048266
65.9421162490927
91.13620601545163
55.686717754383366
93.76197762765987
55.37290094712329
20.087798808944815
31.71307913884312
52.01688116506572
44.422756994866994
31.98593865242106
80.7854744349915
26.446534671111472
93.15579144594246
94.53385941485226
56.539384273326064
22.625580504118663
74.52321607438851
45.59214400064988
25.543321098160643
51.62553546723303
55.68822654358474
37.50471749223428
77.74765264143159
28.81158701207105
39.06869057299217
53.60369133006575
25.24960242448577
93.9210537952333
18.6692525216928
25.404841841000774
67.41398853628682
68.68777869744058
38.81847380616125
55.90274165072457
79.85338362826744
58.04267214601985
33.22349542861384
58.84590300223644
21.554673069827697
33.445046052724685
37.85780646486866
39.868925027807656
80.63300975227467
21.20755616797699
17.65696301244854
58.29009383957445
48.054642395735115
82.42297603391752
47.001803336022725
102.8280135141515
55.639710098648166
59.841550687760126
65.19712953087648
58.39237974333247
29.463555007326654
33.91523313763434
88.87319368261257
33.61368664391083
20.53407758664461
59.12460603781498
26.846664921080393
82.11357388947563
22.947855517382674
33.29176278051779
13.714332026854443
69.49233056420435
65.93819609862307
64.78907730724838
47.147003309947834
44.84477603678316
57.92262248632141
75.22152435645324
22.036067227878384
48.117493941657905
32.7564435455177
72.71278976400029
30.943964739065482
55.87993083870118
38.14540754060648
47.24553443457391
45.450430932804814
101.63675134676123
39.57156165177565
59.84520606930407
70.02174881246373
66.32387678468008
55.58802376787424
51.295841513550855
42.88321681234259
50.36172903986138
46.3904177988829
30.641077193694656
24.509719909934937
30.69271268215633
17.625262636788218
17.548693794443835
21.216121702740605
29.510223198171932
59.624033936520846
23.48951738372197
24.045915074936953
77.30126278149729
32.9610311845442
84.65547573022796
38.73618822121502
17.565236726423887
38.383511979955614
26.398345235534425
19.660945499875957
45.26220164635734
27.80794558145545
44.57551930791936
30.47438774699904
62.43399065312863
29.581853590441685
20.806321187386924
17.739262255254605
67.88030498341212
76.57076636479275
71.73623116146045
30.973735404660335
118.27830606369203
68.50627323570964
35.680537467531494
21.73448707027792
68.82000763583504
83.58743076128849
45.64651234494699
59.891495527409
15.454445816188219
55.79066180892299
75.71368590311536
27.010272341764768
24.507981790845367
73.57067526172636
35.68330950137571
33.81092842573885
13.435603847978605
76.53398183150362
40.16083194112357
31.775400093004162
26.187185802020586
56.87832784423811
25.91352080541933
20.454713834161577
19.179143916653327
35.51579946314753
46.53932725443423
33.17329931751283
61.26270030505177
106.44871246329748
26.92296654469562
61.122382133879384
51.858538061320424
52.4491515585291
18.89052225219753
20.16816422423732
91.40871282053538
42.19377966786752
66.36628849303145
30.24277795391627
27.513065394439028
60.99794615095462
15.131296631192765
25.025425656736022
19.19922306430517
67.83870096236662
30.461960450247755
23.93429380875656
50.6893286426581
30.66298138920967
60.03041409582397
75.72870978246216
53.27380962835346
55.887013625307716
27.799054000849253
26.017423561364485
70.64942224673814
43.21965527679132
28.054510299018
40.99510775342331
30.598767248659232
22.513689686406245
38.34585742406729
53.02194918261311
45.77920042845134
42.10932608000747
44.63690176388929
23.21087685791649
