61886.19022727182
988.0575409751324
47.63122276344172
47.79160140253787
47.66520589825025
48.60091117004067
49.3075299549333
48.613585697996626
50.313526768750684
48.7666518013025
50.71506627926369
49.93122891127668
52.221467010966656
50.14413735083847
49.990332475309984
49.6812764720867
53.56547068024949
51.04054163093314
53.23921445572273
51.39513794039614
54.078452110153975
49.66459575990167
51.98366142375237
52.42481177423952
52.645404972165515
51.91356009245507
53.136301091850605
51.1970369180275
52.285820636006065
52.006207563756945
54.45987849852089
50.9454763258158
51.83537406489266
52.1540123760882
52.0429492935604
51.19186637500799
54.88267809163228
52.24508260414009
52.25583040732933
51.682992851912985
52.77243077980193
52.4882585072993
