145961.52896482937
126363.20152027783
107968.24105359559
92718.19588650284
79187.28172077051
67832.89041736175
57376.7016915932
49167.920983398726
42843.24360947019
36650.48931592435
31887.495602845338
28078.16517353459
24138.4328272477
21073.529558057107
19114.527817478014
16439.820901276533
14162.941150430677
12448.577479423862
10966.93951719566
9806.29167146422
8682.042777028022
7397.495737560616
6386.072728692259
5571.359508761262
4627.856152439744
3922.0981700277725
3355.8198223965014
2654.3673374070013
2351.403062073373
1927.4957403019414
1538.4935914659322
1282.6179394713624
1007.5924926314927
726.4092043049284
637.7996020986438
412.56809043745636
297.29222464051423
221.58280391275218
189.74203264858915
112.1392625533673
55.86595802127958
45.51555221685191
15.677342933577393
16.834029818372194
15.763066576312651
19.9926443534599
26.918474829879184
38.712723667740505
28.48193904261882
60.29204735160442
96.13958941481692
69.72003570871668
114.27863826674786
108.30263043293613
122.28157521019043
98.08484739844408
92.86519486303163
141.61827499936373
120.17242870291547
144.25651581782012
131.53495512777883
107.92217415755296
134.7282352359039
110.09583630954518
128.94093161594466
110.17275055113045
120.11115022686924
69.98418215395189
59.139760759588455
72.81207269137923
67.53545733742929
64.01809531110301
69.71629896471912
53.829789895478164
47.057750145645976
27.03191567089222
48.081352234567284
27.861915336357228
36.20526066890628
24.76491886451579
21.784878499097708
27.24796210225729
18.661834330795532
22.977149877441068
16.941854728836237
15.635895034230401
19.001116296112084
14.536131489021118
21.448883228376513
21.419311350461253
14.28920484108449
13.361772191564524
10.795822732524757
10.87293373660031
11.110396965282426
14.276445559920617
8.990520331244742
8.95058464240021
14.477950069930948
21.087958429442264
15.860145382710359
14.197396294161239
10.693645022242414
25.984473788594098
13.533138576829758
31.586487952297926
10.930848489224603
26.15942710397043
23.742096107312967
12.851811214193237
19.034812270674617
24.222975898573235
12.255343992376924
14.004227748492637
26.88072189083911
13.509808969020831
10.697812027585568
24.71045379694416
19.388262842787746
19.999732825628243
7.882154142819446
19.223009562437152
20.002662598119056
10.089809039996538
17.22302323149898
17.033774937683358
10.729043794388184
14.837536507433443
16.2080281584784
9.021833376003746
15.903038188771593
8.011843104239407
17.45334938803898
19.07180158809407
10.55247455903724
13.432800328059658
15.992903066870154
13.682800718725627
12.888143376455407
16.495892994227873
12.286120924154504
22.26539041752975
13.877386972869143
17.237806342647037
15.704401616450092
22.13856691256579
21.76863875251504
13.870881017358627
17.501631033000262
17.314627934143985
14.872078382562655
20.017718142008686
15.566247314840018
14.119806839187499
7.100926776924366
17.38148111153889
13.352123118355152
18.11111105460109
17.668057493690583
14.663104876992922
24.087370046338737
16.701068968864856
17.936576406383566
14.7611168645467
16.101759392494017
16.92724616072885
16.920716951816253
13.492384754396317
19.359611622500374
7.6897745287938895
24.528449493718803
12.78512718902267
12.413522080008239
21.16619071303035
14.66851473129369
11.719109690806281
18.57793494916905
14.10961932935354
22.13020921334356
22.540141482382154
11.283643547524424
16.81420733289741
9.192411326752783
27.082930519253523
13.631887695484329
8.290043832750845
10.53561425431601
11.648616568632985
16.62558779360995
15.780213802616922
13.814678055777401
15.834662044026238
10.46763062513884
20.33238689029357
25.907624902524688
9.879398854990887
14.600553800667814
12.930565147000141
16.05899967123657
7.877722647000517
19.014834589508816
9.959216051649392
18.78839459215657
15.086199871272887
19.06281361100487
9.801224666195472
13.637066871029422
25.21645728826649
14.894442789922547
18.399650768165856
11.865684669109653
14.921801083853712
19.19583371454568
21.629729039707538
23.373807543940142
22.042582077023177
13.496315458889196
14.403238847312808
20.61690738493845
12.294985570396578
14.432115480620675
10.10831059128635
13.96474838014639
15.697786590301241
26.59153517988482
27.39532687238299
23.313878771151604
11.612795210791338
12.365684722512302
14.263047535038478
17.077735423759925
15.440330157136911
14.090320421350158
17.88216675438175
23.622311887113632
15.273291208537204
8.684199595044817
29.436552616270017
8.59168203739075
13.019732181509408
14.893246808322235
18.39854411018629
14.81780116365257
38.08636748835542
12.081183501534476
15.712170082959318
13.60734449150266
20.131099762786388
9.51131278948124
16.94533806904306
9.622755491274381
12.917264949419952
19.584345231849138
19.815327309047344
26.429198684914308
8.898233104064559
20.543352285298226
10.064753435622729
14.430288401057714
22.432271600970953
11.269993438841084
23.092764544241145
12.899654913175048
13.668942683600282
19.85213445688367
22.13844645025553
15.107680165867531
22.793920051895693
13.652443976949465
20.736596307283897
9.633196144880758
19.252501272680085
22.810362554504042
16.358482874022613
31.37551086745212
8.741161439715821
10.461212502009813
13.162358443197112
16.379547886544465
9.989916851750314
22.63187823374077
2.7497758687634386
19.10361167263832
18.994531052804618
18.38848996680225
7.869658343671356
19.9872799272088
16.21099739221408
23.096306968579505
23.7493379261149
11.01610641021896
11.042918297348027
19.671174398389116
20.12164561954487
15.368093273854788
17.431685929253796
18.474478480640418
14.22889167192225
14.464076232492282
13.739106301342593
20.884256123501583
8.881831395230721
16.700514071109048
12.761118351839377
21.575593215174536
15.393910361525656
27.863895749762555
16.56961102830031
14.505178089157742
13.686828304885616
16.205214754905573
9.453471786353164
19.852463604902002
18.479910329746776
8.708233501389762
11.767741207708388
10.221699873033046
14.133783568928497
16.048336335461002
12.82599642425549
6.940902563519343
15.874711027797114
38.505051355598304
8.07194563136405
22.84161361776902
12.320718365620147
12.844446433519488
19.222117100326408
7.883272922540339
19.028728792960752
20.118942130084157
28.2529541129131
14.017262680617787
27.774895141510314
13.25228054713885
19.968166485435486
11.461220199278642
14.258372473013836
28.79060442093479
11.649001401641181
10.49712374921348
10.339579846501836
15.30286196960845
13.248406939715684
12.017972757518004
24.819308279438175
20.3865067479582
18.471006618200782
21.56870312688886
7.019141829946022
12.836820465138436
10.603305809944036
13.816431979276064
22.482471470804427
13.044180497076836
14.84934388861205
12.841181489894385
14.63593476362063
14.604739785169905
15.015739105401193
10.151203013704823
12.516185649969586
8.228876038186257
20.024979387992055
31.171028914089366
12.904722415697536
18.132665374015634
17.32702450187226
21.15200938983796
13.500266840579986
21.711746606471465
14.371159419584167
23.682471684917815
25.299792834087896
6.88491085245722
13.484225087740716
14.683082584141586
13.613029777367833
11.898382243474732
15.419264709707791
11.343658088439154
8.100530142562505
15.49698190271178
20.854952123300897
18.455868911794408
13.205700735123227
16.936295053599622
14.662193676163774
16.122458727734752
18.458218090756983
18.519537196088645
18.306131522653864
19.914098724829223
11.987262459840244
14.106105176276165
14.183072682587975
19.304794473334717
7.538558656391356
29.828726225721475
31.61372729083834
13.484374211808984
25.916254420804176
13.181685911653279
7.758445611797747
11.756526316539798
31.20743579312434
19.795331529604812
9.283633198336924
21.302854558123457
12.892660838055225
16.751391324178993
15.729402882038038
13.897786679997312
20.27309949316037
15.633989691082581
20.311031153342228
27.47925050470838
13.273496642914665
14.871516391190594
11.64427244643867
11.740999243368613
16.419152641744457
19.787256136768026
11.069891437631341
21.440215466024497
16.076103281867724
9.148353642167335
38.19878482080254
15.13943453660296
16.786516513803367
15.80302217626064
17.443976838237464
15.16872787651038
14.760054455939892
13.329372743057904
14.938624617143512
14.394054692665447
13.18792323676021
16.74867745593555
10.944184050959633
13.739690718883523
23.723910778858396
5.948946389421311
19.75808563403383
11.697739532577152
24.845818489793007
22.15733611636183
8.866525304329576
15.228793259981376
8.222085525213755
24.065581239392976
13.449483356179131
15.820391637185283
25.421008269874356
19.414515050223837
14.511657970583705
13.558310267587622
9.9340472596515
23.620682510783723
14.752094728941817
9.429483730341449
24.31094667050015
20.002876031459806
19.227165798422416
8.960617473562106
28.818155648770126
16.718844182197408
17.15486634899678
20.900413710505536
10.837673846909016
10.787918694848083
18.598029954086297
18.920178220140507
11.62614017222669
13.826696468242186
11.768060711692804
8.888758389353328
19.473303211562097
11.020168748069056
13.487646517807029
14.695206883332087
12.819828625774093
23.25502906386915
13.526847678506124
9.827429528120323
17.30085089938715
15.194869669239027
15.170658710354981
24.408664598734557
18.125849882417285
17.614946929570298
22.007340399532936
23.576415102300174
18.394615690462036
20.849408303551012
20.753093863740688
13.26188570037861
19.140542844558812
11.767404342622644
16.06609406477561
15.490453711713295
30.024502734282326
14.840170966399194
19.789785048443854
19.095965433344272
10.843428887766628
19.36844193504765
16.077012698388604
13.385800754011296
14.546783391256954
14.466950503290171
10.26638642543865
16.87344618735086
7.395942295522668
14.940178282577085
12.270286800447598
19.15584931093191
15.62310140235494
21.042417811750855
21.658833100799608
13.059193992240573
20.41757387651744
8.982572393180046
15.178341628056321
12.293319385148244
19.928968346703115
13.706138296920303
16.44796165916688
22.660340554749506
7.157258045122919
17.056357795080515
10.230208836123476
9.138058819209833
8.681104044254381
18.101869364665138
12.152496032999164
20.279086679945557
7.740113538220066
10.445394330764266
10.674357401404787
15.874244069927526
10.094342869131223
24.193885869904637
12.505616430417637
17.201537228849688
22.556207479469727
12.20021193531196
17.303498120380777
18.174250501368576
12.785515272552942
26.448237165544647
13.224893350004757
17.349226288698357
25.50186814780976
11.77114247906141
21.736893178600344
20.874784125038833
10.464270313887598
17.39234628036895
27.71562781855011
12.160677958612505
14.533319244947146
18.823553539190474
24.53426453161178
24.506792151710012
16.469951389113294
11.742170262623072
24.381789435847775
10.185078439656028
12.706880709512916
23.813118900465387
11.342900602656119
17.958459925771724
13.465044750854021
12.87237357853842
9.14470161193318
17.15748757367089
11.114561296095026
15.043688051798783
15.124760543940916
18.17824634634849
31.30979722648386
8.445666714767096
15.990146797544
16.86598743002809
10.849090175619876
8.62900419500746
14.377517630023146
17.807599520000156
5.342231406076093
14.124860850398768
13.899227976518583
14.436106921542633
16.27061533344141
20.36001276052903
16.52659973951538
16.63835072296252
14.376025032413867
14.486852717229876
12.029141440020961
14.32288463122721
31.03613455504115
16.790523103435877
15.733056795103249
24.94441540734314
15.562325032867072
13.778861960777897
21.40554558583035
29.295531943010978
12.184138371138374
9.832593254759232
18.97091420442656
7.669474738778609
11.869739017442633
15.218500065620283
12.214075012589246
16.02794557538311
20.317457075202654
14.71512278760504
12.092609995405237
22.874179032432234
12.747327608701397
21.791307273806286
23.357788964192164
23.224605393292507
11.555977917592404
16.678306931373093
19.574609376824924
11.50448341497721
22.45682757056183
13.378158852478114
25.774457287029858
32.78870049161505
15.117674529837627
17.60222914049304
20.851223488077142
9.542986865685034
22.401253897846537
15.624086204340834
20.353673814800263
9.347085953179143
22.696670426960246
20.39591937274495
10.823330116288837
18.846838290527472
13.195081810021122
15.265634006674567
17.535071237498144
7.2887025460426695
16.206072709344653
17.712464748928287
21.576026498009043
22.998845934724788
10.945886706736028
33.093842021023235
21.865129236138912
14.924112631024524
9.860025848422833
16.270895544999053
15.921555627826697
27.11470545849954
24.64849704908821
34.245828720576796
13.71716094866739
15.129260696748661
15.849256735506568
22.50221843831438
21.803504546937873
12.54792120553072
10.440549054014998
14.540462996361777
20.000242952503775
10.34119401412082
11.794249357411472
14.513101267557694
16.426429417893036
15.296266366178699
20.75650213687966
13.017662631657334
20.08934496895245
7.56429397725964
22.356412386446625
14.293809252135132
21.233382949728703
17.92659144081034
8.702869290785738
18.341413292971964
23.81057561813165
16.829986624780215
7.194821300314076
17.708259534079136
11.985227841289744
9.773709515608427
17.81415117053877
15.002461175761578
25.731879355428045
24.181466416413805
5.266731261541944
9.68028608297371
25.42188769407339
21.367882643580597
15.016952418121765
13.855814860497539
26.38843877602112
25.253763333897382
16.040543665106895
23.24134055741262
12.597276567053264
23.97644647377113
16.10078714174942
13.939050419519416
20.652976114419175
22.27842103708449
13.327239044814663
12.914908015658499
18.935409766094384
17.13633626336462
14.530880449770189
22.75976463473097
7.1872899840825895
18.40410351174418
13.520486594167666
26.509651030063715
18.274337516082237
15.175636532034599
13.137433665050786
16.039811176390884
21.833938819864517
22.384286788740297
20.165998021538062
4.815431571330795
13.98644332860596
12.756567456535922
13.473055628786954
23.44782917887846
17.77368854265717
13.827360017495844
8.918912200385796
19.0264718567614
28.41009793008982
16.005727468153935
11.433916459905065
13.365471785799038
16.10550953319736
5.602822820796454
26.01601937057929
30.73364557709301
9.87469443155478
17.432719368230728
13.327210361196878
12.610170181603822
8.003939646836097
12.49726695647833
14.519135070694325
19.756946844050148
20.814233074996785
32.87255075558291
14.704139976611707
12.294006455574824
20.406498788708472
13.469152119618153
26.355935882488684
16.4834082200349
13.98035647139979
7.44196448288576
30.76199930896729
18.69859570059425
17.69975818674797
11.628409727223838
6.643386057873678
15.053817671106895
19.736838489648935
19.310026765810527
12.335973126036365
13.036457449204041
13.106470578920506
12.603580088844232
12.943235430578657
14.568719071416394
14.822432117784492
17.80931955292385
13.802592151146396
10.809009180344633
10.823660987025367
13.815193936464926
15.306490881707862
23.455285204540782
7.709668322066329
12.346335194925844
20.803094616917647
19.85529946878233
10.432164620495598
25.040862639424923
17.117954724285518
14.845146790598953
12.074524472690731
16.53661736995107
14.15202530812273
16.461647203410195
15.044217807517365
16.410415928287463
21.04942964895517
7.729092254743724
13.426671224251441
11.175420975299609
17.982292126897654
18.85812865102702
10.305324261216555
17.64257542536671
17.236599593021438
12.201342047481146
7.556468261330772
18.613550590142136
14.456277292334734
8.388360936095644
14.438939855021859
11.34796738608768
8.807558767889843
27.22122395170188
14.361111062302504
14.947727739889693
8.513495544216571
21.71471528999011
17.9575457568415
9.611353045363325
14.118121356129018
17.002695089085066
16.831896536426814
7.541192037100959
22.350105743512657
15.116406696063608
8.43000245210229
20.834454932599026
19.37516872272934
6.5458350752677505
9.235116821580121
26.010000401254207
13.81436731597766
14.097030823056187
14.95498937236443
15.768740306910853
24.031303339962783
14.249101291732291
16.440495338873376
7.761501196342774
15.090008333575454
13.31555401628483
18.154035438074377
16.75582257719096
13.264025199023205
15.100539270406552
21.804019344595734
14.894888013107996
23.85225198430563
14.718391832877572
10.407399551519227
9.032406759970572
10.240606711524096
17.380368749690284
21.72848009667627
19.792844410441234
23.58042719783353
11.510380870140034
9.38635145052321
14.754137340942433
13.867482587940613
11.431485187708553
11.64253995811714
15.248687394810458
14.219609709806763
18.53561068025078
26.73812268029778
21.450393872940097
20.35045576872245
8.987390754840844
10.627783020844564
18.397831337798802
15.894575272364392
21.789182735130133
12.489470768597844
11.394066414048416
13.35546381409033
25.9922284325107
18.77606828578226
18.139742093476787
18.571358835622426
25.604844181017267
15.277473132355773
10.699386854869378
12.603786873547524
15.969133367223257
20.91568136069956
19.323532254449148
13.398826305168768
13.21775811266042
16.061400113262028
13.316442847946474
11.624519110146302
11.420176002775193
17.90478806832116
20.81245232572453
10.009265311285501
22.879226574803376
12.873068970140157
15.595031511281714
22.081168697500146
11.771519629656225
16.618026563717482
14.703168990920446
12.423818528952363
26.704186242072968
16.682598413963245
29.24176079970463
15.088284715152414
21.989289793102916
19.83511789338958
12.654185844873684
21.95413856052303
15.745180823565189
26.294940471531536
14.3239676648377
20.557312963794022
24.79672869378832
18.113636659953166
23.726649871064293
20.360122322308165
13.390245226427597
12.828662526879938
28.98674183657403
9.510242316222788
13.774233974414148
14.535975341340936
10.279436482596832
14.438000795317443
22.58814618811032
31.404883458945854
5.656385371465853
23.14601823435062
15.333691150022549
24.46861087076342
4.840460342672545
10.697549788415946
16.226747869226948
10.042913996809334
11.827575201441402
16.06545610493836
8.565552032829974
20.939123502408226
15.201333872499431
23.78485219199331
23.33284740318808
17.98361601250847
15.958736219110383
21.27233167021693
9.415982771287812
14.88958769292738
12.645111326849792
17.727673184996473
18.983131389200242
15.618571932176886
10.013438916608306
11.429660581875165
9.496705744607862
26.077240809016317
17.017822738238593
13.444629193727861
14.177610733575943
26.569232841644506
19.895926996893802
9.68363285236152
21.496469800536737
14.085081266535557
10.296242341324703
20.41894287760403
15.455896513131274
16.798745782329387
20.88423611961432
11.83437062202783
11.220653288445751
17.755397453724363
20.11624368793991
5.881536344574633
17.78296514672443
16.593158893583254
9.35525248302359
6.857624396040333
5.940025693605685
20.744115077255426
17.880649484640074
18.18982011779844
20.956904659542186
14.730706543026434
22.895867255261376
12.19045120549388
9.32370862276713
20.35216043959074
12.478902082412963
20.26891125539243
9.014197649384549
9.464552265027429
18.46025903512145
40.44181970424576
19.208132782035
14.212560212047926
18.057984069748233
14.402214676676481
11.846556245787358
20.87487069308176
10.494359806192934
7.083782558437216
27.337891789153602
19.143307273969757
19.31256287763727
11.722061147292775
20.995148552583025
7.627298499824393
20.328229749222483
11.078863380424155
13.72040167487046
13.266727828002594
24.580181685111963
16.061633469359464
10.12209348334298
31.64172071578346
7.958689475810512
14.371509169453612
20.391395544470537
12.925552892540404
12.473692342345378
34.886892811116624
16.55100799045606
10.033595769180165
8.850125307115473
14.558875234363905
16.3652146111237
18.434448805600685
10.92626293546596
11.41486327712418
9.972171887007844
21.491447019822395
15.39522701428889
17.826018396984594
22.772345920006927
24.230424560393786
25.747734703072833
18.012563381623746
16.958475585788264
11.386831608106727
11.580835929343719
12.786054337132555
19.717360809900253
14.459949271169132
13.796898317455877
13.43841495362344
12.321690344062041
18.350177477371947
16.01875742135208
15.374480632249274
29.027433097243225
17.857114015230437
30.180512126362746
11.749265900417395
17.119106387606987
22.429594629328093
7.091821592201586
8.47876631532749
14.49083263454948
11.508480767627379
10.901824058102932
25.62826360503974
18.412206287772083
7.7976956917819145
19.121752968418885
10.579022682572631
17.4899569188332
15.273697747596513
21.020717534797612
15.549725929281255
7.476223468802077
16.881874681504357
15.788421519666654
17.97288997862843
15.826880579011421
22.22637319068693
9.120072120010796
27.229179151856908
25.823681206945764
16.45942871501318
13.057163484199394
16.073433219446596
16.839423541383702
10.509722948921027
19.642795068734994
18.3491478191948
22.013225812451388
6.485922915005256
16.950049189592995
18.63455573057382
16.57986156271245
11.600392945726263
18.328533230398612
20.071374825928352
7.518831098759818
10.523789709370801
13.131667030544614
17.65863889564187
17.72589339931767
13.707264157864538
26.486615460410633
8.165289032619915
14.756248191492741
15.227854269627914
14.748237557853173
23.28116756731976
21.45711509498639
20.549445788684867
19.29041313257771
17.120402662438607
25.070425251678063
13.849612399159463
8.309237420903779
24.528173072042833
14.724090562722589
16.928100372850636
9.220511717442402
7.854022759212557
8.438268074348507
12.030615469014235
25.8073750673078
16.23710813643391
16.509982941834807
21.38743589487476
16.114675506926524
22.35585507616915
13.878217782295001
19.71123247691644
10.054110360744522
27.219237316313748
18.02135097724612
14.089242189497453
19.079215325847695
10.167911255515628
15.526741893991163
13.808259245686147
35.66829755020045
21.054874945436985
9.480141098323006
16.565158209320252
11.933951232366583
13.106255027478007
23.34107085686648
18.00049762558177
14.27828798582029
10.271981351647534
11.428456202465549
10.52366938402339
9.516120452453686
14.445525194562908
14.156896006246278
23.438027290249362
12.648569019437577
17.400954194054645
8.005258968161828
13.48591974662949
30.562736425251842
30.4084985802466
10.104510116672204
19.234107316729116
14.315524739969565
9.710098031043907
19.877100608732317
15.323811299339694
31.396151294093382
20.333522077543492
25.773622988982826
18.827387863568656
22.433296198565962
10.433164798600853
20.200491491830366
20.457314212647464
26.522617402594236
13.189632707252596
25.951633684688357
14.683484785710792
18.246495336819486
10.071119315072202
12.86215377803277
14.070409068780657
8.323988244766275
24.55226885016608
7.9098843744252845
16.566588998341036
13.1281572131487
13.094976511326056
13.333366339862273
12.548698841057076
16.478198142178375
19.7511851648759
17.583043915562463
16.3935304792556
17.705495415655687
10.295270308548941
23.57220122355518
14.641846700608951
20.905686216053336
14.7938190912164
16.443332546505594
23.167089134025694
8.687745040785984
16.108131175403727
21.725527025225972
15.548616615571007
19.546710092280442
9.146828042248616
19.998391934278832
13.010088332579034
17.860899019382753
10.584481000609298
13.768001937916921
18.192571659734156
8.211433765248811
20.197187143031737
26.265183366828204
18.2756380386295
11.361044399171845
9.797551743624771
9.758524865201617
18.681461953236404
14.62542244620103
27.538048630223816
19.477410959604104
25.31241880520892
16.01025084344086
14.20216622650916
12.145299970578352
17.4736292221289
21.960073186793615
7.267521268597599
16.224634610974373
17.21971501859488
13.695893431029482
15.996969206877518
10.119053149068904
17.44125602054992
15.96650891685189
18.187815483418895
18.291321202883342
15.956217405957762
23.701976021774733
13.923394703045993
11.178809402006847
7.110382608717497
22.90759756216415
20.30627489442335
11.325753321046909
24.008755147417588
16.65496483977113
9.11780701094281
11.595008847978868
12.374387333490953
16.681302798615974
13.482172760187419
21.345833489765777
9.797388363515513
9.72139873660307
8.002971919802938
28.63193692881768
13.103443845645154
18.57126288346567
17.21272047159803
16.617760364888905
16.50774255543811
14.705546752565782
9.601144153288764
24.17974110511978
11.763469658494952
21.27404239008995
16.81260745143304
18.23530582786282
19.67486682914565
19.55291099412664
18.372658052810625
12.14816714754205
21.23114709260077
11.92535590135307
13.978107548064436
15.469885412433504
10.249812150606386
14.019197734940875
11.8511274874454
16.57250243819884
24.975723493985758
9.661826128086599
7.392858150413968
15.623453974821732
6.881063247441277
7.106303387304257
26.01870689041054
30.623248912182156
18.847454387999875
21.52187912916536
15.511066851313803
9.067242233633074
22.18043991614107
32.32588630639798
13.61206268219259
21.496890235612113
24.334662718613412
12.676437210147862
33.037803500368526
11.828956685465073
22.02348710238912
12.240623013160953
10.936308929951785
19.10384639578989
15.3659998067698
13.659578719209028
13.996485219888719
11.728469368101674
12.688738241960888
10.600416976322578
12.625096588449852
14.997334467288912
17.19017174154418
17.245878769032085
16.08807071699473
16.240830080421812
17.276123186431562
22.43536791782302
9.471309483244433
23.993187730400532
13.393721391848345
14.251887019284315
6.968438065631393
16.935252162678125
13.96286518423944
14.315236857642363
13.029589358670593
14.960705688838438
20.476461440617815
11.317852501606554
6.237979887310279
14.330558229383472
12.35793346930328
15.672880229833
10.639573220304984
7.486847846999621
23.840082107491686
15.597552046888099
25.99808915948328
14.316833893361478
33.21766676798969
20.03112343387462
16.2376759125809
10.19707975733538
14.255480232943366
19.186939596202116
15.147200523531474
8.78080929920868
13.966153857963876
15.127715088556915
15.516773387781022
14.30568909773337
12.900989587761869
14.878867403966076
14.970762881646216
24.250485974299284
21.03948901258138
18.258839512698582
15.812566714733661
14.302581560823397
21.191709837026814
11.28597961987903
18.79024150375025
11.013073021009792
15.78346378076085
15.4444459245576
14.985950478881833
17.46884544360824
20.4739774652026
22.343351898937428
16.59769419421049
18.904689027342375
28.91959448350833
22.378303110467915
21.420904545995377
8.823306999241263
10.968644408972473
27.183806809119872
19.296087113996254
8.571511840768826
12.270774470878608
18.980222827549696
15.125882610529157
14.987606984865259
15.45604298280053
26.334965758037676
14.640652042370098
10.94733231761676
17.150794377283553
8.481053892872515
10.913510272428537
23.243199978459348
9.440835215810282
10.260763585889858
11.547360848856798
27.11002864254911
15.241967159453262
8.20601039667888
26.957368124906438
13.013162625153898
21.622318818061924
15.056017577095526
18.201283461001186
18.042528968772423
17.18042084974672
10.80127131451896
18.429604099568174
15.143618304504244
26.24158810018174
18.63798605502584
12.713686873446397
13.22675528083723
9.59640822891957
18.83981628685091
16.752346678227276
13.525622182788553
10.867248560364054
26.974197061188004
10.735451124072622
12.371134339656606
7.827093637449193
24.10291530739035
6.877462525752644
14.630032079646002
20.214118440994575
21.703426438895633
13.137783693109464
11.46977023832925
22.48664776773701
30.670449723776976
27.197364155909394
9.852645222196568
18.655687300873385
18.386019908634182
12.05280721672114
13.620202895955419
8.382018465077628
8.159360735345278
25.54549783545199
11.31323457362031
14.062614250874105
18.14001127838084
11.696538035819655
9.184692610800452
19.61384883117402
16.090381887001584
19.0188291768026
15.9357899480913
15.775389894007546
10.30521849359926
15.46754601042393
17.15172078365235
14.65868355720531
8.58204819131597
11.30027808480741
9.880726406990755
14.040967241238425
28.775827617289018
14.455365436874704
12.65444161320377
5.78902516171444
11.900974295621072
12.500843487326337
14.930576990304814
27.958445301740927
7.437054954750555
17.269438340589144
20.965230620052548
22.705567764800694
15.756249834445434
21.170644801040854
20.669862245689163
17.661405208892564
8.538259807209302
13.726132346726738
17.46857061391372
17.52755689406659
10.156238780309067
17.966006175792494
16.44462484109727
12.033362640456351
13.496374295475345
10.171385869912324
7.677887989691576
15.885712729966004
15.655459235529875
15.42663383117984
21.927963410252833
17.744151682682904
15.162106830242173
17.517975194904437
19.971506927151026
23.204131973065508
13.689135473161185
11.959230930488106
22.8430849263961
16.505663840140212
11.386846978145057
10.030649631395297
19.637188927524726
7.865370112785976
17.633024051793512
18.784930146043326
18.377081241737
15.898580406377455
20.506633940307566
12.157003560351592
18.12510780068669
21.87971860518278
15.100191884102918
13.087954581367885
12.626530220198825
10.38957487119165
17.686598954705783
24.840443195781763
14.107426895635147
13.480172671584208
11.181554984764933
18.660141688059056
14.513524781501028
16.22856749062671
12.084023282600297
5.760905738189829
13.02890503559019
7.109500150433934
8.396813304547868
14.888213517035584
24.479597469555216
13.131686444300842
26.095319998298923
14.399068820589155
12.0454129073999
21.214085957083345
30.613653201053566
21.62189101330565
21.273828292894073
9.941408106786652
19.971127597808668
13.216395993735592
10.45709898419869
18.806710225853493
15.464406344012211
11.45927533503786
12.310921961413994
12.148109651701287
20.396744444419994
15.316106067518426
22.78284499869748
16.639828558244183
23.461931716992066
13.94544671333404
15.644827412443691
8.153219397761895
21.18806428447976
32.59321278920105
16.89832836192631
14.824291368791206
25.72195118830734
17.531309621093573
27.111467236887325
9.951416630957969
17.06264494584031
16.76710488312624
15.109434592430729
17.7990255667285
17.142446556862904
7.930467017328715
12.6455014112722
11.005846401150041
9.369909198902961
16.745477211107303
7.091029699331681
16.616367493860036
18.251850017256054
18.34017236061071
10.217847183635715
17.150982748108913
35.04571096638617
14.474617420084096
18.7121712759033
6.414045515085923
18.867394138425023
26.795611841954535
20.780146881176307
26.664328924523485
19.17359441079568
25.01105979126906
9.944581524066853
28.161259120171138
22.958829008040674
15.413884834656077
22.505501135324153
9.61762513764163
28.93651984930086
18.986827112863345
20.91783623032195
20.156324928913318
14.347876997552742
19.224782896543843
11.632526341234026
11.964570025435764
17.52992449004039
10.03404529748535
24.48075624711755
11.05221451871493
17.93823506710441
13.827252687476543
22.127023379068287
11.142561909799783
13.52552981030192
10.044244664731341
12.1545531139583
22.901254812360165
15.726994931343361
21.10658257378608
21.116646847759114
12.921051081583368
10.648206271982067
17.288534126193436
10.134235887095693
17.373121666077747
24.478641691498293
23.30826119404922
18.43353623021608
14.923773001608653
14.430344755857647
19.20865023628213
20.141542903923114
24.691512173756607
12.625350996861254
16.47212170730007
13.332888628517594
12.204327889441375
18.931399257826925
21.78614771837097
27.348625202669517
13.98747111113896
16.256067476107646
14.285018275414183
18.034412294977265
20.800173067863266
16.544139959060846
11.901362737526041
9.830281503423182
20.082773621780483
11.105714353822378
10.798786660988293
27.21354471987531
18.182369695635412
12.021148831864444
10.346954988647006
17.526367757363342
22.248472864598394
20.892107603251432
9.876511456151189
16.54756230151569
29.979106165313535
14.828632559826927
12.544908236096072
24.9932130108034
21.547389192170584
10.837047990103233
24.753336925357665
13.128753285977075
26.509885743436985
19.540286589779843
12.45190622961085
8.13071686035349
12.044258145594709
15.91356256716852
20.881448737192574
13.498677308009539
13.59928861889282
14.544543187900102
9.43206453068072
15.00052457467724
25.164094599430477
7.568762123462898
28.57631852436685
24.133628728479948
12.730881863010286
