165.345136015448
128.1674874082326
98.69903420575068
96.83389586848978
194.73130810219214
102.90647300496143
139.79852197689604
118.98501215915607
70.007540246235
129.01676925955704
93.10134675521702
63.105387810599176
97.86515620959618
65.33344823491827
122.09038541848871
108.65259673403662
60.23644707620465
65.74335721419042
79.16640809136514
84.17389179766512
90.61558792747128
81.1392158080011
112.89242689068149
117.29691970989798
69.79990264897359
66.008140571591
90.44400291310531
91.29431267010378
97.42746356454529
146.78010298600475
67.75675397441603
118.16391649378926
84.17873606321477
107.3022498609784
102.41608572932151
70.66081733986542
104.23101442022507
70.92794719087335
87.0086531936837
68.58259440842725
77.32528536780686
103.3791043831873
69.930023921268
76.32705927738127
117.08219928991201
95.63670026911166
73.77397705292745
78.60477449296482
116.46016913389066
90.60482941726535
138.01665691929253
64.62090611252881
100.14901746862863
126.99641280188148
92.59130803349045
73.11460679422272
74.56978601929679
114.24673746072922
61.100002965409026
97.43508180290648
112.6821654803861
174.29902862310274
88.61176598941611
84.1629678690724
55.89106454796321
61.66250972361951
154.06840086642092
108.37414619927006
69.57906921278342
113.04185678868382
104.58918615381101
109.34669739518507
76.97240508020175
147.61166907099994
100.08416409627903
82.48818445633451
84.22573047308651
91.47561996943742
94.94989291414434
105.40307689483774
62.00944088816033
102.89994390841892
110.35285324243289
72.12871429129292
67.07270952331224
91.25621734606764
53.207949062526374
65.55825332995528
71.33805950952016
58.84566411838097
76.22604147956062
132.65508062876862
91.4910615333751
114.25185947593546
84.74685749940029
80.49417715104306
104.12683287159763
73.5797569305343
74.03721982751777
96.28474776126393
126.19402091185195
94.73996300881065
79.12521308243022
79.34307441917771
82.71730271464784
58.33473959524873
80.17818512673315
73.71728688893396
79.94355885371473
122.77254113596013
70.78730534698379
77.31371061393124
93.29818073082575
95.58262469460935
106.357147129166
102.94858863712437
104.50766859717608
96.28714737845203
96.5676150214253
74.24354176287544
121.3776106836145
104.50800356842444
87.50878109585686
73.58784571175045
186.7854190030585
82.77389688258482
78.08917657112276
73.18207170276798
80.51700364697791
92.85407533042299
122.70759783895058
66.09175786463581
94.46705793679011
89.67563154259238
79.37324921154689
75.75684384954675
81.20761225850498
84.17279400711088
64.45124844097735
72.30116361621273
69.54153955078849
98.81375880171291
106.6158402714272
165.74832610834616
67.00576286721594
63.78759320090433
141.80529084556417
106.15616670442047
68.81947554715292
106.20524879589482
77.39986056632227
101.9299255820328
87.97570924481816
131.84197675936863
106.12724377144755
77.64626680576995
103.73369024818987
89.78443403033211
94.41166486308074
111.13668400732773
116.56550373597578
71.28691039289468
79.86167402228173
45.84888644258559
60.02519894885222
72.33850654223731
87.96528912395553
83.78341795297344
93.002457429375
90.2116387264387
67.66976819323361
46.357533640864
91.00707471994647
142.73256467990046
104.75702627263324
144.39469625226394
88.79160413346476
110.47314130715829
81.29524730856522
63.58673784976503
97.90879825328834
158.56233853694687
71.31909722588998
114.32725164415298
83.0535595661324
102.50568683368779
78.66892771564196
92.54152710854532
100.27071766766605
130.66197393883516
113.03808196695763
78.4645510204535
70.73980820766596
149.98394798673345
73.19119053202188
80.56693619545686
98.5907659560343
77.88562972644876
98.98491064006757
116.10673418278374
68.28183692233823
122.27853237338846
100.90311992103935
90.1595107141309
69.11976269501343
96.88136267349398
74.24198560441701
76.92170508861774
84.60657208515175
75.82578841433786
102.23586986530016
89.20300286743917
86.21477198875698
68.93204532360213
82.1017152604141
107.35260914898974
92.38452904194635
66.28565611413397
117.61854481495946
79.69351976014623
90.69977100319717
96.56072874008076
74.72287004246272
71.56545712952051
111.78756947035848
108.01299287366741
110.7123084697078
98.25210231486666
79.93202279618488
101.86411987981296
83.04195861457295
64.39044826214253
98.51209112974107
61.85116755086211
78.91565505266175
108.2259214448039
83.24348673653546
76.7426043592892
110.48858787399594
121.33966900618165
74.84701502860483
82.09281791064672
76.74660503969895
68.29124700518769
95.38599662270195
66.15086468941128
90.59197649359363
80.9424846541146
82.04263645426693
96.11718847786427
60.61850898554151
64.58229302895064
118.43095376809258
106.48484441509203
62.38206592607667
61.059735068352396
54.06804041082075
93.4079589925609
70.5671569207503
73.71192292995939
93.00561645361043
107.01502341224818
92.37032946076702
149.91269951262552
89.92973231479179
149.81241357016006
106.11996180625567
106.95370891801129
99.13638884116584
98.29418821220409
131.52981255257598
149.71547739392037
92.45862299852776
100.2291931651627
83.75191588062012
75.05984512501038
76.61906499205952
90.6744584960088
71.36312530354245
72.36023876284695
71.91066451681822
298.3681530833684
72.74693548475331
67.38756236235476
124.12179449083911
121.0308685780796
118.49166272700316
134.48086788260161
82.55464690716333
86.96958181720218
71.26561506459255
79.66567276928977
144.71828726023196
93.8183243621709
69.70637614414316
111.01675376532265
109.81278739530016
83.87202227778813
87.22567258157434
68.76071402592761
76.29474704979702
88.60021544799294
105.26586515848469
87.87755581986329
91.55734725949834
102.69733847740939
87.54360170687544
103.18557056805824
105.20011680769785
124.73216824976
61.71371479982686
88.757864342513
67.88104171666907
67.56587032010964
162.11238384513035
71.69814802020296
95.38024816306
69.71192497309876
67.50668341267968
93.28507007296047
80.6580471756476
100.28083673071413
103.69096422198436
127.15856205064343
127.48836990778467
68.84018407479809
90.57536343800552
122.46199750332264
89.65795359025462
112.77873092348283
123.60956127012084
111.29354661456321
66.2631219423489
100.22315299726445
69.25342223337758
72.57787848730499
42.48043416502178
103.98851543463485
77.94431066651808
113.52626314190996
209.13527676157065
130.90816667775823
82.80241306921843
109.4490023550301
122.43506490977232
115.98649225385958
98.07189444681227
87.0796031452105
84.11378256442518
97.58919389566209
65.91577356968442
32.115976022220174
69.45887105667933
159.3475589784398
98.10103745441432
64.44603419484704
120.29358347892556
122.5207389239659
63.871804088093164
105.57711774627737
96.0039435406239
86.6900436342414
106.48582316724227
140.04946311838287
109.06298799528162
119.15988591452842
97.88819331773617
99.39093158326166
76.48018696819702
105.0927032418961
52.91790241461294
124.16330460671223
113.34594710916286
120.0784138828199
49.81358512201336
49.0288916130292
119.17257341832403
84.2967992946391
66.76347594955737
139.04895578710784
109.79836716367805
70.3577958304478
82.41040966123799
121.99738991759854
81.15766085512482
75.5747167937236
72.44694290116679
117.53897804352056
88.94480063239246
96.22612797494487
69.54464342066822
93.03248081639023
60.50443966388956
142.15132891364584
138.8574859595074
114.2307379909641
164.02930123673326
75.64741773055451
95.91126986865896
142.6547379976066
97.4830615456695
86.73207231162992
91.4822820408117
111.09035908814788
136.99613507273088
81.5967351032151
88.15017552538829
93.86929735589511
69.87882353070549
57.378024445736145
82.82035989069037
50.77301702824839
103.90781487213474
124.9763365050359
92.67921022857752
58.39387782022114
74.95062953216065
99.55490679194519
87.85640292292007
59.84386675188789
62.37813365529453
99.0109887871625
61.67575422597539
121.91835791768906
92.22301238352357
75.29212649847572
84.13742198167651
82.56263684495346
111.26074956774814
93.37017058449975
121.41139342332482
91.40341111112656
97.62936822727191
126.69478848664004
75.35996268846591
78.94960257715357
74.49023138555116
156.50334187654963
88.21914565288242
121.83305872067758
87.68069714395959
68.97911225828463
67.38738880891616
84.24656853915042
77.29086474273915
76.05005065747477
73.37734167884588
86.81901922114544
84.01464131251589
95.98938435511599
78.16783156033158
73.02777892954757
80.4215718584862
70.85127501913814
78.44456115163041
69.88687655252103
76.62737436344467
114.89615044657526
68.63129230953905
75.42364511408715
111.89036278094898
64.49651042793346
71.75451641458467
151.33621947227064
79.31595527924502
69.561264843324
76.4316789563383
66.77012824840655
62.010243997406455
94.58133869948028
77.24487350293539
82.5724996128919
100.54468420635898
90.66158068303194
104.3584079486922
96.55839621687724
126.79891123089813
77.51709084174911
88.84600391426576
152.70751125296135
81.44136406393572
58.763891002945975
90.24616076240898
82.17736314276777
73.38490504256778
100.553671644593
84.73322964806644
58.851552860928955
112.10099080975083
74.50037497713687
126.96927773014795
179.11922764217778
102.74269590312271
69.84327058733125
61.62037692219074
100.02880014022165
106.27148221348186
84.00160693690587
136.70407503157688
81.16935557680246
102.90393717108506
136.0963636686389
108.39132682151043
75.52273399507949
62.23276610103681
88.31103621409835
77.84200208690191
125.54306294944988
120.34618270728066
73.13146930154205
78.16117995751958
100.74472508212573
77.14543611316402
96.68816057745208
80.83139361246833
71.93921859271082
101.86705960136946
87.35354775834692
74.88213041539402
55.744586483990055
76.13981766234814
113.85010988873694
76.71088914360799
82.36980856662903
66.72600106328582
54.87885442394774
93.6108518864837
62.8574699918417
104.39113902538062
109.34212398178877
82.41860271800762
87.14206131420384
112.13208158949463
75.71971220511406
125.26736606991682
69.83802296185033
89.47363249185061
119.3602685279563
60.58034559940515
89.38016547386654
65.58013779585902
96.33394358531334
177.40837069842655
110.92903598668701
159.99813752189587
112.72148479000855
47.81020735512699
80.07045679076256
106.26896413789042
92.31207650699108
122.98791394472705
73.53586656511719
75.52452685658393
131.3374681193988
126.50448056065527
101.95476369114684
80.27996986686075
92.6849210088412
87.76217220957143
127.11385582275956
152.3267009491626
121.525626400107
96.06832107119833
59.772689100481266
99.4820555769075
115.99873400431295
84.78616800420664
134.97252541441236
106.30888261335288
62.538339226270665
74.05954250715652
62.30487685941258
105.77696474322393
63.290297115011896
182.68281032736863
79.88097415120674
75.5985435278496
96.60080223985776
106.91200158889593
98.85088450911338
81.84116918341022
84.57489650102896
145.22366162467793
110.40294771566272
90.56217888475942
60.713886292276584
81.09959869718139
88.81951859603339
72.7608865300266
81.70561438444489
67.6155868715159
80.98618927518835
142.51134512965973
79.93886786655477
71.81524437243911
69.15356045715964
76.21129482972017
73.8955235523796
67.59734405050018
141.2285610313846
102.8984625799159
103.61653388516994
98.03091658654914
131.21714414687133
86.84359529762598
77.54963322815871
82.22208011840289
97.77905810051895
73.04454007817125
99.65080344120165
58.340491447667844
99.42756166123064
63.16186348835395
124.41123587406886
64.82366051543337
94.11965913038736
134.27314409902675
83.20498609479246
78.58849111579231
131.65289236996426
101.23591984954952
112.24260086851558
81.10941313479063
53.93330341977474
97.4054723167822
90.22704393475591
125.5373664041127
83.85466735790071
57.38204216802556
109.50452840823053
122.58126286460754
67.484316013246
61.39657221213775
84.19861156882112
111.50898155769376
66.38050446587889
136.40461755293342
127.61221375095708
87.86447913971786
118.82686069408015
99.44750466958142
80.21422824981936
124.32178099806764
86.22678959918959
119.66507465929044
117.41705082997078
98.0429063396815
66.62079892998916
81.63784632599956
130.22956016335834
83.67906906823498
100.66960534004235
75.79976390885048
98.92466221744084
64.72916834999496
73.17299980464522
68.1799255523308
80.2110911322374
92.83142074561349
67.44478957959527
72.45146267299607
90.44065427387758
117.02033192764014
105.0966306563093
95.52560686546002
96.02068141539515
95.69857620662573
68.41796723221762
78.11618991494969
71.25815904060649
90.47678722792637
103.96066280281735
89.21502722434977
64.42749732933603
63.916606041009125
111.95651768456018
89.56214720060863
124.81780619622751
74.81528231533585
88.48655497317947
96.63137219281205
145.45384992924872
84.05479699775589
72.90682334354204
77.14575527321973
73.8288660064242
84.33963337662784
87.91845624715286
135.44466298463766
105.580929410268
109.5106662535378
93.36580784398404
93.45937824070343
92.08373022001136
86.70346457812269
139.21755801089967
67.28870239410561
70.161287900753
53.482255619292765
48.87437754478112
71.46199984819148
72.96880752370379
83.48809994363992
105.91844016539198
76.65086537272985
76.64802006890476
73.50619072754802
85.73250691920741
56.718993560781946
99.55375856770605
109.60829473170526
56.52224429775313
74.67506241414448
92.06962755990004
72.61127483370996
87.37329677165985
104.27495901827753
89.34732968972331
133.25220759181457
74.18246485344953
89.06979327904487
133.40114714232004
83.82089409949121
148.47776050644612
93.96346273927772
98.84488042429935
75.8103500773381
125.55241395620742
84.61655053910219
83.90728258329115
79.79768432165838
98.232878851944
122.4565519702103
95.13322078206085
98.25303694016235
71.82983194368401
136.49280874272904
99.28927119972026
67.46987676323117
93.00707211679384
73.3092299283263
87.90617117935312
52.52432875508468
76.98699615039297
85.1523591444133
58.771337861940154
94.35329096618446
103.31820719047198
90.39400013250814
109.7577692784509
139.13145009632424
101.91256989579995
85.63558643604614
66.02978036312199
78.3067128481023
94.39511363310456
97.63174908002475
94.46957921728732
107.88940529615367
53.517760649286636
75.43812705995843
73.7300722896359
93.76736731783492
100.7638084548355
85.0106052267836
100.8096245803533
76.668237421895
83.11528746243631
104.89612616625817
70.2389697780734
61.23799236492541
62.732698087286686
62.331542430923825
64.87992615097696
124.87675571187636
122.26771506036825
80.27715480510086
79.17216076526375
155.4615245138413
71.64196447648072
89.41836304706779
116.6871028296
78.86950698528105
93.61123330721148
84.98975736314578
83.99570003384393
95.14554325033475
104.38947744854772
63.51273613325545
97.55690839752087
122.46972851524744
184.53866924632132
54.71139357421572
125.36738364606235
113.48222771151826
109.41074088708362
85.19546404972932
66.10198046070586
91.38485662184799
177.06926030390187
71.90233823223771
92.734193094622
110.09158865411712
76.85084597419981
89.86918695779762
82.61944511345803
87.17848705034415
101.00736070240414
95.77154088270362
77.70899528079492
75.76938561443585
90.85653043300478
130.04894031871484
108.54865555139045
96.67160059473841
78.47361746113752
65.19808504345252
70.49095179300254
81.16167571300322
103.50948915643828
69.77696588566424
115.37528609971048
101.49222866287482
99.8897936552247
105.49844867953016
78.43694614748249
98.32777380992795
66.27672670786774
66.58860377056969
77.34094677436826
116.16305238729123
99.3942945906008
62.64147167707515
61.31023160770997
71.04585029359444
134.26262559243708
96.8398949799236
112.92957768150578
80.9755849529665
88.56626628650307
130.31073986638754
88.1009182154965
100.03403686882581
114.50115676592539
88.43255605594342
84.94293579719162
74.99531309624263
123.87223406825632
80.1652531822332
62.0124708330049
134.04001180357992
90.74227469590184
54.087140751319886
61.764202112708034
90.39958971620352
112.36245169937598
53.23045575723459
86.38105694256357
62.42032174476161
118.62749411208941
83.66113967197352
60.597782109051835
99.52175798168913
108.48688838952718
83.22643253924664
76.68515891150271
103.22042686094777
73.3105419438584
77.44752386426013
72.07829943705472
102.54002391325285
155.8746552575383
60.43470667361417
85.18502403932594
105.13275137992375
87.42228434467455
83.7495859344327
75.85918289069267
101.55694181929422
59.03637435162934
140.4272231708683
79.21508314055448
119.8376095827515
91.75626384588611
81.56483646294427
65.01643096803758
88.2696011925965
60.828077453218974
103.09954862254568
88.14013881368224
150.33400132512074
121.90551904028204
163.93748302491852
94.36879960913657
95.47045903469008
97.57104553004453
111.5205434961731
108.29289530529451
97.22663537141274
92.19327595072122
87.10499598150969
86.19505513092453
94.85721199222198
124.66507405988104
93.29373314490739
126.44098795079641
134.4871001214153
153.21821059403672
73.86936091595263
82.65519030486624
107.56643727287647
89.8367721167631
97.61844026886305
72.0565871376024
64.05892787839953
72.49948637041307
88.69580835829211
81.98337282336226
71.20175964259857
72.23041460302076
67.6688901109857
92.82283028670709
183.68979394400176
58.25335398435569
65.14493904678487
45.706294838173115
71.89084391977106
118.68240114390571
122.2388983569226
95.92633843601787
85.7051693003171
82.36697541785335
118.07615897646168
63.2700840341763
84.48874797739487
93.38263829775819
143.25066921138077
95.88868012892753
72.38532366328933
91.20986847450926
114.34660109286847
133.92783142018644
84.81441901630733
60.807505761949564
81.89954730924902
169.62859067964803
62.28316030307403
75.45434988029672
79.83069959445133
84.11938786753053
118.9572758630409
78.02938549922509
91.82874725193597
95.19895268849632
76.85250949487101
83.91966481114204
80.27501469879806
91.95298840739264
95.21267213166499
92.31958797603855
63.35169681464177
68.6577452543994
66.70834488984046
105.31191711441143
97.8935829836876
75.37857656233558
122.136732005435
67.60891383066833
93.3009351445407
87.94422984295625
61.35541671440512
53.04226011387296
76.98427457725059
88.31831796294978
129.40559275747208
101.85904567820722
61.405037756678496
77.57558135812424
73.10797757561225
69.01673321906446
108.06095051200984
78.89000067031112
79.50242842297874
76.02924762552404
59.11143468966784
99.82472990524299
73.96291969087407
68.24561943760759
109.36216425475263
85.30803647058119
104.26013734778587
97.65651745106972
80.5536931602041
108.81411778182013
110.80952929504558
100.76848367823823
115.45891966288791
165.30902221332164
90.40909150872668
137.02319703678356
109.71953720742754
75.63833455331263
62.50281530314526
98.56176460314072
78.71988328877403
52.4585682310973
66.04644876615001
77.24720478968139
118.89985198268278
106.67052289890557
76.60718707280463
68.50238149622243
75.17967132412114
78.34751476564624
92.64305384167795
81.76568660839344
99.994100452809
135.40033997668434
77.89597763870894
91.22190068924874
103.96941461601818
80.78690540684853
105.13272782424575
93.76888855566366
72.39668385135857
78.93195620418177
57.42788438353479
68.66632647082524
77.0152641467092
96.81154911500361
112.344444028794
121.2768098796239
193.69455191533552
68.31287088802318
83.53813955100242
96.21354932855849
89.56768343192016
92.1935918079317
71.42125540694893
106.47035147446395
82.84105517806154
151.75531435695723
75.99636432715063
106.74315530988083
101.05643189669684
83.27783174780473
73.47839116916468
63.76386675513713
67.4094446382049
45.51704674656417
79.14494606824438
164.06433457246786
55.673226795173555
88.657648059878
112.64423723805128
110.95445968620767
93.21704147224813
97.03927114528642
72.04077464673044
143.46881141671193
101.48742191708841
87.48723323021935
104.69745720301576
90.44010680916737
93.10176999114093
88.7060380656499
115.84319298429622
110.78024389027745
120.85442119340269
89.57058508910906
155.02492608770496
69.04306556878362
111.10984094260859
117.20343991005645
89.64859003972526
103.80617302259691
79.80743545624927
91.82988740539658
80.09079984129308
86.73534680093275
70.49482298661376
138.52958865489614
121.50389987469599
116.01249045991833
60.006997187968835
63.75783479761713
91.36551475545276
68.60953764432772
69.57918785538362
77.01535811486727
42.066275278959445
74.66356357865021
95.05036437874847
73.12534119387011
116.02140180524678
72.65378447008727
124.82982218148932
123.06916044425932
80.79026002374408
112.21776591752655
91.8085951418483
86.5573616539663
84.33033504251098
89.69992972000553
91.77227864880095
116.7790467890957
132.9227568747094
95.86448130018776
136.85894509478652
78.24064430210096
88.901531916469
95.23968506399765
75.44678784280818
88.75186400513083
96.13813456360107
84.45188029104918
75.89895173365024
59.63327710009548
118.04384291565914
76.98248725864248
130.20429856513695
89.74338734308563
131.27974269017162
134.01458741772097
40.79885172935118
140.6505524883296
75.75057737680537
78.1081395523214
74.80880262755171
56.24686680642527
105.8522285743704
91.65530931791442
84.54204933543036
84.83680838913892
98.80930942313269
136.6702028001611
93.8005266058867
112.4080016403684
88.85726555789815
79.02060570841165
73.01783318441596
131.57505054662025
110.44650413860144
108.49466240007466
61.85002303217168
78.48716977039773
65.64003106280205
84.59163385518374
84.06452811574728
67.52291134745441
132.7352823672739
82.02907515400997
139.21693257525152
81.09477783845418
97.09895592908016
139.62373176983604
68.03570564733423
80.89710696612286
116.15116914354611
106.70119671166512
71.01156681068775
137.0905366458447
93.63540497176714
163.45140804950353
72.04009763962642
98.01665098480572
89.3938533618349
82.87079732361995
69.09109924016876
98.57589029710974
87.14659498221181
81.91733507701214
110.15215561842237
72.37884380732173
72.38929139196432
121.38812816106808
73.31302248902568
40.98556029410812
94.16661429270587
94.87405844361513
87.23313495507094
163.85977299294169
82.5275324667248
71.46079709714547
82.82351495713198
80.17757370259478
78.2382896552985
106.11533609350607
73.56320237721907
82.67081456605659
88.42752693987136
85.8084345207514
99.70332172570501
87.60164441862193
73.25163259720429
146.2963636921786
111.93210060705314
55.839037830191884
67.6335336281531
44.116999423254434
65.92599321886891
108.9110781284976
71.74935284974949
81.36340328258267
75.45478011770054
60.9918591987489
75.17439914366402
69.89805744380602
121.25703274231054
82.65887014791716
56.07903968848622
95.88667699007058
86.66570743527848
70.64535539717176
97.90753941078741
93.21337975542393
86.7977658654244
56.38975685135389
131.7147760726118
107.8791153369717
114.91466356520536
86.22611033919506
58.673166768137605
89.36734723860789
163.6503811427021
82.49701869957458
123.97662999893713
84.5108729426865
86.71328601410939
85.39380302280858
95.29997881193492
82.40842831636009
77.29855257857862
66.01830214220816
70.72051885239934
85.33726407807458
88.49912093772657
117.67208753919213
130.0172026469735
75.02964573369498
56.497850686750205
109.38536461249588
71.88343085677712
65.29266485213662
76.64195836253907
68.71981940128897
115.62024390492245
100.4603487858765
82.91801667954871
96.99866943958074
81.4788949394596
101.47387025613
92.92120582084073
85.61377444918685
81.96080986810979
100.0498171662097
79.54901208568026
101.30272211124563
64.91851750936739
98.2551619614466
76.02164689719419
97.18697579190074
83.53021092548028
81.8650589054792
122.37821599691796
139.58375601992327
77.68463450570941
110.53479105136073
123.58062825983849
64.15573139693497
117.6407060369525
70.89720805403412
105.27567867815245
67.86367479915306
66.03233784012949
74.04441066190962
119.48380940746554
119.81214486128353
71.88037993148855
88.04297292257394
71.4984549231811
78.7943771695876
71.98079837439352
88.76585652496584
98.16101202355657
93.64866608692397
173.76830187255513
63.556742687498414
101.91827572167793
79.43819312685753
90.24136204042581
89.69062077347805
84.32150789340831
129.3988258416189
73.50004803935984
118.09855886569294
90.37203305123424
85.55099864127504
91.04444527694908
89.78652105351755
90.1522371303937
57.604146482124605
106.37161626127221
113.26088763106408
86.01971767258748
127.81940028041514
82.53997723478537
83.93438343639629
73.14353426249761
78.78526238361334
90.22801829960667
109.36535260501694
89.55015331764523
59.916713171446055
134.48183102601098
90.45905706366645
136.3656942826283
71.5706503160901
103.29059127559648
142.90757705829557
75.84163392100226
86.46940197394119
66.46457704056222
85.9736429358855
82.55366317895613
65.85172566247859
53.705628245507306
78.98078982213605
92.95261971645128
147.5734584666598
123.78073659570279
93.64145593720417
96.30257659027205
95.65621077528137
106.24237233430172
85.99957300441856
68.91045943068606
101.66647024096495
94.39642461255012
90.88547315697949
90.54319205189863
74.01741512393669
82.98263245542745
74.07122714793537
101.44891499600321
68.8571238874641
104.06620101758463
84.31489207947277
80.24798241738553
98.90667916896535
96.35854872317991
123.52640739138656
80.54351337954449
84.11224466119404
65.8637786049455
119.70126538605561
110.89007595292605
110.39319996253063
111.15139677098425
78.43395785579379
115.4435830679568
60.18809247304012
98.58092793722363
95.64109722989525
78.29630249281723
75.45102227766
159.81402679127964
73.78226669676847
98.0253682080948
117.86956747653154
99.14200812721118
88.70143796317817
70.96472304764109
113.41137320347636
93.86589238872556
125.9777799102063
105.01957271246086
89.4673793115221
94.7081262972053
97.86280577681588
63.13571366648881
130.22385004539424
108.80910815094403
79.37986423966073
91.92592042767448
134.1117983095692
132.0152866651298
88.06759542531285
80.481506448964
113.94048330813345
137.76795381203792
58.19679252668345
96.44626292128987
78.75068075839468
113.6464667508768
111.58675261922544
63.752542878020044
91.58514075383101
148.38785236162033
63.61440046689272
81.08133445038087
149.48802253227623
102.61597841827536
101.84936436906482
73.35732606188017
95.9572385284136
109.51508783676702
77.80060304580951
114.37005328006458
71.63670601965192
69.75714700345809
106.69384153499348
70.82778609410586
92.96945755357608
92.1793893300227
90.95296474538763
112.44308920241922
71.71069037812244
121.81151795506551
63.85060879457909
90.49069854277859
123.0970541969201
118.26513271168831
113.00809894997283
118.95183783795287
77.41671268125204
80.18811484214085
99.81268628515511
92.18129032715926
81.06211616567118
83.08007247311453
107.72134510348667
93.86579387540252
58.87253672682344
92.5004370334923
85.47538751274291
106.98590213882795
62.90068659684241
83.1678358873992
98.48574506815861
68.49131296560877
107.48316858291322
94.87620266276954
79.36234097868135
71.46893197230513
60.44874828515708
89.29135955311736
108.92667560955786
85.40623384805289
155.75944226030182
112.9416510738875
86.54930111628043
105.08557263791107
70.06732077965076
99.69327624898185
75.07688230676786
73.04168353044118
83.86854324549769
120.2801664199573
82.35510932621179
77.69252624986407
125.18779487778626
81.20298189160972
89.1049654693511
96.5279007983627
95.93878419410169
84.99732134422334
107.04448274391407
79.2785810019395
48.34057930726715
132.2578008743253
166.506792101877
142.48835978110782
80.30236042586118
119.97430639719448
84.00329735510051
75.47578588691538
72.6356682602028
72.64911027909541
111.67523791718827
141.97890156960372
90.975636264507
107.88707589831941
124.44299330454503
85.72391110429736
142.16364452827543
129.80221318959835
116.97597161699585
72.29768335085686
100.96718270476386
67.37381751328692
63.36458294900186
70.11010196941587
97.38736111833131
142.8596336889918
66.21269335650666
158.72000039046586
92.67260861716571
173.88816581592218
82.15155459967744
93.7960941458624
105.14536680534744
101.73678678150073
102.22685507410287
102.7418077682864
125.3992243088233
79.47870108536253
130.18304272666904
97.27029067620467
96.96199743852273
75.90403569347404
115.17696516841391
82.66846809076647
78.23077060717127
89.03781257685398
111.61889274504186
86.49012687570506
78.31265452629243
105.61766875599992
105.6483646637014
71.75040665370322
146.0389596829905
81.61450013674538
122.62837406006777
94.00261969170404
79.59511810510568
57.087480849418256
79.25754815663174
71.62720202461185
79.4053172399679
88.43780083223781
100.91951523939544
133.53148672026077
80.3910843515658
145.26232480969875
72.52485188415707
96.4722378673101
100.47328212139473
101.31017486916207
58.45372155052494
93.24861897223376
71.62530186895566
93.68480950104014
107.43217204521054
70.38427352772683
49.79070664371398
85.48597257087742
78.64647979896986
63.87662268015446
51.61014494444795
119.87223637474445
49.14716369217106
68.5303841151824
69.31994598885586
59.720446140221625
99.68512694605312
44.89540806308533
153.21601724776224
92.66528284604564
91.70669999508566
74.9622085277191
116.76121448017254
93.71220568868456
82.63767544726291
77.52274876973938
103.4198666726542
126.46313859203092
85.63248255564952
95.00177807075455
67.8097371364127
92.52432492737216
63.34138389648767
80.32930103715255
76.78184956173747
71.7167620844733
56.288948622294214
58.124365575538576
88.09354387068373
68.40225976101829
92.60393329050696
135.5997857637148
72.01257753810218
92.45545595878453
110.79709593739939
100.86804877817698
83.05823406656424
84.66173065804963
64.89346460810997
73.0363299726102
136.1480760156936
65.36491817834965
59.791403425705425
124.80307785914466
96.31529128774574
119.23592527595308
128.69672515098645
74.86479182624184
108.16012438883939
129.76190315600536
85.05696921958639
61.58852723638171
87.8033262919368
101.896851751648
85.62175951081913
89.56045276155044
69.07668997811001
106.63919982359278
118.7816945389448
74.06664630258155
100.49892356139718
62.81426611379087
85.52598452573082
128.22468964113324
41.66500416781729
109.7993776740787
108.06697084674819
65.68360677930274
71.77117384714539
147.36272955077973
87.65018762118677
99.68831341071433
116.69183948033314
85.59547445939492
121.57204015255788
84.62840969205105
129.86554185378495
73.24456263940775
145.58906467264117
134.47286553470505
61.29971014658
88.99354167211754
52.94851453764502
164.8436183536945
68.40203105592646
84.17027958737576
99.73898231761434
78.1318684258379
112.2151174722475
85.58657312408502
100.92283713398609
110.81652661123888
66.75557273531663
71.28264719557568
107.1064475764597
89.46517538664587
79.82504430956998
73.88108729787754
90.09561197941117
113.14294599040322
73.43874582911141
68.87074240105859
80.45054255286942
132.80224178935873
103.59962094971313
76.97755517927425
63.09807890798965
93.70321746414355
72.55315767540937
69.2649964337262
76.38089415021992
80.68963144186664
99.07167317519003
57.150008965497
89.70858411080866
73.12879400985355
76.54352110739813
72.99169224793306
65.78418668887564
85.33339877417812
90.41096252170622
77.48179682708792
104.28619268212071
51.62997644318237
104.49284139855932
99.3890899273129
115.28206493531181
95.49459780877655
97.36461162991998
77.36361233587996
75.98728066602727
73.97074982871194
106.47917905978342
149.63268794662892
79.53812154104301
114.51149155512911
101.34496967766955
117.6207190670346
97.32148042076443
90.53162775143598
93.65046384259016
88.06795973739317
87.3472382594022
83.86931870063603
88.86943442301757
59.34612618298758
91.37365680029428
90.71568952019406
79.69293585197438
118.24859213898633
101.33667686238556
78.68888982592632
104.53315612778906
76.53475260605175
87.81287544474803
74.96209604826197
127.82904979318106
78.95560805528929
113.80014367937325
73.9696368680036
78.66693055729117
83.03809835318077
63.409849500254964
150.4478106789641
90.73174217319037
105.77589246191299
103.0785480408154
103.38590824624416
71.30799298214403
82.86690683720246
97.97537543949578
68.2032324215713
80.17987222120911
70.5921294736518
108.70336538815064
97.97587773112468
95.79152220948116
88.76485515864019
95.89867201992479
102.57657147322962
109.06168112519741
83.16482335840381
149.6031689452687
74.34294220216309
93.3212376172355
84.37977974828964
104.79054106407324
141.8115520218694
98.68725862820723
87.06191091386741
83.48892637808768
79.93831076501706
72.00050101730402
81.01619393443349
55.333444696072654
104.22660973599586
76.96871562142724
102.41804863415818
84.66798662573693
115.74918689138161
116.10583229484087
134.1402733181442
73.41967215725684
73.43321569891977
127.26398416946452
91.00404075307583
100.97779109478695
95.71173233743066
85.10114311540524
71.45128014541595
89.9204501997998
88.34260992968152
72.02988361148424
107.44899981264817
54.14512690555433
48.5146222003245
130.86759990774786
99.24940835729427
105.11295735371775
56.45427901273569
142.2888388320716
64.98384706134705
133.68860831890473
76.20814958858425
119.23996138092885
90.73632824759873
112.52325579583258
90.83927419413122
97.42723138592639
102.85360053428165
85.13750154312415
129.45797894074659
95.34964446849557
75.44701840711069
56.801196293872344
64.48035084142842
101.56876934442059
111.98804268295326
97.79294406375111
68.98675540391146
73.8906700874377
87.72814262521258
127.44458403987602
98.18998511890433
98.07201929355011
92.1395292790183
83.5057682488565
86.51258332793748
77.33932907637505
104.57941384209424
93.76503178106444
90.63676628539983
78.23875845907612
95.57182830713958
92.35480812487182
61.2355787567359
89.4078151366686
115.81452606914999
115.90840601349414
101.23359860724467
88.37395933543249
88.94729526883398
69.15084483573357
91.7655604801148
93.95055023244292
93.2038661673757
84.89594671755941
73.32442369932065
65.75119658870355
109.2963356760188
57.74267513723061
68.88681929950182
101.20426773096565
100.38237230605247
62.724371699778494
62.78967693658431
99.35152886512569
70.70876315001033
113.26323858512477
50.46051041000441
75.36989663590177
105.89251705992642
92.60927790432503
75.93469349046246
189.98971519722164
90.11895032129213
141.76152491050945
70.29059000586894
91.98447504311036
98.1772572700012
67.94065504642077
87.03559744751736
101.43558171201053
101.11165448720851
91.22222660682301
115.07560486952468
81.4823076597732
64.28572319741255
111.2016424311274
56.67191046726512
107.81982108434467
241.38971923524144
132.35536766386596
114.20008924504563
77.74663143974847
87.69095462808401
102.40056978415937
129.97749444976074
104.2671514753439
101.97844625627823
74.94097280917158
126.49726264313479
71.33674732405223
104.23134029832804
94.83143903069204
69.30892053871115
80.04691430432739
79.03173707869583
122.32803984731137
104.7511714971175
151.99091165939973
102.31328870632423
76.84264146207123
73.33940783971832
113.83501207061373
89.96596710578946
109.53229790695218
124.52302627634597
84.50618554536219
121.75274746572997
98.69180645140794
82.10482303851514
107.83622580162593
110.76130155235646
143.43906843968676
48.831100222563265
109.0114121096278
53.819759931501174
73.21249627744663
109.5503601710133
157.16623410426897
113.38054265587387
71.1755704595798
91.14494800643295
78.92220712400527
99.8808458528585
84.3048459882634
85.20278046338503
94.93859375635074
97.75174544322144
96.5579748277515
79.14605494286954
79.6982636019443
125.26216831649822
108.17505085959579
76.82387923150226
96.16158396086722
124.46266780554842
65.18363302650737
65.92079210895439
114.64096606599388
108.3324650719513
88.64147834458358
80.92812026750367
61.69926922664414
144.14074178965467
100.16391235743937
73.28736069272246
126.82807185692542
65.94206304605717
71.84496668120765
92.21250845906273
97.5008428215862
58.20988867368063
97.11186572949873
67.525665149354
60.02866076394143
75.24211917807585
57.103367823611485
81.62156691205314
65.73178137752848
113.25221874120956
68.27321361611271
77.08295854332842
124.81717025905499
94.69919892534166
68.19957214122266
78.56002358631018
84.16282484540415
118.01637261219373
104.46266636939016
102.42354209340276
79.37692023259744
90.57097301760327
87.6292752754368
63.34895057060843
92.11713789347884
93.94404420101512
102.23729396453348
76.13810556616339
88.62504540352212
126.03425211961941
61.685915083875244
95.11768968885886
52.276891919137405
73.07678533991503
71.84384052581287
61.98651226752423
91.1021126879551
84.71095395047263
102.70020429709852
122.1604146224081
74.30367637048559
74.96310011238131
79.18407405462867
75.7202776628031
62.87437361375039
129.8457353273402
63.57734003737193
90.89780523687851
66.21621747291695
138.78312101133469
116.35958475070439
146.79435316129124
43.72057201360623
