5544.816458034031
5017.967872461826
4589.970358451537
4425.083981957379
4039.7903990419495
3907.644156389035
3571.155334787771
2779.962528395
2668.246527747235
2417.889879220461
2089.535908434658
2130.0800137563997
1979.028020149498
1774.873248434955
1452.7426507864654
1113.670573571849
1343.6496687718256
1100.269745973696
957.1380523148756
687.3810391940365
648.5014952772084
868.5826304906643
747.3361926597779
801.9251920956319
582.312537876081
555.8868968395063
317.08770071333754
383.36043956729424
335.2171646803848
318.7730118095415
281.64758107814623
206.9169428359888
198.46420041872895
243.24870017188246
258.6407514441293
147.6913654606374
130.48531004187737
134.46354604112724
111.99302536083084
110.73357609389763
103.34965318320096
140.19762736185575
153.55274649654746
111.84539319101228
142.74986063862127
95.24029358988912
62.87783204708961
55.659951217711225
81.71500799002902
98.35311148344415
70.83969541218767
58.272849728574286
70.46487443793652
150.67084914496556
104.09854153345653
76.9093989626005
106.61835453519699
83.33487787144807
153.3423021373834
110.71197906553544
91.12428413681228
91.5447839066157
76.34114123310502
85.05309749676034
91.24149352535942
112.47866565275935
116.35859188019528
99.36671948601317
110.17553881441341
80.72192865965579
57.484110205511755
91.33158806840277
90.40820703067361
75.51585721130816
119.88174397986033
98.17793479490844
83.24121948759358
150.72107454830788
77.7798745771984
120.80146630430919
92.77947207774427
73.23435129691876
136.76042656451605
79.37217257649691
73.82476077452338
85.15993898952564
69.94359726748824
82.62101525064855
77.0245804456477
71.58592644571058
74.91788155086229
84.95863011356869
114.49787251992602
92.66892652557893
133.8941089763882
79.11111674411654
82.36487137424426
59.365132435522916
113.63830267375441
95.83533270261493
132.76595764539746
116.7669189100383
109.9910361081656
119.35298197827629
112.46864469201961
87.81633811316512
81.14539620570315
85.86354371171116
79.20538511543711
61.18629500683328
78.79425072891121
71.09326354963886
67.26285115870898
76.10653051479618
77.2578053170593
75.58486457563843
87.34829424777686
62.82122117741083
114.89325894112153
158.66572775667112
76.21643533308534
59.013211175039636
89.29118660510562
109.96427626447849
54.37483477114413
79.01502659920023
96.02574096260736
48.856429100474514
88.62530527402672
77.35964271676117
94.56554120656244
106.18715032606791
109.99811302594036
58.41862045591609
87.51964795819067
103.39203676361683
144.6867884855669
52.94705738934451
68.09841363535432
67.79871738332851
74.53608497470391
70.38428797888413
77.57786604122458
48.621675592956834
88.50570987567752
84.61408894580971
145.0623775589178
126.27198848541836
182.61420914143082
77.3386798508781
72.5959399398459
60.65085062988677
133.96535137270752
123.40833110918467
100.483304491207
124.83931104331457
83.36846546273237
116.92689081398709
63.486729613830505
78.39809287249773
58.96722289561178
72.06612533486371
90.31650153943409
94.13607991374943
104.26259644057936
72.1990611665198
70.07654109913909
64.785450112546
76.01580059277833
65.3117417129608
69.12223670785431
96.9709858145757
117.86971211991226
87.2477186597023
87.11289664479456
77.02790508066711
71.81276920536561
66.60620168914154
92.8127359352991
75.09389964353694
88.44699431647209
116.42330329134785
79.46469980686744
102.03133241122151
147.48539069560152
88.0270679025113
100.82673714851633
91.50179239122572
57.143272914034995
75.60901294428442
73.38954740123732
107.94070014272637
101.96511020569994
73.9038017020914
103.27820001464458
111.39146586213815
133.39138896888048
116.49073238995294
109.74444392823592
100.47273882780712
73.57772774158836
85.96390301624139
89.28463463797242
76.3357796248236
110.20414343833951
88.91903517194181
94.07463471307622
106.14534949389281
81.93663632563974
120.94893150583488
121.25472156511279
64.85433277860182
63.12523006939939
70.49522922227986
73.52799915932673
75.07863306404651
104.55190517555862
139.11020088739684
75.43850416865602
74.82529797874616
115.03128464727452
73.31056579627054
103.42137300177595
81.80786070882854
71.9628777893938
67.06773173447077
91.47023185476324
67.79493241034993
95.75633410738448
82.44297957246793
104.9010319853555
66.97408160085627
85.04567640390171
94.91819275475913
80.93731194439783
96.67203930760375
79.41020482809732
72.50457446645217
101.6696364696621
161.6185900248002
145.32923104897412
93.31991473296917
137.9505025277077
119.0985516189571
76.2264252036476
73.5585757988769
84.4546088663466
92.98995340669835
101.74421238412887
82.32986220379063
130.69300725341338
71.26365494765825
58.60848162978118
71.4882353602382
80.37533587155126
82.1555609518912
80.35636378497256
70.84032442051374
46.20016676920921
96.73044592765136
83.56648374752707
80.92975775800791
121.31239817734551
87.00267783468121
149.9815583892824
77.12696182458255
86.82570460714508
67.149985709273
137.9364141821291
105.38088131069851
108.55639763179592
104.93368823933278
47.601291261326786
99.7659496022279
86.62470954209869
81.01573028770554
98.93521512837452
69.68108284161036
118.33765213392424
79.79654284925604
84.5982576464221
124.74577869428083
79.65577216529944
62.92420592860418
83.09020733604865
83.7561316452951
70.09514442175366
95.54607719961986
123.88166953498205
87.4185687412267
127.28570754010863
70.81806811559187
59.29848125619901
71.61937483165916
82.06895203788245
95.44135811757964
65.58079171889108
104.1313602327606
66.95741451127857
52.632784681162214
108.1480573890458
82.41818687845239
81.97226398989584
82.15035153459613
72.68662482413245
89.6130470209048
73.95411561689055
72.16670432329389
128.3553979155173
106.3512359647302
81.55404961886848
141.64988730955392
88.29063212614969
92.0565039477417
78.9938633206868
53.77235269588615
103.89521776642508
65.02403380597828
94.47426218601956
109.44005218102295
76.87390229963135
106.26805544545397
72.1414561726981
77.83564873154172
65.81709069899173
92.24289028482336
68.37749654039149
90.43610973927203
133.97974215483592
76.98392863267001
54.63942768894234
79.8411191855401
91.04167774352653
63.05884183431291
72.81136575068042
71.49545173385127
90.47669931528831
63.12739768265641
87.8272694967514
47.95390469635086
82.9571995579384
86.30064562751537
93.79822136748363
109.43963211707253
118.60795245133653
75.01838311467216
97.8392609517285
140.86513638595554
95.4032967328906
82.54486276664761
87.85386617818327
92.34380911711895
116.55612556516077
66.26532345344333
78.2773079244393
99.2841473420695
60.04517835501654
133.34565600976103
69.52456162174506
136.02277685008983
67.29109454090889
77.89706238322698
76.59472832101505
116.85562599349286
128.54905276819846
79.81632292701183
79.61827827346576
100.36572082496657
132.00388474360176
99.5658737210946
107.79791296679615
75.8813611354538
85.27238777352407
72.14265338391684
67.84073943407677
101.42337896635725
74.6868358212379
92.15759158926521
114.89460150109183
73.07674895082341
130.23363720648408
71.16557615068159
107.90898365283421
127.55825722552474
88.07011026337331
70.56074046246856
126.13143627580534
71.59905512723127
116.78896794806948
94.74124806439076
101.55417050419359
95.31463839328951
100.29048109499202
101.10998369012864
121.78532241696698
98.40307652303409
79.88710071469305
117.18733689775303
99.23223128652623
89.277287616264
84.26749373235008
82.2669793889951
76.07452970321297
95.735466276271
122.90095372096914
124.03110610887474
152.0583723356557
89.08020177010162
72.1362669414379
76.78494402251536
93.39453758526665
105.30161044311161
135.51909627659353
82.59100321161047
164.7706099372378
68.02690390077989
63.063944497066025
131.78905842591772
102.92622122528319
59.45855099081621
59.60211288324474
69.87550489765015
57.20527267298516
101.4136059211171
51.24404901989427
66.56894450074684
77.92638766545173
75.8327635527477
86.76283599911847
84.05942167892904
94.68760642010739
72.30951550588986
128.6377830183207
83.7224747774629
58.64019956896003
72.37841659491194
81.43645256199157
63.8315233564106
140.4248874747084
77.17647050362291
55.52887726335285
79.00563485580219
48.83033427164799
67.3879526365671
73.51890183326113
104.34238258989888
141.09924986051112
55.784456714929384
58.57731611535385
65.54485878205871
69.81304407961184
69.86612879680341
66.36564475898417
157.24498669859065
101.98202690299803
106.57603009098993
84.17637947141334
60.69973695530325
65.74406835562155
81.40528862826153
91.00291425666546
56.45897267971552
53.9049128253173
90.16175041050035
128.07689422279233
108.74105781326746
96.49148252545228
46.419615093505826
54.43347915756074
72.04574537649253
134.29267885453808
86.35968758964209
115.16101539877167
98.82781529846329
83.99058433717306
54.42772000777898
73.08928335920157
69.75231639498205
48.139660883439845
87.15704040956432
72.982059701251
99.09071732215409
65.91042128892958
63.886943510735506
73.85019735854938
38.83238983116201
60.24282167396397
75.80857718565062
94.87290889644132
51.95009597671552
76.04270255715863
47.116864455936565
48.53456669940235
37.1297569853997
79.8742647132043
51.409246169674795
51.523938727759344
39.39525237910379
61.90478583666695
44.74219275411342
82.75103949159967
50.99414588859258
60.31506997418976
38.139139571327256
34.3531766782487
58.91895120802001
37.72341305484536
67.6863222637552
111.73188361377117
68.18273783701065
89.5453714235385
64.50033303032899
85.35164321109201
62.896589618473264
40.352723965510826
54.0826349323442
28.30199504736191
61.465748970198554
60.03473949179907
46.80932579575932
36.521627862565865
32.86943390427929
77.2136299043117
50.6780874582017
39.96213638645072
50.31741706481875
65.56158303633038
43.084610514601465
42.18695607138697
60.021072424758906
56.36385213157477
18.51746086044262
50.968086908802036
81.57354888682129
34.491671747724354
53.854186370212965
58.590886659642926
35.338773759884795
55.539348759128025
71.20467030234977
37.65402770038009
44.15601821099715
27.662540783037816
40.897672409303865
36.367125957179525
33.02733302802361
48.79553521902499
29.2233614919238
38.97420908680563
40.54463272033017
57.467963015816245
43.945886169726435
26.480672142207272
32.46236300502224
15.939528652029306
14.371947599256533
49.62494861044749
36.03107816449887
36.58071812102049
47.0298057663268
27.492883666261907
33.26848493705373
32.106097708300865
18.094154737845123
19.965620892635176
41.467663678625115
66.3274954814575
64.99709257343959
53.15111359176468
39.040341320793914
45.5427381279356
105.5225936051635
22.329172976495236
34.52434230997006
35.40375658855447
41.32360426753261
19.430082022856222
53.99370202510697
49.2344832258175
64.72475886676908
54.88919638230393
36.85483774167858
48.608508181489235
38.810279565145116
57.36618422131778
19.438167205135766
28.194529863589086
40.828968128569
73.85885488902282
53.848050603202445
26.982375733670676
59.91422777385063
32.757128284879535
33.47503057715338
24.802905076492348
34.80487583009022
41.74530483875357
43.08786268684005
17.01266169882174
44.147075457649585
21.57048159819259
77.67207635747175
35.82363968976156
42.28999420387105
59.22948737089294
38.96966227384841
51.36621496354233
14.90706777948119
102.70525688004352
64.22381875515481
36.19153258670684
43.46063642961473
33.23912403438387
65.65181244036896
49.7394628453213
22.746704634748692
43.441826217680976
24.972026307294954
51.49675634242842
45.63157232980416
28.28905990338992
36.31341839269483
25.2787559657773
46.53717116702102
30.328267555689802
71.31286314050746
30.841151565387158
37.57993307987702
40.79426909511944
37.788801599532384
95.13563951047776
16.34116715774541
61.30657588115596
39.12033722703638
42.97245077621593
52.2752367538895
38.812832989193446
51.53728344639771
28.478564272940254
49.24942559278426
20.414847179096167
33.612499774135784
28.09947031306398
40.44049236455302
24.543160775829577
51.82586740599535
24.040926774946367
51.526631839679496
45.85404839641583
31.111789368570754
17.711151712734452
23.18731606185744
42.739522295874075
33.50135748885496
52.09401008057848
37.27815784826412
42.31446913833782
39.89632861062458
12.474373667415248
57.5102056973235
43.23056671002554
22.976568549133706
41.81125407984358
43.44175066881545
33.34364026836892
29.355474313113938
48.91137151209484
25.862024290694585
54.90765098320081
29.500712968976906
57.798079159174065
24.0775045266771
79.58063457727843
11.794249848156829
42.57448791888335
31.34169278363194
37.24986664814008
38.11630137288102
51.34201106051805
41.381835046497216
89.42794276150013
41.68795048280397
26.726955834410937
44.546936214437736
35.22629918301077
31.499094568778848
21.44435392832264
49.90517687661106
53.13584564829586
42.14302374565921
29.663380903496027
35.732513388861484
24.759210847060142
39.98832527448999
14.299947800935861
59.095472608593155
32.65011512096902
44.078037882657945
23.243156806720062
38.18332647411256
28.647609977499478
42.091012438092726
36.84768532754802
13.975774155628079
32.35279693135084
38.28183288646396
57.79536138296451
69.21245247243624
86.59726546538647
37.23039832215612
41.92038998244465
16.556133744922573
19.390965224850998
42.13376387937788
14.034491735118648
23.334700722207234
11.159365021752524
14.823766100931268
42.46329210989199
23.3384054329678
19.00476212904903
41.16221928233749
28.658601962717476
61.67890952905567
53.39561794836782
50.658230163366255
58.4646048292059
24.284811887725922
48.135939849670066
47.10773353050517
30.120811888038006
22.178458332055282
39.18807277806307
28.210118199361684
9.885257679659858
43.516780069696225
39.311270533491815
31.658578262213894
35.471626106617585
48.70645519079061
21.588626715832284
42.61624696554397
22.236103899838973
47.37873254100888
56.406661872695
27.916404371156283
44.21369736379583
58.02737515698164
8.602186190521541
43.61543809415492
32.88717113669594
25.274674120002604
26.54084380091262
44.14485453327797
40.71744148152071
29.2219249689999
45.92828268212154
20.861991693549736
36.39221549998459
61.29947658729048
39.60638487008933
20.837591687721957
35.45650967829942
42.68723380050082
36.89139797618854
44.428063731554005
23.656762988968126
36.098910995860315
11.8462223545701
34.05208524326735
47.522648098028654
40.44829431832444
20.023705773755644
33.32387768250988
51.87855776920335
40.09679120838188
20.830140251377287
43.40793675431075
20.58003736963772
25.323147728268907
22.60444888566217
36.875123869437466
27.467037167797574
27.215444758577206
37.69296105786219
8.44451221030766
73.97652548011646
28.548416091967077
15.312662636732727
23.446538836415787
30.74258498984795
11.44919204688563
70.9834085845214
37.707703508898334
13.991590795894798
18.43228641581819
35.6615245488063
25.391413212665842
21.7915874037703
29.68986966845656
43.60859548482487
92.6549978712755
64.64834269177776
18.22839529735349
34.6301117187052
23.593046958262214
38.50337764959457
40.24397742981679
17.275264000415145
21.613600033947364
35.98770569775174
34.633886845304936
34.03161588533855
28.406761683209865
19.479905848229123
36.620111364240834
27.96460836092954
61.6483443815344
55.22970629248002
18.198903181760436
57.11277214360311
29.40561127650227
39.26868491482848
43.92331383720375
33.279736958600516
39.66040835246118
18.983249694255807
31.643454598680833
64.57521127191931
33.37526317547893
30.284455942667982
21.668878566375895
61.83045734358248
14.638680530726782
21.827409780944222
12.981243232142617
63.524048728611845
34.23173442549745
62.66230302529836
20.534586909171605
42.43577616632255
46.473403265154
33.826288277465
24.95758724661276
52.65478916537424
8.095824946506271
17.310588928333186
49.9352191898831
59.974767499401906
35.52596427502106
34.474922072526475
40.77421121076756
13.210868340898104
61.57301149431116
29.84248764690237
24.61899030580955
37.93227327100869
33.074111615397356
43.241350435158964
23.723203172410127
51.61848696456697
11.948721650409228
31.033018583335085
33.64152245629357
47.10573183361341
48.684043783606
25.645636379630137
39.37166830438605
44.776602048816656
48.291893746902886
11.221570818274913
36.72247177139403
76.8018165180514
16.919284459045038
35.33256687902752
19.35125463173716
42.16036909525276
20.23264054458918
26.478980115535588
25.926920582959834
72.4789513187074
53.01821514720029
43.01019224565125
27.27941856786429
37.980871356016735
46.43238699816416
20.89403455244474
42.37018621775758
49.49461403524169
40.3725993408589
12.396425067316313
35.25570747158531
21.37440889611098
28.932865322137722
59.6267241140365
23.583398025406055
9.684973752026854
15.201333232802162
9.90236891944112
39.73934785701172
42.343046485455226
11.164730114867377
40.45175225189681
9.535594966166183
40.58080226187631
22.924024948466553
13.230367026954845
36.31492130703579
43.096616025245574
46.38034783982723
57.72929605787544
58.43629164517814
22.4743047352026
41.76913082902018
56.161611540091805
30.6218727698003
30.063647089055067
58.18855939370942
18.56384504384733
13.343848287873877
31.753643872530574
17.562376289575052
37.78870621116972
29.191845652532848
43.6612152962353
24.19294691130889
32.99442555997825
43.601894089352925
25.925671463718963
42.77209375051369
85.16920300798469
49.426665046866965
29.214030744541393
25.372719053916708
26.259408834715455
14.326012265277091
38.737062682055104
23.47352029853087
23.223346687415695
41.46149361558646
60.93730701837848
36.14735967575519
15.765933517146241
57.04439449843226
24.851458835981038
24.519285861523688
17.32484079792479
37.42842527867681
14.69078678645431
28.761131950426517
23.865655813340723
27.39211737049296
60.2415006209596
60.35219609496044
22.41598369461973
19.22695873783577
27.617945530428045
26.4054375750366
74.54477821855417
41.052638535883695
19.03043583103722
12.45520905037873
27.70399443318563
51.33286689462425
23.60934589553411
56.392746781274596
88.79450244259252
47.676536780810444
30.969468264839513
9.676061850335186
30.230034878920332
80.57887060395609
45.85429371695131
39.69042930336865
31.982040068102584
31.065009694962242
32.391072118120654
47.96068782341853
21.68078041172192
31.291314783318118
17.722738000902627
52.82767772416974
31.20305674713679
54.8079756666523
31.127858062011864
11.873726553875702
24.078299649617307
24.88129478851666
35.917022635398695
42.86254580501617
17.60130822251666
34.62893141158794
95.73977794542256
34.24728391730633
64.1368126397236
14.234694008702489
31.14041649883469
11.775954032185926
16.26350665359184
31.442312445993775
50.63359783061122
50.123996565644035
19.666746024988175
52.474341010656865
37.43632201143823
57.26722647141385
21.79709171124207
39.393065445053914
11.199145814332581
52.92088808991373
32.93800129642095
42.717589408693215
47.98401791434764
20.42406620394927
32.33157726791798
32.63832487163759
46.39932059871743
39.39910790909117
13.684338445167041
33.07827775781365
31.08546210248238
24.428230546775946
6.50398595675046
29.33512226287548
35.36472790928346
49.42524204560966
12.334862291932867
25.27439355103948
15.454847473677166
15.704479756373829
24.409898729315906
19.179141995349617
47.634189753179086
24.927644187812675
32.670444864542134
21.11968885031308
41.17777200671512
32.884800137784495
18.25557182872172
71.1349272425862
41.88442714581104
15.181254212878988
54.3806967281672
29.56532821059612
44.29051527477878
86.92010905403814
10.65969894221063
22.36959043441858
23.06396971613644
25.504615802551854
21.313848764747416
44.82477859801748
65.71159087837883
8.656247793983159
30.60912336500155
18.56928095207215
29.936720249451813
47.054024197165155
29.289631943697774
27.64504680904859
41.294664027656445
61.91308829282265
42.162359280029435
41.098477893686244
64.45771518145884
30.622231683347774
57.6291459195412
36.66169918879303
46.178377627132186
24.124417547012648
35.43597425344041
26.50205243303066
11.218727821272905
57.817246137779044
44.47427612465601
33.75940867720409
38.00991814701922
34.08209379631797
36.05535482084794
22.80176343002369
37.83084370546676
24.781591985200407
48.266025425672495
32.474692262515305
43.23757851870008
38.92742917170678
26.91314592204949
60.087596167677674
47.6874302158767
43.172678941146756
26.200089426065887
29.073992254912113
22.03359934274039
24.51528715190506
12.298207653160304
70.23314982300748
37.33218972008054
12.944895129813167
38.477281402096885
14.771901695430758
41.293462700899696
24.081038301226904
13.071018579433943
54.169011082078086
46.03389532175272
18.143336806524104
20.256446113900182
44.518416220973855
45.140060724175775
47.22118115836552
30.55076081371288
72.06595577796115
29.092341807645795
48.31154900852647
35.178325746868104
99.74004285547467
23.938385860715165
9.220401657322288
23.916393010945843
21.65268472001306
10.979278812119855
39.725948838423946
34.22080702979599
40.00118412562916
40.22205218912893
36.31563101053205
43.696498421868625
11.90573070521185
43.204030251859876
45.487489390280174
26.23391313712147
66.94175212123751
46.21167383566659
16.77770297720983
53.22582081201004
34.5603502215061
41.7884524501355
44.126033188549634
58.05333726999812
24.408211965786553
41.04686093411933
55.034368215211025
16.832885783579904
16.02313045218162
62.990725064044106
21.62488857918563
21.65285835825557
26.055459689336846
34.3757201531963
38.28478641946574
22.956469955504694
12.407842127618038
44.98143961064199
58.386954448846915
52.986244442976314
15.270755540374045
15.897187895484974
31.132848658084843
40.582739784174606
23.035297157073995
55.77138840921441
28.574751857098533
58.66297071875769
39.59476690725241
19.82709780083003
32.68893359677739
34.954094709247556
24.029077940153762
40.11685650476511
48.701160119814524
49.26095836483591
57.579420355841414
27.0545833778052
23.090502682389406
26.326673145608453
43.02951862937315
13.69461861233709
37.841477937975824
47.21727534921792
9.10119777828397
13.667492338672135
63.55831468089017
16.61741586704194
38.73247628569774
21.959730756053165
24.298845154522635
64.89859173566984
47.86815252503748
30.283774788390566
37.619048420170145
23.808525922419744
72.5117359850155
12.726300650465136
27.996790196022893
42.31959130469989
32.89153043527449
27.924579585205596
20.916055490299218
38.08459936240906
34.19531791529758
33.7398680596598
22.793128231791783
21.581001015334206
44.844104196600625
38.93193776678628
35.466767864022906
19.47636209089972
32.847455999556374
27.93959740112335
86.31655627949334
123.851053947408
29.580675259756312
12.799763209430374
19.6805122534362
21.843157788877622
14.372804401205638
33.07141904014245
54.5645341478304
35.303461247155596
23.056022118709947
19.64959308264518
50.62552439893893
30.40375279577135
29.20376167187569
44.45494971411762
22.80546884598116
64.7322503608627
7.403158694006722
17.542805856088766
13.641956098593896
27.564818441982908
16.379987363866743
19.378417779365606
23.67032219865235
57.318114404849155
27.43348880372865
42.51627298402523
47.51027940322907
57.638222319530406
9.900085918142965
23.035667414205683
29.8929252279841
21.952383120513915
49.86228326018432
18.60831775527837
45.32188566914341
41.11891578968548
31.102623143956187
20.866435535515482
38.413982659728646
29.01847711242888
41.81384367521136
29.31499372100484
26.51240220745289
27.500739284048265
35.53310477718423
21.20555439013457
40.747467339005965
11.719718560307037
24.359062428364528
38.5158675750244
15.140225748670314
81.7242067986305
19.80451761527243
20.913540553873393
36.15052670476755
22.587273593109124
36.27692663191111
25.397843443047545
25.081614933661676
13.996222883094086
25.741638428431084
31.270558545682352
39.6947375770892
33.451041797399
15.809345115887272
30.52876798142253
39.17154079571275
21.227611388616825
28.634153214665208
17.805835059952226
59.81032867667441
32.422878001353105
8.163566059545706
22.72216355029039
38.29266822335617
19.30899422032109
52.62756845163472
42.681468212641406
26.873176433426476
25.65912530857366
48.26750699447106
10.88548825596435
29.743944880204566
45.90711693029577
26.333981305710935
26.40801159867768
15.745076464849939
30.998615107164934
13.237617921514143
8.086919105620144
44.93342446968868
17.875655472391152
27.208485639625536
57.34694066516928
25.566920994350532
41.95477653273029
9.2690845668712
43.469184190665075
43.658529022968835
34.33439025116882
59.17386108185244
66.69900825795409
53.95774532317896
25.901636631408675
22.847667625692864
21.13428228010413
58.70061054110431
32.42549706629577
15.213817756497278
50.51621905853702
26.600340987412164
17.55612705318471
45.68981912948404
50.29151013187372
34.239616010487985
23.759398185311262
13.274452389713105
26.35591241369175
40.67847229964358
7.499801443204982
38.17511756822996
21.16784278564848
12.907025304722206
23.118406180835
29.8941942593325
17.00532433717977
9.501759003118938
34.51434261369272
59.21972373932981
43.99246295044523
24.24084297353354
32.851066269153804
26.669033548647715
42.9596401156873
23.899151465503245
66.14514278968448
44.86608461998236
43.666775496977834
52.0549123398132
54.98489380003835
35.94250605864347
48.568972526983494
43.17677664342454
54.40952316773707
30.819970522935964
28.215360591985288
27.88356451922253
39.97290653537331
96.86300782013171
32.248933033497714
19.17074737849952
37.11571766022036
87.28021120536582
31.423371602244515
26.213284224918258
17.981776584861535
42.21235393887135
33.81906522868049
42.019638481382785
50.82134649177746
38.795510035218975
31.173745273608056
40.95238733244201
80.83871916844853
26.102215825895364
26.57649249019022
17.731666596624358
13.943186414242911
23.756144447029115
58.87672632114024
40.7822786597475
8.6930233456971
22.44653685649229
50.56039415857101
32.87314660158708
35.26400023155346
20.824758173424378
27.83821799133274
46.47886436816825
57.50430717912883
41.543870340991816
54.5765163287455
38.90463929194611
39.01639652683356
49.8100596880173
12.66371070207128
62.38792892286209
33.75859514115726
19.46321086947828
34.77552196469136
26.386086514137126
27.902345271259314
28.443190713959893
27.503718386582598
16.501273343150437
31.141593491373992
35.895520961980175
38.12096682073905
6.497741937741722
30.649852446725472
37.56863127594301
19.513530100047273
22.979360673192947
35.98297150170844
38.302667537811516
3.9412608039703123
19.042762466500008
39.02562627226647
4.941680417623054
12.454555349154758
24.502121259085424
32.91290797861026
23.377505235208165
51.77190377368327
5.186492299626119
22.798758091320266
18.60078439123717
41.441372740599384
37.370761482548325
39.80235472339174
51.48914360408108
29.738560624023965
14.864681260289725
52.940246122976895
37.245795194263295
14.653227967374486
15.380785886009626
51.27068308926499
17.382179910845103
36.80427556125775
24.356792662246175
43.7774734606689
39.96425101063269
64.17951554618556
32.598072462282204
24.42433844226254
35.68322945521714
46.14210823567215
70.94854123994894
26.44450025039952
22.42483863632448
48.76364046426348
45.07512270577527
65.79286678634975
19.212037539918374
41.976517894846396
25.75132494936793
25.80084477943561
48.09225848095094
47.94739335430667
8.93051760008575
39.06662639532146
39.48993931864505
62.074874761406484
21.57572237739761
42.510185544124134
55.407062785106056
25.239607340627014
27.471069027698768
49.010162638064095
33.11423279325122
32.980584098578014
15.29091690648906
54.07148402163786
33.40250585515922
46.22058803398774
29.75795800021328
14.989545014770691
33.07091481456901
49.679640068908675
35.21406874309913
24.398338082808944
31.757837516548864
33.58127121112425
67.0437981300761
51.35988253416065
47.02031268019597
63.28983684993719
42.57871944912251
31.48227650616466
32.14988008096913
10.592844894957834
19.83646278442751
26.074159879459913
21.20539644917731
41.60708429210181
11.951840039959135
29.169108473174603
33.24179796802327
22.854466640134792
20.513812589101125
38.865291852731836
12.66777495529317
37.36346354214024
15.22617453630415
23.248926883766572
20.690737031204744
6.6268751884027575
4.607699839653676
84.94845255713923
16.170128178012817
27.438721526194715
30.476171667527087
21.161975241892996
37.313072662777316
11.190909414204537
41.40667201906603
14.28921110745313
21.576560885997456
27.498684159574427
28.776343370959484
22.38185941509766
23.13109807050027
22.77319385917015
35.29173291379673
41.74011150062021
18.551394076231244
19.579388584050108
10.416887830543782
30.483138550640447
24.82461786143254
33.35185115874129
35.03432000587272
22.245289915909385
24.56452678065853
27.652815842034784
21.73064049408403
24.118178216883134
45.06536102852508
28.13141024268797
31.38150296235406
48.02340680625118
45.561363480365095
58.10903357219708
11.885910803583098
40.28199493194723
29.798855465646184
35.68808702227685
23.97717137192546
47.1527318152451
31.75309883853418
22.967589202049123
23.524539981420034
33.28429108045112
40.30375842198318
17.054839493034226
30.486562327733406
28.457233062709413
27.18679995089085
21.753446470653376
46.361735611225704
16.091581980566193
16.09740164449005
23.93303841168936
21.311421036566546
28.006829872155777
10.041537179508017
14.131364912245271
48.22755176199961
16.3925248987239
31.431349241715456
25.554669603310554
95.16912002115949
4.297442049533742
28.12225861845748
33.759613089367
26.002547178504248
35.664570637046204
54.880059667756555
9.651829885141602
67.64860547200163
11.506603374855914
33.48855358615819
12.57010791098246
10.65742199439417
55.24379391796821
29.139761348600267
45.3969797348802
20.046630746405157
16.343701796338266
17.062522996560453
39.37770194277614
13.80674593903467
6.571329811739009
26.235499665709245
28.830240632922244
18.516104046738054
26.710560277109124
40.40146025850907
37.35064852746289
42.59708573649192
33.12446049304746
13.384534712964177
35.268931782979166
27.537158346406216
9.781491470824266
35.42550760859594
23.741149962910246
30.308921617911196
26.33225194813792
31.829593499395298
3.544409872671724
9.559396478541263
44.24976683462723
34.71130709673978
10.813916107491787
13.758167768882021
12.748154615426005
42.37539274163717
22.02647672620413
70.20693678500233
48.66149093213519
28.509279727285346
49.900836702295166
39.38740130802901
50.888541853004064
37.649387349990654
16.75370156078407
64.07483782696511
38.061113655484796
20.772484137832965
25.673778345501052
52.2018155870557
40.47194870760375
55.55130728478762
46.02920247726951
38.97275334678878
19.827897539078247
27.087884393060158
33.037998936754136
17.25744843526486
32.140863800515206
16.479346475167365
29.200113959882344
13.733802275448456
12.432090078668653
17.15069132982996
55.22182634878337
33.29112795140018
18.79232968574998
66.75329485415553
20.87602650595286
49.073625276028416
19.54705244224761
73.72957687483583
16.187824520263458
19.389275084180092
36.63107294113158
27.127585546928067
27.310482015502274
29.351390479834187
14.9009243401065
49.79557879955888
40.759800851988906
86.65048378684897
39.781960736008934
19.74444771022405
49.36403638124246
30.621404148562053
47.824182134046886
39.51619358238133
40.75919341984349
60.791021148030374
34.355345175261704
20.308105132294642
34.426045763744476
20.467593204286942
33.66027459972869
25.99760237203509
52.51932959237089
43.55888887606857
50.417198820736
19.52768682240689
25.366628753684083
20.377537112737592
39.08266338254245
14.477529418939817
74.93175234395085
39.30845896679348
28.46423452144387
9.664057490592352
14.292041100105052
20.854717040308085
24.021067538414506
40.00514203671948
51.669209019982276
7.314832104641757
23.049934303971636
13.132985354993421
44.24218549616356
35.15234245099863
68.22214246106428
40.02588493085609
9.23509028137023
19.295571025874334
9.152537362081905
33.145099147042934
16.23907233799505
15.878247093933021
21.68854335690359
46.89550962832242
25.183845610946744
45.48457255591975
20.359682873167426
22.40447466745587
35.60427373495477
64.97867800042965
33.0233025279853
10.33034654276365
26.049719296444536
36.06520300068502
28.639788660923397
54.29429449821114
35.51821366456431
23.616791439192127
22.54756010020151
33.83484002452523
25.768076340381914
40.99756044605753
17.681602355093997
48.02584139149481
22.92429588426027
33.39551346271845
42.47055892064011
13.040416941629449
38.25757710958709
21.976806403503858
31.393826489840805
25.445047085968177
56.66003869706962
30.287662998939087
25.07799639569605
33.26884719484291
33.75311406198534
24.096352340666545
36.474772638920925
21.447778614486634
30.07662204315605
27.5661315449618
17.73678276301416
65.66512569636821
44.282948891759645
20.32145590920232
79.2274413406414
48.36008625279049
44.60862404136035
35.49355703120108
34.938906983504005
28.093796996302423
25.15827805540906
18.850940325874262
26.63798043938147
76.47999365723007
22.051668941617983
11.845733349109684
26.692576533481176
20.40793042523161
27.36544412359897
50.746214209077955
22.70862156952068
16.508204458519995
37.61330570935335
34.26220126879195
12.492874606665763
27.12145709976599
19.817765861784114
39.9621759444732
17.099182040267642
28.997528137956476
22.579418969671767
62.16779557146036
33.51467586768886
67.55329062573888
27.51473776318746
40.87589184498416
20.3123709723258
14.598171582614416
10.124394490934762
19.16678660120185
50.32416201679857
31.208838318853015
12.3349230049191
30.5304571131418
12.563199456484696
32.32948358648851
31.00265419866875
9.760391286848051
31.642634981054623
22.48297067678709
19.430438681233856
34.04639886519536
38.93206133517132
9.05287281487081
12.767705747320315
22.38042019754417
33.204245966573545
19.096680446818272
21.291692366782684
19.502694523205893
31.16463921865657
34.36684223724838
17.427518835441692
72.55746204272371
38.79857520627621
10.836762586729593
39.94704152129558
27.54883053717118
36.81922064756181
18.777332181066004
27.394893681633853
41.79327897432676
24.64582347802999
34.95373678196357
51.15098966217491
17.330904592551953
20.266310218533228
26.02623630198005
22.819911831073327
30.804850352482145
12.92802008884231
42.257121763387715
27.732891041762226
15.2269936399268
57.35194650946549
25.63579984067005
8.753709950321035
45.708061344769476
14.987504127608803
15.10839675542773
53.20852578701858
22.92961017911287
28.53727670886214
7.951608397009162
23.627721969348187
39.15182619814964
19.447169941274815
33.47041806581033
47.430791886710786
15.442598880135225
12.176483895892426
15.252091458667763
36.974107205326554
25.48268950743217
42.08165098520865
25.27371389183553
16.86423058590761
39.759341256985735
7.759559587504075
13.383972316030555
26.757337233552974
11.279399832367284
12.325735324814303
12.887966191366724
18.72040428634283
20.622734584404153
18.4619375315118
36.77889893838517
32.12370010588921
73.36810696400477
15.593583102992902
6.366243624108514
34.43018787193281
31.53040308581483
25.999395112959622
60.94227970062446
37.831659034276576
72.29370894035848
34.53412733889932
22.006636710571804
49.18502225978174
14.448037877628225
11.669405791892768
38.346982768845706
32.19132877190976
30.826834267131016
24.41311225499801
70.88107622036229
23.98748858088866
30.79283833417047
43.68511246171492
21.297754444048724
11.306941625719052
33.31013496766817
11.585716477648246
29.484782254876567
31.054974045527334
14.578183643378429
29.840592388184522
45.096659074192694
17.874851076658942
52.4512050566446
35.87564362087031
64.96711751772683
27.692070201092406
52.58422156525193
60.58944793071025
62.8100490228378
45.84116926978575
27.329397263962736
37.313833055910024
43.05515430700495
17.066380608737585
28.810035076944306
55.756253847088686
14.256990497873815
50.337537368785746
40.80317047132741
25.265463545896942
13.228155853223031
38.9195370186209
43.46391519260846
17.65947528334709
33.0927709339904
26.386815269194003
33.22095195043742
19.602287644720256
30.96121287454487
35.1381024825539
17.07635856267716
23.995652714732636
53.59211440038381
7.285661183966094
14.901186440090108
41.71650611106293
23.804536852319767
15.548553815793303
20.666143532211606
48.43919821517748
30.68607698112463
36.53193986205927
21.728832741088137
19.041755424072257
36.08466908208378
8.290259460313802
58.07188954053043
30.741788903263828
15.168835558904595
21.810506344812147
25.48052794647892
32.10304023078617
36.36765879864526
39.654311772001684
17.554675249021372
10.816665792318279
38.17465148941784
18.083494776538934
10.09274423025885
45.17379233720193
31.419640074155712
31.06231307148563
25.527967229129732
30.38012442228439
24.577680624161786
32.74330685120969
37.856125205984185
56.66942044043053
37.2681393423257
19.880063283597906
21.365391965292847
44.527343278173845
31.85677672298894
33.15618421685834
12.300484040042038
38.67377193297627
28.798177473916255
30.350461893986413
15.192466838360028
16.65616270797349
12.55229339307168
40.16634718082769
43.92471005788539
41.24937347975603
53.95304683062878
15.938512077247017
9.241317613781618
31.541177058564795
32.78441924449206
37.1743488941242
12.484013034716279
35.39481718676101
29.792202841107233
17.82564888377549
45.984966729381746
40.01352457074974
14.072990749110742
9.824723916456952
16.42263406943888
31.886278857825218
24.46935856169116
38.16854452812804
36.77141190005837
11.134592638955688
32.87267069126361
78.16764670259046
29.345785617475208
33.43259767757427
7.9007636198298385
32.13612243197455
12.480945992814265
34.073167128262234
10.864309650445117
48.69889775192934
36.840476507270104
25.698072043546027
21.26951450434737
30.620082537915856
14.407993998173996
10.508462337335253
8.352252071745065
18.430433299579356
9.523818451204201
11.83898176071911
20.81361721781441
34.14534762466014
25.350722518483938
40.13563109598067
35.28690967216529
29.977477122734676
35.43086994619106
21.29421850751277
12.097299947392775
7.622738827803034
46.3430100714889
22.97452612242708
17.922437860198805
41.153637264133245
49.52011752842673
22.822168471560474
16.13445993617611
40.76503177526317
18.84777752840311
23.275212325062007
21.97537550938539
30.761102695915373
17.12384678997244
67.0298258939488
44.20522001236082
32.23776812658519
11.743730629777128
9.689669555594978
36.902337380358844
23.982729662896276
17.6422926547017
23.35248732739408
30.465333294587342
23.01009579360826
19.197281114293627
30.384666118041448
36.15659968332896
35.2238031827544
35.97154899983778
18.648150047536927
38.59713622247287
21.985350267139804
67.58226520754022
28.37741581269821
39.05687306119878
54.290507282523
36.44502249455657
29.850420744214016
25.20473551392731
18.797429041835553
28.022835991933626
6.9601437751844495
33.130475289094065
9.77169096396137
17.422106486493757
25.919815149363316
31.79832701149911
27.633063083921616
19.72844561325722
38.55224409731993
33.0700521941223
57.64014216793538
15.369973959513608
17.38080966825738
22.798620659813494
18.661639663027188
23.808140232666418
8.563139991846517
32.62167587864196
40.762403668676086
43.751882330054485
7.760355412713722
45.140485474260835
13.958055048848546
52.30946066008387
20.5885081800632
19.880307489439126
48.04172152716849
27.25222652384985
22.721818239327458
16.103059433695638
64.40981856714075
16.21885021724871
24.113779585158053
9.491534334418994
6.060359925903213
17.511727618897222
36.456445651632734
49.7101837582138
12.482647416080598
50.768166796491464
71.52884221202369
69.71255276984296
10.411427888651685
49.35431613249901
33.32881879839433
29.733526057043335
36.83511935372447
28.852843052680004
25.401179844999238
53.39397596470315
83.19241449499421
10.598823927604654
39.271743709474464
14.555143178055626
51.72758201710565
42.18084132931176
9.141455253623745
27.145362192244875
25.049223269888827
42.287663980930226
32.82251228936259
17.62033095622043
24.902417387137902
47.154864595412604
12.45649140383064
35.47276816848836
18.219683729841528
17.939921636195248
60.019315770224445
33.08322670307078
36.70056046985866
45.702342020642156
8.00985366845718
50.738088781623304
36.21864567248018
25.713217957040047
22.69365954050952
75.59396948310705
32.3788852361853
32.033324979806146
37.464755371552286
24.21843649291383
32.95613931632789
12.781914115456344
20.330898150667924
31.447012180431262
40.39806650514582
16.410184081727877
25.565849644937266
29.127183822643648
40.75286037262133
47.54742114094987
39.134376696705296
26.7245257656751
36.47321843043701
27.58697901158062
37.90371967705383
22.284891398008195
16.839497756000135
54.139511405614925
25.105109232506624
16.23338983478691
46.82134505394559
56.29936084503518
27.55140128894068
28.096936584591997
29.23208306955423
33.140856263296925
16.840615816553974
7.721665085348447
45.052633499746555
31.112303948901953
54.569939878736825
50.24794030062755
45.20414061689255
18.54910458140202
36.77818946132425
27.70052276849092
49.12202487442606
27.68323710244256
21.915131776759527
7.273285431832701
16.986654713773593
31.239080046672274
24.618262359549874
17.580363547129167
6.9074874122151355
20.032964817690218
41.70693863983256
31.5691122158437
41.78088031236983
87.79566737387837
27.000655867114006
19.7221222787779
43.999191156389095
33.70020541074239
19.11311903140975
45.94733892814364
11.386609876939364
41.335249450546065
11.646193633331377
12.731583130956734
38.060717067331325
32.849531788426454
34.60334584121319
21.641998395476612
40.37195149110039
39.46031239344898
23.010629098232727
28.571586104038417
23.319456519291464
23.474596957916358
30.683220760015363
14.9107761206026
22.800935218861536
22.59134501180895
22.081188318135816
31.649541882408837
31.373002327983656
33.940736305815946
34.566649063398415
27.388503315348068
45.56776984216395
25.414313331940768
35.86711289649761
17.718413783116624
10.265909608158282
83.77163596400501
37.395932368652765
43.27142733367727
32.95945028013784
46.46137611200442
30.245021764711204
28.729662527781603
34.26324649836496
7.204175627882312
20.72486203646193
24.850955280560687
67.27628770335383
32.95870518001669
18.315172666478954
15.802556205660013
63.85264637015516
37.25547049257735
30.099637108136392
33.15421002337916
12.212168113815611
37.11707867111109
35.62328437529615
24.059414179930876
10.54387828790684
45.49991944360569
29.367668534252108
22.611518979574093
43.21926259752012
45.747832947397214
22.65068340018055
44.83639551341561
25.001566918867358
19.680400650237786
24.19822164962501
39.186947820335526
36.89372534585178
26.618194224197296
22.611116769627284
14.546848676257346
29.53960740553342
37.007727205291665
78.49441045662873
12.082298217744002
40.95895621568721
43.12180546529045
43.745192762990385
23.39584225426087
12.35451404023701
10.155125157814881
34.84016383675381
41.90577295058044
38.85220311897367
17.15307342805021
34.94073497706013
23.4197340586298
42.755212261905925
9.999698058883961
42.586348143973694
31.004581980219914
30.816402162542094
45.74156595719204
25.451673327088137
31.9601957628876
29.93801607729057
22.350615168093654
25.754908109408092
58.837400403529294
24.642904404570753
40.31383442857336
20.356247906490864
17.36082499095919
34.709660609790426
19.302408276745037
57.22967208688093
6.676407001722259
30.3745160055428
44.174078642100106
18.784148862021173
31.20481058680643
51.10614384447562
6.865204905072596
42.406613167943085
28.995877975986172
49.078680719733654
45.13977955233818
23.097685672587286
38.07502720536468
30.98755537280801
41.533171487561034
46.52192165650843
45.70868679984864
8.35826920943392
13.436493711511883
43.70281205084813
6.963847898273828
57.90332786685467
22.501516684919284
11.154005919444106
34.95852211223005
31.729996895803374
7.871164881197782
8.06154260343297
26.139621332216763
22.193896411679848
36.50523659787723
23.122038714915497
24.388817752515685
61.53727219999936
21.50785777276844
69.41624455830801
20.6071956096106
21.82815574798381
12.129314899610428
20.121980892394582
29.021106703411835
34.18604320917002
51.86071489410974
24.740985395545565
31.858329677909218
43.4034044021938
56.81095049655029
71.82799757694691
19.760353071001365
43.52722777153822
42.12303644030847
52.53864625808286
29.209855087264703
23.588255362970063
28.31310626409908
17.903380367312614
14.528723396378428
22.355496009418133
30.72100419491932
45.20127548663736
16.13051781084124
19.489696284296734
9.022303412006398
24.36774400477727
17.69393036932681
8.567658461157976
25.47123944309309
27.888567839883283
16.817746451689594
38.19478779149627
15.994172349492827
13.334302675340517
12.32534048550356
8.933369369438084
51.318931364644484
32.43335449110683
44.31476623626813
47.34184986941361
24.44766473925317
47.65084054753487
44.03956951201641
12.929955681675798
23.480808783866095
35.1935343731459
24.9126367171425
30.991109082923778
11.538398759032455
31.353479160308733
29.57629902420566
11.971604086590549
41.921036173316075
29.7246546497556
36.66123413467273
27.571131639234963
5.721561038518561
16.106781186730966
31.45680648500735
20.627191985369485
32.803566471864805
25.581090125915185
50.80417550995692
26.926032091650278
13.3753136150505
22.791006880569896
15.407926114242713
10.272943724209295
21.185660779013812
30.153878603030922
27.810978373644662
48.67911509324775
34.835703084021496
39.902245478545865
13.364813775307713
19.449105501575232
79.44272600720407
24.272343138321258
11.587018568884421
16.509352571228646
49.22659000926093
12.448481708941607
26.150618248098066
37.85373510352041
9.251471957793795
30.762815158791827
25.183758595312856
35.0531084920743
31.68262076436328
44.997624148698705
24.428948228634336
41.47527855235156
21.712466222959463
14.665534880312672
15.908855924974908
25.910419445102768
22.586618254128258
30.272411826950407
16.819966193671405
50.141965435832056
29.7487655826509
15.728839824040788
42.92553292122867
6.9491276834425175
26.622503725499065
50.26823081016778
21.872147837554788
35.75098710764548
18.66240439239006
29.098505186682456
35.69024875183241
58.049841456497134
31.635481501983826
24.724223630754636
14.240905295428547
10.536834955456863
26.58629449274826
6.637047370659824
30.583580094709827
65.38168309816537
17.767851002721876
27.140525872385084
46.02786241437713
24.789755675145546
26.61058727969413
27.34685349920845
19.7362005268963
27.48742144383493
72.51629489062769
18.503349976301305
12.446487284253578
21.025232183352507
66.04489847629762
31.98491585840766
44.80704955885357
41.155145067395544
43.02040133825994
14.611736835766228
14.25079871085792
48.22728718258353
23.987052561557817
10.26575045340057
39.76668828243735
15.955484929737713
15.787738990527261
28.539248237752403
28.741627538746734
58.144117916096384
12.461027209122554
16.502255437937478
33.50009317856919
27.893150536419135
11.326428572522849
34.756581705204475
14.868421915488755
19.021681253312973
13.311491270222902
39.20514334899664
11.360841539988906
22.61912396442452
19.122132077567912
34.24932987124769
17.012433921749302
12.354829589222849
28.494119410204853
15.190357330813015
19.071326385953363
11.289646520725325
31.220263031417733
11.583836950485631
59.800723194395786
66.45156287289039
46.81010403042974
31.877565221004318
23.466233706651284
22.198328180969963
27.35172089923015
69.01681661835521
59.6306876121507
50.0274591403112
43.26440095633442
22.27488957349629
28.186018092528347
22.69407326691784
10.277570301413855
24.66422725384636
48.45294153012434
18.479027360702986
43.968147624059725
13.184494583536532
27.26772361321953
9.585262050076127
30.414097053914794
10.036204455395085
22.675525058129615
29.561418599991953
32.89837931187523
50.841825209177706
24.49912612590773
31.23865251025092
36.653130191666236
16.610356575458525
32.32277726826106
28.164229384656164
13.296255931150569
19.697508933698916
31.616791540815953
16.707896868243957
40.84615603337834
21.590080200580363
39.921219589330896
35.498875201137025
38.66978592031473
9.387843093156988
30.24043992255846
34.688958853183664
32.60708470478165
20.91976862559613
13.688175815090645
73.66159952561755
51.22292229733682
46.750957345134296
43.82370463137077
23.402997072358183
33.02825789705252
48.5557831955942
15.660651475011564
32.39260406765192
10.386501617460738
35.092324539798824
20.040680402790915
16.280408969805336
25.784012282999534
11.190786530162384
18.921348172446038
25.117617654382858
28.57347840406353
28.200865609278384
50.318385644649666
6.552974744274392
31.513506012934013
19.00167881623766
31.55570218240051
63.06218432565738
31.778834230755766
20.413998851203704
8.609518138426987
14.390027343893077
34.179175492790804
24.757444388698985
17.887485796628386
26.786150400044956
43.86887161548741
35.04585153527093
37.4558757209304
12.312227458347678
34.858094597119496
32.066096370233176
44.01287229426559
36.13161421034557
35.859306144987755
16.172441885650368
17.439111900209802
46.24848072589749
21.319805881874295
22.388463241309655
26.963025442024858
26.06427503527165
19.57108412946716
28.50399253578087
37.389545297595845
48.05667236535164
16.974738037248684
14.091877192079693
38.40356209487383
54.54554052932345
26.717779793517376
25.07103847687714
24.03201136222825
36.77190328060812
39.84370106063469
38.745624351589406
85.8712607203475
6.0506182483609425
33.093559776823476
43.82550826660547
21.359752090638814
8.100432363498212
29.677431808484556
13.4126914696535
28.905278813920038
24.333100001714637
31.123300747806038
21.169990010352002
42.9805666962146
93.59590336756887
32.45314975236284
10.576282444274424
32.126109197082144
26.12804776954522
20.64801931199428
29.274036850879476
23.606331256304113
27.55057364934054
20.387716082926318
13.21647916544903
65.15801191752068
44.18730141969772
13.010331908734413
21.132202285484777
48.76019738003473
35.971338749176304
30.879566849367908
45.83332440105328
17.775408968843827
23.143011974073918
46.04326456084871
32.06843757001913
37.76002883409852
15.447821746444676
10.442565818313085
11.327305080102935
47.48693866730378
19.789008906218175
31.585959183074348
14.089582914998644
17.584805400463267
38.43322013434854
36.528814820399006
44.30504817036861
22.529527003619418
16.389783367643517
14.470188277613005
26.83800405704504
48.23852724304119
32.20524087142256
40.462559547540174
11.532792735937809
26.436104718808824
17.5161873367103
14.221440685288664
61.8767861908757
28.1535310683958
11.958020853377715
28.939414215904836
9.213055844777422
31.437259040980635
10.831721574043716
31.365206962018295
52.47789382524374
32.98915392308494
43.02706010895962
14.22028325485277
47.66276375131535
62.01165351593653
21.845437108068616
18.972199558597094
35.178862403706745
25.563895326955823
32.19020516636795
14.503872129848364
88.00910737179024
72.43036642648111
16.02945449741385
18.73727196551212
49.237316783025264
33.715186530783505
29.550693626263204
22.247469145575593
36.85769789340213
23.805175440193835
20.863917057370784
26.587294605635435
16.11536723613616
33.64387519679276
21.663130174115864
24.46828154516853
21.93176714181611
8.263078883648763
19.341928524363055
29.623626828237416
23.1002916363551
23.869310682624693
37.767397438465686
10.398310344798803
41.52773332828603
37.00548384474504
34.31644654410036
11.315058056471218
24.800713490852875
61.07266437099012
18.19355999559164
17.046861625062252
37.31459629940282
15.784360702773375
46.76758410506559
28.3536026557535
14.5035662867686
40.303888171914984
50.579000143877984
48.1356977221288
28.56585521507838
11.080292590046595
32.34069878733975
26.565948672114175
38.02923552593735
50.75767481228877
23.12530599212104
33.06020509878524
27.169419240733294
11.97331307602293
41.60744261088042
33.00828024722495
20.820813017910076
47.466744515563434
23.044754564460316
28.89592406514394
24.725208445762483
41.60339977633383
13.694275169806836
22.392678680627316
41.634785128682935
34.04723838121651
22.107072669390828
52.8710797835662
27.0811735683128
19.56293146031866
18.864501746644592
6.795255087495722
22.314729105859417
45.62301624056748
8.652621441524524
22.44664518785519
52.733357391683136
22.164358728437357
21.650446560950368
47.42529270307483
28.344970237171758
15.08994647507661
19.964152026249653
21.50729925484457
27.261688136363727
24.49487705399516
41.217934461478514
32.14019354098841
40.59999829942285
27.125262182019277
27.2071986267086
38.117961405338626
23.10436338655985
31.542386392596033
43.872326890252815
34.566540738010545
8.622509044019857
59.04874139665186
40.13245430456561
22.93931913063095
14.294515341169323
41.257882641372454
23.68415313202074
49.028761509420036
32.51536400910639
19.47328714894878
22.32407586298946
35.59861079604279
28.039906686738004
19.712198114841257
20.588410824618713
22.658161434599506
24.08009927381093
28.259094985115237
29.21908273606735
19.589245584753538
14.067093253956342
32.618221059912536
15.080102352902141
37.78872624539012
20.330617765324277
37.53104485277199
48.453867173544864
28.8628313609334
12.95144236952656
27.530060687897954
24.35531012872452
7.173747629337036
25.505657739976677
17.5804597036931
13.069798066260068
26.79828412788966
17.807050672523523
27.976415969167263
30.220874437063046
51.14302878718283
19.14180441031424
41.016173530956905
13.043726287961851
36.23332421284374
26.443181889227844
8.702364466572
6.965996604248183
31.00371422161
33.16075129771789
4.039843562525354
16.44809958500626
42.2561148852673
45.17474539867702
27.81458034839101
28.33443958294416
23.136203312277303
35.179503193858594
36.93236647936813
51.051774024178684
30.451185521952773
79.06398874494975
27.907909124720724
28.198636818556
33.65994151987527
14.166305151832837
40.77663785734014
8.824061530600973
26.83005182311355
49.567230488903355
32.984555467209375
29.342278615239536
21.081089885402985
36.104878365409505
64.31686274778787
12.033042855653797
15.295030405139473
33.798681852751486
8.376178881686638
28.707766040445826
31.491156088797588
27.710888924971094
30.573934494811233
33.03077112423545
27.82487506727219
36.2845254211129
34.81950663555968
46.535633461327585
12.088969789043349
49.57672160392763
21.001216641295763
20.99469585767195
25.263638488470598
31.1718618263632
17.843707025769888
30.866376829703444
15.37534940970906
26.5201791361683
20.6643230875256
43.688980255658535
34.43526718650996
17.79740195546664
30.4300287836311
17.5887513850113
27.88774847380026
42.31426828774579
28.16312803281785
34.89975108161115
36.66472909314547
27.887199668743605
19.77610125317761
37.131947462097806
61.66795320475129
27.868582686849734
21.041846958377036
60.376037119717175
24.615045156026692
34.39780574688003
20.138690846157704
9.609177135461696
12.263960845642563
23.23107378383772
16.295507174723358
24.72391768871443
31.234840356782573
118.65511012745256
27.411692293835827
11.743399154867758
11.45921206372678
18.713621483822703
11.575547570225824
40.6306874506431
46.5452877119368
21.675042486063727
19.901740145336255
11.066374069364544
42.8706257518348
27.2009058111929
19.051588729289563
24.79092172188369
41.51419469165818
14.569698697067443
18.586768991909324
14.167682149833999
38.124306049637994
46.12486478177214
29.53328162710718
24.896302798600733
17.246035227611003
49.606798047694696
92.93453063023946
44.79954842148308
21.477020171265586
27.469356833965897
10.852628313513277
12.52504586409669
30.160269024239188
36.38886493967108
52.0971010607449
31.495135055171236
41.90653926338167
16.37441963799645
14.343908133862957
24.401874280329253
28.070140516119903
34.589272110227284
40.32569915844225
68.75699345756885
22.37940833795741
27.0980876382137
16.544064254635163
47.696939255876565
9.021672611901229
15.206595058321554
33.83537766470386
16.36542790109002
74.33951337002279
35.07903146458178
60.13941170888204
15.591626106489448
51.62325874283038
20.235163454352858
26.508236747411306
16.487725113452793
29.54045052402258
11.3459565423273
22.08638758674102
44.02325481100501
67.60564435566641
41.12738744331821
21.400807421059646
22.74479902866043
30.83952418097491
26.97441088467733
26.08293343455687
33.10028868563983
39.468715330975805
33.94976248104647
18.15183881987087
30.87484386085847
25.35578584851
36.321037129434465
48.39827167877373
29.699829585506233
23.077394497165777
30.32663235793644
15.93936398750393
24.812095130897898
11.201675001493898
12.251984467098817
32.89306319541758
18.774164031431248
28.142812166348936
32.8804987187418
34.661398103214616
13.524534900575707
38.50096293488809
46.72933894729836
36.48507319827207
10.405255643588426
15.177832307950784
16.17089650912767
35.023851355315614
26.022349552127512
39.27764805735459
23.534249070624398
25.69603169247559
9.343575018839825
15.928441136365384
19.50197655860145
17.86306373493632
47.229479068977945
46.154962222974966
13.673118126546283
34.82553785148023
23.246739128652024
15.027858416591483
18.820361859047722
10.628793307526932
30.220610216827804
21.2113310255244
20.827034301870857
34.69616738373895
21.53233201584742
16.167672108839042
32.65028280019408
15.83276686519864
33.73919642473584
41.35900087753415
17.83190006822774
25.713886836711215
14.643020868582312
14.689081119225762
27.972184444428077
15.574747032480932
49.303108424403156
49.98133711765564
15.149019460577257
26.542754028587133
25.27903392920979
34.89364078673782
15.640960505787957
36.17027678694796
29.10210571655547
34.735985000495376
12.157643654937383
36.33414785578069
74.5592695566273
10.882626771722757
51.67739825287726
26.290147466254695
21.652478270600387
16.875604966750206
19.112506197431223
36.910097344259185
14.552115320776563
26.899311045116658
12.464394652088535
29.653189422018688
43.08401732373745
50.27830188857403
17.815825548897596
13.97514086754082
30.324755625314538
53.5248088449145
30.86132226191647
21.405902782903517
20.460058638222716
24.133327243515783
33.54339986058835
12.881180523651306
29.2156636489878
34.57633600720912
26.399419430562475
49.968251506891306
22.224351874098385
15.304637199039739
19.542384848618063
16.054497367635058
35.05449057257647
35.14228169469792
21.353616109268746
57.15306036847467
20.50015887344055
61.733409734892696
24.762219526014746
31.131302245553037
26.721489693090934
35.16386468022455
17.81032639855455
19.58763956376789
35.444735405056996
28.1353103892968
72.34845346051799
26.918424246234856
29.303206820618477
35.5116846389952
21.4444149036625
16.389969745706377
12.762634148499524
16.17218224936035
26.36949895130941
26.673711783727562
17.776623122136158
39.76879289424145
42.880647187929554
54.44563108760414
27.826657244313218
26.763437446051636
34.462393835262546
23.21555889159656
35.635799278667506
38.13784658442124
29.859045641565174
17.89452460051586
23.378006887792168
44.96718133623939
63.01322839309871
53.06654897292889
12.190767401242587
38.00616036980089
21.261031714152203
9.713618742079014
23.486842288894334
27.391612080944334
26.808012981658933
20.07398519531587
46.19918227720821
22.88379713681283
16.790520107113814
26.166620511983663
26.863232174460492
9.233446314632934
15.115049762094616
36.82294520918849
20.657297721965612
13.47608105235455
22.015472113714445
25.676332844629517
59.820738024821004
20.277988516134506
59.89513438469727
43.16584456875225
17.419151292085527
24.187190834281626
39.7180225066253
28.607951009423317
29.764985367626956
25.07103839865708
36.9919262903404
24.783945535481838
14.292779178291939
30.956496685646634
35.507301822929726
33.85764322220676
13.274592398812377
30.440586188521085
15.43080325784685
28.18479048592401
12.426471924272063
24.248055902340685
66.53809170388409
36.970935689535565
34.37647164014316
17.21688666825266
13.426901969757457
22.745346204620024
52.52224864411541
10.367716860351171
35.06669438240693
29.01878489401774
13.519645684207
7.061404070614419
26.177945021338505
17.56808539199523
38.85518493556464
7.199899795513059
6.423715794269532
48.46197555721657
24.32277056997547
32.17468474360884
17.614492804917703
44.48617783390114
24.732246616414585
28.0943825672106
17.178408943465083
26.959795248606678
58.23951448095956
31.540771805063827
40.01211287496552
14.487998156714948
58.48457658245149
15.074739552065058
28.558555489344815
28.293616461397658
30.033782672751435
33.42943732260862
24.95138288080193
44.543648465450055
19.556932247226747
29.299895648360557
50.02395150036716
19.508528311323907
11.496884392587072
13.066947612679078
39.16336775106928
24.822025257275122
31.746630838608343
19.96184429115062
8.122802202596267
41.361694589051865
38.075689634870244
43.395815997186986
31.036526162860888
24.289963939763997
25.611540400718763
33.36235005982054
31.810653363551623
11.329761809237171
36.806419774555565
46.63809514824093
31.90060744135253
10.979291927681125
32.50309872209729
26.54781158053698
34.32488811433359
19.292036457607995
31.771312960067753
38.46515873100737
34.20671293176708
14.291682098338137
10.03179531462754
26.351084437141743
44.63834425180372
31.171706112280816
32.99643574086865
29.416497148235482
32.57976420626986
18.734389280165406
61.30767914265396
24.293110939255826
27.217226876001067
18.390237815213958
25.59383270157694
8.066502505798478
56.219167303424115
49.616640691450534
21.31115755448385
20.601608732562006
44.950717834161
10.8388750819943
31.021442074338896
28.492534846560375
50.07916283999032
34.52552914848202
52.703216494630254
38.89949315159447
22.13697718140416
10.533658253224873
10.126015942175428
21.872562747765105
36.589972980753636
27.80672317352834
22.402829041596405
24.992021855933828
23.133765170508262
21.834016726186107
25.566628775787898
16.932132886589606
45.9419504393949
18.66098880378352
17.682224428828576
10.771971025753107
29.670503810416804
26.04093494405958
32.699342659889226
14.516905997216497
44.94209995830051
15.00279376979137
9.121786462134061
33.404402216240605
27.809870137421083
36.935856562307755
27.230489763246656
38.40677346582836
14.389752844954367
43.19392376067775
34.289519049834475
17.589385010336397
9.38842807571721
33.781903332448884
30.242126937334746
37.387173572856874
33.73345627240162
31.665005353409224
16.769200073636103
52.31304138331676
27.593102291369686
11.23691427302834
25.069945473474164
51.00697143147982
21.02127355001145
25.185953492468354
44.93257378163008
30.472477821376494
21.304932629835815
34.220261185690646
65.95849241356932
23.3602538641856
22.990882541388626
19.337196293529676
32.90343989031695
28.852891995980855
16.93506097542759
19.019027376709232
20.89129176072685
24.422226298060842
15.277230251566786
10.912953599634289
14.561978821747493
33.66251352348236
8.549031295194947
21.21517953138631
7.810764428487689
25.06958246266249
35.6055993750009
49.90066360817442
40.7550857479679
24.997517606620967
24.639599968209144
22.393062196807687
33.37501911220671
25.44973793527311
10.333642422735483
33.0663294908817
45.8329313890013
9.83278100393461
10.06397680227289
22.371276471104544
19.830665678506097
19.771568312012395
12.554101283213631
12.253880755864294
23.29821741840579
23.204840682602573
59.48098504218932
42.75270945356888
17.920634285496842
11.24358826560739
70.47047174350655
22.24182719438986
32.96021886048527
11.361010934697244
12.247851357625358
43.00915631615176
17.573270835322454
31.05624983059394
16.15763584535465
2.628358682115076
32.59320021022403
30.68112276590829
12.643644163135251
16.483247626203383
26.050921900120905
17.531816810728923
21.756679231979064
47.69344351164011
21.0590823844436
53.98879734544349
54.46521714844719
42.09568472197406
18.863036276578214
12.838332616534226
26.89729621250526
44.911556539240465
24.03648812695417
18.051198706864042
8.828307945349954
61.78042442149002
6.329564001056279
27.228988608122418
19.51836242924702
16.1550972261801
11.217939950657325
47.93354391444286
16.469612183035267
30.10999621805516
28.705065514309975
30.011370937350762
16.33516565005789
40.921021232622266
36.42097464055314
43.01914677418767
18.355205805835286
26.117588723517382
42.00883477446306
35.42520520757618
21.80516828859939
17.97886296969856
27.454136033377296
22.69245910209546
35.65975047981262
32.192099756035695
49.65203241290502
18.47616718372722
24.874940028792768
21.30629768722738
37.26855808815595
23.18659873211977
19.308026878066187
32.301530605092985
36.67492695858095
5.482028016649034
20.76746370344395
36.86100701082294
6.133870493746819
6.6803087796692235
30.66931143555656
31.24973970779914
42.24918633204976
24.01090973024516
14.849216169619407
35.95293683145579
24.084062293969037
40.94885852158946
29.64842810693976
22.730929758943518
27.151305127151424
22.773850277054397
19.862316896834205
11.929234201252996
48.002985539105794
24.04925932249223
37.66186329134159
23.747314015413284
21.48447026712676
37.29691310417767
12.383475280789344
37.54147749617589
33.09871901165762
14.384907523061575
15.096500832027026
39.075764556797694
18.038721737195246
14.52563568603313
26.750847188600318
20.694423907921987
20.771351100715393
41.81693269653242
55.02689148075769
37.22599055458535
33.429663075744884
39.54603509972616
15.364237787868198
18.615504990542046
30.087437490078266
23.030039500316082
21.36649531011526
20.243526513306325
61.96853469491283
14.780840365356873
38.90688119523001
25.126684440132195
26.912107140390475
8.39281306896295
7.542419006365258
71.40489497084269
27.79627361085617
9.717107102056007
55.13268832958832
19.535016480367347
20.88685749419129
16.998530064734112
20.826761939484015
36.41139564342882
35.56847194698282
11.333837888616078
81.3984469618777
60.88391488311829
15.145556044532638
38.604497300474094
34.78743436923792
29.41610817148267
38.77874392708623
25.862354539767118
22.105734920387025
30.141401229977628
43.954595218600026
16.09425102711349
13.411448219690683
34.440500089182976
29.242373469278686
8.429473679371837
18.44348479019441
39.489851812781275
16.52684945542764
20.485485399944817
31.01272044918646
39.235411906211105
38.62831507689881
36.41461895450506
38.2379328510267
46.63728208619091
29.004301340163053
28.125040635892184
17.68424245520366
18.22152183305014
36.539532453348116
16.678414998663087
31.600043527275247
32.628191119196394
26.59212750018569
25.76857466660833
19.03214781885093
12.852255592613929
40.13178078013207
50.53727937210659
33.392759084644815
7.865156062137474
33.371204659507335
37.2226226020155
34.63907565831644
30.68342746103174
11.839402914153599
32.57030319471196
31.531933236167557
25.6339737333537
28.918743400716902
36.09420201930689
14.646310656530742
43.56670601329039
36.977025305735246
12.227537812296962
36.675790894411854
32.150946091359614
41.946645515473016
41.259060398839445
54.87786662868452
38.50844390348929
12.685584052278049
16.960280369564877
18.039331234836638
23.41168091265041
16.073153719513773
28.51909053685589
25.477284681631833
27.57570175851703
34.49435702036065
56.93311927715337
17.054996999917808
21.722595099804497
20.489930363873
14.18373096113476
36.98001262679904
14.68017427713513
26.552365897905773
33.7190379060692
12.974942100863501
40.282129057670154
32.42938447582027
52.902874653717156
33.90586279165241
10.177228469123436
31.693003849235435
25.99255725094402
21.96324893008069
30.35433847023758
11.312566722960558
39.932583869966344
23.899780760133385
23.468431244112438
5.687057730507545
20.802065390861117
33.11280744444422
45.53459693494879
60.358543486460036
17.670985536545412
53.14916017270477
27.358380939392724
37.18982718379903
21.15955436925291
31.569939671154057
11.964841560166972
47.49501705667735
9.458858862763961
60.48275818317366
19.065741458294074
40.5355151600121
31.104240296389186
15.628966988351598
25.242457801137835
17.954827099930455
34.573768534004955
22.115347329289094
48.654676175797874
30.010612163747023
28.31730279981599
36.19197150053738
27.81094864413676
42.95581119373531
46.24342243282026
11.025509806582928
37.93665671553077
18.651947637151206
14.27939996529497
29.823565569849546
48.235583222028914
8.46645565635021
20.16742744226352
7.258831425428346
49.36450486460868
41.96585406123128
30.044361221477917
37.69737592627971
19.525253685556095
22.71259232060692
10.408511543060378
31.56335311202545
27.33268239001508
19.138656751234382
33.35261774125865
19.25966100571935
31.520456158309017
24.56920786326048
9.894988805425635
50.66791504628766
12.887496950829675
26.51880009719606
18.555319474940003
24.003262656950884
19.613143983884367
24.83698794823164
31.247901921578986
25.799175148024744
20.81555445206234
14.09170923502284
20.99390768506876
26.984290312593025
17.0003439982485
52.677375604741805
49.059638194473514
34.44556230471786
61.072651002011945
25.63510739755854
10.550485260643907
29.839311930199962
37.56093518209009
22.66153232601668
10.598172555922067
15.188169252061961
10.061347679267234
25.268567364031398
12.593672235491843
16.2029417812577
21.240083853718236
36.2208468504146
16.428530932350203
7.800491111364452
25.990732301380614
11.06706466916892
22.163867318870896
22.13481894816385
10.508423099622991
32.7343796568653
48.268639909693924
14.2655430632948
21.182625348346743
25.822619833292414
20.228993279998033
26.83391454179424
45.84416126167644
31.5294297621714
11.408104463296171
12.105741591143067
14.75200163651288
15.50717087213829
27.863229010190903
44.54291668988937
30.572529377727786
5.464465279592146
33.61609707544234
23.00150953112237
10.641860488656269
33.072942378850136
26.4546386442227
33.11745107671061
31.095733694195165
24.67690574344692
12.893465962727396
39.618580096380704
15.633627936075719
15.829314921624944
25.46613584409778
34.98200251355336
18.10662605738441
30.76847339913091
20.327019565179082
33.7029675726283
27.97267097889145
22.276556966286076
14.929411680725291
14.984408362296023
43.0659267769137
36.848034067763365
32.79742821532821
45.38291239688022
30.148381871312758
35.8835747627092
40.971004664494984
24.563057057717828
10.04083779137066
30.597989532816754
26.68875807801352
43.06493136440277
56.344636247416645
27.969366566076577
13.688508462847857
66.06063639418895
34.03411791690232
32.48395417435687
20.598708827973613
26.06216311557728
36.42320136078677
33.20513348274942
29.507481955832777
26.688840927446574
18.70496266889934
18.831121648252015
18.948594010598935
77.20563190976341
20.76776094384258
50.13467800946431
58.27632474523671
33.387716006143364
32.10123172945804
34.30732273535394
22.24072450407689
23.13254534005455
26.14420827725442
10.919213681395776
10.659902950512858
53.38145983727254
32.22720016414273
40.461552561428334
25.56945486418473
23.481227988397677
46.35483809573469
11.546698191221072
32.944537560238516
35.863993520169075
10.366486583058125
37.25740071116286
17.369795490577538
25.100056711401397
38.82745873507478
39.33419816176453
19.999948199212074
42.58003048571032
25.935252812156374
24.75279339665115
58.968458663552504
19.316830878019463
41.23616698201988
17.152512968564846
30.52279660002287
18.880349532269182
24.008474062214475
52.05100766630494
15.292048720536217
21.19046151833597
19.719181281332908
25.170379609970738
15.525186867210063
8.612262529355151
31.06392660326282
18.06822379529227
28.24024230404133
51.21844209414104
34.97720095394472
16.579651706167002
20.039298342705493
54.006013911804175
20.291893386382583
45.271194970684945
32.92330123757441
22.522021671966698
16.961143082685442
52.831175938250496
8.039097135756473
22.00641097962342
12.992331289558445
33.01514115479796
49.64016938724845
18.162576103352663
28.657836073887488
51.663357251057796
16.34435610495226
16.19098810388148
34.04472262949004
9.08053482160098
11.724427395061664
29.765272104319795
20.599198688799287
42.944442596322595
34.167785265825195
64.08927723285029
20.083272135892564
26.1437199563537
25.057041188909412
37.06733189727601
23.786546705679264
19.705149050538598
29.78185583332601
17.172071356010484
53.51823951310099
18.620842200596773
29.559624040832738
18.602104683171582
36.147845478464774
24.683937920414948
12.303586114482004
10.936668574155494
29.150146526316238
37.6859496640775
25.746794201370417
16.626386164956287
41.967619966392796
18.2571106396769
12.958592349085022
25.98819082513527
28.27923556067267
42.581084259136354
24.059447339205832
23.542138275957424
19.886353235458106
37.98576177708035
22.38181364268245
14.463369803100493
41.11332977539267
28.819159858561477
35.80841011590997
15.63087648080493
34.787806353654474
17.511702885602393
30.64229963680117
34.53412733501425
31.880299002881014
12.42958904640044
31.51582063514341
18.0004966300311
20.937894580331026
31.236133468000872
55.480827320885595
41.46691370362513
40.31632077356504
8.079380495566655
8.494804596715367
14.56587738402029
15.111204244040094
30.180575007183634
36.51510751434983
41.41381912522431
32.071035486775536
46.75356770453122
22.401689942716636
38.72975879606636
9.731842728022123
38.80842570230839
30.591864065145842
32.75212645023141
32.628979226490216
19.05655433794775
35.905929676640675
23.291075737939533
14.603389640659806
37.70791673325695
30.94824691200873
33.82908241443213
16.877925638453615
6.495042552783308
30.604274519549275
14.223520221688144
29.516735261004506
12.86115424255822
7.572215164486412
17.784808971743953
9.54516157487126
31.44199888068603
37.38629311641573
51.76472499465861
19.19074643283026
43.04666048528633
30.55141833004274
13.195993535840476
44.82357397068526
13.301472800715771
38.58721722730848
12.144018065261545
34.50776794838506
12.42986068486503
9.137824085139536
28.673717660605398
53.389333945751694
31.14493673521298
17.037851979265977
30.476161641900905
25.08958570501002
56.795738036975266
40.71638296336748
21.388690356445842
33.137664495399434
62.30568940643767
15.861312963403062
36.22605382479229
44.123795420845646
24.584506205252378
40.09933617715522
91.28368519480999
19.471223092517405
21.20921959942598
24.20924161039398
31.892437759438614
25.993491539485586
22.933102890787573
25.38741225326482
47.10148462166502
30.120713625907463
36.28924728190712
25.139689761831146
8.386887943985599
21.75706669691172
12.462431727414115
32.65674060989968
19.78769398048837
30.19518949746184
33.954192455789425
11.097530904951304
27.407578906330997
13.174843535432046
30.025231935408826
26.605227960950984
34.30767952389488
17.857812419515913
55.99093218114408
30.501722417648114
32.038901902516
16.314781162544506
11.513589714751364
35.739172274884446
9.71246425014009
34.205374209451165
20.15611714330702
18.526946683304413
9.405979250701447
11.83914876532517
28.835362592301482
41.73972326579683
15.438619394282368
19.636054291481774
17.425369497317973
35.18996226567206
36.64440406179536
22.246558231791653
35.448948834112386
48.829817520414935
49.78220307867595
45.112394809931565
45.85304681272242
27.60179721432836
14.263727387903518
24.942358696103888
47.82192391523479
14.635194266652496
23.568404512064422
30.940287507461438
40.482829579148216
32.605438559546805
30.089514722068213
40.59602381119603
57.238645710816506
17.426804256514757
36.64023787558354
33.632738207407506
41.8792432495285
43.849944619706186
32.21276407304495
19.901703846208374
57.684760329267306
43.09488410141176
21.631196947205193
11.522425962945164
35.57440176099321
40.266981854323866
56.083815685445714
24.578197828672543
66.3896046538223
14.94722236215886
19.98302176306492
24.778832912767427
13.029315555381116
17.70631840802063
49.78586563244004
8.018396682955172
4.896603313355584
20.570275908458033
58.24107978730867
39.940071532734905
59.14478833314338
38.08852963981128
32.625580267409454
28.511713887082347
34.67573566722679
25.01468326904504
31.009733732863392
15.377649524189188
30.560846595739843
23.097431859965578
29.649814211010924
11.842009014969204
20.42266624960198
17.699216355041234
55.17129878979673
16.728052885225427
46.521140223675175
19.769024144517964
32.046781963215544
36.71362518113852
46.31199762265975
24.941976317090727
11.420390084057162
40.98029687365676
38.47438928947897
18.64103438243195
52.87070340247011
25.29920292124957
27.56152108265619
35.44479889840267
9.856661574318442
59.17816311575397
17.8304649372533
23.677370492333043
28.88182128408999
20.477810087759714
32.43644119833334
28.19533450133207
36.14444430847842
29.943952390613767
18.996250172763
28.855158421666733
32.435920640454235
21.466965404943245
11.287390928757986
22.006073165638366
42.62523672471214
34.29498788944756
13.694446410002529
27.72605211648491
38.73770241412907
44.79016432612992
38.59111386025789
42.13287441377094
14.192651684162245
45.03355154177622
19.722622212802545
36.345897884633665
56.82359984431382
32.10050646894575
17.66401776172107
23.659144258726077
14.456866282892225
24.284669023886792
52.31255436026206
28.182796968798897
26.243361826211657
23.113867862968284
22.395344743279466
33.62824445158344
19.33234348787753
22.939959274077154
31.28753969514402
43.51721169072903
23.102965088968055
15.109834391505103
40.02779428341096
41.23024911894461
36.17587540937494
24.087789206561368
24.149852463367054
37.51059530102579
12.134564120258915
24.74482325624127
31.738853009635843
12.15930384740484
36.79590313639006
37.20534216475859
28.239676373773793
20.906187671567814
15.840123907300995
66.44288455460551
18.202766147116762
20.641307555404182
27.12541776291494
49.39273707298947
21.142734370052672
28.82573782609959
30.732158439675032
19.431161418205896
42.926196146869614
36.70037847483549
15.768636336651248
20.857709057301822
49.7916474585016
52.94706511082258
33.34977279403953
23.50986414999526
42.62540141337143
34.125576649136015
35.180594804484365
37.34531616810766
31.375986454668176
12.036108495938882
52.11569213487487
16.331328043353324
26.394831103508782
28.507405893914317
17.58722975389375
29.881912529392178
32.4991267886396
14.010756133087341
16.42865720197968
32.47039360532036
13.945597117147809
12.217309970939755
57.54468217439711
21.230253678847163
24.293789610323827
19.84090170906625
23.089170446663008
7.483719078323442
25.599476544177286
60.064487400400914
33.07673475005608
26.84741153924122
30.906822329272238
20.73964023972593
12.53283778599136
9.333631429183823
17.89415906241843
20.929712491407695
24.86894894732768
26.592035825841414
7.710802347150437
26.312135476406308
40.805208917504714
29.771685772633756
24.7481476533159
14.960214139933589
24.965673284813086
12.637007999666888
16.010706880435617
21.577161297463455
19.51751606624268
23.007738327213897
39.79420063437145
20.47221122675423
32.922046388224885
33.9693014665239
15.358840041712893
16.150112161083673
20.32762975015368
25.505947763065272
17.44236472427952
53.07840106475119
35.76813084961879
18.21006786779292
22.85865133962446
19.990670966299675
16.269705614035793
13.412644711958713
38.43801989127926
23.462367870620835
27.280872237349975
28.78955136831925
16.59490055569016
24.24956552691145
16.948690077464448
31.98791976532685
21.716676830204886
28.086597963705223
11.236656212470393
17.094737068564186
29.281314245375516
32.92077585635747
33.81156819663645
24.630102677606768
28.795466397794144
10.400972282628246
40.67272504801724
15.886087725557378
37.90054503791287
45.590223569635754
46.33384471768773
13.394497592202836
22.204222608814007
12.234432295863575
30.18475311000053
13.460199409248261
14.679480945727578
24.435102931848096
13.3724094232393
20.620510592395462
16.887927883766636
33.68652256918224
32.97594169455892
11.226704957407726
55.85554096654932
76.51625236765594
20.51483494422649
32.11931294388412
34.968282813504594
20.600579614154864
30.803012916907562
20.806516255074328
24.524402684789916
19.83989157092206
45.403829005936004
22.098956885834514
22.819384260497433
30.27375044919129
57.13485289064808
7.880452320359857
35.817930061370866
19.318659766602284
10.28216136273213
26.127295382455717
31.598955733030447
51.90457056251694
33.08713384552685
44.24572695848458
26.059590401115674
24.752821539637033
24.70661884520831
34.87985981657897
27.69853199925716
10.896625751850483
7.325914441302205
43.8984473924047
28.353260630985123
31.239154886684545
32.881021751286696
37.67083538577011
8.593408334401676
29.454006045634006
19.078424535292978
46.513011444789896
32.93090310804908
12.73500071847941
18.46658302744623
17.491685185670843
20.244300164281338
31.559781920606788
15.444657514393548
61.34702507880307
32.891502586543325
15.393897687544689
31.204390382114767
15.499767300252234
32.3677230612476
38.484315340901496
34.83978104774789
13.645673524793558
38.607154746236546
14.90524713151529
52.51791100794942
31.10162328679869
7.151616595537279
25.806146659033274
31.88362032557746
18.561625714540007
20.64262723018432
38.39226902544558
36.81672015416087
10.794647826349104
6.9075268920703525
26.72679256739779
19.27565957251903
50.1123973373957
17.19955172482944
23.711848864314273
24.025057419011578
23.188946155028674
28.220150504991082
29.344658970892546
10.96258883954942
15.304769891008435
22.67846876103996
16.198766686933812
64.45347917230966
26.400908845180567
24.738223493084092
31.750584469754546
10.906759267594115
50.74435736956251
54.692418725395065
28.55339701453376
53.59009204011321
33.02671800470301
36.08049814617493
26.82889960750421
15.416958163977348
9.343475288699452
22.009914422960367
19.388330842477913
12.438216515854517
50.272073257168806
17.14277838281521
16.708781342843704
18.628477258804438
25.97353681347468
24.5772970548132
38.100841194850844
21.427781517590443
31.336436652376126
37.75300855883918
50.20182651195797
24.857762051236723
13.816591855266513
47.91068142781906
33.84192849471413
33.86912352723273
27.778909953059262
27.72645103546702
50.64572541110442
25.86534493948142
67.46009625207789
29.709081966040745
32.70799729422472
39.530660656490895
51.81631520374229
14.927827650902714
23.806321170435147
31.136923416039743
24.53703332897713
11.880611873430711
18.762312278179948
29.087077512619107
72.72446820918493
34.735698126368526
25.152817539174592
20.5265523351122
36.435254368021596
23.384858752626435
30.5211394517885
38.70109289847164
33.570481191145554
17.130470494498702
35.1941707944382
18.393076614959075
32.78668336537817
47.01189075581812
14.89343893277401
30.113439498730425
16.819502623785795
22.852794398424226
17.60297692987627
42.8795517387232
32.4057266900479
13.053994013940887
19.69584907090459
13.954799621873734
6.858613599186028
11.423610592911675
68.85181420773513
43.121054797704964
7.2499880283842595
22.083871456322242
35.37825898766659
28.524578582887592
28.664703532168918
23.554935503319705
11.060121054766604
40.07021385221437
43.59321903050979
17.871007772960073
15.63009781948114
44.74675196974181
43.114535542107035
16.153471320537804
10.05551002387588
55.68948348064752
10.60466223096339
17.664583178920438
12.50828199970179
21.363056894747324
19.61598599746409
23.518823153309448
21.84941866411754
25.451651289553084
34.6822466089941
45.306666067766535
15.692222222079993
5.361562827417625
42.94701066636447
25.164225266265568
26.01618034687719
19.51260564579288
14.442708888012765
20.86218907523534
10.719867915611129
37.49513309730588
43.5837961102766
45.16936318143978
22.82566917605189
7.290684751073971
30.629011965137543
9.99072350893286
28.150442256246528
27.09220452198724
21.87354804042534
29.923709498782063
11.100046406019413
34.59038188110292
41.862736086592534
54.24925188477931
30.145600344307404
23.61642254975643
19.289351200803655
18.104267820065783
21.287619594029767
19.592352081680026
26.893114491842663
19.804583497420857
18.66887129980316
40.04303066486996
18.536587590595065
35.23939969490816
61.68227022701149
49.27899901819453
39.8964752617126
67.27060920425099
31.184041306633215
30.210688863589795
31.57273506192854
17.90409618150913
25.568583879068203
24.64114956495613
22.04457568610042
48.246399139538134
20.476363374645114
45.24855787132092
31.84034357979211
9.585034529441087
14.056151827337471
28.356336140003208
29.695795062950275
18.326216967881876
35.29265558644043
18.46662593372631
22.319940685970007
49.73717719684957
27.273316470005966
17.112426467346506
20.571508972606352
24.54252130603967
14.372417085935663
27.977317125777727
27.59075413554615
26.568618213571625
21.3150390307165
57.40229262676378
44.30933645360734
33.608974123968274
40.386094218949324
63.5694226269739
19.9916543918849
13.871394383103192
52.94919086990002
25.862225796552902
25.913506197477304
24.131983879338843
26.816014273819572
37.32667905824417
18.240560196508625
19.099039592232288
27.131022170538188
10.463124619739043
38.782243958826676
