104.35678095195023
158.9857777976968
179.21527963888718
109.53131190727474
106.17872310817276
132.76056850732562
144.51255207951522
138.63041430431522
109.55303947877168
122.55601402198863
71.31517027652647
102.4331056493069
203.35148976993656
99.91577595946181
94.4017767362017
78.04266301799801
93.76827113172868
77.48012312257461
73.98226207074329
132.9995123974217
94.23611806549673
78.7475561650149
88.68596286569729
89.4256080953394
105.36098288101702
84.18123635605276
112.64824008528626
88.0992468558697
92.23348720218922
76.36124823016902
66.0482707329089
103.76661603636931
119.281698189124
107.22255564918358
125.6216949288389
62.25502214704566
67.63907488305236
80.77130620211429
103.27527210252798
80.3950728092224
71.15246464263465
88.64547537688712
139.6023428956633
92.80632520748374
75.92462609681571
95.01805567593911
119.89456620060663
62.857433413963584
142.3589220960514
86.24917189207704
135.25512559683827
105.07164175789654
114.06944310795946
82.96124082771789
61.07105043864197
120.66025253535635
111.0276247413528
64.73132340010949
60.0974665693746
69.94549931596084
140.58477424653069
78.64903458051869
142.94559366160863
64.91281867937978
116.06705679608676
74.05920722805874
98.39611868208071
69.44378075525935
86.54811171475764
90.4128104450584
141.28907105281323
86.18240734693948
140.51207048298946
98.69283996958126
91.91566997750552
75.19542142443413
78.4769771058352
58.04203152047369
124.65333943278118
110.13742784611264
92.24572851167244
71.6203359514726
98.92820075452799
103.99563721759839
119.1134723456875
91.4783242992311
78.6548152418865
78.36930807116292
92.88371325426968
74.24635880164703
79.54098865533652
82.55532511219623
113.7836091555696
80.05583927497946
98.58191578529446
51.79873551382402
59.10846304602243
95.30452733955916
84.40061397257958
95.90106576848687
86.96794849025606
133.84974847427208
85.47942900834168
73.7905207274085
97.45512778916671
67.66475279059497
69.25895474916275
138.6715439872487
111.74205856617765
106.77275242467137
100.78978167796093
112.701771426112
84.5425107861914
71.70810860259735
116.22276033507649
88.02569706688301
113.40331034458066
82.08947513624014
107.27221342651399
88.64117721467004
92.6231814401615
75.46362324548758
77.52579628689303
128.04122516745466
93.53881233166716
75.31223113670458
79.82102812948091
117.07844912180552
55.47061354326115
116.4690802779753
135.6734041334414
60.36889214610927
74.26226070976338
65.691293681993
89.37400398890492
103.83183460955621
81.80906165933311
171.392510058433
56.933282343669674
105.49388940528239
83.54911380552106
162.22335667708288
114.23439853187487
63.491677304541064
75.78709567990354
82.51427965196947
77.61472217577096
82.05212772231437
113.07107770163478
77.46489141547094
88.16804559653953
106.04770442834418
98.92224655685884
57.01547543684228
80.32641615893485
146.45006936811708
64.26687836768423
58.398939640751635
91.61631412828093
164.38004916864512
84.92093403611773
124.97678117343895
105.85329463122277
101.22885302336584
58.930143695507354
84.92564863452503
58.077734326254884
101.59531531928255
68.98777123496328
54.166264476968465
98.2600323261414
105.11909301295226
71.6798560954089
69.20677784425884
83.87534965163901
93.34330553175597
163.60494424129303
144.53517437825752
66.43823653360354
166.94688689755918
115.40696778385677
166.35796595801753
110.62252492282563
115.57161175604381
124.6813315873191
115.67108278014264
61.97080022543109
126.89617096742907
68.56853371515159
80.5258606384584
95.02756364889531
109.50977280727483
51.94559331383765
128.61472099144484
112.97026454981074
117.15507255051345
92.37234001074722
92.53986897773862
65.69725562583577
91.21185403992459
78.97562216507352
101.58995253427628
115.5564316179468
110.88087423244843
61.393952036210685
82.16496442454837
77.08832683105514
57.249791258727356
96.65899374249389
72.8927901908725
75.4431639243001
69.95775428705994
69.80370107004349
75.43296483146811
64.83801627988662
94.2528194202072
86.308296216958
68.89056402644445
77.302151186134
114.46831069333166
113.45740586463513
87.13473192300363
108.3921820431434
79.5494529492918
79.37128857070073
88.86962704772566
83.0506510258831
85.14376281739331
123.03988912256261
117.4340473835937
73.78597031301285
102.60475926399141
72.47836182361692
97.22654375756686
108.99626459727007
69.24729093014987
109.88266243616407
107.05868590120362
111.23554769469666
100.3408518541133
162.4928052747251
68.93433435654134
101.04223906318882
89.81273456255644
59.571084598563154
129.52603215034767
90.85169821475154
103.65331147909839
98.90204890467723
87.71126235293033
134.8224101383798
126.14411162227941
69.14501526454839
172.0399607354303
90.10312550849643
84.98301220889795
147.63507815685492
70.46104183103722
127.58077012294157
57.103755035230655
104.00584348444619
134.76892577856253
173.16758618821444
54.81680010126574
78.05127435754926
99.7470093973735
96.25892854361534
155.685712254266
94.51990598714711
91.03441706881776
66.1269945738589
100.58326529996332
99.79625192742152
129.25066307219055
86.46004953997826
87.31652996458162
80.02137377482023
69.82534876884463
100.78226957606984
64.61749363956952
117.00921867084666
79.42632510282124
74.60684656123804
100.17501305047132
70.97157006071983
75.04352615388309
84.6176238471908
81.98593059704845
94.66028456624575
141.57075487110652
103.61220713334521
71.77610457878116
116.1620163364047
131.19892952426594
118.97188072501316
129.88996905630188
125.97540215822652
92.0168377270754
76.25958315057186
71.41075615829645
75.84997365262105
135.67621001285696
90.07862157724726
70.30856584087024
72.25772934441625
153.8901554444199
102.11037345112621
101.20877528003327
127.31731897572651
90.65123956708142
116.69637975654823
70.6196340651684
102.18607500229626
84.4732583027513
81.4801203751831
77.09247796291173
126.71405650419909
105.26411975705304
118.38873610900087
79.89064640995544
73.83983378783094
88.48951181495657
53.42621705691024
74.79491013934961
67.92471162772166
88.83815147723045
115.84987606769181
54.16525663114694
52.958452232314166
64.74695456682845
100.84116550429339
85.95419883267932
142.6761047485882
89.47780208987658
126.00113888139157
95.0107613187738
109.59247656680242
111.08627265210431
97.00534613930402
81.10045235794965
145.94772848321836
94.03857640230412
101.7325001833572
106.74145653440208
62.80322239240598
100.97192220277114
87.64401628681985
106.74960806426074
224.89760394361588
161.7522140192841
96.10301668649022
71.86610367074697
115.03849068643603
140.76316220341755
73.78963427310231
125.19114443934474
96.38966757576675
57.59463082521958
92.95042194943952
102.26356634283952
98.24939768788086
112.61774423046992
117.78019515723308
57.7334314973561
112.2527346858208
88.67276997832245
90.5828091344407
99.50698907072439
98.39705384857017
111.01392059919695
100.14122348781298
177.76160264779645
83.54074980557684
119.96030756263633
114.23463392352811
97.41476264061143
103.60484277853249
124.60571673029592
106.1012679006927
72.8548121824569
92.02455556948078
74.92047556470756
77.05652604559975
79.88394314241978
53.73380564908806
55.31233522626032
103.38750620923733
49.50240613331
79.71462634035883
99.90850368179443
64.04804102936204
71.08094819913774
81.19286915430482
120.06366061612563
56.91658953461928
105.44826528208667
73.18391676755948
118.86453705078073
99.56504317405032
68.7004468283742
90.1783877142035
56.24970549167734
79.29747005597125
61.78091845550102
94.42377460324988
91.33765238070337
52.459102428848006
102.28853004845749
138.24147072018636
151.54629888373097
106.8926337809259
136.78845867008275
82.78904790037862
77.94320791842438
70.6431845874223
89.65447576997376
106.59233194617886
86.73677761299193
142.90500551747874
140.6669301826967
97.8519931869925
112.1098031880398
88.28550596413339
88.4631886498671
98.57701095267643
90.07717180943851
167.3879494820333
76.71242308905133
79.6217023852497
149.83455397449842
160.1725710141941
109.75769742207366
103.50510328748479
78.61994280548548
104.12812681890995
106.6944856306386
149.22024259263267
72.3674400495065
77.430843605907
86.4447026619753
83.10967294108438
59.919667118912635
78.52121762400628
53.93536164352083
60.50384703183773
104.44285812528796
148.46194672243868
163.2841670760991
106.19449009379207
115.0415096976677
82.1047728162027
73.26634467548179
101.63674471283394
79.54957430050328
107.13842819011631
58.08887731472654
69.89201700832754
124.90744690473431
84.23980902446675
77.17997053824568
72.94312946911646
81.6147241033835
46.46606308954506
44.885266238088406
167.57606138015936
129.8094732166662
44.637690733825046
76.58707257976783
63.006171732840734
94.02514190865848
104.79717305589196
109.02443721142086
77.8744727127796
77.73806045155979
94.80639368882146
56.69322922241315
118.18800413808131
104.15892525504937
90.06901785695906
74.31016760704892
89.94954106243263
112.2111547305864
92.27716123091501
71.08642997766923
89.60212927109198
61.13691978671337
132.10022088425887
79.27042868250412
56.58502115898991
80.96071033433687
92.76131960585931
102.5923378410454
98.81310972943861
60.330339425752776
87.25490427077098
105.54366791564756
95.50421852952874
188.15181545823944
103.0499327400797
62.22836201606391
102.03260896799759
62.64175030608512
58.63401483694697
82.14721248415763
175.27989484643797
166.00713660733925
117.88860816203386
83.07916317487894
95.21698564494878
128.32333524665523
100.2863699945063
90.5661954754383
115.00689079502577
74.04196580503354
61.29943948403117
48.04579920952726
84.8395488278757
81.94130614349892
70.02684431770537
62.90345043073844
101.64128964524592
121.09028677224273
112.51243487305005
106.9773013755315
128.3451539176346
82.22174222018164
89.33228583195212
92.42635348645692
81.33412284069786
113.05646700257522
78.06623962490107
97.17491588618437
77.02247109669116
175.14560680140661
89.52304753141296
120.81191747458942
74.56867409247575
70.00422652642526
141.48270080329175
76.75924696877404
68.99947629084897
68.18123081859098
135.00374324109538
103.43191541266224
72.12446014293882
67.68031267655655
75.90627738378984
92.04045044128544
105.08646635785243
115.77251962117141
97.02577497151538
132.88833706745032
134.51030657360428
75.9215125497276
75.15873921563127
105.39097597912472
64.50294709757067
93.61645885835706
77.97169823018967
75.69909340337593
128.09300501907964
120.46143555978128
54.08066611983371
53.437522612855716
70.02209442871835
92.96578233189724
68.31398547042727
104.82901290263378
59.83997546103746
73.21685393535978
58.275120895559006
76.10668500531645
130.2575989396765
77.0646579477276
115.22544558778864
82.40077930654434
129.60974197899975
62.64424911557204
119.22142349035391
138.07362038643188
137.91675706011932
91.92929586639569
82.67219837811585
89.05183538672931
79.25776447840407
122.97484914662544
74.81501829299194
106.30691724579022
113.10424293180552
80.00301963693849
88.02649610185482
59.63891139928543
173.11641035894993
104.26373651972438
130.9837213145306
87.19502787274904
70.27794090123791
127.82216596304113
62.28156970853481
79.0605471650123
89.66755924107524
77.71118325512579
81.02240086614492
113.63036202878334
68.29851342182035
76.90373176704325
110.5095074929384
120.56668471305593
118.05646574734368
177.04727781317118
105.56393376498615
70.28434177717317
117.4220260245937
118.16190599421898
101.49349963848525
91.37340737316072
70.20668808417018
66.35566514099166
75.74515927522253
73.93201568021985
73.33028642489309
153.0838015719464
43.99469755531767
101.32162348582314
58.330912645992875
77.13147694140659
72.53598718994098
112.8047828137414
117.45952321719628
81.39983516820989
113.74203014350658
105.67076840906104
136.09994035629902
108.90806746031032
102.05564712445579
150.08204541508996
83.45569634197078
95.28792567368501
91.14149825340327
64.48647498086994
90.41185366718784
109.73921928088282
118.04226931301984
71.98037693804658
53.813836748852225
105.28681345817941
127.62684832023305
136.36310078009916
131.62996703411437
79.58816772442843
132.41443523010113
120.61354330314312
90.74113033306827
111.66210766295441
93.33368948025357
104.95852391926263
105.59557064797194
64.0682145418414
103.46064084132693
140.52294732636673
165.69080155640955
73.83086012451201
78.5745252034766
82.62043600157183
95.3216582275671
99.98433369865272
65.35699318619757
98.56974122172969
80.56510285571979
171.14657095957023
115.38731962866893
84.81429374834134
93.91165819743917
66.87081091363338
97.02803338446348
66.07414489871063
130.20391891123458
73.0912427508085
86.37768731719983
69.38578629372373
102.79976456720266
62.167684353728404
73.657383098878
134.31553487846034
136.9588894209387
91.5019699457477
111.50738274139864
79.25095355495321
99.35021390048813
92.43517476188477
126.57133617011121
94.60547661770089
77.77241540494705
67.01123439268753
80.21330095437979
150.6808719188695
63.472894568345104
72.47084646689666
70.80978015296549
66.94093368805439
92.32708079922799
141.04542658422793
100.44436506209371
91.98743855194024
63.59239280031098
67.50832898100887
100.20416158444483
108.24158711812923
105.12608586731244
56.10878567464652
89.85979432526852
99.688824881203
85.73381784293986
95.81452308165609
90.53272553841303
122.37598959834241
120.99305885617994
73.78829825195514
123.66466813954386
109.1318513459709
109.35868182816957
109.10885405456024
85.27398691159122
98.42361812759776
79.84707248791854
99.56405020960246
54.38136342569556
103.9920853435949
87.97171218076831
76.14475305019565
64.00350254449437
63.75823507015805
121.536153389583
94.12101951870667
94.5758522363896
86.1739129996536
69.90033583189529
75.16959666696647
120.75076222855463
103.67506723682993
74.83775029912415
96.5630091855283
66.67392604038788
91.86718062342378
89.11509586634551
55.993482670354986
83.63145229004151
70.07825272450818
68.92394789665686
75.5359949776843
184.60164850147737
79.69057768836271
112.43245432047384
127.66130018521962
113.83136451541435
99.33608593956502
75.48913166625836
75.40859742973424
108.9760478191451
69.28378984521518
64.62276788060525
91.29654280234824
65.77502015012755
62.57192900793458
130.4229959523897
108.1202120422096
115.51801866307217
116.08303830655429
91.22654069368033
125.57149773722696
149.24872096970182
65.54270655827631
88.77953462000643
102.67797259398918
125.86703348064552
68.16986013676768
96.21233163354023
78.12009573303116
138.8194532313273
87.98099862583173
89.37028152416477
100.48229278394683
78.90491846949995
119.37947925873044
71.78722176685464
76.57474880201816
108.59753582338155
70.8159466123367
158.54454787332142
155.03786591772428
86.52776370436338
75.28137391992729
86.54841647439653
85.71911044265926
106.93782998785592
137.63367634797305
77.83547155482232
76.28831796721394
54.897231306144235
114.48362611648409
96.98959882395503
55.51510246761314
85.56293239391469
122.32091341005838
185.92438255119777
114.48184883851292
67.57357980920347
80.48332212159889
78.57245869934202
108.09521527943451
116.48604033080112
88.3469473165426
76.49980572874459
108.18614392024712
119.03542501186051
88.03298144682921
103.25035777509488
86.33651899274449
87.26343525715951
119.0404509939847
101.23603890399475
95.36300583165611
139.4638965806595
83.53025095520789
80.05180750906167
64.69972654354606
91.78336070016312
197.82657733031607
96.68615957254335
116.3870148447947
64.4903905035565
158.51735438785812
102.4101916623574
175.45641955175248
128.386963161505
74.26132788779339
141.6508765858201
76.87549658231202
71.28241407304756
98.9474367582246
68.88196407923097
78.71628076338139
82.38973478856447
55.2748603280255
70.18191203171541
61.55092796065219
71.9282435658468
78.98196855518307
58.511669516615086
81.80956239113686
92.19796571944464
146.2655785447356
65.10598915770352
67.39386824771614
142.01820747133317
107.64576143267351
108.10544866433307
71.88162123900621
81.68493488010428
75.05583800878087
157.06357146924873
92.1704763138122
48.259335086764
66.39563403814371
77.623146051535
70.37600291770246
107.01732669689707
61.3130824805735
61.089815384081724
87.25574995110487
95.69755149683131
172.55010467768676
91.54042416289818
145.86590300447617
79.4083259623635
103.28680560420631
104.06061728648832
126.51090039574169
78.6737445378748
129.41581657676983
73.57597991550398
109.61261040915988
116.32355503505526
63.83465454711828
94.06730789368144
130.9714523172546
81.24765459890763
77.15438022066435
98.45325264544677
116.96758726317297
62.974122071393914
132.80618635315332
103.63555218230556
137.64251613398554
157.24199682603296
86.25252407824775
117.22329667247737
114.34407825707062
85.61953867622883
71.83566715863616
93.171784204479
62.180270055829745
78.27174947271752
136.96731395773497
121.01521159885557
117.00355739860908
92.31258165208224
116.58713584660197
95.32394226111667
109.25018115882075
83.11403667017672
62.30260950301876
122.47004748174237
96.52179970673832
72.53417329013848
93.41274939904733
120.52878318456433
83.55265551214039
92.1907231208571
85.98654176128052
79.30906052719531
84.41579269309297
87.45910132443638
57.755436823898755
87.40924373086469
68.70453598261456
99.92708873633707
81.59137403176278
54.994874405775526
91.28805370915661
89.10539406882893
178.94540515355274
66.81388711998437
99.8311556841795
120.518160199144
95.58477986840084
95.97543651637595
92.31520653235972
90.10458775342526
97.76282338216873
117.59319617781223
98.56220217433761
92.97295669459484
75.35549923863995
107.6487940360455
232.1107452995936
82.67448275162643
71.68431115652321
95.9096975802184
77.06343416632077
87.30697452558994
146.12896952944905
116.0540269032666
106.45841417670019
61.433352724196446
84.70006142383892
78.03535263280388
80.79470566877819
70.76436447329664
55.24273681001879
61.51051567478423
101.01016715203308
91.83513977902538
68.76299904837958
124.44297149619166
68.38656314127722
64.63774339954081
82.89940162097452
99.00228760062261
66.76558601573218
101.76894982189538
89.79316954322647
63.91795335981223
137.90761722373142
100.2783250052271
75.71333260737705
117.86186202846616
126.29591212098306
78.80656929936978
90.55352480220749
99.4163860673395
81.38331846444996
73.48525773325252
93.93655882161107
60.33594030627325
79.53498005134718
62.46253581123876
114.61718506392408
90.23295641696143
173.50338954328183
88.4111300238306
93.49954517731545
100.4308963105239
72.14346399726101
69.68477132794925
80.96731674685238
88.02624119686803
105.93933022539417
70.9650090958353
94.11768640590903
113.22030408472887
108.14187561889013
94.77050107474608
73.06014767483289
71.89080055959569
106.2657639410242
86.73910584695389
136.10300823167475
144.11291204148182
58.47268925079393
65.05914627965028
84.48457984285503
86.75584964003635
75.87295141766552
115.1267840209949
96.0494865789899
104.13217442837619
78.74760853916783
97.91087340790355
81.20212107009604
74.42571659147752
90.43648888616544
86.84289221790883
125.67118034317684
142.68296684140822
76.50290048460069
110.25225372782769
106.74164833430169
114.72546843639897
104.32392034467651
136.3298450053295
124.41956763104673
94.77065689797858
66.96172189708274
161.93467422238936
80.13462858549204
100.90388849177896
62.07883629774115
62.92566822464495
203.30378267281594
124.6742797957318
91.10896399346932
69.64507763754119
75.16362308219313
90.59055130013505
66.22906300249973
104.42694728995761
83.95495402548917
69.18695838772516
70.83832854408718
77.83244100626136
131.97529444863463
91.66762155749215
73.28298428111606
88.81092654189867
63.34677022461267
141.89997183669135
86.57266968547607
91.66167058912097
113.75861280592005
102.09200761427697
73.19858552995417
122.37751203568867
61.17385789197637
111.99043438725265
115.45810642474481
73.99050233952565
80.37991181123564
92.02792191436362
69.92450270558082
70.92860592331725
118.50457186582173
149.41110103146917
102.93483918256823
95.66232163843468
154.42422510050582
119.95954439959704
128.08716147672442
76.31052502617247
75.51002203104791
68.7096775953625
100.61343583280085
76.77869592801841
107.33626894221157
66.45476329409878
93.82559614396897
141.10167840015566
126.4492919494858
85.94204952147439
87.97186609357553
83.11919227715975
90.75793396860952
78.2229693512271
68.37597777638851
72.51756050645399
73.65381106010143
73.01466139890188
108.48847477420736
54.56260024760016
145.99282718795988
141.32147989564072
74.10426693389192
95.6967793169266
72.82232578831868
95.81924295364934
118.31587714686908
118.23058626568117
116.01493970332699
88.36239104027611
82.26183266366581
85.72088966036934
68.57213747131826
74.40731769086547
101.15209672123626
108.16675054559745
78.86045154169275
113.8885304998662
159.3031923234437
112.72675935492317
205.88487865678297
84.39395863736279
143.2174674188664
82.89122087002458
120.3367839199109
64.29396677607268
75.50921209753285
122.02403252799986
77.74499149066911
75.93393155196786
110.05064610330808
119.07347884331818
87.3685084788666
70.53496389266874
97.4352668502048
42.16537958690988
71.88991474548635
146.17331351361716
64.11693601397232
91.64936742656438
109.36771638578588
113.34318317334503
104.91966282745655
96.60324634599468
115.3705385418378
79.21172773707703
138.24324803055214
61.19981829908851
82.77741350696016
78.86044930718768
59.86360593610951
99.36352892594876
105.09934016084677
57.588173744817226
78.47647402357171
113.07361003577556
56.534644527578216
124.53350482990204
54.71566414622693
141.278816223092
69.6645391078113
146.3823563487143
76.65210496865058
87.04965266714628
116.54651375878882
91.33862706528981
89.52393495565155
83.28120401911349
76.61748076954544
96.74182185342424
142.90165163345907
76.75097251689316
81.0689673750111
68.28576634985171
112.86491588528591
94.8534254461655
62.00145819890726
68.26942477782322
84.76448681385224
91.35251483359171
69.58226233358583
101.92150830746793
85.10230356886542
112.76471948310687
72.38413661061902
73.45264606402648
83.20394158924037
82.33900737622189
118.23817073129274
147.33696676798093
102.65233566940589
117.40183696393825
63.71693647820295
170.91231167471858
71.03579339176103
64.52544011378897
113.09447752441233
112.98363386729969
89.09065273347855
101.09198068886136
107.45576371871283
80.78642073627871
93.23942749741815
105.29864923678443
112.83342593542578
109.98278136357189
112.66012521651842
103.21984633197063
69.32401975828898
79.73763362837471
76.70249448582959
68.21876892169027
102.61168064591514
121.32791362469621
98.07165995833591
101.3537042573326
95.16167025870737
86.32230994700575
94.1431038548879
64.88759275792316
116.00035213294555
73.99856968433653
81.6448258277816
88.40343892744352
91.91118349820825
98.39520716184683
118.05605406331863
91.15231184502683
141.70137664527402
137.0946245784936
86.6707684944182
77.62599026086816
116.29316720915645
52.31660182881408
103.10029805202304
111.94679749042564
76.73216089127737
72.11599406849591
74.56748834355395
118.97921513368127
109.3192636646898
101.59778899057386
75.30843023809467
92.61811761041798
113.91561464862008
100.06005496176896
90.55919774210074
52.67947775656597
135.65046655243128
84.58914960784575
108.8030326578152
90.74281797949327
90.08741634411483
63.5861865739251
113.07304767864419
108.73013882438075
103.67692227100682
104.88308757691132
117.74666911368452
115.59693886790016
98.7055584353433
66.66924791688349
83.79490177685223
84.4067561439911
108.99174267213567
77.59540153813974
144.09161147736742
88.22930789376052
80.79154605064357
118.69285168107939
82.54208987672011
54.66509751899149
58.49475654294331
78.09024591373873
61.1262969936028
71.95847637905833
150.1670572227346
94.66256588448402
68.77303250778255
90.4860829455988
53.44664862891854
132.44122479710992
71.7228238923316
87.45751076826647
60.61282958307774
141.32827991995543
54.4975255237267
78.23476796282607
113.09059761098452
67.27332644044188
85.88520258598015
66.37738315634125
84.40796282930309
72.94762670576456
126.40326443206136
122.05125328074959
91.77739445016122
108.96650214144022
123.79903292168255
87.52397076526118
74.88502679051511
79.88808033465709
122.94248190020056
82.09790176127115
108.97466769746865
86.33171344145852
87.11494856149731
68.28966426661941
118.68572141689368
112.95837453528156
88.6574385557903
128.08948175086968
89.50936808254949
86.33278893442304
73.83037128334587
115.20021335773998
140.70854454893916
124.10380796067378
107.20674149750641
66.43011994405661
75.47418393627954
150.34638384711414
90.99026145497125
101.1432031265705
92.11845560603413
93.86305399933876
83.88594285867255
94.9666549024763
77.13618515415678
66.25973815820416
70.52115399748445
141.0795858465006
90.1404151275855
71.89599503317612
76.60080438547521
78.45064709276775
119.41381241221359
100.02858801707694
64.08289579548874
135.1136928330157
37.49868653549757
98.45759029655186
84.28650358706174
49.673575960610975
149.47922690407677
81.85136549733267
71.69099716946339
72.09432766199338
90.39343006947377
73.36550663003317
70.76217399439024
118.88464816920259
94.76931383801869
60.85198542374065
97.42929294527752
127.53851341754854
113.04902725959447
81.64828221630682
74.32460346728415
66.17918605579844
86.75573507432284
83.02442030216606
120.31041702052978
128.3467029063153
87.52236208121026
117.21533040776815
79.19200219598814
95.37189281531764
159.34295383129094
94.9206538354048
144.74797384379764
115.04479343079794
95.18844742757067
78.81454669268477
77.3809222878327
139.25159976423228
82.51575040536255
54.64110248357743
131.57735112485355
87.73161083849895
122.3305257712862
78.11334385934816
116.43495743172781
66.45445474194842
102.58900809493146
126.58787434617655
70.00125861852163
83.25133543081414
82.48371010824994
52.35572936428199
70.58455426840894
231.6956567505057
61.84452571606962
126.75955898240517
73.51717175207452
128.75612367997158
100.6258639408452
88.05862364247939
126.59038488472643
115.30148462769378
90.28464983605302
90.77497163942171
124.4083313284573
78.20556142786965
160.20720811616022
76.9500730609374
93.13909438294804
118.67531723544292
94.9182622503242
128.55281162496524
59.61654487337128
101.89412453127031
85.58938682926401
68.35621602854204
101.38773846049749
120.62872716433286
78.45569368329147
90.80565541430045
95.18225304020498
73.14845519948054
70.12607205196397
96.25031760161458
98.96685120433875
63.45107017546352
107.75620470310676
120.03130461495056
72.44478181074955
89.48277171081008
82.60614416948113
61.74803576259067
87.83915623900619
95.4314975291694
96.55423189003575
67.62805880378295
101.10201639032897
93.57485059283684
65.51441134749349
73.1564429740151
116.55995103261645
120.22875695386477
101.40386555407422
103.8753406446429
52.30319395555758
128.17736749024476
94.74180543822524
104.31197087976342
74.29492917279774
63.16089543784968
65.22815826124449
66.75499453204402
69.29893543417987
56.25172718142415
98.99991542580736
40.33864347151043
114.67653408739112
100.13836249527776
77.54478514490488
69.10010877487764
73.35961104359936
81.76352808275891
76.9070534825133
88.0090216879416
78.0821376248592
165.8926153506819
102.56836060317389
95.22072212671219
92.74284041355334
81.50693317346563
81.47176217209373
79.84082212970468
88.64888818787801
110.98249805933827
73.78249642444942
47.31410837718779
139.38263151378376
86.01536090905532
89.87395763717316
74.17223159765271
103.59354015694807
139.6844193419182
78.25978760862088
65.54160360650934
90.20885964137814
76.52494326517434
83.7726315590788
92.33943216927833
90.37846103237703
115.92518693416464
61.689487158841395
77.0344925481411
128.9073559900887
89.75019215806338
110.3417747131634
62.202244450067425
84.58027945148591
60.23542598313117
102.33389344783757
109.80976068324983
121.97110705628435
73.33283476597364
49.4921934469854
75.49244235428496
70.39477972601543
154.59562274609942
73.72347184930479
100.05150715268121
62.56964535524124
84.88173181902066
99.37953044621446
108.39521781653228
81.46395936415736
101.82382088419854
82.83531392989315
86.46578823999033
139.17357604488177
84.56160938905566
125.31577639082676
99.46230339296206
109.81450284131779
89.9026884236953
91.18344785920429
135.2299833105888
149.41572660453068
66.72225816386972
94.8446318472932
91.00208117531153
125.75710179214545
117.56233552019242
98.05860334247693
94.28002537172159
88.7577748102742
90.95949456780814
94.0859453360945
58.09300675523291
73.33837434975817
116.27535329420655
78.70117963123478
78.85055835899777
126.67190454825277
60.28547409891773
71.49185559855215
87.18903366937985
96.8380139655961
159.447986134058
89.83131372675153
91.01343492739214
81.97421057681898
95.65224480042733
96.24768803000435
91.81567974086467
133.03000052484956
140.15776067840915
89.36262063993465
66.72115950063258
90.24748914370896
92.07675584167183
167.11406660580383
113.78318437805561
137.81537570285673
117.71721766378245
118.55671268474521
70.53687025252933
136.8730166104238
80.24503081100922
75.17738630265531
112.95144228221115
152.50400347742865
118.2851086243943
66.52170293626409
69.89616930753455
94.79995940516011
95.68622664016686
91.88588588451994
84.73090150689026
73.54939672648074
92.86018641227643
84.77328538945324
98.01727142011035
107.81932204890587
65.27014019315372
88.7042986587137
100.10668578334196
92.1835597026463
97.89188004231815
70.98322803307701
85.76303554957322
130.9824254383002
83.14388382730394
59.61349786221436
128.4534657194677
77.768670619269
60.12751137847119
143.76186992617508
52.831381652623385
78.14669719447684
78.52213286353842
97.27394956855821
84.6904873676552
68.75043637079305
98.23863628399565
131.82908069677615
75.51557914273279
104.4420816125794
84.21365121836267
113.3585206560914
102.46008154657949
90.72931518741731
78.13490432663288
99.84509984325388
131.7486183037116
81.99634430343158
134.48034810485788
122.54250749664608
118.56510879739004
71.26961870719082
117.22242899175556
120.26248961795105
144.67023247049562
148.19205013812322
86.31107390048352
79.5961198715932
89.12622590524688
103.97174730980454
71.6196444087995
118.8534951439229
120.33726398125597
91.62466147168568
109.10064337752115
95.58616973475088
49.12810698753027
99.77642524218052
98.8796603507178
101.85011961710433
116.87189256974584
110.1077256783374
81.66759872078542
83.55567761975328
105.89738790175802
91.51708758756331
109.10619482488859
75.80919442636187
122.23636508579878
96.90233881088471
169.69568419707628
121.77687420932233
71.88502264615731
77.93539606450696
93.04080216719012
121.83728739271248
90.34155838354656
79.84422364108704
45.43885676248526
61.450857887918744
111.396733945363
100.01191663915621
68.20022863312344
84.39514269713469
127.67622967270262
62.94713948561821
75.16341981490505
83.85503901883249
98.59452748272625
82.55754676914555
103.0006009122653
67.1922908563548
97.50248091280773
96.82760522993856
115.71833118082601
85.06303313117726
69.00006858814834
100.5783791971139
140.06501701837394
80.76564450401533
79.08323009072387
109.78953164595194
133.08390862141093
103.0092492547441
108.2013344277158
137.19879436999923
115.52795205772226
77.09466311543021
121.20187097161337
153.08397567328493
104.94767614268434
90.24870269523765
75.65558351653634
122.13166546510048
127.83276281010704
96.29538624312578
61.7982407546304
104.26962065436645
103.20648682381275
69.52820153070637
76.18749379952938
94.29974137559334
96.05619963730415
75.93818613231606
96.67467102440457
89.20324225337048
100.52597379828325
158.08034211627003
100.45532128016417
109.48335066904255
90.45107742584318
110.29646077399345
64.76381934122676
104.09875024124217
81.55430306470288
71.24405746116467
91.73047276116255
142.54048984785288
88.04594397272425
55.06382653478281
104.44442453296807
123.49124927264094
98.79442417468297
78.46229392278089
154.46648656423483
81.78550316409653
108.15335344738106
135.0825929065888
70.13810500810806
90.08153281336747
66.79538017925456
96.00846628398749
75.84732871696185
113.1055099354458
78.95221087870516
100.5762782927367
167.50472715456687
103.54974364377874
76.19616653172707
133.77147932384014
72.1620357367033
77.78835092737182
72.65134068252873
88.08194523995522
80.173679517137
90.02545496025033
70.6276605358911
86.60872005167059
113.24582263507044
107.57705859477902
74.4263674596374
91.95849657813334
68.4170863024644
72.35728599660034
76.55865060437065
95.2510236181617
86.37729141445033
80.39770120240176
88.39755521726784
120.92759971466091
81.70529339098691
84.69005419171427
86.96707077758113
77.25443134994015
82.07971461283731
103.76199907104082
93.33568884196536
57.82834940627818
84.20564648864826
52.248816274784325
80.73130102529024
81.19598287341205
57.75520165783308
61.91044746532424
104.86802250072911
143.36356401859746
81.3881139463276
101.45581125846815
110.94803490033325
74.09420043533703
70.43900105427753
77.13948218934723
121.169400255402
67.6921494917457
69.16940036457396
84.47936201279481
126.77476741236488
78.53185297591992
112.11845854040352
61.71053791733341
93.24173434095965
171.19765450726513
71.30507468580073
82.45081960630114
73.76380128456951
105.1736049813029
70.386546483822
106.75469534616467
121.26051911593375
144.73528742191473
91.0956061213617
86.02271238485031
95.67299565414811
68.43516830178038
70.57768905704296
94.16548417951198
81.78266961567975
118.3301149588857
57.97806217407576
61.54885734676665
129.40604672498924
80.09996139327471
114.26266701221222
150.01757575834816
87.97810024254954
120.3666887264583
120.22216646739312
109.01280136803236
124.66391022171965
125.11212905416345
87.271763551727
90.57947058460128
142.01444865626647
59.875208343147946
98.08613153170914
65.80009438250647
72.87357375584223
103.59297896435831
109.25714127961838
52.398824348239216
94.4784899919789
112.34446996857548
59.681639488521974
102.97633280909584
153.4056092768217
115.1116780279257
96.38253674806583
103.43142333317536
66.61414466515899
59.210206750599745
127.25328410705863
71.61358149944806
152.27289508371862
81.90447279343451
77.32489603719138
70.79741548709104
72.13932664772861
97.0379204280035
75.13138324297337
95.6293728874778
89.31588005014936
97.4158542201408
159.88207690440655
99.80211995314451
130.89767014847376
138.72899747649507
105.58139543382221
82.0507125989171
103.77835723763933
121.67044389898321
75.24202295696738
85.10368391712679
94.62859590111518
70.56907817090587
65.89832080588072
60.05265946210522
93.2261636656701
48.97008742118164
80.31590798671856
82.33802847690683
85.63700487521041
117.96064394002555
87.58847716154776
60.021036273601766
90.1028829685153
86.38194672146699
73.53192439763926
63.73629062750902
150.44232582943332
124.88461945244494
93.92515961757933
117.28740916678933
73.14239300407985
78.52220405088647
86.26252553031647
107.76016251006824
126.98739605675688
85.92236144266734
81.57986066125854
119.35641088619282
73.40688056743465
74.2000318490944
67.72414623563537
59.49333111344828
149.737541598872
103.76402453675671
82.71889341726457
95.5116765398063
64.80609508974389
58.68459529091962
83.09742687427585
176.34136139948788
97.29810189097138
87.53148563816026
125.94090000303453
59.18635022406894
105.16796507491574
91.64241694570987
99.33001624355444
77.36458485942192
69.89708429995699
117.44896568553295
88.50594711371326
115.26622845530399
151.20097292570716
80.1805593460691
61.42591722713355
75.57848106120375
83.5312672375267
171.61613732086363
85.00409055400975
140.11955087450076
91.99374651752528
80.68344179152727
87.20507898408579
94.76493790759727
94.42650123275567
103.49676355575153
89.98915152197155
110.36249563618803
153.20671228129666
90.59898727677862
77.72027325673393
107.49749451997943
88.86507570881331
102.44915695946435
127.81906231398014
71.93323752712124
75.53683086929257
93.17244210462535
110.99950340419656
101.94661956646766
93.53346525775194
113.68056187421027
98.01761975671717
81.6099940025346
100.74267956032539
65.98439755642116
108.05179124745214
72.46624892114487
156.97368210037334
135.65444366286977
92.4613951986125
55.586156613255
149.1707587567584
116.70851126481554
120.08260597032607
97.83297973718177
89.19305297581282
58.35961443221158
79.99134520631374
123.4516308924652
122.50504447847939
74.62955799726551
70.8662191305174
147.2284029473956
73.73859681302125
112.37941386817741
81.85372644666671
120.4644309515572
149.17388458752217
78.6587745361628
64.90851401924745
120.94459832829409
64.43445963167345
94.74799208788987
52.356078521486474
105.71408252580159
83.35880712975323
86.49027845179262
68.5279280532842
110.08010933140284
176.1421700729932
96.4918821199761
110.91833191249695
66.91822817627198
77.44963626966651
114.63130937243355
151.64479137824526
98.05631310516378
101.74852903035996
110.39388929200233
103.97285121884892
79.74515400072397
49.01791343443671
76.43721188790636
84.01024640722594
65.54568438157439
90.33893482942126
70.74174425381918
129.5218857888876
91.07280873053294
75.83559598202683
89.44897884661697
104.5934859338427
107.40006145525346
83.9610278789592
111.77616270983279
110.80371886968364
82.63365284457396
81.97576191310303
113.53836197282436
95.4868232104795
120.87050818388964
123.42819952677868
76.59510129853598
115.402874731673
111.90237440399169
97.8198560835799
75.42439927047528
143.1289694564902
104.7060029322522
55.79286935645933
97.39473207834389
91.62668309869457
73.30033581422978
92.21557647212055
88.35421965119843
78.62523408710224
120.76633298919846
70.44211177739467
71.16877486346458
79.32809617840736
109.45472187196145
67.56127464317568
133.34162995599604
82.98261555879196
68.05507451310801
127.54617890116164
90.80274116855297
117.84939132435896
58.6468868147085
70.89685805535208
128.8407576058428
90.76868676289449
86.14468093017061
107.77091170576725
138.9143120426604
77.61569816170027
111.1060273900558
113.41743416859802
99.09980644995862
80.07507531792425
106.86655061513457
125.03562114579326
84.10234175017655
82.98851528494275
75.76588561740498
55.29122475447294
71.75808994057834
116.57391919680613
98.20720628627649
126.3322692820483
100.56511413438794
153.65222410283607
124.07069637683574
66.04813085467782
86.90518495035123
104.8521321632086
63.67088308508866
76.86388803059761
57.274114074227
125.36654453052545
75.85768464606755
75.27838085954758
86.49238748344933
107.08570760018961
128.66646783016802
60.487648871280776
119.31203768064988
98.78172136208539
64.51179175797414
64.57947278557987
105.46997635721307
123.29349831607999
76.90865593721364
97.22433613260996
73.99264080050916
78.11858843506403
104.81655781636758
68.70820019805043
76.16292119023532
77.84288097374257
61.569745675078245
156.72951109175318
79.14208943902526
49.822715672874374
107.29841273133101
73.60890358691286
65.85874441026544
123.71627460489117
80.4380351244667
84.83560298607331
90.45950603667697
99.86528763383228
98.26832732791343
82.68409370187867
141.30042259234202
68.14142374150478
59.29067219599033
69.56197817687512
77.31996818662068
156.76563137052233
166.48799350719048
72.28892688511856
92.25607054371724
68.79714193046448
129.8029004561092
92.53100244470713
97.8824108248951
97.74547023719143
104.52600919100838
93.1352479834729
104.8371676278555
117.59922416464161
96.80958482410671
97.43227093150068
81.48987545129187
81.51824484857484
54.47086295796119
90.33356692221587
119.71681202083818
109.96239663075245
116.43854103193725
88.4872678347706
81.52847978431086
64.89964982970923
80.81866483618538
100.95311190574276
107.44256863156802
135.19367656627804
82.84760033498614
103.63482111331412
75.75958346155949
115.90344284082457
138.26306917543653
117.58749900954324
69.1796083885591
80.03542446460786
85.97869568369873
112.18447319338551
101.20184633354035
113.7189646991514
127.36124715152104
125.6909436467311
144.58692957630677
59.408746793036705
75.73380509139882
66.04360110903089
63.645893869124606
152.0098396033029
87.76511982772412
118.15675840121014
105.4847808419886
79.72521483959203
109.18256471260686
104.0046186118379
105.00765697741858
73.36270613253824
118.50946777266299
128.57705465514908
88.26572516381094
87.18671988534823
89.43507360250076
71.64531519630788
94.20219654929126
88.72527658485768
111.64541301838501
82.97410776716698
82.08600369645931
78.41423623519734
84.33407719086019
84.26440321963756
99.17127604304609
84.4862303988499
75.08585404943946
61.62485852623387
68.76325022404335
99.48262941842964
82.03823908746789
91.09371043000564
130.30705083632697
109.02345159882107
98.28493656418814
105.87263898659647
75.43093409410564
88.99964370146859
99.28995145769221
95.98661049325446
96.34564139248712
61.47255672362327
78.90614801199732
71.51169006037495
67.71094674347319
70.17075980386588
113.37844512676551
146.00865077638903
88.3421411539238
112.05376285910677
94.64377789339427
87.16784379436172
82.83282954969157
97.46165033959409
125.37772242654526
120.36285900623984
77.18977260252812
63.523220562764784
93.70230564195109
70.37777138656774
125.18847615931786
68.35683285631768
108.02889873799408
92.73824804247009
89.00881911258686
82.9997872051046
77.80151430007328
108.79245216445588
109.38186559873738
81.61881272420605
93.03864299050912
82.5252471419502
65.69477690246434
106.84961282862156
80.61007594871691
54.220014190795254
170.8377708809427
65.94844761624037
70.78268040451825
63.432435374972165
91.97659338770072
83.64108755131416
109.70559529393267
126.31524685727398
116.49282416090334
67.38881167364589
111.23250323339403
102.12675431972973
122.17655257533092
81.6855298538947
96.15876862195022
161.769099055451
91.70012489205378
82.8281104269329
98.7911381464008
75.0694213079463
116.03058997257594
119.94623782386962
78.27977550977076
99.98965350889023
108.72030677714022
73.30100857415603
77.4499568128437
75.17292156881332
107.44595608043915
72.25694040859464
77.80347126171499
77.39750693594752
76.96335406829436
66.20839001742901
92.80644893892648
65.58058661749008
103.20567108992708
130.89802438306398
130.15571117326365
65.1457687067531
60.31171970137267
58.931478182212786
98.15020861375285
158.9855860127503
121.71045295028593
83.40879867029261
151.71755179373903
172.64922611582855
98.89218426002664
59.60957883317951
131.33487889266547
95.47570600960108
92.93624556318795
111.77025208827732
54.42029455162424
110.74274413202849
73.10944805905729
73.34842762855402
95.25817223091867
78.5022603356582
105.93351422676622
59.532106798772396
67.60393548005561
121.01360268757644
98.81821441282308
106.80512349550936
114.11472007842247
132.28333154971702
62.908228359675554
80.19134673155448
117.98307712929304
96.71470850866731
104.275293245504
80.73583142684022
94.97318077035625
67.70402360738494
75.86551327215558
85.6371205472581
70.59870829236485
69.99707347867894
116.63657596582364
56.92562893427918
94.46311447048686
161.12616689669215
49.79859460102722
66.7926257687298
87.15196170269698
101.5555377641385
155.86218813288806
80.5862711164926
112.74233966248421
129.4805396684501
149.17473534477077
84.13828741825155
73.7365188622407
88.77127353619
113.71959069187609
128.44461491040056
85.91048132718323
111.5012382136797
72.13178717015558
65.55450231749307
68.88877251638233
88.48301251510532
149.6729473829482
152.8466574615275
117.29572283966141
108.23113821599722
123.37792322104026
85.70631027578813
145.34467630656002
53.467814494638446
90.27801873796355
144.53706449716958
88.28208367471835
107.77070948322402
104.63276495394369
119.19202186562461
74.13567359047187
112.19375935920817
92.04984667619713
76.67142855592921
73.79550610588073
66.97158577238123
109.32591622101589
110.48721830933725
87.42343309634907
112.9051948656796
88.46634409858649
120.19426337724677
102.10812409721188
89.60855932365158
97.36412061754946
76.14594953955425
104.6388389383377
97.98243276265065
122.25085112771055
117.23570507587897
85.35042979630532
96.32290762624375
87.71973374740112
92.87355298671048
117.23454486762124
110.4887197620708
147.60785103990958
103.82714914010958
71.55738952489543
74.08028306987534
80.38109786644031
53.77554929018819
97.5818256726357
97.57618028099989
90.90355729220303
115.51368027897655
118.23089691087259
52.42737607981287
55.10994075034979
55.87406979409463
82.28106605956408
115.83674378595575
119.21909381567471
91.99358800897474
97.87977324892151
119.344729910307
67.9849833358146
77.95644511373831
87.25703648418433
143.37729009919605
88.73247011858666
82.65420968017843
56.058497813861926
60.101130700789675
84.2526107491669
91.94567835331105
110.25507126762261
108.06228196285468
101.97342800398452
181.0674956805084
107.84857226037165
98.55826997879404
96.30139571235297
155.86345634519887
106.70500563459828
91.61202730380259
89.45426674644753
95.44761669209782
73.44101228535666
58.13607274018765
133.5946125339602
90.2534582596459
121.65044806918428
84.37337823623348
54.470454759498445
67.74320865725156
119.55936070899456
76.05450208451158
119.2159020774126
94.46297286140063
76.88390351667123
94.55853715137525
73.72416696594838
102.26971038336683
74.24396019367796
69.09120192621728
104.38926381234886
115.68476930646494
88.56338182888156
71.46148274827875
116.42131443766384
93.53995100901814
99.84051395861995
83.53350081205237
103.92870709520759
95.45127410858487
74.72153561032077
81.21256840191916
104.96334800743048
56.55752560421355
75.15036202743254
65.57835596451682
58.65928058920794
124.26210129796435
119.68699042762596
107.60979205662441
120.98624099712507
86.19919732835487
70.50658168028366
72.00928974083261
80.49659861293391
70.75886745722497
133.39025433673604
71.46438632107757
81.01609322626439
80.76854807489332
119.60866003639026
137.02892233918618
107.9736404532845
82.00456392913128
110.1503169271366
134.81405489841543
100.80251955149788
85.95250413785827
73.56278127737693
64.89513664898033
81.04150926620188
79.78853041000643
113.69025306384688
74.18200385117362
66.22939092560634
131.08598060981865
100.83889034496616
61.558244027572265
79.63034556582387
84.58091971306307
71.64275017002014
79.69471149902002
114.77525553799421
111.10731405173608
101.61815355171555
87.96429365560098
83.27426196007146
111.92099654610794
103.04757779301192
75.69288603754092
73.30607341875348
86.99301827030715
145.3101337431466
78.83928499330881
81.95059729164562
67.06378422568692
124.56018010401353
96.68709548485553
102.98756744725092
82.59760117756069
88.96861705913211
99.74529823388065
108.244678644277
62.3332907275451
107.12015197175447
83.45608184021569
139.60256906825362
92.19511393982934
99.9761495876939
91.89271699801178
91.28982746487527
93.90338802739008
53.92067706340603
68.86596237951466
62.14802118165474
176.3846064914921
65.74042806045102
145.62988329454765
142.72701123965993
112.9397413510144
73.68712919632254
90.79379657267411
70.73959282835992
83.10865660015074
152.6435936375214
109.60392110692831
126.9624791973944
75.55200470944989
74.25681382010164
71.30385672875549
84.45432152306333
67.37321796729874
173.07249957668904
164.6175038451461
65.38217194467065
65.28978072237024
89.20341289227865
