569.0582142758925
522.6691700182787
464.09711324752357
508.69786048253366
400.7490263671929
450.7337552925355
386.75168025112544
383.7503212768299
382.79439843337883
382.94417870956437
438.0930453673302
349.889105052695
288.1225100495901
305.1423426088839
336.90806218388263
260.61436996366774
242.9402996427728
278.4939007787893
257.1496659803804
286.1302792828841
217.63463926181404
209.7122602230769
234.3511423264679
213.39142483181072
209.01682807352904
231.69812624753635
232.6885073291971
224.27251588982418
222.96860730337147
177.80365827948108
179.02074754908764
168.36750166929392
172.16215884403968
172.21267815761732
128.26947605531268
138.4829032793373
134.39470169437647
124.6981543428361
137.71762828415837
114.24418690049225
132.4296475689446
105.94583355048005
140.02495712689216
134.23159026430258
123.48001344795712
139.86145133093672
120.53939835169463
87.10117474894571
94.76393648363735
103.7542761580698
98.84707663064259
82.56774681728459
79.3671561153326
79.0596890574553
78.3061422740984
102.46766551860793
58.79395838590131
87.07826297177144
66.16966571221293
70.19231279810403
47.77820039611473
53.81280688671004
72.0515741001742
54.231716837362434
56.20482667516615
51.58430810676579
39.771472713854116
42.4242285242762
44.829715725627
56.022610063511834
66.06120094828681
69.1495497103362
58.1341129488442
49.10204490780628
51.703663060893824
42.644822235981614
44.62825803130814
39.06425817733927
36.3442714897994
48.62204239647473
51.825528075045945
29.08428796318695
45.36611532648485
35.44804350775116
20.908056284677397
40.29971525247433
42.97424227632885
28.0076064452842
25.26160743939402
32.537900743412784
19.492637595116744
16.235528373919678
20.868213880291634
31.090006135506957
32.4636357847383
34.358170579308165
27.82067489135048
27.456069541828278
23.398058967887525
15.19280410967079
23.161243981030832
17.15315958463633
22.903740879672657
28.5023750411172
19.758545205219917
27.92801384419518
34.01637578555353
16.19782778182727
19.074652323154723
23.385585981109948
34.21165174569815
18.801702217860775
15.50911952333269
27.718262240592395
20.52298026233538
21.249475964315124
16.825870752736456
24.74458609775356
22.77368627615269
19.764093814789273
29.017978396082327
19.24789966335557
18.706702628849946
16.355587375031515
29.615099095601433
23.112219471018985
24.487174799110846
25.199130445903595
19.46755910882604
23.391173838698606
19.585405644896856
21.79603382158402
21.219593812153345
17.98856160145167
18.984197363006405
15.00103603854879
18.016240194408184
21.63983806736298
25.03590898567139
16.660997988563555
14.703004240468406
24.17027277079544
25.149962487464865
18.75300022326346
20.756288143356436
14.026678190996714
21.851104952850882
18.722295285524364
21.36465741668073
22.803344469664374
17.770853740549537
21.30749555956573
24.59824451539019
12.364733573617126
20.580281602834756
24.545281898934356
18.744072894908193
23.387429277929616
18.47682164996459
19.058994935461627
15.745156611526994
24.55802497300406
22.892069775709658
21.435138220985426
18.864274953014434
15.52602148816736
16.826387238640493
19.19306355487586
19.685465709432822
21.002650706107893
25.36341159711891
26.676792953846533
24.847619265941283
22.89551614064752
20.79648492423434
16.40857634925786
21.818644035075355
23.380712564672066
20.163660801033565
24.7483671042459
18.214247364105297
18.782065982207854
20.466429618456587
17.992368871429022
18.99479275265506
21.041858054934075
16.73642032270569
14.918499127572693
29.276545891194893
12.68326851801594
11.112077805416714
17.488470293550748
22.192526571993156
15.084123022205857
22.342238196622414
17.988887159033812
17.651198102967705
13.960575527274417
17.39927835960903
25.770439971534127
20.60712479617364
17.1458916568809
14.650735161477977
21.410752914350244
15.40445370412988
20.06204569546686
15.30870824806157
15.192140977106035
18.74111638976007
15.353637876742832
20.113920009877255
26.223819845605036
16.738928625624776
22.572605278660124
21.485414285828757
17.10711940880491
19.703588565075922
17.313457859905334
24.225776442927575
19.56746479941545
17.453866911002013
21.14548134479688
22.563901160564757
18.362098327401945
26.5831278384118
20.74822705171031
17.550134642943544
24.090500032184423
21.101542719777598
21.70122849687719
20.390250634663186
24.094873062584735
17.152120698235237
16.361696173330298
20.44823489492607
21.960768718329504
17.472970892668997
21.29928412633281
20.49426262592805
18.248405436463074
21.38481133122822
17.589249494389993
23.053956182440945
27.373808813850648
13.948538696743906
31.041772596920143
18.475710548116723
24.60987900846248
16.70893136804283
24.42450644977246
18.04724295371391
25.691440557971763
22.68975366373792
21.71524057084676
20.99624967338402
17.38590092680104
39.19174576282835
19.079206939455425
22.77683915262587
12.9605967422672
16.060285259837354
17.718183500911536
16.59214685182196
14.053030633445848
20.12039788531173
24.67488745447831
27.590405998913862
32.77721659904205
14.06277052666885
20.681886886336503
23.222466053445665
27.469185033780576
22.829121788681213
17.035508496424555
20.613146130163614
18.430823890545785
29.90574904301186
24.78412687380906
14.732622202706288
30.2952685263291
22.7098793926682
15.612617285410693
18.38871454957053
22.154608031325207
22.27894190279896
31.201165825563443
18.17948804645049
25.388435883575916
28.43600463392633
22.216710724141215
17.179205409326034
14.444370578429647
23.289983497315756
20.353181443668237
19.29098911687311
20.53560357358115
18.660443143098828
11.928774083126143
18.265114116335106
16.684034345663047
15.533185294411398
20.81637481162901
17.275494333028874
9.770880138862156
20.774988459787256
22.77888493523574
23.298335809402865
23.57759212015826
26.477546850628897
24.386474830126417
20.175917849147414
23.70684863443758
21.9715193337669
15.96052922931297
16.316359374354487
14.972597552786626
28.605170939313577
22.72535827074865
16.35391664957391
15.006430686637874
20.114338149521707
26.465421321757937
9.508237658738956
20.784260727880852
16.989235419454747
18.578005086099758
30.904615419637338
19.536197865263386
21.28922563588929
16.132335603382376
20.952880488574365
19.531783988417825
18.364872987612124
19.307714077307235
19.33784182349119
17.250587035359587
22.092705479569922
18.506067470274665
21.465061730798183
14.265702676617972
18.943603554030734
14.696377894425117
17.835334123400553
22.903010223863397
27.73702238408144
22.56441859323817
16.796134064792277
14.438853229478049
24.94702675474474
23.688196328745992
20.580684324352916
21.927388464816485
18.15588077411256
13.709174365629037
12.124470781082788
15.20643296368969
25.716955381298494
21.259341834125436
22.490841212554027
17.584366309022208
19.055297794962012
21.02034408395304
17.964053351951016
23.08327705569258
25.786348319439345
19.284896814797257
25.158131524910722
21.977910691218526
23.68430481829145
23.78253719608582
16.463222477085104
28.029033471704455
19.843637995980494
15.191461292563677
18.484942435661374
13.206175906341391
11.932437412737357
21.04130352046424
23.34550101075619
25.902486941921925
20.686080459890118
27.20048851496715
20.42750214587684
26.53751353297834
18.092273411966033
20.156774611905366
10.723305489529276
21.927608502547162
18.30538449152298
25.045442710359584
25.930073161078838
11.642452699940598
23.230170962566078
15.844595713799839
18.59410688605428
17.229613717652263
11.808671961081615
29.384268093550098
16.60880981132514
16.26657144160154
16.43661423180006
24.060315670499236
19.033708009734838
28.517162965840548
24.29397229683572
15.43226984629924
20.56280974188021
17.701004377084253
15.87711958944056
13.583857300483462
12.774376666654991
19.04943679083858
12.95881964153453
21.19309587892876
17.07239762275655
13.353812736598833
12.930542022598043
18.280282625222753
22.18338213172656
19.998443507500813
20.140937686450926
17.07983583335141
16.184641795798175
22.52094130144699
24.2025056323281
18.153175409336562
15.758470216752412
19.803940240817617
18.834431827222602
18.496312582899137
13.418819708790805
15.428802154779586
11.12752705567291
26.542333859396226
19.366816844321864
16.299718586447845
19.172237471252583
30.082434138264684
10.787723551755589
21.82899506925801
28.516748365919486
17.76924299491518
13.869748601912807
21.644350977828193
22.191461248596386
25.458218975520364
16.86152626949474
24.60396811790834
22.223188930556343
14.003787489560699
18.6802823560476
18.78490760062844
20.14445017545334
14.649378585018333
17.945936071109937
23.989050194806786
21.38391852743485
26.42838823302776
28.96595769649779
25.88720243160324
18.56165581336749
24.96326908780754
21.608004671688608
21.080039889597195
20.293734898790643
12.146242434985941
20.567399064138208
32.41182901430943
18.083452101561818
26.89166322484372
20.399813416386667
19.513844867699394
22.192071548867297
10.858856343953033
22.81441383945253
19.020637771818226
25.971326829167023
18.36995399201793
19.14075747696957
20.469258276188786
23.25682944182796
15.131504567329582
18.67753316528762
23.086492922147624
13.225572629547095
17.331415943845048
26.739777415941628
13.587965395313587
35.62864783528683
18.714948306178258
15.34094407812749
26.41634100726814
18.90530796367337
24.979852334412627
21.306820539196284
18.94543757706318
21.362204744017742
15.068162259938791
22.57277524519687
18.248325525107642
18.51262269835346
16.780993299061787
20.949925683901093
19.150376536308553
20.403343176515143
11.945090388406554
35.500724895499715
30.849874679191224
19.03499599105422
24.3757518301906
11.541315456482131
22.111352826265026
28.042522253138145
18.469246560231394
16.23555037296406
25.377840933501304
11.877439675021474
18.96797863486414
19.535289875346166
18.385432888966484
27.044278550482698
25.011347051067624
15.863705941671483
27.39952097754402
24.34557140834173
22.306910147037083
14.866277022277199
24.52264742055699
21.177011417239704
23.34709130889636
21.682643034539662
14.805414142721652
14.861730735471598
25.879385247035515
18.091224123462432
18.07681365782467
15.868454473675866
24.447746385416245
22.625624268918088
19.263401657432336
23.842489927813794
17.64468761768102
21.505566197768825
21.081295715492992
21.133587510014554
24.11358982478929
19.633659349795888
19.35259654626599
11.548232835073103
14.682416211404101
26.275589795210657
24.38819856130294
26.48992499996181
12.144457165968396
19.162619063070515
21.152609314840248
19.74980788767252
12.220093062453957
22.34617926399858
16.07890060038672
18.674806040513044
24.138186875102942
19.105289535417487
17.839008444262834
31.612314723041372
22.244220723428874
24.812600315650286
14.561792562722886
16.838984117755555
17.738229454389106
28.017991329395368
19.89004085879688
23.84161982020634
18.620303077810583
21.977578872961466
16.425401798694445
22.899030461782637
21.888426589898618
18.404490789148177
24.172008509509677
24.376295378963622
25.283010611735946
23.38573111290405
19.94726183469729
12.663724584329849
10.771087164898654
12.234154135235643
15.680572563988418
21.510356058350137
16.783470521575147
26.07486447068951
16.674104846421418
12.886235254599848
35.62046792203462
16.808883386484265
12.151760650719794
17.79013125119807
17.307585570997546
25.04401820861264
17.243041249640598
29.92248826266251
24.319198322918897
15.600807715764537
19.52846315776506
19.967004001184545
28.780257116769103
17.43934205804734
21.028986393334716
20.733071434533066
12.278466033107277
15.702710385007986
19.776246111266982
11.182592776009157
31.037078388205224
26.138336377351678
20.658353977590036
25.818047701970396
12.087229771341873
22.880050691876676
17.623412716151726
26.796935437681885
11.587944789763894
23.29369915675989
20.508895933572997
22.107040716341068
22.148881490509694
22.997316051720215
18.971287777739075
14.399319531347826
22.360234386909553
20.76954660458652
19.84466051698892
26.89227484938988
16.39235279816467
14.667462100555287
24.21190361225195
17.44056013368824
18.844350428328497
25.046938608967462
18.78101447742573
22.63775535670876
24.124951991637403
17.941520834307635
26.22551979060509
15.45156848630915
16.861944955604027
22.116133583105803
13.078444200001416
16.57478025809399
16.387234591796567
11.030665655905466
20.88509710944156
22.34848341620932
21.649246075590824
15.221020862141806
29.27960613678225
18.416001664238152
17.44957594070854
17.766588842384976
19.312725242773084
24.845793878302764
21.385492127439782
21.038204109461084
26.63918730029205
16.726246880889402
20.14083734276547
18.3332050097402
20.206282781087967
17.250052881977602
25.404836917808943
17.732620376087326
18.087651794225636
24.710160525085744
15.923169212808194
24.025987282165403
21.07214233800458
14.933895549766632
22.307319737575305
20.71516045545845
18.43105924713671
18.985899950541466
15.620485459345668
17.669131346050882
23.09303267116737
11.49898220058223
27.740207899049118
18.49285110410887
17.6842733146839
26.97337357603611
22.982914529620157
13.89662211191599
23.942659886728883
21.572685381422698
26.242469823175345
17.37515494205607
19.141355836116087
17.86179827853053
13.177981181885334
25.408904179361414
22.719827101733955
28.845604475971943
32.94931881188699
19.458825282524085
18.255304161551514
13.85690525769463
21.368053357405785
13.935774200963078
15.73354597539419
17.961262684688634
16.580294721936983
17.604475020120567
25.030617842680147
23.447017987687442
19.30514176229424
31.80732609266357
19.666563333572032
19.288441105198643
13.99737524234207
24.763059158069503
15.665852468922251
16.034751572504597
18.341351086687446
17.660241619922747
24.290423528285995
24.908676738464226
19.15739342705568
22.389622428232766
25.45390728007516
14.814118256659814
11.298770844110406
13.62406697107188
13.876852518532523
18.8387091959226
16.331083323270175
26.496372241416033
17.52673545462356
24.877205943398238
20.722497303006488
22.838702570653712
22.011976629122668
9.036256985848226
28.97290429640928
26.360784496254002
17.12814762254365
22.498740670178503
17.11292942169049
21.626098890847356
23.5283059053605
15.284933702187207
20.482047258634257
20.437008083790218
18.594690455874098
28.71615844669111
15.136678853395665
27.106210925132057
15.177569291147172
20.975584702933713
20.431626766229886
15.844919851132069
31.946834559087407
24.263596313459022
24.120179196265457
18.61666450465235
16.629178748788252
18.7784699518858
17.188932987339996
18.89892561853835
21.918451483803235
21.01722897185853
21.146251603012956
19.64356277667621
10.213595551979642
21.627734519573753
17.80120012160075
13.085552119158136
19.267512243027102
18.015986651580274
16.453145592246244
19.950958196045814
21.35202578548578
18.254855283595823
20.021642950784294
18.449435754105618
20.094680035767595
10.516010747202987
17.91232015590701
21.487701469256017
16.72294609152864
21.469145922468673
19.785694975600222
25.109624852381245
27.217201220507388
19.092567738020254
13.354697941395575
18.93240615663018
15.345265373082285
16.770917595171376
27.85140005740059
14.576962606450348
29.755267539186608
17.142455228107387
21.981886433616367
30.314129104347227
20.57728255117083
16.70821796030508
18.84996239385604
21.022482114393462
20.81694413638351
20.146658984608365
25.39755368132508
20.003097623770316
27.67088270011654
23.34727015031529
20.384702603079813
16.472637763459325
20.932307600144583
12.565410252694104
17.545159409758103
16.87763725039588
21.913930082083358
12.772805967854511
25.739424706259477
21.25313272428124
17.118233850517168
23.077571984495833
16.780941219544392
16.66302948260309
21.707027472786375
15.818622137464533
21.668592910693423
23.347266727503076
20.397682953161148
15.794907182787005
20.132906287682445
24.210901890466594
14.171350575186196
23.209418346423817
26.684870017486674
17.92292289964963
17.462439971665724
19.649574669406476
24.217491423328926
12.066442081234856
27.799308471168942
19.953247403489964
18.383544171471982
22.435427415856402
24.274296708826526
21.994957077842198
25.254498467382092
19.730414527162765
19.694594965672497
16.304433647672607
14.612869511275067
17.46927628704382
22.262624166488113
24.476649416665502
17.58797496439434
18.247759731922034
14.564278809781051
15.742047379853801
27.447889355851796
28.872666302681104
24.597697754061265
22.096940434485006
10.758258238327
18.08012272468551
21.535403793422457
14.817090032951826
15.323671567756506
23.391607496091062
24.083625329651753
16.760277299378245
15.692653175652962
16.29431168991232
18.83978433353036
21.82880934859318
18.274185164957586
21.784279077851103
14.987739102388337
22.444308085358553
20.97193854088568
22.14857582225635
15.953071399659303
25.334722686379447
11.093532331743406
24.002768967536507
12.842962545367712
8.294249911030448
21.422389730446493
12.822807943058443
24.374560875181388
21.31575948536952
15.187751923551296
12.726991464044668
24.503664137232523
26.269938443466618
22.25774178201529
18.987113090258713
21.34194421285854
28.561054479527353
27.28864173459763
19.405954284784887
15.990665223391648
21.622870959242118
25.547627067599898
15.783188761201547
16.991461162033115
16.27367328859098
28.011233276024583
24.024665161020142
27.626059288153904
16.73933626920856
21.41392989089785
19.787857655298748
16.840955142754428
17.50877025215609
20.087366663589524
18.23366657654148
14.324420231587553
27.050391144274364
16.536141253679688
27.706223174313106
27.634630376401688
14.201765619099701
18.156376757173906
13.09112389185662
26.61345610775848
10.322006334408556
23.003387057497676
26.286234363983517
26.810717798275128
19.15064421435572
14.906400279947917
15.656828704773803
17.568603736685986
23.635773516870973
24.99272361560989
16.914904796410013
15.986331595708018
16.404508564769376
20.34873099675462
22.085790296705184
20.50458015625516
20.72818613550104
10.832332816714597
23.19681556955548
19.001850306601952
16.978232875139522
23.943711974908872
15.94192627611361
22.72478520659241
22.7573537323652
19.584016750089827
10.07490955968399
30.343030675688667
26.423974565577947
19.660750526541335
15.729207957743213
16.115273580668113
23.742164734390233
22.841532437652347
10.994442209899734
16.681111918282106
22.65728548013654
26.884963169756414
16.349356683123734
21.415271478174983
25.31666570368306
19.55225361592886
18.34216438886285
19.737317717285705
20.849378614328167
17.31632491714962
18.250109226243108
26.444620975312453
21.074321736909
19.22556934778273
27.109634488789514
19.340162590454078
22.37186490456129
16.725437553419713
25.424617934105676
23.296042991333017
28.255198200917903
22.534187011105043
12.961116811757446
29.850326302678155
19.28169577365047
18.65202854440439
22.16892121836339
19.829857248598554
17.898849626983182
23.66665896197342
17.744395414107352
15.117540757156982
27.14428490368075
22.14044240322086
23.648534654604106
19.96744853502957
18.85822016652849
14.12786666375902
19.61754722830145
17.506620779574714
22.10189092102362
13.153476323303185
15.548867264600888
17.761193752597677
17.410770748215494
15.416406297756028
15.364514136043214
16.917366304101943
17.045621433601358
25.95675327767134
27.210263255538518
17.82844869442166
28.16005400697813
19.784080886297154
24.927154610791977
20.194094534736948
20.407550075327425
12.463156262181187
24.388142404985906
13.73075477631828
16.994160792863553
13.86861171328762
26.947047582896882
15.403613675332819
24.61042574458657
19.148770500118033
11.292124742201356
21.87816258100462
20.56439647514121
20.360721406908024
13.466208856855713
19.56945131942572
18.91972846910287
11.459224715021486
16.84934403075283
20.510579776704958
21.807970092497033
28.663366402289235
16.05718770363295
22.683895316063495
19.015518726282043
20.590467750103343
24.13157609600004
18.562305657091
23.949934061866358
17.999294026832914
27.579940195907405
24.980600240480335
20.64683492620398
20.401719148377083
25.98223642967242
21.72815993056483
20.254862141041656
11.901014974583463
18.763280494453866
12.17650887702382
21.243702747300368
14.256577992876723
31.237874346309436
17.88730672388659
18.220341709055685
18.522201789374808
26.10066210455047
12.776591618542724
16.250972661449914
14.595419282395689
16.361390156142473
19.11769743522879
21.122921484349195
14.72018774489024
16.92741857555648
25.04200134812788
15.06508726489104
25.63237893836693
23.517301595076106
23.87044651620875
23.311892878908296
21.238442279898816
20.848712705506262
24.47193212960205
14.451747982552876
24.54002065353781
21.912917390362576
24.23233216684403
22.85483033206656
21.259823076763553
21.64526996127398
21.320975544352798
32.450914425199926
17.011936674551407
24.77050441521195
18.726493292354725
25.313394993045186
15.003307021784243
21.431416306621866
17.86144525836682
12.81398937118294
24.972580766103686
18.989168158189873
24.905998644523976
23.47568604015865
20.417233005727848
26.50423537125385
25.761759906221965
14.688859468051984
20.54035019753932
16.047059561344007
17.548922907469194
18.4253393387212
17.33771865188448
27.38328399459298
16.518508016923324
19.415086124840585
22.381294525062035
29.896404635803986
17.174256927981155
12.745480398513834
16.385178051955844
22.902047540541854
21.40573477692919
19.561803177573882
12.10515966465509
19.133083733701604
21.75626847312409
21.09863796512575
22.731264479271697
15.802732931173768
10.609359031949928
25.61528089626891
17.498087877396475
21.037707370474816
19.392769697749777
22.31786934430139
25.050572360353684
21.909164829181496
16.105136723509087
17.92321579753937
19.654419098806965
26.81071856866062
21.20057032131723
23.763799297834296
20.767327665727425
25.929794425902298
21.354518520434628
20.310205279216504
13.080359592353116
27.92304987467479
17.455286324912976
26.063680407250217
17.60887348732889
21.47407163741556
21.375033109795456
15.814930090520358
9.11758582666415
17.454036408910746
14.590137437215036
28.746532910524724
23.105999855202892
20.89152408954612
22.441037867106452
19.780588875347902
23.58305398350973
19.832978946582834
16.84806914876468
22.59161080910942
27.750688383657607
19.878500374073447
19.838117722529518
16.167314012948452
26.721589108462325
18.47610929150193
20.347761023321244
26.09671971216125
22.01448433214545
15.940356330148436
23.37681042866407
23.695579423483185
15.766717742981498
16.871277489468365
24.785132979756487
20.70684068042547
25.45319780603199
16.65958325703447
11.346943647829526
23.3757661149882
21.405551023781243
14.1752333741061
21.024891729290694
17.364768635357997
20.896770004414407
25.29288216710904
21.628594070084446
21.71552432541108
19.501543317955313
22.323372984467905
28.906520847993132
25.54411990488928
15.897117700017688
13.329510241814328
20.909762985984415
24.854702150493953
26.910352495441426
9.554609442169665
21.402485214028417
15.397920956414623
18.842426617960903
19.763015314097863
20.166540358068115
26.503827545065867
18.117547243299686
10.849825265497943
20.03695242857619
23.926556907229124
26.92515864244967
19.398469672174258
23.33334679184648
18.906088997331906
21.301049934594065
17.339722686000957
22.95061557095454
20.432425983894355
18.219183884192486
18.42525377648154
19.855180454911082
29.487580269074705
24.068807691993214
16.57780329417252
17.109775163890873
16.085825150822874
19.541898769881787
19.835977392265555
22.28758277941453
19.585292587028608
24.34221665456912
16.404602203399953
26.62360154679511
22.504203945533263
18.628000962345865
15.815096765053813
24.236440228457596
23.404236560693054
13.35861831815485
37.060006679257
31.012765296075877
27.768121097958858
17.77233738807694
17.076387636801986
18.773542106444772
25.71115084268968
13.67890340975526
20.701113214033313
12.751849015545332
20.47462270351403
27.37022884629554
22.12659199976162
25.772272403078382
18.995105760442918
15.815753182984418
21.015193982098396
20.480777100850535
20.991687457875862
24.930089782922707
27.961089152243012
21.407914220611868
19.499671686804664
21.830747225801552
21.644957492212676
18.59631211680731
15.738752124587737
20.777539819096567
18.88508744350435
23.574015766026935
36.58765574231448
17.628203101900304
36.33766747675762
18.606444111761096
25.031892000693677
17.838183042563205
15.948198433953308
12.855566156359982
13.792729810379706
27.709132738160054
12.621295168865023
17.231004901583066
14.082271371060362
23.820290864412144
8.471519281711831
18.743225409930904
19.23012707223227
19.462077939404733
14.569883578715743
34.9982525649311
14.853856703764102
27.839589521947676
12.057131092596395
21.701518843787778
22.16391270278024
20.73074542587102
21.447171054992744
18.340658608569736
16.693625836145966
31.909461880355934
21.46164537978499
17.049489573521452
17.23190640211528
29.443500207850825
18.354380751896663
17.768663168499636
23.68473544762838
19.931110779058905
23.222050770749036
23.322636604592958
17.740433721607392
21.773396074662397
28.510083373354046
16.897609128368888
6.900706790830389
17.729072371476875
15.708704312018712
26.81787364147756
22.248184411622436
25.25617679813274
17.84746574460288
10.229760264277386
17.872247248451593
24.412373127904328
19.430885395168662
18.989469858688057
21.603832614230964
18.389012008725665
18.10371544064161
19.061931574385166
22.549431883089508
15.106651540405641
21.27271923214552
15.562193667594022
14.973777180326334
22.447096994510407
24.270019225056227
21.701821331828693
27.543830664053832
28.86791132640316
20.027064171518685
21.226911611950396
18.898835775593685
18.740229538816276
19.642834750177794
22.15518003547921
16.5095596907408
16.90085367593219
17.332076986450858
18.568658000315608
16.109490000035365
18.733958803686406
18.17972768399033
24.08523985812788
20.103231675815643
12.268561627400556
19.313081813720512
12.358560817954329
18.129447395703174
16.026002793803347
20.846322288373866
20.707595575573713
16.97437739505596
24.384278949222978
23.257615735682553
20.283872608965446
13.768220512697042
12.815724078740548
22.568992831654946
13.139374258388829
18.560582707479995
19.25905353187822
18.021327836893825
20.168713133293817
9.31743011590259
25.05965533024794
27.81218273122542
16.759857334905593
15.654509907851901
28.797127255848466
22.560750887546238
18.65113332371924
21.265453028479186
16.831268294609714
21.112105217973042
16.977573074051502
14.410367648610517
13.032332884976208
12.911183101620576
16.114599392099503
25.50229431302869
13.838004891111247
17.064987041611946
21.58346094745941
21.723591295239174
17.636304887969278
13.024427637025438
13.495921604786748
20.261350708193778
14.439601105064002
14.26773344442803
21.394890962167278
17.963047293463145
10.041700341304354
13.780121872176379
24.002524115677936
17.287201783272284
38.004888570428655
22.995236784880657
19.109197195802746
13.299192085630182
9.337307733936456
17.149554708818368
14.461758094792057
15.428985528941292
24.704608661648013
14.25458911180432
18.238217614353612
18.518196626409445
22.249226047777125
20.588565476465366
15.396719118798899
24.01578543723647
18.76937086596359
24.647146354494357
15.910670611508012
21.094463561771317
22.14860246939422
17.309146235721386
18.74172136694965
27.132115051893447
19.57514080856202
12.61317962246029
28.399520794860727
17.830545398599362
18.464710742687046
19.3154275922725
28.02068787271689
14.343073953009917
23.765412061426105
21.87737969535098
22.413276858265384
15.945578439347555
25.625361726584895
19.999429681456206
20.206869008800517
24.660495797152944
18.645815050941756
15.68343602884797
22.024729055314733
15.228405400476017
14.919372934849992
20.035121361940867
28.923684221823763
16.576135857446882
28.070557951643416
19.53558332716484
22.20534691922498
17.6798582338683
18.526359022449565
17.748601965151412
36.74476772331588
16.041129240565564
26.284641114441154
19.521988069478667
14.787695843435264
15.515714865214697
28.694884976602854
13.703830026707822
20.66122657665855
15.41153541995406
23.78709186852822
18.73236299433481
12.988932907447726
17.592337754070115
25.215435754085714
14.447688297716088
20.404596472719163
17.474244830099046
8.836586233454625
18.687288511114243
22.02097515195349
23.06293940466372
15.38635670592047
21.314267877393576
14.329205404928514
22.539654679530543
26.797366302212932
20.09967228391283
22.07222992060947
13.646846682781549
19.847842524138308
20.65471675893437
16.082467305908636
22.93550326090011
14.38664339518124
17.29209265207326
21.537976554783448
21.155648855909117
20.185995321047482
16.7320347453945
21.159248125112995
21.25937344676912
19.701941394149262
32.454034159214345
22.705705060986965
22.531871270689912
20.778412842883192
15.584387310043832
17.7527023263048
28.663552157582973
18.03118078708247
23.609971427669027
24.5906103411261
15.715764198136128
12.886615504311361
14.395774833565048
18.332682969167095
17.397175143474826
19.51589537052806
21.624638463001574
26.0085518144514
17.06780277978411
13.32112541302148
24.412841955204197
23.34708746413136
16.74494557289049
22.51234200880103
20.776246317916534
18.96742095413532
18.854280574716118
13.991351982837271
20.813729982454397
20.2959860459286
29.236468405980247
12.970025065549457
20.012482495142216
19.800142424602672
20.97602049385552
15.494869259028443
22.251076537808625
19.716530361486733
29.50097402589143
15.719235732172265
18.50785841661418
13.39357598423069
20.190469217278558
18.2925753524356
15.250092546164309
20.04815333867461
16.210312335914377
14.276719640468945
23.57735279761152
35.01224879265777
21.012046207686545
22.57984749685753
22.342474668268572
23.833573987973367
19.636634268655943
24.898364940323173
19.501955933889207
17.909083520527663
22.67862072096666
12.295190739921727
26.726340006224536
17.922752138372676
24.96116123274275
19.149969413923326
14.07052227495566
24.11022568101838
16.34301255681714
31.726127003311973
22.79219535357301
20.109411104753903
9.701682009591298
21.25271520444325
17.30286659987081
21.91599655414318
22.793588031247463
12.843587127096198
20.591570958812714
24.180636026429966
14.154892436146039
15.181351020529998
25.011925844933458
26.615227531252966
19.443984282011606
11.353893808335231
14.760155642155842
23.912386707416523
20.382423633786615
26.03515547991457
16.60296954474262
17.58826868710714
18.83742226953831
18.617471369972264
17.441067709269046
14.30897129243181
19.375199787679467
18.268039801476906
16.81760379994436
22.601468518277475
14.398122623060825
22.761872474191122
24.23869163043115
10.120367551484604
23.784881115664422
31.694914309135836
19.776860744750827
21.984873984776883
11.977158035968415
22.687238426572918
22.303730574888462
15.353844654684709
17.956710485393973
15.868041669415916
26.855797291832417
19.52556017591677
17.30472803518507
20.714754471701585
23.4779753871917
23.678441895454238
21.549447751192208
32.931418827146146
13.719590447615241
10.956487318588595
21.278508731633426
15.73035426303792
26.64245974148633
18.541118623711608
17.263591165439948
20.55275145870598
27.697637262103758
19.092183909715853
22.81819848344724
19.830272723719656
29.7995195850848
17.137221188902675
14.543855408781036
12.423079675795016
13.552826511282387
21.416753355104795
21.688326521628852
22.665416860715684
15.970519050318192
21.234043264981754
23.194455002848628
17.8509342864215
11.924703796995098
20.075096108209287
25.682892612024816
15.781549001148168
31.10873026493343
24.348697843031502
24.478600293549967
21.712203663026898
13.17370656646302
20.20518297644469
26.55790131202627
20.14215912907591
19.536897549075828
17.39065967332476
22.222306733311072
16.6911548331313
20.314166137209533
15.944904081055695
21.797248620214102
27.138011151437635
34.10845736219049
16.331455093904047
21.424216596332325
19.352251884457804
16.162021523720828
29.344900346240554
18.318468366181012
16.976304754222042
30.131233668613294
23.453869046206027
24.472453971657146
21.936993480301123
15.165232235741705
20.263812711798536
18.25512017614883
23.40213879726884
14.245156262046194
33.79411283282526
